#!ascii label  , from subject colin27 vox2ras=TkReg coords=white
163
22916  0.000  0.000  0.000 0.0000000000
22917  0.000  0.000  0.000 0.0000000000
22918  0.000  0.000  0.000 0.0000000000
22919  0.000  0.000  0.000 0.0000000000
22920  0.000  0.000  0.000 0.0000000000
22921  0.000  0.000  0.000 0.0000000000
23432  0.000  0.000  0.000 0.0000000000
23433  0.000  0.000  0.000 0.0000000000
23434  0.000  0.000  0.000 0.0000000000
23435  0.000  0.000  0.000 0.0000000000
23436  0.000  0.000  0.000 0.0000000000
23437  0.000  0.000  0.000 0.0000000000
23444  0.000  0.000  0.000 0.0000000000
23445  0.000  0.000  0.000 0.0000000000
23964  0.000  0.000  0.000 0.0000000000
23965  0.000  0.000  0.000 0.0000000000
23966  0.000  0.000  0.000 0.0000000000
23967  0.000  0.000  0.000 0.0000000000
23968  0.000  0.000  0.000 0.0000000000
23969  0.000  0.000  0.000 0.0000000000
23970  0.000  0.000  0.000 0.0000000000
23971  0.000  0.000  0.000 0.0000000000
23972  0.000  0.000  0.000 0.0000000000
23973  0.000  0.000  0.000 0.0000000000
23974  0.000  0.000  0.000 0.0000000000
23975  0.000  0.000  0.000 0.0000000000
23988  0.000  0.000  0.000 0.0000000000
24475  0.000  0.000  0.000 0.0000000000
24476  0.000  0.000  0.000 0.0000000000
24477  0.000  0.000  0.000 0.0000000000
24478  0.000  0.000  0.000 0.0000000000
24479  0.000  0.000  0.000 0.0000000000
24480  0.000  0.000  0.000 0.0000000000
24481  0.000  0.000  0.000 0.0000000000
24489  0.000  0.000  0.000 0.0000000000
24490  0.000  0.000  0.000 0.0000000000
24491  0.000  0.000  0.000 0.0000000000
24492  0.000  0.000  0.000 0.0000000000
24493  0.000  0.000  0.000 0.0000000000
24494  0.000  0.000  0.000 0.0000000000
24495  0.000  0.000  0.000 0.0000000000
24503  0.000  0.000  0.000 0.0000000000
24504  0.000  0.000  0.000 0.0000000000
24505  0.000  0.000  0.000 0.0000000000
24506  0.000  0.000  0.000 0.0000000000
24518  0.000  0.000  0.000 0.0000000000
24519  0.000  0.000  0.000 0.0000000000
24997  0.000  0.000  0.000 0.0000000000
24998  0.000  0.000  0.000 0.0000000000
24999  0.000  0.000  0.000 0.0000000000
25000  0.000  0.000  0.000 0.0000000000
25008  0.000  0.000  0.000 0.0000000000
25009  0.000  0.000  0.000 0.0000000000
25010  0.000  0.000  0.000 0.0000000000
25020  0.000  0.000  0.000 0.0000000000
25021  0.000  0.000  0.000 0.0000000000
25022  0.000  0.000  0.000 0.0000000000
25023  0.000  0.000  0.000 0.0000000000
25488  0.000  0.000  0.000 0.0000000000
25489  0.000  0.000  0.000 0.0000000000
25490  0.000  0.000  0.000 0.0000000000
25491  0.000  0.000  0.000 0.0000000000
25502  0.000  0.000  0.000 0.0000000000
25503  0.000  0.000  0.000 0.0000000000
25504  0.000  0.000  0.000 0.0000000000
25514  0.000  0.000  0.000 0.0000000000
25515  0.000  0.000  0.000 0.0000000000
25523  0.000  0.000  0.000 0.0000000000
25524  0.000  0.000  0.000 0.0000000000
25541  0.000  0.000  0.000 0.0000000000
25561  0.000  0.000  0.000 0.0000000000
26001  0.000  0.000  0.000 0.0000000000
26002  0.000  0.000  0.000 0.0000000000
26003  0.000  0.000  0.000 0.0000000000
26012  0.000  0.000  0.000 0.0000000000
26013  0.000  0.000  0.000 0.0000000000
26014  0.000  0.000  0.000 0.0000000000
26015  0.000  0.000  0.000 0.0000000000
26016  0.000  0.000  0.000 0.0000000000
26024  0.000  0.000  0.000 0.0000000000
26025  0.000  0.000  0.000 0.0000000000
26033  0.000  0.000  0.000 0.0000000000
26034  0.000  0.000  0.000 0.0000000000
26042  0.000  0.000  0.000 0.0000000000
26043  0.000  0.000  0.000 0.0000000000
26053  0.000  0.000  0.000 0.0000000000
26054  0.000  0.000  0.000 0.0000000000
26066  0.000  0.000  0.000 0.0000000000
26067  0.000  0.000  0.000 0.0000000000
26080  0.000  0.000  0.000 0.0000000000
26081  0.000  0.000  0.000 0.0000000000
26092  0.000  0.000  0.000 0.0000000000
26534  0.000  0.000  0.000 0.0000000000
26535  0.000  0.000  0.000 0.0000000000
26536  0.000  0.000  0.000 0.0000000000
26537  0.000  0.000  0.000 0.0000000000
26538  0.000  0.000  0.000 0.0000000000
26549  0.000  0.000  0.000 0.0000000000
26550  0.000  0.000  0.000 0.0000000000
26551  0.000  0.000  0.000 0.0000000000
26559  0.000  0.000  0.000 0.0000000000
26560  0.000  0.000  0.000 0.0000000000
26567  0.000  0.000  0.000 0.0000000000
26568  0.000  0.000  0.000 0.0000000000
26576  0.000  0.000  0.000 0.0000000000
26585  0.000  0.000  0.000 0.0000000000
26973  0.000  0.000  0.000 0.0000000000
26974  0.000  0.000  0.000 0.0000000000
26975  0.000  0.000  0.000 0.0000000000
26985  0.000  0.000  0.000 0.0000000000
26986  0.000  0.000  0.000 0.0000000000
26987  0.000  0.000  0.000 0.0000000000
26988  0.000  0.000  0.000 0.0000000000
26989  0.000  0.000  0.000 0.0000000000
26999  0.000  0.000  0.000 0.0000000000
27000  0.000  0.000  0.000 0.0000000000
27482  0.000  0.000  0.000 0.0000000000
27483  0.000  0.000  0.000 0.0000000000
27484  0.000  0.000  0.000 0.0000000000
27485  0.000  0.000  0.000 0.0000000000
27495  0.000  0.000  0.000 0.0000000000
27496  0.000  0.000  0.000 0.0000000000
27497  0.000  0.000  0.000 0.0000000000
27508  0.000  0.000  0.000 0.0000000000
27938  0.000  0.000  0.000 0.0000000000
27939  0.000  0.000  0.000 0.0000000000
27940  0.000  0.000  0.000 0.0000000000
27944  0.000  0.000  0.000 0.0000000000
27945  0.000  0.000  0.000 0.0000000000
27946  0.000  0.000  0.000 0.0000000000
28403  0.000  0.000  0.000 0.0000000000
28404  0.000  0.000  0.000 0.0000000000
28409  0.000  0.000  0.000 0.0000000000
28410  0.000  0.000  0.000 0.0000000000
28411  0.000  0.000  0.000 0.0000000000
28412  0.000  0.000  0.000 0.0000000000
28415  0.000  0.000  0.000 0.0000000000
28819  0.000  0.000  0.000 0.0000000000
28820  0.000  0.000  0.000 0.0000000000
28821  0.000  0.000  0.000 0.0000000000
28822  0.000  0.000  0.000 0.0000000000
28825  0.000  0.000  0.000 0.0000000000
28826  0.000  0.000  0.000 0.0000000000
29215  0.000  0.000  0.000 0.0000000000
29216  0.000  0.000  0.000 0.0000000000
29221  0.000  0.000  0.000 0.0000000000
29222  0.000  0.000  0.000 0.0000000000
29223  0.000  0.000  0.000 0.0000000000
29228  0.000  0.000  0.000 0.0000000000
29626  0.000  0.000  0.000 0.0000000000
29631  0.000  0.000  0.000 0.0000000000
29632  0.000  0.000  0.000 0.0000000000
29633  0.000  0.000  0.000 0.0000000000
29636  0.000  0.000  0.000 0.0000000000
29637  0.000  0.000  0.000 0.0000000000
29638  0.000  0.000  0.000 0.0000000000
29642  0.000  0.000  0.000 0.0000000000
30069  0.000  0.000  0.000 0.0000000000
30070  0.000  0.000  0.000 0.0000000000
30071  0.000  0.000  0.000 0.0000000000
30077  0.000  0.000  0.000 0.0000000000
30078  0.000  0.000  0.000 0.0000000000
30084  0.000  0.000  0.000 0.0000000000
