#!ascii label  , from subject colin27 vox2ras=TkReg coords=white
162
122219  51.107  25.132  -30.951 0.0000000000
122230  51.543  26.236  -31.097 0.0000000000
122231  51.049  25.824  -31.472 0.0000000000
123383  51.876  26.702  -30.929 0.0000000000
123390  51.437  26.775  -31.424 0.0000000000
123391  50.940  26.755  -32.033 0.0000000000
124515  52.246  27.181  -30.775 0.0000000000
124522  52.549  28.221  -30.923 0.0000000000
124523  52.006  27.715  -31.263 0.0000000000
124524  51.322  27.398  -31.833 0.0000000000
124537  51.462  28.058  -32.005 0.0000000000
124538  50.911  27.664  -32.528 0.0000000000
125596  53.396  28.760  -30.243 0.0000000000
125597  52.921  28.764  -30.751 0.0000000000
125605  52.464  28.752  -31.247 0.0000000000
125606  51.944  28.725  -31.805 0.0000000000
125614  51.328  28.758  -32.717 0.0000000000
125615  50.770  28.212  -33.081 0.0000000000
125628  51.128  29.245  -33.307 0.0000000000
125629  50.536  28.762  -33.724 0.0000000000
125648  50.154  29.012  -34.379 0.0000000000
126548  53.338  29.306  -30.569 0.0000000000
126553  53.735  30.350  -30.822 0.0000000000
126554  53.066  29.818  -31.194 0.0000000000
126555  52.407  29.268  -31.588 0.0000000000
126561  52.758  30.334  -31.793 0.0000000000
126562  52.245  29.758  -32.158 0.0000000000
126576  51.603  29.771  -33.055 0.0000000000
126577  51.093  29.736  -33.727 0.0000000000
126592  50.475  29.673  -34.467 0.0000000000
126593  49.993  29.191  -34.685 0.0000000000
126608  50.370  30.143  -34.962 0.0000000000
126609  49.771  29.640  -35.280 0.0000000000
126629  49.526  30.130  -35.922 0.0000000000
127649  53.711  31.001  -31.284 0.0000000000
127650  53.096  30.720  -31.646 0.0000000000
127657  53.306  31.327  -31.842 0.0000000000
127658  52.719  30.977  -32.266 0.0000000000
127659  52.128  30.474  -32.814 0.0000000000
127667  52.321  31.182  -32.977 0.0000000000
127668  51.696  30.750  -33.557 0.0000000000
127669  51.118  30.338  -34.176 0.0000000000
127684  51.379  31.002  -34.258 0.0000000000
127685  50.865  30.685  -34.737 0.0000000000
127702  50.395  30.662  -35.297 0.0000000000
127703  49.968  30.653  -35.800 0.0000000000
127718  49.488  30.706  -36.414 0.0000000000
128715  53.864  32.030  -32.004 0.0000000000
128716  53.219  31.648  -32.243 0.0000000000
128729  53.645  32.578  -32.549 0.0000000000
128730  52.929  32.135  -32.936 0.0000000000
128731  52.202  31.525  -33.387 0.0000000000
128747  52.614  32.686  -33.669 0.0000000000
128748  51.924  31.985  -34.141 0.0000000000
128749  51.311  31.342  -34.622 0.0000000000
128763  51.677  32.422  -34.875 0.0000000000
128764  51.074  31.778  -35.285 0.0000000000
128765  50.412  31.185  -35.646 0.0000000000
128777  50.842  32.279  -35.919 0.0000000000
128778  50.307  31.713  -36.177 0.0000000000
129806  53.700  33.097  -32.969 0.0000000000
129807  53.125  33.195  -33.503 0.0000000000
129820  52.549  33.237  -34.240 0.0000000000
129821  52.009  32.853  -34.696 0.0000000000
129833  52.224  33.448  -34.898 0.0000000000
129834  51.735  33.076  -35.360 0.0000000000
129835  51.205  32.678  -35.813 0.0000000000
129844  51.444  33.356  -35.974 0.0000000000
129845  50.907  32.965  -36.389 0.0000000000
129846  50.277  32.524  -36.797 0.0000000000
129855  50.547  33.292  -36.926 0.0000000000
130855  53.561  33.616  -33.418 0.0000000000
130868  53.370  33.988  -34.035 0.0000000000
130878  52.696  34.112  -34.964 0.0000000000
130879  52.186  33.755  -35.297 0.0000000000
130886  52.728  34.574  -35.549 0.0000000000
130887  52.063  34.212  -35.975 0.0000000000
130888  51.375  33.732  -36.308 0.0000000000
130893  51.799  34.779  -36.573 0.0000000000
130894  51.144  34.238  -36.902 0.0000000000
130895  50.479  33.694  -37.201 0.0000000000
130901  50.863  34.764  -37.455 0.0000000000
131956  53.683  34.347  -34.426 0.0000000000
131957  53.356  34.374  -34.703 0.0000000000
131964  53.739  34.365  -34.914 0.0000000000
131965  53.198  34.550  -35.299 0.0000000000
131970  53.569  34.433  -35.651 0.0000000000
131971  52.936  34.987  -36.055 0.0000000000
131972  52.247  35.105  -36.527 0.0000000000
131976  53.378  34.552  -36.321 0.0000000000
131977  53.111  34.955  -36.955 0.0000000000
131978  51.747  35.178  -36.952 0.0000000000
131979  51.284  35.168  -37.415 0.0000000000
131985  50.750  35.193  -37.855 0.0000000000
132923  52.643  35.257  -36.780 0.0000000000
132924  52.243  35.423  -37.010 0.0000000000
132928  52.529  35.349  -37.316 0.0000000000
132929  51.901  35.419  -37.547 0.0000000000
132930  51.331  35.457  -37.949 0.0000000000
132934  52.243  35.283  -37.838 0.0000000000
132935  51.705  35.427  -38.344 0.0000000000
132936  50.841  35.674  -38.555 0.0000000000
132937  50.113  35.825  -38.883 0.0000000000
132945  51.276  35.578  -39.157 0.0000000000
132946  50.470  36.020  -39.529 0.0000000000
126547  53.989  29.803  -30.145 0.0000000000
115628  49.899  20.445  -29.754 0.0000000000
115629  49.201  20.294  -30.115 0.0000000000
117096  49.467  21.333  -30.173 0.0000000000
117097  49.029  20.806  -30.369 0.0000000000
117110  49.232  21.765  -30.533 0.0000000000
117111  48.819  21.320  -30.712 0.0000000000
118470  49.953  22.459  -30.231 0.0000000000
118471  49.444  21.999  -30.423 0.0000000000
118482  49.713  22.875  -30.709 0.0000000000
118483  49.226  22.407  -30.959 0.0000000000
119815  50.134  23.534  -30.826 0.0000000000
119816  49.612  23.085  -30.992 0.0000000000
119840  50.010  23.931  -31.394 0.0000000000
119841  49.479  23.484  -31.652 0.0000000000
121089  50.465  24.609  -31.417 0.0000000000
121090  49.941  24.144  -31.731 0.0000000000
121116  50.403  25.388  -32.044 0.0000000000
121117  49.705  24.654  -32.425 0.0000000000
122259  50.573  26.109  -32.189 0.0000000000
122260  50.090  25.815  -32.630 0.0000000000
122275  49.581  25.654  -33.143 0.0000000000
123416  50.339  26.778  -32.731 0.0000000000
123417  49.832  26.349  -33.145 0.0000000000
123440  49.884  26.978  -33.387 0.0000000000
123441  49.327  26.498  -33.854 0.0000000000
124562  50.315  27.709  -33.332 0.0000000000
124563  49.739  27.499  -33.944 0.0000000000
124585  49.147  27.287  -34.457 0.0000000000
125630  50.085  28.089  -33.934 0.0000000000
125649  49.629  28.477  -34.593 0.0000000000
125650  49.027  27.912  -34.873 0.0000000000
125665  49.333  28.906  -35.243 0.0000000000
125666  48.768  28.413  -35.509 0.0000000000
126610  49.194  29.126  -35.557 0.0000000000
126630  48.945  29.571  -36.175 0.0000000000
130899  52.578  34.218  -38.114 0.0000000000
131983  52.733  34.956  -37.717 0.0000000000
131984  52.283  34.955  -38.348 0.0000000000
131992  51.869  35.024  -39.063 0.0000000000
132002  51.465  35.106  -39.682 0.0000000000
132959  51.073  35.625  -39.802 0.0000000000
132960  50.746  35.864  -40.384 0.0000000000
132975  50.451  35.759  -41.073 0.0000000000
132976  50.005  35.858  -41.551 0.0000000000
132977  49.496  36.361  -41.610 0.0000000000
132994  49.473  35.776  -41.901 0.0000000000
133949  50.257  36.408  -40.237 0.0000000000
133962  50.303  36.352  -40.806 0.0000000000
133981  50.222  36.185  -41.203 0.0000000000
133982  49.894  36.530  -41.208 0.0000000000
129852  53.637  33.491  -36.486 0.0000000000
129853  53.147  33.171  -37.129 0.0000000000
129862  52.740  33.550  -37.777 0.0000000000
130885  53.864  34.031  -36.103 0.0000000000
130891  53.490  34.157  -36.806 0.0000000000
130892  53.051  34.235  -37.462 0.0000000000
