#!ascii label  , from subject colin27 vox2ras=TkReg coords=white
96
24640  0.000  0.000  0.000 0.0000000000
24641  0.000  0.000  0.000 0.0000000000
25144  0.000  0.000  0.000 0.0000000000
25145  0.000  0.000  0.000 0.0000000000
25146  0.000  0.000  0.000 0.0000000000
25160  0.000  0.000  0.000 0.0000000000
25161  0.000  0.000  0.000 0.0000000000
25162  0.000  0.000  0.000 0.0000000000
25642  0.000  0.000  0.000 0.0000000000
25643  0.000  0.000  0.000 0.0000000000
25644  0.000  0.000  0.000 0.0000000000
25660  0.000  0.000  0.000 0.0000000000
26148  0.000  0.000  0.000 0.0000000000
26149  0.000  0.000  0.000 0.0000000000
26152  0.000  0.000  0.000 0.0000000000
26153  0.000  0.000  0.000 0.0000000000
26165  0.000  0.000  0.000 0.0000000000
26620  0.000  0.000  0.000 0.0000000000
26621  0.000  0.000  0.000 0.0000000000
26622  0.000  0.000  0.000 0.0000000000
26625  0.000  0.000  0.000 0.0000000000
26626  0.000  0.000  0.000 0.0000000000
26633  0.000  0.000  0.000 0.0000000000
27060  0.000  0.000  0.000 0.0000000000
27062  0.000  0.000  0.000 0.0000000000
27063  0.000  0.000  0.000 0.0000000000
27066  0.000  0.000  0.000 0.0000000000
27067  0.000  0.000  0.000 0.0000000000
27068  0.000  0.000  0.000 0.0000000000
27070  0.000  0.000  0.000 0.0000000000
27566  0.000  0.000  0.000 0.0000000000
27567  0.000  0.000  0.000 0.0000000000
27570  0.000  0.000  0.000 0.0000000000
27571  0.000  0.000  0.000 0.0000000000
27574  0.000  0.000  0.000 0.0000000000
27575  0.000  0.000  0.000 0.0000000000
27577  0.000  0.000  0.000 0.0000000000
28058  0.000  0.000  0.000 0.0000000000
28059  0.000  0.000  0.000 0.0000000000
28064  0.000  0.000  0.000 0.0000000000
28065  0.000  0.000  0.000 0.0000000000
28071  0.000  0.000  0.000 0.0000000000
28486  0.000  0.000  0.000 0.0000000000
28492  0.000  0.000  0.000 0.0000000000
28500  0.000  0.000  0.000 0.0000000000
28501  0.000  0.000  0.000 0.0000000000
28509  0.000  0.000  0.000 0.0000000000
28875  0.000  0.000  0.000 0.0000000000
28876  0.000  0.000  0.000 0.0000000000
28884  0.000  0.000  0.000 0.0000000000
28885  0.000  0.000  0.000 0.0000000000
28892  0.000  0.000  0.000 0.0000000000
28893  0.000  0.000  0.000 0.0000000000
29284  0.000  0.000  0.000 0.0000000000
29289  0.000  0.000  0.000 0.0000000000
29290  0.000  0.000  0.000 0.0000000000
29296  0.000  0.000  0.000 0.0000000000
29297  0.000  0.000  0.000 0.0000000000
29305  0.000  0.000  0.000 0.0000000000
29694  0.000  0.000  0.000 0.0000000000
29695  0.000  0.000  0.000 0.0000000000
29701  0.000  0.000  0.000 0.0000000000
29702  0.000  0.000  0.000 0.0000000000
29710  0.000  0.000  0.000 0.0000000000
30129  0.000  0.000  0.000 0.0000000000
30136  0.000  0.000  0.000 0.0000000000
30137  0.000  0.000  0.000 0.0000000000
30144  0.000  0.000  0.000 0.0000000000
30145  0.000  0.000  0.000 0.0000000000
30556  0.000  0.000  0.000 0.0000000000
30563  0.000  0.000  0.000 0.0000000000
30564  0.000  0.000  0.000 0.0000000000
30569  0.000  0.000  0.000 0.0000000000
30570  0.000  0.000  0.000 0.0000000000
30573  0.000  0.000  0.000 0.0000000000
30574  0.000  0.000  0.000 0.0000000000
31011  0.000  0.000  0.000 0.0000000000
31012  0.000  0.000  0.000 0.0000000000
31015  0.000  0.000  0.000 0.0000000000
31434  0.000  0.000  0.000 0.0000000000
31438  0.000  0.000  0.000 0.0000000000
25661  0.000  0.000  0.000 0.0000000000
25662  0.000  0.000  0.000 0.0000000000
26166  0.000  0.000  0.000 0.0000000000
26167  0.000  0.000  0.000 0.0000000000
26168  0.000  0.000  0.000 0.0000000000
26179  0.000  0.000  0.000 0.0000000000
26180  0.000  0.000  0.000 0.0000000000
26181  0.000  0.000  0.000 0.0000000000
26634  0.000  0.000  0.000 0.0000000000
26645  0.000  0.000  0.000 0.0000000000
26646  0.000  0.000  0.000 0.0000000000
27071  0.000  0.000  0.000 0.0000000000
27079  0.000  0.000  0.000 0.0000000000
27578  0.000  0.000  0.000 0.0000000000
27579  0.000  0.000  0.000 0.0000000000
