#!ascii label  , from subject colin27 vox2ras=TkReg coords=white
45
35030  0.000  0.000  0.000 0.0000000000
35031  0.000  0.000  0.000 0.0000000000
35041  0.000  0.000  0.000 0.0000000000
35042  0.000  0.000  0.000 0.0000000000
35265  0.000  0.000  0.000 0.0000000000
35267  0.000  0.000  0.000 0.0000000000
35273  0.000  0.000  0.000 0.0000000000
35286  0.000  0.000  0.000 0.0000000000
35295  0.000  0.000  0.000 0.0000000000
35296  0.000  0.000  0.000 0.0000000000
35307  0.000  0.000  0.000 0.0000000000
35308  0.000  0.000  0.000 0.0000000000
35517  0.000  0.000  0.000 0.0000000000
35524  0.000  0.000  0.000 0.0000000000
35527  0.000  0.000  0.000 0.0000000000
35535  0.000  0.000  0.000 0.0000000000
35547  0.000  0.000  0.000 0.0000000000
35559  0.000  0.000  0.000 0.0000000000
35755  0.000  0.000  0.000 0.0000000000
35771  0.000  0.000  0.000 0.0000000000
35772  0.000  0.000  0.000 0.0000000000
35774  0.000  0.000  0.000 0.0000000000
35777  0.000  0.000  0.000 0.0000000000
35787  0.000  0.000  0.000 0.0000000000
35803  0.000  0.000  0.000 0.0000000000
36006  0.000  0.000  0.000 0.0000000000
36007  0.000  0.000  0.000 0.0000000000
36017  0.000  0.000  0.000 0.0000000000
36021  0.000  0.000  0.000 0.0000000000
36024  0.000  0.000  0.000 0.0000000000
36036  0.000  0.000  0.000 0.0000000000
36248  0.000  0.000  0.000 0.0000000000
36266  0.000  0.000  0.000 0.0000000000
36273  0.000  0.000  0.000 0.0000000000
36274  0.000  0.000  0.000 0.0000000000
36277  0.000  0.000  0.000 0.0000000000
36278  0.000  0.000  0.000 0.0000000000
36287  0.000  0.000  0.000 0.0000000000
36450  0.000  0.000  0.000 0.0000000000
36466  0.000  0.000  0.000 0.0000000000
36467  0.000  0.000  0.000 0.0000000000
36478  0.000  0.000  0.000 0.0000000000
36646  0.000  0.000  0.000 0.0000000000
36656  0.000  0.000  0.000 0.0000000000
36657  0.000  0.000  0.000 0.0000000000
