#!ascii label  , from subject colin27 vox2ras=TkReg coords=white
392
1292  0.000  0.000  0.000 0.0000000000
1357  0.000  0.000  0.000 0.0000000000
1358  0.000  0.000  0.000 0.0000000000
1359  0.000  0.000  0.000 0.0000000000
1360  0.000  0.000  0.000 0.0000000000
1361  0.000  0.000  0.000 0.0000000000
1362  0.000  0.000  0.000 0.0000000000
1363  0.000  0.000  0.000 0.0000000000
1364  0.000  0.000  0.000 0.0000000000
1365  0.000  0.000  0.000 0.0000000000
1366  0.000  0.000  0.000 0.0000000000
1367  0.000  0.000  0.000 0.0000000000
1368  0.000  0.000  0.000 0.0000000000
1422  0.000  0.000  0.000 0.0000000000
1425  0.000  0.000  0.000 0.0000000000
1426  0.000  0.000  0.000 0.0000000000
1427  0.000  0.000  0.000 0.0000000000
1428  0.000  0.000  0.000 0.0000000000
1429  0.000  0.000  0.000 0.0000000000
1430  0.000  0.000  0.000 0.0000000000
1431  0.000  0.000  0.000 0.0000000000
1432  0.000  0.000  0.000 0.0000000000
1433  0.000  0.000  0.000 0.0000000000
1434  0.000  0.000  0.000 0.0000000000
1435  0.000  0.000  0.000 0.0000000000
1436  0.000  0.000  0.000 0.0000000000
1437  0.000  0.000  0.000 0.0000000000
1438  0.000  0.000  0.000 0.0000000000
1439  0.000  0.000  0.000 0.0000000000
1440  0.000  0.000  0.000 0.0000000000
1441  0.000  0.000  0.000 0.0000000000
1442  0.000  0.000  0.000 0.0000000000
1445  0.000  0.000  0.000 0.0000000000
1447  0.000  0.000  0.000 0.0000000000
1491  0.000  0.000  0.000 0.0000000000
1492  0.000  0.000  0.000 0.0000000000
1494  0.000  0.000  0.000 0.0000000000
1495  0.000  0.000  0.000 0.0000000000
1496  0.000  0.000  0.000 0.0000000000
1497  0.000  0.000  0.000 0.0000000000
1498  0.000  0.000  0.000 0.0000000000
1499  0.000  0.000  0.000 0.0000000000
1500  0.000  0.000  0.000 0.0000000000
1501  0.000  0.000  0.000 0.0000000000
1502  0.000  0.000  0.000 0.0000000000
1503  0.000  0.000  0.000 0.0000000000
1504  0.000  0.000  0.000 0.0000000000
1505  0.000  0.000  0.000 0.0000000000
1506  0.000  0.000  0.000 0.0000000000
1507  0.000  0.000  0.000 0.0000000000
1508  0.000  0.000  0.000 0.0000000000
1509  0.000  0.000  0.000 0.0000000000
1510  0.000  0.000  0.000 0.0000000000
1511  0.000  0.000  0.000 0.0000000000
1512  0.000  0.000  0.000 0.0000000000
1513  0.000  0.000  0.000 0.0000000000
1514  0.000  0.000  0.000 0.0000000000
1515  0.000  0.000  0.000 0.0000000000
1516  0.000  0.000  0.000 0.0000000000
1517  0.000  0.000  0.000 0.0000000000
1518  0.000  0.000  0.000 0.0000000000
1519  0.000  0.000  0.000 0.0000000000
1520  0.000  0.000  0.000 0.0000000000
1521  0.000  0.000  0.000 0.0000000000
1522  0.000  0.000  0.000 0.0000000000
1523  0.000  0.000  0.000 0.0000000000
1524  0.000  0.000  0.000 0.0000000000
1563  0.000  0.000  0.000 0.0000000000
1564  0.000  0.000  0.000 0.0000000000
1565  0.000  0.000  0.000 0.0000000000
1566  0.000  0.000  0.000 0.0000000000
1567  0.000  0.000  0.000 0.0000000000
1568  0.000  0.000  0.000 0.0000000000
1569  0.000  0.000  0.000 0.0000000000
1570  0.000  0.000  0.000 0.0000000000
1571  0.000  0.000  0.000 0.0000000000
1572  0.000  0.000  0.000 0.0000000000
1573  0.000  0.000  0.000 0.0000000000
1574  0.000  0.000  0.000 0.0000000000
1575  0.000  0.000  0.000 0.0000000000
1576  0.000  0.000  0.000 0.0000000000
1577  0.000  0.000  0.000 0.0000000000
1578  0.000  0.000  0.000 0.0000000000
1579  0.000  0.000  0.000 0.0000000000
1580  0.000  0.000  0.000 0.0000000000
1581  0.000  0.000  0.000 0.0000000000
1582  0.000  0.000  0.000 0.0000000000
1583  0.000  0.000  0.000 0.0000000000
1584  0.000  0.000  0.000 0.0000000000
1585  0.000  0.000  0.000 0.0000000000
1586  0.000  0.000  0.000 0.0000000000
1587  0.000  0.000  0.000 0.0000000000
1588  0.000  0.000  0.000 0.0000000000
1589  0.000  0.000  0.000 0.0000000000
1590  0.000  0.000  0.000 0.0000000000
1591  0.000  0.000  0.000 0.0000000000
1592  0.000  0.000  0.000 0.0000000000
1593  0.000  0.000  0.000 0.0000000000
1594  0.000  0.000  0.000 0.0000000000
1634  0.000  0.000  0.000 0.0000000000
1635  0.000  0.000  0.000 0.0000000000
1636  0.000  0.000  0.000 0.0000000000
1637  0.000  0.000  0.000 0.0000000000
1638  0.000  0.000  0.000 0.0000000000
1639  0.000  0.000  0.000 0.0000000000
1640  0.000  0.000  0.000 0.0000000000
1641  0.000  0.000  0.000 0.0000000000
1642  0.000  0.000  0.000 0.0000000000
1643  0.000  0.000  0.000 0.0000000000
1644  0.000  0.000  0.000 0.0000000000
1645  0.000  0.000  0.000 0.0000000000
1646  0.000  0.000  0.000 0.0000000000
1647  0.000  0.000  0.000 0.0000000000
1648  0.000  0.000  0.000 0.0000000000
1649  0.000  0.000  0.000 0.0000000000
1650  0.000  0.000  0.000 0.0000000000
1651  0.000  0.000  0.000 0.0000000000
1652  0.000  0.000  0.000 0.0000000000
1653  0.000  0.000  0.000 0.0000000000
1654  0.000  0.000  0.000 0.0000000000
1655  0.000  0.000  0.000 0.0000000000
1656  0.000  0.000  0.000 0.0000000000
1657  0.000  0.000  0.000 0.0000000000
1658  0.000  0.000  0.000 0.0000000000
1659  0.000  0.000  0.000 0.0000000000
1735  0.000  0.000  0.000 0.0000000000
1736  0.000  0.000  0.000 0.0000000000
1738  0.000  0.000  0.000 0.0000000000
1739  0.000  0.000  0.000 0.0000000000
1740  0.000  0.000  0.000 0.0000000000
1741  0.000  0.000  0.000 0.0000000000
1742  0.000  0.000  0.000 0.0000000000
1743  0.000  0.000  0.000 0.0000000000
1744  0.000  0.000  0.000 0.0000000000
1745  0.000  0.000  0.000 0.0000000000
1746  0.000  0.000  0.000 0.0000000000
1747  0.000  0.000  0.000 0.0000000000
1748  0.000  0.000  0.000 0.0000000000
1749  0.000  0.000  0.000 0.0000000000
1750  0.000  0.000  0.000 0.0000000000
1751  0.000  0.000  0.000 0.0000000000
1752  0.000  0.000  0.000 0.0000000000
1753  0.000  0.000  0.000 0.0000000000
1754  0.000  0.000  0.000 0.0000000000
1755  0.000  0.000  0.000 0.0000000000
1756  0.000  0.000  0.000 0.0000000000
1757  0.000  0.000  0.000 0.0000000000
1758  0.000  0.000  0.000 0.0000000000
1759  0.000  0.000  0.000 0.0000000000
1760  0.000  0.000  0.000 0.0000000000
1761  0.000  0.000  0.000 0.0000000000
1762  0.000  0.000  0.000 0.0000000000
1763  0.000  0.000  0.000 0.0000000000
1764  0.000  0.000  0.000 0.0000000000
1765  0.000  0.000  0.000 0.0000000000
1766  0.000  0.000  0.000 0.0000000000
1767  0.000  0.000  0.000 0.0000000000
1768  0.000  0.000  0.000 0.0000000000
1769  0.000  0.000  0.000 0.0000000000
1770  0.000  0.000  0.000 0.0000000000
1771  0.000  0.000  0.000 0.0000000000
1772  0.000  0.000  0.000 0.0000000000
1774  0.000  0.000  0.000 0.0000000000
1876  0.000  0.000  0.000 0.0000000000
1877  0.000  0.000  0.000 0.0000000000
1878  0.000  0.000  0.000 0.0000000000
1880  0.000  0.000  0.000 0.0000000000
1881  0.000  0.000  0.000 0.0000000000
1882  0.000  0.000  0.000 0.0000000000
1883  0.000  0.000  0.000 0.0000000000
1885  0.000  0.000  0.000 0.0000000000
1886  0.000  0.000  0.000 0.0000000000
1887  0.000  0.000  0.000 0.0000000000
1888  0.000  0.000  0.000 0.0000000000
1891  0.000  0.000  0.000 0.0000000000
1892  0.000  0.000  0.000 0.0000000000
1893  0.000  0.000  0.000 0.0000000000
1894  0.000  0.000  0.000 0.0000000000
1895  0.000  0.000  0.000 0.0000000000
1897  0.000  0.000  0.000 0.0000000000
1898  0.000  0.000  0.000 0.0000000000
1899  0.000  0.000  0.000 0.0000000000
1900  0.000  0.000  0.000 0.0000000000
1901  0.000  0.000  0.000 0.0000000000
1902  0.000  0.000  0.000 0.0000000000
1904  0.000  0.000  0.000 0.0000000000
1905  0.000  0.000  0.000 0.0000000000
1906  0.000  0.000  0.000 0.0000000000
1907  0.000  0.000  0.000 0.0000000000
1908  0.000  0.000  0.000 0.0000000000
1909  0.000  0.000  0.000 0.0000000000
1910  0.000  0.000  0.000 0.0000000000
1911  0.000  0.000  0.000 0.0000000000
1912  0.000  0.000  0.000 0.0000000000
1913  0.000  0.000  0.000 0.0000000000
1914  0.000  0.000  0.000 0.0000000000
1915  0.000  0.000  0.000 0.0000000000
1916  0.000  0.000  0.000 0.0000000000
1917  0.000  0.000  0.000 0.0000000000
1918  0.000  0.000  0.000 0.0000000000
1919  0.000  0.000  0.000 0.0000000000
1920  0.000  0.000  0.000 0.0000000000
1921  0.000  0.000  0.000 0.0000000000
1922  0.000  0.000  0.000 0.0000000000
1923  0.000  0.000  0.000 0.0000000000
1924  0.000  0.000  0.000 0.0000000000
1925  0.000  0.000  0.000 0.0000000000
1926  0.000  0.000  0.000 0.0000000000
1927  0.000  0.000  0.000 0.0000000000
1928  0.000  0.000  0.000 0.0000000000
1929  0.000  0.000  0.000 0.0000000000
1930  0.000  0.000  0.000 0.0000000000
1931  0.000  0.000  0.000 0.0000000000
1932  0.000  0.000  0.000 0.0000000000
1933  0.000  0.000  0.000 0.0000000000
1934  0.000  0.000  0.000 0.0000000000
1935  0.000  0.000  0.000 0.0000000000
1936  0.000  0.000  0.000 0.0000000000
1937  0.000  0.000  0.000 0.0000000000
1938  0.000  0.000  0.000 0.0000000000
1939  0.000  0.000  0.000 0.0000000000
1940  0.000  0.000  0.000 0.0000000000
2058  0.000  0.000  0.000 0.0000000000
2060  0.000  0.000  0.000 0.0000000000
2061  0.000  0.000  0.000 0.0000000000
2062  0.000  0.000  0.000 0.0000000000
2063  0.000  0.000  0.000 0.0000000000
2064  0.000  0.000  0.000 0.0000000000
2065  0.000  0.000  0.000 0.0000000000
2066  0.000  0.000  0.000 0.0000000000
2067  0.000  0.000  0.000 0.0000000000
2068  0.000  0.000  0.000 0.0000000000
2069  0.000  0.000  0.000 0.0000000000
2070  0.000  0.000  0.000 0.0000000000
2071  0.000  0.000  0.000 0.0000000000
2072  0.000  0.000  0.000 0.0000000000
2073  0.000  0.000  0.000 0.0000000000
2074  0.000  0.000  0.000 0.0000000000
2075  0.000  0.000  0.000 0.0000000000
2076  0.000  0.000  0.000 0.0000000000
2077  0.000  0.000  0.000 0.0000000000
2078  0.000  0.000  0.000 0.0000000000
2079  0.000  0.000  0.000 0.0000000000
2080  0.000  0.000  0.000 0.0000000000
2081  0.000  0.000  0.000 0.0000000000
2082  0.000  0.000  0.000 0.0000000000
2083  0.000  0.000  0.000 0.0000000000
2084  0.000  0.000  0.000 0.0000000000
2085  0.000  0.000  0.000 0.0000000000
2086  0.000  0.000  0.000 0.0000000000
2087  0.000  0.000  0.000 0.0000000000
2088  0.000  0.000  0.000 0.0000000000
2089  0.000  0.000  0.000 0.0000000000
2090  0.000  0.000  0.000 0.0000000000
2091  0.000  0.000  0.000 0.0000000000
2092  0.000  0.000  0.000 0.0000000000
2093  0.000  0.000  0.000 0.0000000000
2094  0.000  0.000  0.000 0.0000000000
2096  0.000  0.000  0.000 0.0000000000
2224  0.000  0.000  0.000 0.0000000000
2226  0.000  0.000  0.000 0.0000000000
2227  0.000  0.000  0.000 0.0000000000
2228  0.000  0.000  0.000 0.0000000000
2229  0.000  0.000  0.000 0.0000000000
2230  0.000  0.000  0.000 0.0000000000
2231  0.000  0.000  0.000 0.0000000000
2233  0.000  0.000  0.000 0.0000000000
2234  0.000  0.000  0.000 0.0000000000
2235  0.000  0.000  0.000 0.0000000000
2236  0.000  0.000  0.000 0.0000000000
2237  0.000  0.000  0.000 0.0000000000
2238  0.000  0.000  0.000 0.0000000000
2239  0.000  0.000  0.000 0.0000000000
2241  0.000  0.000  0.000 0.0000000000
2242  0.000  0.000  0.000 0.0000000000
2243  0.000  0.000  0.000 0.0000000000
2244  0.000  0.000  0.000 0.0000000000
2245  0.000  0.000  0.000 0.0000000000
2246  0.000  0.000  0.000 0.0000000000
2247  0.000  0.000  0.000 0.0000000000
2249  0.000  0.000  0.000 0.0000000000
2250  0.000  0.000  0.000 0.0000000000
2251  0.000  0.000  0.000 0.0000000000
2252  0.000  0.000  0.000 0.0000000000
2253  0.000  0.000  0.000 0.0000000000
2254  0.000  0.000  0.000 0.0000000000
2257  0.000  0.000  0.000 0.0000000000
2258  0.000  0.000  0.000 0.0000000000
2423  0.000  0.000  0.000 0.0000000000
2424  0.000  0.000  0.000 0.0000000000
1773  0.000  0.000  0.000 0.0000000000
1775  0.000  0.000  0.000 0.0000000000
1941  0.000  0.000  0.000 0.0000000000
1942  0.000  0.000  0.000 0.0000000000
1943  0.000  0.000  0.000 0.0000000000
1944  0.000  0.000  0.000 0.0000000000
1945  0.000  0.000  0.000 0.0000000000
1950  0.000  0.000  0.000 0.0000000000
1951  0.000  0.000  0.000 0.0000000000
1952  0.000  0.000  0.000 0.0000000000
2097  0.000  0.000  0.000 0.0000000000
2098  0.000  0.000  0.000 0.0000000000
2099  0.000  0.000  0.000 0.0000000000
2104  0.000  0.000  0.000 0.0000000000
2105  0.000  0.000  0.000 0.0000000000
2095  0.000  0.000  0.000 0.0000000000
2256  0.000  0.000  0.000 0.0000000000
2259  0.000  0.000  0.000 0.0000000000
2260  0.000  0.000  0.000 0.0000000000
2430  0.000  0.000  0.000 0.0000000000
2431  0.000  0.000  0.000 0.0000000000
2432  0.000  0.000  0.000 0.0000000000
2433  0.000  0.000  0.000 0.0000000000
2437  0.000  0.000  0.000 0.0000000000
2438  0.000  0.000  0.000 0.0000000000
2439  0.000  0.000  0.000 0.0000000000
2440  0.000  0.000  0.000 0.0000000000
2441  0.000  0.000  0.000 0.0000000000
2442  0.000  0.000  0.000 0.0000000000
2100  0.000  0.000  0.000 0.0000000000
2101  0.000  0.000  0.000 0.0000000000
2102  0.000  0.000  0.000 0.0000000000
2106  0.000  0.000  0.000 0.0000000000
2107  0.000  0.000  0.000 0.0000000000
2108  0.000  0.000  0.000 0.0000000000
2109  0.000  0.000  0.000 0.0000000000
2112  0.000  0.000  0.000 0.0000000000
2261  0.000  0.000  0.000 0.0000000000
2262  0.000  0.000  0.000 0.0000000000
2263  0.000  0.000  0.000 0.0000000000
2264  0.000  0.000  0.000 0.0000000000
2265  0.000  0.000  0.000 0.0000000000
2266  0.000  0.000  0.000 0.0000000000
2269  0.000  0.000  0.000 0.0000000000
2270  0.000  0.000  0.000 0.0000000000
2271  0.000  0.000  0.000 0.0000000000
2272  0.000  0.000  0.000 0.0000000000
2273  0.000  0.000  0.000 0.0000000000
1596  0.000  0.000  0.000 0.0000000000
1597  0.000  0.000  0.000 0.0000000000
1598  0.000  0.000  0.000 0.0000000000
1660  0.000  0.000  0.000 0.0000000000
1661  0.000  0.000  0.000 0.0000000000
1662  0.000  0.000  0.000 0.0000000000
1663  0.000  0.000  0.000 0.0000000000
1664  0.000  0.000  0.000 0.0000000000
1665  0.000  0.000  0.000 0.0000000000
1667  0.000  0.000  0.000 0.0000000000
1668  0.000  0.000  0.000 0.0000000000
1669  0.000  0.000  0.000 0.0000000000
1670  0.000  0.000  0.000 0.0000000000
1776  0.000  0.000  0.000 0.0000000000
1777  0.000  0.000  0.000 0.0000000000
1778  0.000  0.000  0.000 0.0000000000
1779  0.000  0.000  0.000 0.0000000000
1780  0.000  0.000  0.000 0.0000000000
1781  0.000  0.000  0.000 0.0000000000
1782  0.000  0.000  0.000 0.0000000000
1783  0.000  0.000  0.000 0.0000000000
1784  0.000  0.000  0.000 0.0000000000
1785  0.000  0.000  0.000 0.0000000000
1786  0.000  0.000  0.000 0.0000000000
1946  0.000  0.000  0.000 0.0000000000
1947  0.000  0.000  0.000 0.0000000000
1948  0.000  0.000  0.000 0.0000000000
1949  0.000  0.000  0.000 0.0000000000
1953  0.000  0.000  0.000 0.0000000000
1954  0.000  0.000  0.000 0.0000000000
1955  0.000  0.000  0.000 0.0000000000
1956  0.000  0.000  0.000 0.0000000000
1957  0.000  0.000  0.000 0.0000000000
1958  0.000  0.000  0.000 0.0000000000
2103  0.000  0.000  0.000 0.0000000000
2110  0.000  0.000  0.000 0.0000000000
2111  0.000  0.000  0.000 0.0000000000
1787  0.000  0.000  0.000 0.0000000000
1789  0.000  0.000  0.000 0.0000000000
1959  0.000  0.000  0.000 0.0000000000
1960  0.000  0.000  0.000 0.0000000000
1961  0.000  0.000  0.000 0.0000000000
1962  0.000  0.000  0.000 0.0000000000
1963  0.000  0.000  0.000 0.0000000000
1965  0.000  0.000  0.000 0.0000000000
2113  0.000  0.000  0.000 0.0000000000
2114  0.000  0.000  0.000 0.0000000000
2115  0.000  0.000  0.000 0.0000000000
2117  0.000  0.000  0.000 0.0000000000
2274  0.000  0.000  0.000 0.0000000000
2275  0.000  0.000  0.000 0.0000000000
2276  0.000  0.000  0.000 0.0000000000
2279  0.000  0.000  0.000 0.0000000000
2283  0.000  0.000  0.000 0.0000000000
