#!ascii label  , from subject colin27 vox2ras=TkReg coords=white
45
30618  0.000  0.000  0.000 0.0000000000
30619  0.000  0.000  0.000 0.0000000000
31052  0.000  0.000  0.000 0.0000000000
31053  0.000  0.000  0.000 0.0000000000
31054  0.000  0.000  0.000 0.0000000000
31055  0.000  0.000  0.000 0.0000000000
31065  0.000  0.000  0.000 0.0000000000
31066  0.000  0.000  0.000 0.0000000000
31468  0.000  0.000  0.000 0.0000000000
31474  0.000  0.000  0.000 0.0000000000
31475  0.000  0.000  0.000 0.0000000000
31476  0.000  0.000  0.000 0.0000000000
31483  0.000  0.000  0.000 0.0000000000
31484  0.000  0.000  0.000 0.0000000000
31870  0.000  0.000  0.000 0.0000000000
31871  0.000  0.000  0.000 0.0000000000
31877  0.000  0.000  0.000 0.0000000000
31878  0.000  0.000  0.000 0.0000000000
31885  0.000  0.000  0.000 0.0000000000
31886  0.000  0.000  0.000 0.0000000000
32280  0.000  0.000  0.000 0.0000000000
32290  0.000  0.000  0.000 0.0000000000
32291  0.000  0.000  0.000 0.0000000000
32292  0.000  0.000  0.000 0.0000000000
32297  0.000  0.000  0.000 0.0000000000
32298  0.000  0.000  0.000 0.0000000000
32303  0.000  0.000  0.000 0.0000000000
32743  0.000  0.000  0.000 0.0000000000
32750  0.000  0.000  0.000 0.0000000000
32751  0.000  0.000  0.000 0.0000000000
32755  0.000  0.000  0.000 0.0000000000
32756  0.000  0.000  0.000 0.0000000000
33186  0.000  0.000  0.000 0.0000000000
33192  0.000  0.000  0.000 0.0000000000
33193  0.000  0.000  0.000 0.0000000000
33194  0.000  0.000  0.000 0.0000000000
30187  0.000  0.000  0.000 0.0000000000
30188  0.000  0.000  0.000 0.0000000000
30197  0.000  0.000  0.000 0.0000000000
30198  0.000  0.000  0.000 0.0000000000
30607  0.000  0.000  0.000 0.0000000000
30608  0.000  0.000  0.000 0.0000000000
30617  0.000  0.000  0.000 0.0000000000
31043  0.000  0.000  0.000 0.0000000000
31044  0.000  0.000  0.000 0.0000000000
