#!ascii label  , from subject colin27 vox2ras=TkReg coords=white
231
17435  0.000  0.000  0.000 0.0000000000
17457  0.000  0.000  0.000 0.0000000000
17473  0.000  0.000  0.000 0.0000000000
17474  0.000  0.000  0.000 0.0000000000
17491  0.000  0.000  0.000 0.0000000000
18042  0.000  0.000  0.000 0.0000000000
18043  0.000  0.000  0.000 0.0000000000
18044  0.000  0.000  0.000 0.0000000000
18045  0.000  0.000  0.000 0.0000000000
18046  0.000  0.000  0.000 0.0000000000
18047  0.000  0.000  0.000 0.0000000000
18058  0.000  0.000  0.000 0.0000000000
18059  0.000  0.000  0.000 0.0000000000
18060  0.000  0.000  0.000 0.0000000000
18080  0.000  0.000  0.000 0.0000000000
18081  0.000  0.000  0.000 0.0000000000
18093  0.000  0.000  0.000 0.0000000000
18094  0.000  0.000  0.000 0.0000000000
18095  0.000  0.000  0.000 0.0000000000
18109  0.000  0.000  0.000 0.0000000000
18110  0.000  0.000  0.000 0.0000000000
18651  0.000  0.000  0.000 0.0000000000
18652  0.000  0.000  0.000 0.0000000000
18653  0.000  0.000  0.000 0.0000000000
18654  0.000  0.000  0.000 0.0000000000
18655  0.000  0.000  0.000 0.0000000000
18656  0.000  0.000  0.000 0.0000000000
18657  0.000  0.000  0.000 0.0000000000
18663  0.000  0.000  0.000 0.0000000000
18664  0.000  0.000  0.000 0.0000000000
18665  0.000  0.000  0.000 0.0000000000
18666  0.000  0.000  0.000 0.0000000000
18667  0.000  0.000  0.000 0.0000000000
18676  0.000  0.000  0.000 0.0000000000
18677  0.000  0.000  0.000 0.0000000000
18678  0.000  0.000  0.000 0.0000000000
18685  0.000  0.000  0.000 0.0000000000
18686  0.000  0.000  0.000 0.0000000000
18687  0.000  0.000  0.000 0.0000000000
18696  0.000  0.000  0.000 0.0000000000
19207  0.000  0.000  0.000 0.0000000000
19208  0.000  0.000  0.000 0.0000000000
19209  0.000  0.000  0.000 0.0000000000
19210  0.000  0.000  0.000 0.0000000000
19211  0.000  0.000  0.000 0.0000000000
19212  0.000  0.000  0.000 0.0000000000
19213  0.000  0.000  0.000 0.0000000000
19214  0.000  0.000  0.000 0.0000000000
19215  0.000  0.000  0.000 0.0000000000
19221  0.000  0.000  0.000 0.0000000000
19222  0.000  0.000  0.000 0.0000000000
19223  0.000  0.000  0.000 0.0000000000
19224  0.000  0.000  0.000 0.0000000000
19225  0.000  0.000  0.000 0.0000000000
19226  0.000  0.000  0.000 0.0000000000
19227  0.000  0.000  0.000 0.0000000000
19236  0.000  0.000  0.000 0.0000000000
19237  0.000  0.000  0.000 0.0000000000
19737  0.000  0.000  0.000 0.0000000000
19738  0.000  0.000  0.000 0.0000000000
19739  0.000  0.000  0.000 0.0000000000
19740  0.000  0.000  0.000 0.0000000000
19741  0.000  0.000  0.000 0.0000000000
19742  0.000  0.000  0.000 0.0000000000
19743  0.000  0.000  0.000 0.0000000000
19744  0.000  0.000  0.000 0.0000000000
19745  0.000  0.000  0.000 0.0000000000
19752  0.000  0.000  0.000 0.0000000000
19753  0.000  0.000  0.000 0.0000000000
19754  0.000  0.000  0.000 0.0000000000
19755  0.000  0.000  0.000 0.0000000000
19756  0.000  0.000  0.000 0.0000000000
19757  0.000  0.000  0.000 0.0000000000
19758  0.000  0.000  0.000 0.0000000000
19765  0.000  0.000  0.000 0.0000000000
20260  0.000  0.000  0.000 0.0000000000
20261  0.000  0.000  0.000 0.0000000000
20262  0.000  0.000  0.000 0.0000000000
20263  0.000  0.000  0.000 0.0000000000
20264  0.000  0.000  0.000 0.0000000000
20265  0.000  0.000  0.000 0.0000000000
20266  0.000  0.000  0.000 0.0000000000
20267  0.000  0.000  0.000 0.0000000000
20274  0.000  0.000  0.000 0.0000000000
20275  0.000  0.000  0.000 0.0000000000
20276  0.000  0.000  0.000 0.0000000000
20277  0.000  0.000  0.000 0.0000000000
20278  0.000  0.000  0.000 0.0000000000
20279  0.000  0.000  0.000 0.0000000000
20280  0.000  0.000  0.000 0.0000000000
20281  0.000  0.000  0.000 0.0000000000
20282  0.000  0.000  0.000 0.0000000000
20283  0.000  0.000  0.000 0.0000000000
20284  0.000  0.000  0.000 0.0000000000
20291  0.000  0.000  0.000 0.0000000000
20292  0.000  0.000  0.000 0.0000000000
20293  0.000  0.000  0.000 0.0000000000
20294  0.000  0.000  0.000 0.0000000000
20302  0.000  0.000  0.000 0.0000000000
20814  0.000  0.000  0.000 0.0000000000
20815  0.000  0.000  0.000 0.0000000000
20816  0.000  0.000  0.000 0.0000000000
20817  0.000  0.000  0.000 0.0000000000
20818  0.000  0.000  0.000 0.0000000000
20819  0.000  0.000  0.000 0.0000000000
20820  0.000  0.000  0.000 0.0000000000
20821  0.000  0.000  0.000 0.0000000000
20822  0.000  0.000  0.000 0.0000000000
20832  0.000  0.000  0.000 0.0000000000
20833  0.000  0.000  0.000 0.0000000000
20834  0.000  0.000  0.000 0.0000000000
20835  0.000  0.000  0.000 0.0000000000
20836  0.000  0.000  0.000 0.0000000000
20837  0.000  0.000  0.000 0.0000000000
20838  0.000  0.000  0.000 0.0000000000
20839  0.000  0.000  0.000 0.0000000000
20840  0.000  0.000  0.000 0.0000000000
20841  0.000  0.000  0.000 0.0000000000
20842  0.000  0.000  0.000 0.0000000000
20850  0.000  0.000  0.000 0.0000000000
20851  0.000  0.000  0.000 0.0000000000
20852  0.000  0.000  0.000 0.0000000000
20853  0.000  0.000  0.000 0.0000000000
20865  0.000  0.000  0.000 0.0000000000
21369  0.000  0.000  0.000 0.0000000000
21370  0.000  0.000  0.000 0.0000000000
21371  0.000  0.000  0.000 0.0000000000
21372  0.000  0.000  0.000 0.0000000000
21373  0.000  0.000  0.000 0.0000000000
21374  0.000  0.000  0.000 0.0000000000
21375  0.000  0.000  0.000 0.0000000000
21376  0.000  0.000  0.000 0.0000000000
21377  0.000  0.000  0.000 0.0000000000
21384  0.000  0.000  0.000 0.0000000000
21385  0.000  0.000  0.000 0.0000000000
21386  0.000  0.000  0.000 0.0000000000
21387  0.000  0.000  0.000 0.0000000000
21388  0.000  0.000  0.000 0.0000000000
21389  0.000  0.000  0.000 0.0000000000
21390  0.000  0.000  0.000 0.0000000000
21391  0.000  0.000  0.000 0.0000000000
21392  0.000  0.000  0.000 0.0000000000
21393  0.000  0.000  0.000 0.0000000000
21394  0.000  0.000  0.000 0.0000000000
21402  0.000  0.000  0.000 0.0000000000
21403  0.000  0.000  0.000 0.0000000000
21404  0.000  0.000  0.000 0.0000000000
21405  0.000  0.000  0.000 0.0000000000
21406  0.000  0.000  0.000 0.0000000000
21407  0.000  0.000  0.000 0.0000000000
21408  0.000  0.000  0.000 0.0000000000
21409  0.000  0.000  0.000 0.0000000000
21911  0.000  0.000  0.000 0.0000000000
21912  0.000  0.000  0.000 0.0000000000
21918  0.000  0.000  0.000 0.0000000000
21919  0.000  0.000  0.000 0.0000000000
21920  0.000  0.000  0.000 0.0000000000
21921  0.000  0.000  0.000 0.0000000000
21922  0.000  0.000  0.000 0.0000000000
21923  0.000  0.000  0.000 0.0000000000
21924  0.000  0.000  0.000 0.0000000000
21932  0.000  0.000  0.000 0.0000000000
21933  0.000  0.000  0.000 0.0000000000
21934  0.000  0.000  0.000 0.0000000000
21935  0.000  0.000  0.000 0.0000000000
21936  0.000  0.000  0.000 0.0000000000
21937  0.000  0.000  0.000 0.0000000000
21938  0.000  0.000  0.000 0.0000000000
21939  0.000  0.000  0.000 0.0000000000
21940  0.000  0.000  0.000 0.0000000000
21941  0.000  0.000  0.000 0.0000000000
21949  0.000  0.000  0.000 0.0000000000
21950  0.000  0.000  0.000 0.0000000000
22417  0.000  0.000  0.000 0.0000000000
22418  0.000  0.000  0.000 0.0000000000
22426  0.000  0.000  0.000 0.0000000000
22427  0.000  0.000  0.000 0.0000000000
22428  0.000  0.000  0.000 0.0000000000
22436  0.000  0.000  0.000 0.0000000000
22437  0.000  0.000  0.000 0.0000000000
22438  0.000  0.000  0.000 0.0000000000
22439  0.000  0.000  0.000 0.0000000000
22440  0.000  0.000  0.000 0.0000000000
22441  0.000  0.000  0.000 0.0000000000
22442  0.000  0.000  0.000 0.0000000000
22443  0.000  0.000  0.000 0.0000000000
22444  0.000  0.000  0.000 0.0000000000
22451  0.000  0.000  0.000 0.0000000000
22452  0.000  0.000  0.000 0.0000000000
22453  0.000  0.000  0.000 0.0000000000
22454  0.000  0.000  0.000 0.0000000000
22455  0.000  0.000  0.000 0.0000000000
22456  0.000  0.000  0.000 0.0000000000
22927  0.000  0.000  0.000 0.0000000000
22928  0.000  0.000  0.000 0.0000000000
22929  0.000  0.000  0.000 0.0000000000
22939  0.000  0.000  0.000 0.0000000000
22940  0.000  0.000  0.000 0.0000000000
22941  0.000  0.000  0.000 0.0000000000
22948  0.000  0.000  0.000 0.0000000000
22949  0.000  0.000  0.000 0.0000000000
22950  0.000  0.000  0.000 0.0000000000
22951  0.000  0.000  0.000 0.0000000000
22959  0.000  0.000  0.000 0.0000000000
22960  0.000  0.000  0.000 0.0000000000
22961  0.000  0.000  0.000 0.0000000000
22962  0.000  0.000  0.000 0.0000000000
22963  0.000  0.000  0.000 0.0000000000
22964  0.000  0.000  0.000 0.0000000000
23440  0.000  0.000  0.000 0.0000000000
23441  0.000  0.000  0.000 0.0000000000
23454  0.000  0.000  0.000 0.0000000000
23455  0.000  0.000  0.000 0.0000000000
23462  0.000  0.000  0.000 0.0000000000
23463  0.000  0.000  0.000 0.0000000000
23464  0.000  0.000  0.000 0.0000000000
23471  0.000  0.000  0.000 0.0000000000
23472  0.000  0.000  0.000 0.0000000000
23473  0.000  0.000  0.000 0.0000000000
23474  0.000  0.000  0.000 0.0000000000
23475  0.000  0.000  0.000 0.0000000000
23984  0.000  0.000  0.000 0.0000000000
23997  0.000  0.000  0.000 0.0000000000
24007  0.000  0.000  0.000 0.0000000000
24008  0.000  0.000  0.000 0.0000000000
24009  0.000  0.000  0.000 0.0000000000
24010  0.000  0.000  0.000 0.0000000000
24011  0.000  0.000  0.000 0.0000000000
24012  0.000  0.000  0.000 0.0000000000
24020  0.000  0.000  0.000 0.0000000000
24516  0.000  0.000  0.000 0.0000000000
