#!ascii label  , from subject colin27 vox2ras=TkReg coords=white
691
8099  0.000  0.000  0.000 0.0000000000
8109  0.000  0.000  0.000 0.0000000000
8645  0.000  0.000  0.000 0.0000000000
8653  0.000  0.000  0.000 0.0000000000
8654  0.000  0.000  0.000 0.0000000000
8664  0.000  0.000  0.000 0.0000000000
8665  0.000  0.000  0.000 0.0000000000
8674  0.000  0.000  0.000 0.0000000000
8682  0.000  0.000  0.000 0.0000000000
8683  0.000  0.000  0.000 0.0000000000
8684  0.000  0.000  0.000 0.0000000000
9227  0.000  0.000  0.000 0.0000000000
9242  0.000  0.000  0.000 0.0000000000
9243  0.000  0.000  0.000 0.0000000000
9253  0.000  0.000  0.000 0.0000000000
9254  0.000  0.000  0.000 0.0000000000
9264  0.000  0.000  0.000 0.0000000000
9271  0.000  0.000  0.000 0.0000000000
9277  0.000  0.000  0.000 0.0000000000
9278  0.000  0.000  0.000 0.0000000000
9279  0.000  0.000  0.000 0.0000000000
9283  0.000  0.000  0.000 0.0000000000
9284  0.000  0.000  0.000 0.0000000000
9285  0.000  0.000  0.000 0.0000000000
9773  0.000  0.000  0.000 0.0000000000
9774  0.000  0.000  0.000 0.0000000000
9775  0.000  0.000  0.000 0.0000000000
9783  0.000  0.000  0.000 0.0000000000
9784  0.000  0.000  0.000 0.0000000000
9785  0.000  0.000  0.000 0.0000000000
9791  0.000  0.000  0.000 0.0000000000
9792  0.000  0.000  0.000 0.0000000000
9797  0.000  0.000  0.000 0.0000000000
9798  0.000  0.000  0.000 0.0000000000
9799  0.000  0.000  0.000 0.0000000000
9800  0.000  0.000  0.000 0.0000000000
9801  0.000  0.000  0.000 0.0000000000
9802  0.000  0.000  0.000 0.0000000000
9803  0.000  0.000  0.000 0.0000000000
9804  0.000  0.000  0.000 0.0000000000
9805  0.000  0.000  0.000 0.0000000000
9806  0.000  0.000  0.000 0.0000000000
9807  0.000  0.000  0.000 0.0000000000
9808  0.000  0.000  0.000 0.0000000000
9809  0.000  0.000  0.000 0.0000000000
9810  0.000  0.000  0.000 0.0000000000
10344  0.000  0.000  0.000 0.0000000000
10345  0.000  0.000  0.000 0.0000000000
10347  0.000  0.000  0.000 0.0000000000
10348  0.000  0.000  0.000 0.0000000000
10349  0.000  0.000  0.000 0.0000000000
10350  0.000  0.000  0.000 0.0000000000
10351  0.000  0.000  0.000 0.0000000000
10352  0.000  0.000  0.000 0.0000000000
10353  0.000  0.000  0.000 0.0000000000
10354  0.000  0.000  0.000 0.0000000000
10355  0.000  0.000  0.000 0.0000000000
10356  0.000  0.000  0.000 0.0000000000
10357  0.000  0.000  0.000 0.0000000000
10358  0.000  0.000  0.000 0.0000000000
10359  0.000  0.000  0.000 0.0000000000
10360  0.000  0.000  0.000 0.0000000000
10361  0.000  0.000  0.000 0.0000000000
10362  0.000  0.000  0.000 0.0000000000
10363  0.000  0.000  0.000 0.0000000000
10364  0.000  0.000  0.000 0.0000000000
10365  0.000  0.000  0.000 0.0000000000
10366  0.000  0.000  0.000 0.0000000000
10367  0.000  0.000  0.000 0.0000000000
10368  0.000  0.000  0.000 0.0000000000
10369  0.000  0.000  0.000 0.0000000000
10377  0.000  0.000  0.000 0.0000000000
10386  0.000  0.000  0.000 0.0000000000
10396  0.000  0.000  0.000 0.0000000000
10397  0.000  0.000  0.000 0.0000000000
10404  0.000  0.000  0.000 0.0000000000
10412  0.000  0.000  0.000 0.0000000000
10875  0.000  0.000  0.000 0.0000000000
10878  0.000  0.000  0.000 0.0000000000
10879  0.000  0.000  0.000 0.0000000000
10880  0.000  0.000  0.000 0.0000000000
10882  0.000  0.000  0.000 0.0000000000
10883  0.000  0.000  0.000 0.0000000000
10884  0.000  0.000  0.000 0.0000000000
10885  0.000  0.000  0.000 0.0000000000
10886  0.000  0.000  0.000 0.0000000000
10887  0.000  0.000  0.000 0.0000000000
10888  0.000  0.000  0.000 0.0000000000
10889  0.000  0.000  0.000 0.0000000000
10890  0.000  0.000  0.000 0.0000000000
10891  0.000  0.000  0.000 0.0000000000
10892  0.000  0.000  0.000 0.0000000000
10893  0.000  0.000  0.000 0.0000000000
10894  0.000  0.000  0.000 0.0000000000
10895  0.000  0.000  0.000 0.0000000000
10896  0.000  0.000  0.000 0.0000000000
10897  0.000  0.000  0.000 0.0000000000
10898  0.000  0.000  0.000 0.0000000000
10899  0.000  0.000  0.000 0.0000000000
10900  0.000  0.000  0.000 0.0000000000
10901  0.000  0.000  0.000 0.0000000000
10902  0.000  0.000  0.000 0.0000000000
10903  0.000  0.000  0.000 0.0000000000
10904  0.000  0.000  0.000 0.0000000000
10905  0.000  0.000  0.000 0.0000000000
10906  0.000  0.000  0.000 0.0000000000
10911  0.000  0.000  0.000 0.0000000000
10912  0.000  0.000  0.000 0.0000000000
10917  0.000  0.000  0.000 0.0000000000
10922  0.000  0.000  0.000 0.0000000000
10923  0.000  0.000  0.000 0.0000000000
10924  0.000  0.000  0.000 0.0000000000
10925  0.000  0.000  0.000 0.0000000000
10926  0.000  0.000  0.000 0.0000000000
10927  0.000  0.000  0.000 0.0000000000
10936  0.000  0.000  0.000 0.0000000000
10952  0.000  0.000  0.000 0.0000000000
10965  0.000  0.000  0.000 0.0000000000
11405  0.000  0.000  0.000 0.0000000000
11416  0.000  0.000  0.000 0.0000000000
11428  0.000  0.000  0.000 0.0000000000
11440  0.000  0.000  0.000 0.0000000000
11452  0.000  0.000  0.000 0.0000000000
11464  0.000  0.000  0.000 0.0000000000
11465  0.000  0.000  0.000 0.0000000000
11466  0.000  0.000  0.000 0.0000000000
11467  0.000  0.000  0.000 0.0000000000
11468  0.000  0.000  0.000 0.0000000000
11469  0.000  0.000  0.000 0.0000000000
11470  0.000  0.000  0.000 0.0000000000
11480  0.000  0.000  0.000 0.0000000000
11481  0.000  0.000  0.000 0.0000000000
11482  0.000  0.000  0.000 0.0000000000
11483  0.000  0.000  0.000 0.0000000000
11484  0.000  0.000  0.000 0.0000000000
11485  0.000  0.000  0.000 0.0000000000
11486  0.000  0.000  0.000 0.0000000000
11493  0.000  0.000  0.000 0.0000000000
11494  0.000  0.000  0.000 0.0000000000
11495  0.000  0.000  0.000 0.0000000000
11496  0.000  0.000  0.000 0.0000000000
11497  0.000  0.000  0.000 0.0000000000
11498  0.000  0.000  0.000 0.0000000000
11499  0.000  0.000  0.000 0.0000000000
11500  0.000  0.000  0.000 0.0000000000
11501  0.000  0.000  0.000 0.0000000000
11502  0.000  0.000  0.000 0.0000000000
11503  0.000  0.000  0.000 0.0000000000
11504  0.000  0.000  0.000 0.0000000000
11505  0.000  0.000  0.000 0.0000000000
11506  0.000  0.000  0.000 0.0000000000
11507  0.000  0.000  0.000 0.0000000000
11519  0.000  0.000  0.000 0.0000000000
11520  0.000  0.000  0.000 0.0000000000
11529  0.000  0.000  0.000 0.0000000000
11530  0.000  0.000  0.000 0.0000000000
12046  0.000  0.000  0.000 0.0000000000
12047  0.000  0.000  0.000 0.0000000000
12048  0.000  0.000  0.000 0.0000000000
12060  0.000  0.000  0.000 0.0000000000
12061  0.000  0.000  0.000 0.0000000000
12062  0.000  0.000  0.000 0.0000000000
12063  0.000  0.000  0.000 0.0000000000
12064  0.000  0.000  0.000 0.0000000000
12065  0.000  0.000  0.000 0.0000000000
12066  0.000  0.000  0.000 0.0000000000
12067  0.000  0.000  0.000 0.0000000000
12081  0.000  0.000  0.000 0.0000000000
12082  0.000  0.000  0.000 0.0000000000
12083  0.000  0.000  0.000 0.0000000000
12084  0.000  0.000  0.000 0.0000000000
12085  0.000  0.000  0.000 0.0000000000
12086  0.000  0.000  0.000 0.0000000000
12087  0.000  0.000  0.000 0.0000000000
12096  0.000  0.000  0.000 0.0000000000
12097  0.000  0.000  0.000 0.0000000000
12098  0.000  0.000  0.000 0.0000000000
12099  0.000  0.000  0.000 0.0000000000
12100  0.000  0.000  0.000 0.0000000000
12105  0.000  0.000  0.000 0.0000000000
12106  0.000  0.000  0.000 0.0000000000
12107  0.000  0.000  0.000 0.0000000000
12108  0.000  0.000  0.000 0.0000000000
12109  0.000  0.000  0.000 0.0000000000
12110  0.000  0.000  0.000 0.0000000000
12111  0.000  0.000  0.000 0.0000000000
12112  0.000  0.000  0.000 0.0000000000
12113  0.000  0.000  0.000 0.0000000000
12114  0.000  0.000  0.000 0.0000000000
12115  0.000  0.000  0.000 0.0000000000
12116  0.000  0.000  0.000 0.0000000000
12117  0.000  0.000  0.000 0.0000000000
12118  0.000  0.000  0.000 0.0000000000
12119  0.000  0.000  0.000 0.0000000000
12120  0.000  0.000  0.000 0.0000000000
12121  0.000  0.000  0.000 0.0000000000
12130  0.000  0.000  0.000 0.0000000000
12131  0.000  0.000  0.000 0.0000000000
12140  0.000  0.000  0.000 0.0000000000
12141  0.000  0.000  0.000 0.0000000000
12148  0.000  0.000  0.000 0.0000000000
12149  0.000  0.000  0.000 0.0000000000
12667  0.000  0.000  0.000 0.0000000000
12668  0.000  0.000  0.000 0.0000000000
12669  0.000  0.000  0.000 0.0000000000
12670  0.000  0.000  0.000 0.0000000000
12681  0.000  0.000  0.000 0.0000000000
12682  0.000  0.000  0.000 0.0000000000
12683  0.000  0.000  0.000 0.0000000000
12684  0.000  0.000  0.000 0.0000000000
12685  0.000  0.000  0.000 0.0000000000
12686  0.000  0.000  0.000 0.0000000000
12698  0.000  0.000  0.000 0.0000000000
12699  0.000  0.000  0.000 0.0000000000
12700  0.000  0.000  0.000 0.0000000000
12701  0.000  0.000  0.000 0.0000000000
12702  0.000  0.000  0.000 0.0000000000
12703  0.000  0.000  0.000 0.0000000000
12704  0.000  0.000  0.000 0.0000000000
12711  0.000  0.000  0.000 0.0000000000
12712  0.000  0.000  0.000 0.0000000000
12713  0.000  0.000  0.000 0.0000000000
12714  0.000  0.000  0.000 0.0000000000
12715  0.000  0.000  0.000 0.0000000000
12716  0.000  0.000  0.000 0.0000000000
12722  0.000  0.000  0.000 0.0000000000
12726  0.000  0.000  0.000 0.0000000000
12727  0.000  0.000  0.000 0.0000000000
12731  0.000  0.000  0.000 0.0000000000
12732  0.000  0.000  0.000 0.0000000000
12733  0.000  0.000  0.000 0.0000000000
12739  0.000  0.000  0.000 0.0000000000
12740  0.000  0.000  0.000 0.0000000000
12745  0.000  0.000  0.000 0.0000000000
12746  0.000  0.000  0.000 0.0000000000
12747  0.000  0.000  0.000 0.0000000000
12748  0.000  0.000  0.000 0.0000000000
12749  0.000  0.000  0.000 0.0000000000
12750  0.000  0.000  0.000 0.0000000000
12756  0.000  0.000  0.000 0.0000000000
12757  0.000  0.000  0.000 0.0000000000
12767  0.000  0.000  0.000 0.0000000000
12773  0.000  0.000  0.000 0.0000000000
12774  0.000  0.000  0.000 0.0000000000
13282  0.000  0.000  0.000 0.0000000000
13283  0.000  0.000  0.000 0.0000000000
13290  0.000  0.000  0.000 0.0000000000
13291  0.000  0.000  0.000 0.0000000000
13292  0.000  0.000  0.000 0.0000000000
13293  0.000  0.000  0.000 0.0000000000
13294  0.000  0.000  0.000 0.0000000000
13311  0.000  0.000  0.000 0.0000000000
13312  0.000  0.000  0.000 0.0000000000
13313  0.000  0.000  0.000 0.0000000000
13332  0.000  0.000  0.000 0.0000000000
13333  0.000  0.000  0.000 0.0000000000
13334  0.000  0.000  0.000 0.0000000000
13335  0.000  0.000  0.000 0.0000000000
13336  0.000  0.000  0.000 0.0000000000
13347  0.000  0.000  0.000 0.0000000000
13348  0.000  0.000  0.000 0.0000000000
13356  0.000  0.000  0.000 0.0000000000
13357  0.000  0.000  0.000 0.0000000000
13358  0.000  0.000  0.000 0.0000000000
13366  0.000  0.000  0.000 0.0000000000
13367  0.000  0.000  0.000 0.0000000000
13376  0.000  0.000  0.000 0.0000000000
13377  0.000  0.000  0.000 0.0000000000
13383  0.000  0.000  0.000 0.0000000000
13384  0.000  0.000  0.000 0.0000000000
13389  0.000  0.000  0.000 0.0000000000
13390  0.000  0.000  0.000 0.0000000000
13394  0.000  0.000  0.000 0.0000000000
13395  0.000  0.000  0.000 0.0000000000
13396  0.000  0.000  0.000 0.0000000000
13397  0.000  0.000  0.000 0.0000000000
13398  0.000  0.000  0.000 0.0000000000
13406  0.000  0.000  0.000 0.0000000000
13415  0.000  0.000  0.000 0.0000000000
13877  0.000  0.000  0.000 0.0000000000
13878  0.000  0.000  0.000 0.0000000000
13879  0.000  0.000  0.000 0.0000000000
13880  0.000  0.000  0.000 0.0000000000
13881  0.000  0.000  0.000 0.0000000000
13888  0.000  0.000  0.000 0.0000000000
13889  0.000  0.000  0.000 0.0000000000
13890  0.000  0.000  0.000 0.0000000000
13891  0.000  0.000  0.000 0.0000000000
13892  0.000  0.000  0.000 0.0000000000
13910  0.000  0.000  0.000 0.0000000000
13911  0.000  0.000  0.000 0.0000000000
13912  0.000  0.000  0.000 0.0000000000
13913  0.000  0.000  0.000 0.0000000000
13914  0.000  0.000  0.000 0.0000000000
13926  0.000  0.000  0.000 0.0000000000
13927  0.000  0.000  0.000 0.0000000000
13934  0.000  0.000  0.000 0.0000000000
13935  0.000  0.000  0.000 0.0000000000
13942  0.000  0.000  0.000 0.0000000000
13953  0.000  0.000  0.000 0.0000000000
13954  0.000  0.000  0.000 0.0000000000
13965  0.000  0.000  0.000 0.0000000000
13966  0.000  0.000  0.000 0.0000000000
13976  0.000  0.000  0.000 0.0000000000
13977  0.000  0.000  0.000 0.0000000000
13986  0.000  0.000  0.000 0.0000000000
13987  0.000  0.000  0.000 0.0000000000
13988  0.000  0.000  0.000 0.0000000000
13991  0.000  0.000  0.000 0.0000000000
13992  0.000  0.000  0.000 0.0000000000
13993  0.000  0.000  0.000 0.0000000000
13994  0.000  0.000  0.000 0.0000000000
13995  0.000  0.000  0.000 0.0000000000
14001  0.000  0.000  0.000 0.0000000000
14002  0.000  0.000  0.000 0.0000000000
14010  0.000  0.000  0.000 0.0000000000
14435  0.000  0.000  0.000 0.0000000000
14436  0.000  0.000  0.000 0.0000000000
14437  0.000  0.000  0.000 0.0000000000
14439  0.000  0.000  0.000 0.0000000000
14440  0.000  0.000  0.000 0.0000000000
14441  0.000  0.000  0.000 0.0000000000
14442  0.000  0.000  0.000 0.0000000000
14443  0.000  0.000  0.000 0.0000000000
14444  0.000  0.000  0.000 0.0000000000
14458  0.000  0.000  0.000 0.0000000000
14459  0.000  0.000  0.000 0.0000000000
14460  0.000  0.000  0.000 0.0000000000
14461  0.000  0.000  0.000 0.0000000000
14480  0.000  0.000  0.000 0.0000000000
14481  0.000  0.000  0.000 0.0000000000
14482  0.000  0.000  0.000 0.0000000000
14491  0.000  0.000  0.000 0.0000000000
14492  0.000  0.000  0.000 0.0000000000
14493  0.000  0.000  0.000 0.0000000000
14505  0.000  0.000  0.000 0.0000000000
14506  0.000  0.000  0.000 0.0000000000
14520  0.000  0.000  0.000 0.0000000000
14521  0.000  0.000  0.000 0.0000000000
14535  0.000  0.000  0.000 0.0000000000
14536  0.000  0.000  0.000 0.0000000000
14552  0.000  0.000  0.000 0.0000000000
14553  0.000  0.000  0.000 0.0000000000
14554  0.000  0.000  0.000 0.0000000000
14555  0.000  0.000  0.000 0.0000000000
14569  0.000  0.000  0.000 0.0000000000
14570  0.000  0.000  0.000 0.0000000000
14571  0.000  0.000  0.000 0.0000000000
14572  0.000  0.000  0.000 0.0000000000
14580  0.000  0.000  0.000 0.0000000000
14581  0.000  0.000  0.000 0.0000000000
14582  0.000  0.000  0.000 0.0000000000
14583  0.000  0.000  0.000 0.0000000000
14584  0.000  0.000  0.000 0.0000000000
14585  0.000  0.000  0.000 0.0000000000
14587  0.000  0.000  0.000 0.0000000000
14588  0.000  0.000  0.000 0.0000000000
15028  0.000  0.000  0.000 0.0000000000
15029  0.000  0.000  0.000 0.0000000000
15030  0.000  0.000  0.000 0.0000000000
15031  0.000  0.000  0.000 0.0000000000
15032  0.000  0.000  0.000 0.0000000000
15033  0.000  0.000  0.000 0.0000000000
15038  0.000  0.000  0.000 0.0000000000
15039  0.000  0.000  0.000 0.0000000000
15040  0.000  0.000  0.000 0.0000000000
15041  0.000  0.000  0.000 0.0000000000
15056  0.000  0.000  0.000 0.0000000000
15057  0.000  0.000  0.000 0.0000000000
15072  0.000  0.000  0.000 0.0000000000
15073  0.000  0.000  0.000 0.0000000000
15074  0.000  0.000  0.000 0.0000000000
15088  0.000  0.000  0.000 0.0000000000
15089  0.000  0.000  0.000 0.0000000000
15090  0.000  0.000  0.000 0.0000000000
15102  0.000  0.000  0.000 0.0000000000
15103  0.000  0.000  0.000 0.0000000000
15104  0.000  0.000  0.000 0.0000000000
15117  0.000  0.000  0.000 0.0000000000
15118  0.000  0.000  0.000 0.0000000000
15119  0.000  0.000  0.000 0.0000000000
15136  0.000  0.000  0.000 0.0000000000
15137  0.000  0.000  0.000 0.0000000000
15138  0.000  0.000  0.000 0.0000000000
15139  0.000  0.000  0.000 0.0000000000
15157  0.000  0.000  0.000 0.0000000000
15158  0.000  0.000  0.000 0.0000000000
15159  0.000  0.000  0.000 0.0000000000
15172  0.000  0.000  0.000 0.0000000000
15173  0.000  0.000  0.000 0.0000000000
15177  0.000  0.000  0.000 0.0000000000
15180  0.000  0.000  0.000 0.0000000000
15184  0.000  0.000  0.000 0.0000000000
15185  0.000  0.000  0.000 0.0000000000
15199  0.000  0.000  0.000 0.0000000000
15200  0.000  0.000  0.000 0.0000000000
15630  0.000  0.000  0.000 0.0000000000
15631  0.000  0.000  0.000 0.0000000000
15632  0.000  0.000  0.000 0.0000000000
15633  0.000  0.000  0.000 0.0000000000
15641  0.000  0.000  0.000 0.0000000000
15642  0.000  0.000  0.000 0.0000000000
15643  0.000  0.000  0.000 0.0000000000
15644  0.000  0.000  0.000 0.0000000000
15645  0.000  0.000  0.000 0.0000000000
15646  0.000  0.000  0.000 0.0000000000
15656  0.000  0.000  0.000 0.0000000000
15657  0.000  0.000  0.000 0.0000000000
15658  0.000  0.000  0.000 0.0000000000
15659  0.000  0.000  0.000 0.0000000000
15670  0.000  0.000  0.000 0.0000000000
15679  0.000  0.000  0.000 0.0000000000
15680  0.000  0.000  0.000 0.0000000000
15687  0.000  0.000  0.000 0.0000000000
15688  0.000  0.000  0.000 0.0000000000
15694  0.000  0.000  0.000 0.0000000000
15695  0.000  0.000  0.000 0.0000000000
15708  0.000  0.000  0.000 0.0000000000
15709  0.000  0.000  0.000 0.0000000000
15727  0.000  0.000  0.000 0.0000000000
15728  0.000  0.000  0.000 0.0000000000
15750  0.000  0.000  0.000 0.0000000000
15765  0.000  0.000  0.000 0.0000000000
15776  0.000  0.000  0.000 0.0000000000
15787  0.000  0.000  0.000 0.0000000000
15795  0.000  0.000  0.000 0.0000000000
15796  0.000  0.000  0.000 0.0000000000
15805  0.000  0.000  0.000 0.0000000000
16205  0.000  0.000  0.000 0.0000000000
16206  0.000  0.000  0.000 0.0000000000
16207  0.000  0.000  0.000 0.0000000000
16212  0.000  0.000  0.000 0.0000000000
16213  0.000  0.000  0.000 0.0000000000
16214  0.000  0.000  0.000 0.0000000000
16215  0.000  0.000  0.000 0.0000000000
16226  0.000  0.000  0.000 0.0000000000
16227  0.000  0.000  0.000 0.0000000000
16228  0.000  0.000  0.000 0.0000000000
16229  0.000  0.000  0.000 0.0000000000
16239  0.000  0.000  0.000 0.0000000000
16240  0.000  0.000  0.000 0.0000000000
16251  0.000  0.000  0.000 0.0000000000
16259  0.000  0.000  0.000 0.0000000000
16267  0.000  0.000  0.000 0.0000000000
16281  0.000  0.000  0.000 0.0000000000
16282  0.000  0.000  0.000 0.0000000000
16310  0.000  0.000  0.000 0.0000000000
16327  0.000  0.000  0.000 0.0000000000
16335  0.000  0.000  0.000 0.0000000000
16341  0.000  0.000  0.000 0.0000000000
16345  0.000  0.000  0.000 0.0000000000
16346  0.000  0.000  0.000 0.0000000000
16349  0.000  0.000  0.000 0.0000000000
16350  0.000  0.000  0.000 0.0000000000
16360  0.000  0.000  0.000 0.0000000000
16753  0.000  0.000  0.000 0.0000000000
16754  0.000  0.000  0.000 0.0000000000
16755  0.000  0.000  0.000 0.0000000000
16756  0.000  0.000  0.000 0.0000000000
16759  0.000  0.000  0.000 0.0000000000
16760  0.000  0.000  0.000 0.0000000000
16761  0.000  0.000  0.000 0.0000000000
16762  0.000  0.000  0.000 0.0000000000
16763  0.000  0.000  0.000 0.0000000000
16767  0.000  0.000  0.000 0.0000000000
16768  0.000  0.000  0.000 0.0000000000
16769  0.000  0.000  0.000 0.0000000000
16770  0.000  0.000  0.000 0.0000000000
16771  0.000  0.000  0.000 0.0000000000
16776  0.000  0.000  0.000 0.0000000000
16777  0.000  0.000  0.000 0.0000000000
16778  0.000  0.000  0.000 0.0000000000
16789  0.000  0.000  0.000 0.0000000000
16790  0.000  0.000  0.000 0.0000000000
16791  0.000  0.000  0.000 0.0000000000
16808  0.000  0.000  0.000 0.0000000000
16809  0.000  0.000  0.000 0.0000000000
16810  0.000  0.000  0.000 0.0000000000
16811  0.000  0.000  0.000 0.0000000000
16838  0.000  0.000  0.000 0.0000000000
16839  0.000  0.000  0.000 0.0000000000
16840  0.000  0.000  0.000 0.0000000000
16860  0.000  0.000  0.000 0.0000000000
16861  0.000  0.000  0.000 0.0000000000
16862  0.000  0.000  0.000 0.0000000000
16877  0.000  0.000  0.000 0.0000000000
16878  0.000  0.000  0.000 0.0000000000
16879  0.000  0.000  0.000 0.0000000000
16889  0.000  0.000  0.000 0.0000000000
16890  0.000  0.000  0.000 0.0000000000
16891  0.000  0.000  0.000 0.0000000000
16898  0.000  0.000  0.000 0.0000000000
16901  0.000  0.000  0.000 0.0000000000
16902  0.000  0.000  0.000 0.0000000000
16905  0.000  0.000  0.000 0.0000000000
16919  0.000  0.000  0.000 0.0000000000
17356  0.000  0.000  0.000 0.0000000000
17357  0.000  0.000  0.000 0.0000000000
17358  0.000  0.000  0.000 0.0000000000
17359  0.000  0.000  0.000 0.0000000000
17368  0.000  0.000  0.000 0.0000000000
17369  0.000  0.000  0.000 0.0000000000
17370  0.000  0.000  0.000 0.0000000000
17371  0.000  0.000  0.000 0.0000000000
17383  0.000  0.000  0.000 0.0000000000
17384  0.000  0.000  0.000 0.0000000000
17385  0.000  0.000  0.000 0.0000000000
17386  0.000  0.000  0.000 0.0000000000
17387  0.000  0.000  0.000 0.0000000000
17401  0.000  0.000  0.000 0.0000000000
17402  0.000  0.000  0.000 0.0000000000
17403  0.000  0.000  0.000 0.0000000000
17404  0.000  0.000  0.000 0.0000000000
17405  0.000  0.000  0.000 0.0000000000
17406  0.000  0.000  0.000 0.0000000000
17429  0.000  0.000  0.000 0.0000000000
17430  0.000  0.000  0.000 0.0000000000
17431  0.000  0.000  0.000 0.0000000000
17432  0.000  0.000  0.000 0.0000000000
17433  0.000  0.000  0.000 0.0000000000
17434  0.000  0.000  0.000 0.0000000000
17451  0.000  0.000  0.000 0.0000000000
17452  0.000  0.000  0.000 0.0000000000
17453  0.000  0.000  0.000 0.0000000000
17454  0.000  0.000  0.000 0.0000000000
17455  0.000  0.000  0.000 0.0000000000
17456  0.000  0.000  0.000 0.0000000000
17467  0.000  0.000  0.000 0.0000000000
17468  0.000  0.000  0.000 0.0000000000
17469  0.000  0.000  0.000 0.0000000000
17470  0.000  0.000  0.000 0.0000000000
17471  0.000  0.000  0.000 0.0000000000
17481  0.000  0.000  0.000 0.0000000000
17482  0.000  0.000  0.000 0.0000000000
17483  0.000  0.000  0.000 0.0000000000
17484  0.000  0.000  0.000 0.0000000000
17485  0.000  0.000  0.000 0.0000000000
17486  0.000  0.000  0.000 0.0000000000
17493  0.000  0.000  0.000 0.0000000000
17494  0.000  0.000  0.000 0.0000000000
17495  0.000  0.000  0.000 0.0000000000
17496  0.000  0.000  0.000 0.0000000000
17497  0.000  0.000  0.000 0.0000000000
17502  0.000  0.000  0.000 0.0000000000
17503  0.000  0.000  0.000 0.0000000000
17507  0.000  0.000  0.000 0.0000000000
17521  0.000  0.000  0.000 0.0000000000
17529  0.000  0.000  0.000 0.0000000000
18077  0.000  0.000  0.000 0.0000000000
18078  0.000  0.000  0.000 0.0000000000
18079  0.000  0.000  0.000 0.0000000000
18090  0.000  0.000  0.000 0.0000000000
18091  0.000  0.000  0.000 0.0000000000
18092  0.000  0.000  0.000 0.0000000000
18103  0.000  0.000  0.000 0.0000000000
18104  0.000  0.000  0.000 0.0000000000
18105  0.000  0.000  0.000 0.0000000000
18106  0.000  0.000  0.000 0.0000000000
18107  0.000  0.000  0.000 0.0000000000
18118  0.000  0.000  0.000 0.0000000000
18119  0.000  0.000  0.000 0.0000000000
18120  0.000  0.000  0.000 0.0000000000
18121  0.000  0.000  0.000 0.0000000000
18122  0.000  0.000  0.000 0.0000000000
18123  0.000  0.000  0.000 0.0000000000
18124  0.000  0.000  0.000 0.0000000000
18128  0.000  0.000  0.000 0.0000000000
18129  0.000  0.000  0.000 0.0000000000
18130  0.000  0.000  0.000 0.0000000000
18131  0.000  0.000  0.000 0.0000000000
18132  0.000  0.000  0.000 0.0000000000
18133  0.000  0.000  0.000 0.0000000000
18137  0.000  0.000  0.000 0.0000000000
18138  0.000  0.000  0.000 0.0000000000
18139  0.000  0.000  0.000 0.0000000000
18140  0.000  0.000  0.000 0.0000000000
18154  0.000  0.000  0.000 0.0000000000
18155  0.000  0.000  0.000 0.0000000000
18164  0.000  0.000  0.000 0.0000000000
18706  0.000  0.000  0.000 0.0000000000
18713  0.000  0.000  0.000 0.0000000000
18714  0.000  0.000  0.000 0.0000000000
18715  0.000  0.000  0.000 0.0000000000
18717  0.000  0.000  0.000 0.0000000000
18718  0.000  0.000  0.000 0.0000000000
18719  0.000  0.000  0.000 0.0000000000
18720  0.000  0.000  0.000 0.0000000000
18734  0.000  0.000  0.000 0.0000000000
18735  0.000  0.000  0.000 0.0000000000
18736  0.000  0.000  0.000 0.0000000000
18737  0.000  0.000  0.000 0.0000000000
18746  0.000  0.000  0.000 0.0000000000
18747  0.000  0.000  0.000 0.0000000000
19273  0.000  0.000  0.000 0.0000000000
19274  0.000  0.000  0.000 0.0000000000
19279  0.000  0.000  0.000 0.0000000000
19280  0.000  0.000  0.000 0.0000000000
19292  0.000  0.000  0.000 0.0000000000
19293  0.000  0.000  0.000 0.0000000000
19294  0.000  0.000  0.000 0.0000000000
19304  0.000  0.000  0.000 0.0000000000
19305  0.000  0.000  0.000 0.0000000000
19306  0.000  0.000  0.000 0.0000000000
19782  0.000  0.000  0.000 0.0000000000
19791  0.000  0.000  0.000 0.0000000000
19801  0.000  0.000  0.000 0.0000000000
19802  0.000  0.000  0.000 0.0000000000
19809  0.000  0.000  0.000 0.0000000000
19810  0.000  0.000  0.000 0.0000000000
19817  0.000  0.000  0.000 0.0000000000
19818  0.000  0.000  0.000 0.0000000000
19819  0.000  0.000  0.000 0.0000000000
19832  0.000  0.000  0.000 0.0000000000
19833  0.000  0.000  0.000 0.0000000000
19834  0.000  0.000  0.000 0.0000000000
19844  0.000  0.000  0.000 0.0000000000
20299  0.000  0.000  0.000 0.0000000000
20311  0.000  0.000  0.000 0.0000000000
20312  0.000  0.000  0.000 0.0000000000
20313  0.000  0.000  0.000 0.0000000000
20314  0.000  0.000  0.000 0.0000000000
20322  0.000  0.000  0.000 0.0000000000
20323  0.000  0.000  0.000 0.0000000000
20324  0.000  0.000  0.000 0.0000000000
20332  0.000  0.000  0.000 0.0000000000
20333  0.000  0.000  0.000 0.0000000000
20334  0.000  0.000  0.000 0.0000000000
20344  0.000  0.000  0.000 0.0000000000
20345  0.000  0.000  0.000 0.0000000000
20346  0.000  0.000  0.000 0.0000000000
20350  0.000  0.000  0.000 0.0000000000
20351  0.000  0.000  0.000 0.0000000000
20352  0.000  0.000  0.000 0.0000000000
20353  0.000  0.000  0.000 0.0000000000
20363  0.000  0.000  0.000 0.0000000000
20364  0.000  0.000  0.000 0.0000000000
20365  0.000  0.000  0.000 0.0000000000
20375  0.000  0.000  0.000 0.0000000000
20828  0.000  0.000  0.000 0.0000000000
20847  0.000  0.000  0.000 0.0000000000
20848  0.000  0.000  0.000 0.0000000000
20849  0.000  0.000  0.000 0.0000000000
20862  0.000  0.000  0.000 0.0000000000
20863  0.000  0.000  0.000 0.0000000000
20864  0.000  0.000  0.000 0.0000000000
20875  0.000  0.000  0.000 0.0000000000
20876  0.000  0.000  0.000 0.0000000000
20877  0.000  0.000  0.000 0.0000000000
20887  0.000  0.000  0.000 0.0000000000
20888  0.000  0.000  0.000 0.0000000000
20889  0.000  0.000  0.000 0.0000000000
20900  0.000  0.000  0.000 0.0000000000
20901  0.000  0.000  0.000 0.0000000000
20902  0.000  0.000  0.000 0.0000000000
20909  0.000  0.000  0.000 0.0000000000
20910  0.000  0.000  0.000 0.0000000000
20911  0.000  0.000  0.000 0.0000000000
20912  0.000  0.000  0.000 0.0000000000
20920  0.000  0.000  0.000 0.0000000000
20921  0.000  0.000  0.000 0.0000000000
20933  0.000  0.000  0.000 0.0000000000
21365  0.000  0.000  0.000 0.0000000000
21366  0.000  0.000  0.000 0.0000000000
21382  0.000  0.000  0.000 0.0000000000
21383  0.000  0.000  0.000 0.0000000000
21401  0.000  0.000  0.000 0.0000000000
21417  0.000  0.000  0.000 0.0000000000
21418  0.000  0.000  0.000 0.0000000000
21428  0.000  0.000  0.000 0.0000000000
21429  0.000  0.000  0.000 0.0000000000
21439  0.000  0.000  0.000 0.0000000000
21440  0.000  0.000  0.000 0.0000000000
21449  0.000  0.000  0.000 0.0000000000
21450  0.000  0.000  0.000 0.0000000000
21455  0.000  0.000  0.000 0.0000000000
21466  0.000  0.000  0.000 0.0000000000
21930  0.000  0.000  0.000 0.0000000000
21931  0.000  0.000  0.000 0.0000000000
21947  0.000  0.000  0.000 0.0000000000
21948  0.000  0.000  0.000 0.0000000000
21959  0.000  0.000  0.000 0.0000000000
21967  0.000  0.000  0.000 0.0000000000
21976  0.000  0.000  0.000 0.0000000000
21979  0.000  0.000  0.000 0.0000000000
22450  0.000  0.000  0.000 0.0000000000
22465  0.000  0.000  0.000 0.0000000000
22472  0.000  0.000  0.000 0.0000000000
22481  0.000  0.000  0.000 0.0000000000
22972  0.000  0.000  0.000 0.0000000000
22981  0.000  0.000  0.000 0.0000000000
23494  0.000  0.000  0.000 0.0000000000
