#!ascii label  , from subject colin27 vox2ras=TkReg coords=white
105
33197  0.000  0.000  0.000 0.0000000000
33198  0.000  0.000  0.000 0.0000000000
33201  0.000  0.000  0.000 0.0000000000
33621  0.000  0.000  0.000 0.0000000000
33622  0.000  0.000  0.000 0.0000000000
33626  0.000  0.000  0.000 0.0000000000
33627  0.000  0.000  0.000 0.0000000000
33628  0.000  0.000  0.000 0.0000000000
33632  0.000  0.000  0.000 0.0000000000
33633  0.000  0.000  0.000 0.0000000000
33637  0.000  0.000  0.000 0.0000000000
33983  0.000  0.000  0.000 0.0000000000
33987  0.000  0.000  0.000 0.0000000000
33988  0.000  0.000  0.000 0.0000000000
33991  0.000  0.000  0.000 0.0000000000
33992  0.000  0.000  0.000 0.0000000000
33995  0.000  0.000  0.000 0.0000000000
33996  0.000  0.000  0.000 0.0000000000
33997  0.000  0.000  0.000 0.0000000000
34000  0.000  0.000  0.000 0.0000000000
34001  0.000  0.000  0.000 0.0000000000
34312  0.000  0.000  0.000 0.0000000000
34313  0.000  0.000  0.000 0.0000000000
34317  0.000  0.000  0.000 0.0000000000
34318  0.000  0.000  0.000 0.0000000000
34321  0.000  0.000  0.000 0.0000000000
34322  0.000  0.000  0.000 0.0000000000
34325  0.000  0.000  0.000 0.0000000000
34326  0.000  0.000  0.000 0.0000000000
34330  0.000  0.000  0.000 0.0000000000
34331  0.000  0.000  0.000 0.0000000000
34334  0.000  0.000  0.000 0.0000000000
34612  0.000  0.000  0.000 0.0000000000
34613  0.000  0.000  0.000 0.0000000000
34617  0.000  0.000  0.000 0.0000000000
34618  0.000  0.000  0.000 0.0000000000
34619  0.000  0.000  0.000 0.0000000000
34622  0.000  0.000  0.000 0.0000000000
34623  0.000  0.000  0.000 0.0000000000
34626  0.000  0.000  0.000 0.0000000000
34627  0.000  0.000  0.000 0.0000000000
34631  0.000  0.000  0.000 0.0000000000
34632  0.000  0.000  0.000 0.0000000000
34633  0.000  0.000  0.000 0.0000000000
34636  0.000  0.000  0.000 0.0000000000
34637  0.000  0.000  0.000 0.0000000000
34645  0.000  0.000  0.000 0.0000000000
34646  0.000  0.000  0.000 0.0000000000
34657  0.000  0.000  0.000 0.0000000000
34888  0.000  0.000  0.000 0.0000000000
34893  0.000  0.000  0.000 0.0000000000
34894  0.000  0.000  0.000 0.0000000000
34897  0.000  0.000  0.000 0.0000000000
34898  0.000  0.000  0.000 0.0000000000
34901  0.000  0.000  0.000 0.0000000000
34902  0.000  0.000  0.000 0.0000000000
34905  0.000  0.000  0.000 0.0000000000
34906  0.000  0.000  0.000 0.0000000000
34910  0.000  0.000  0.000 0.0000000000
34911  0.000  0.000  0.000 0.0000000000
34912  0.000  0.000  0.000 0.0000000000
34918  0.000  0.000  0.000 0.0000000000
34919  0.000  0.000  0.000 0.0000000000
35166  0.000  0.000  0.000 0.0000000000
35169  0.000  0.000  0.000 0.0000000000
35170  0.000  0.000  0.000 0.0000000000
35173  0.000  0.000  0.000 0.0000000000
35174  0.000  0.000  0.000 0.0000000000
35175  0.000  0.000  0.000 0.0000000000
35178  0.000  0.000  0.000 0.0000000000
35179  0.000  0.000  0.000 0.0000000000
35182  0.000  0.000  0.000 0.0000000000
35183  0.000  0.000  0.000 0.0000000000
35188  0.000  0.000  0.000 0.0000000000
35189  0.000  0.000  0.000 0.0000000000
35197  0.000  0.000  0.000 0.0000000000
35427  0.000  0.000  0.000 0.0000000000
35432  0.000  0.000  0.000 0.0000000000
35435  0.000  0.000  0.000 0.0000000000
35436  0.000  0.000  0.000 0.0000000000
35439  0.000  0.000  0.000 0.0000000000
35440  0.000  0.000  0.000 0.0000000000
35443  0.000  0.000  0.000 0.0000000000
35444  0.000  0.000  0.000 0.0000000000
35445  0.000  0.000  0.000 0.0000000000
35448  0.000  0.000  0.000 0.0000000000
35449  0.000  0.000  0.000 0.0000000000
35450  0.000  0.000  0.000 0.0000000000
35454  0.000  0.000  0.000 0.0000000000
35455  0.000  0.000  0.000 0.0000000000
35683  0.000  0.000  0.000 0.0000000000
35687  0.000  0.000  0.000 0.0000000000
35691  0.000  0.000  0.000 0.0000000000
35692  0.000  0.000  0.000 0.0000000000
35695  0.000  0.000  0.000 0.0000000000
35696  0.000  0.000  0.000 0.0000000000
35699  0.000  0.000  0.000 0.0000000000
35700  0.000  0.000  0.000 0.0000000000
35701  0.000  0.000  0.000 0.0000000000
35932  0.000  0.000  0.000 0.0000000000
35935  0.000  0.000  0.000 0.0000000000
35936  0.000  0.000  0.000 0.0000000000
35939  0.000  0.000  0.000 0.0000000000
35945  0.000  0.000  0.000 0.0000000000
36186  0.000  0.000  0.000 0.0000000000
