#!ascii label  , from subject colin27 vox2ras=TkReg coords=white
246
16299  0.000  0.000  0.000 0.0000000000
16300  0.000  0.000  0.000 0.0000000000
16317  0.000  0.000  0.000 0.0000000000
16825  0.000  0.000  0.000 0.0000000000
16826  0.000  0.000  0.000 0.0000000000
16848  0.000  0.000  0.000 0.0000000000
16849  0.000  0.000  0.000 0.0000000000
16850  0.000  0.000  0.000 0.0000000000
16869  0.000  0.000  0.000 0.0000000000
17417  0.000  0.000  0.000 0.0000000000
17418  0.000  0.000  0.000 0.0000000000
17443  0.000  0.000  0.000 0.0000000000
17444  0.000  0.000  0.000 0.0000000000
17445  0.000  0.000  0.000 0.0000000000
17446  0.000  0.000  0.000 0.0000000000
17458  0.000  0.000  0.000 0.0000000000
17459  0.000  0.000  0.000 0.0000000000
17460  0.000  0.000  0.000 0.0000000000
17475  0.000  0.000  0.000 0.0000000000
17476  0.000  0.000  0.000 0.0000000000
18048  0.000  0.000  0.000 0.0000000000
18049  0.000  0.000  0.000 0.0000000000
18050  0.000  0.000  0.000 0.0000000000
18066  0.000  0.000  0.000 0.0000000000
18067  0.000  0.000  0.000 0.0000000000
18068  0.000  0.000  0.000 0.0000000000
18069  0.000  0.000  0.000 0.0000000000
18070  0.000  0.000  0.000 0.0000000000
18082  0.000  0.000  0.000 0.0000000000
18083  0.000  0.000  0.000 0.0000000000
18084  0.000  0.000  0.000 0.0000000000
18085  0.000  0.000  0.000 0.0000000000
18096  0.000  0.000  0.000 0.0000000000
18097  0.000  0.000  0.000 0.0000000000
18098  0.000  0.000  0.000 0.0000000000
18099  0.000  0.000  0.000 0.0000000000
18111  0.000  0.000  0.000 0.0000000000
18112  0.000  0.000  0.000 0.0000000000
18113  0.000  0.000  0.000 0.0000000000
18670  0.000  0.000  0.000 0.0000000000
18671  0.000  0.000  0.000 0.0000000000
18672  0.000  0.000  0.000 0.0000000000
18673  0.000  0.000  0.000 0.0000000000
18679  0.000  0.000  0.000 0.0000000000
18680  0.000  0.000  0.000 0.0000000000
18681  0.000  0.000  0.000 0.0000000000
18682  0.000  0.000  0.000 0.0000000000
18688  0.000  0.000  0.000 0.0000000000
18689  0.000  0.000  0.000 0.0000000000
18690  0.000  0.000  0.000 0.0000000000
18697  0.000  0.000  0.000 0.0000000000
18698  0.000  0.000  0.000 0.0000000000
18699  0.000  0.000  0.000 0.0000000000
18700  0.000  0.000  0.000 0.0000000000
18708  0.000  0.000  0.000 0.0000000000
18709  0.000  0.000  0.000 0.0000000000
18710  0.000  0.000  0.000 0.0000000000
19229  0.000  0.000  0.000 0.0000000000
19230  0.000  0.000  0.000 0.0000000000
19231  0.000  0.000  0.000 0.0000000000
19238  0.000  0.000  0.000 0.0000000000
19239  0.000  0.000  0.000 0.0000000000
19240  0.000  0.000  0.000 0.0000000000
19241  0.000  0.000  0.000 0.0000000000
19242  0.000  0.000  0.000 0.0000000000
19248  0.000  0.000  0.000 0.0000000000
19249  0.000  0.000  0.000 0.0000000000
19250  0.000  0.000  0.000 0.0000000000
19257  0.000  0.000  0.000 0.0000000000
19258  0.000  0.000  0.000 0.0000000000
19259  0.000  0.000  0.000 0.0000000000
19260  0.000  0.000  0.000 0.0000000000
19266  0.000  0.000  0.000 0.0000000000
19267  0.000  0.000  0.000 0.0000000000
19268  0.000  0.000  0.000 0.0000000000
19269  0.000  0.000  0.000 0.0000000000
19767  0.000  0.000  0.000 0.0000000000
19768  0.000  0.000  0.000 0.0000000000
19769  0.000  0.000  0.000 0.0000000000
19776  0.000  0.000  0.000 0.0000000000
19777  0.000  0.000  0.000 0.0000000000
19778  0.000  0.000  0.000 0.0000000000
19785  0.000  0.000  0.000 0.0000000000
19786  0.000  0.000  0.000 0.0000000000
19787  0.000  0.000  0.000 0.0000000000
19793  0.000  0.000  0.000 0.0000000000
19794  0.000  0.000  0.000 0.0000000000
19795  0.000  0.000  0.000 0.0000000000
19796  0.000  0.000  0.000 0.0000000000
19797  0.000  0.000  0.000 0.0000000000
19803  0.000  0.000  0.000 0.0000000000
19804  0.000  0.000  0.000 0.0000000000
20295  0.000  0.000  0.000 0.0000000000
20303  0.000  0.000  0.000 0.0000000000
20304  0.000  0.000  0.000 0.0000000000
20305  0.000  0.000  0.000 0.0000000000
20315  0.000  0.000  0.000 0.0000000000
20316  0.000  0.000  0.000 0.0000000000
20317  0.000  0.000  0.000 0.0000000000
20325  0.000  0.000  0.000 0.0000000000
20326  0.000  0.000  0.000 0.0000000000
20327  0.000  0.000  0.000 0.0000000000
20335  0.000  0.000  0.000 0.0000000000
20336  0.000  0.000  0.000 0.0000000000
20854  0.000  0.000  0.000 0.0000000000
20866  0.000  0.000  0.000 0.0000000000
20867  0.000  0.000  0.000 0.0000000000
20868  0.000  0.000  0.000 0.0000000000
20878  0.000  0.000  0.000 0.0000000000
20879  0.000  0.000  0.000 0.0000000000
20880  0.000  0.000  0.000 0.0000000000
20890  0.000  0.000  0.000 0.0000000000
20891  0.000  0.000  0.000 0.0000000000
20892  0.000  0.000  0.000 0.0000000000
20903  0.000  0.000  0.000 0.0000000000
21410  0.000  0.000  0.000 0.0000000000
21411  0.000  0.000  0.000 0.0000000000
21419  0.000  0.000  0.000 0.0000000000
21420  0.000  0.000  0.000 0.0000000000
21421  0.000  0.000  0.000 0.0000000000
21422  0.000  0.000  0.000 0.0000000000
21430  0.000  0.000  0.000 0.0000000000
21431  0.000  0.000  0.000 0.0000000000
21432  0.000  0.000  0.000 0.0000000000
21441  0.000  0.000  0.000 0.0000000000
21442  0.000  0.000  0.000 0.0000000000
21951  0.000  0.000  0.000 0.0000000000
21952  0.000  0.000  0.000 0.0000000000
21953  0.000  0.000  0.000 0.0000000000
21960  0.000  0.000  0.000 0.0000000000
21961  0.000  0.000  0.000 0.0000000000
21962  0.000  0.000  0.000 0.0000000000
21968  0.000  0.000  0.000 0.0000000000
21969  0.000  0.000  0.000 0.0000000000
22457  0.000  0.000  0.000 0.0000000000
22458  0.000  0.000  0.000 0.0000000000
22459  0.000  0.000  0.000 0.0000000000
22466  0.000  0.000  0.000 0.0000000000
22467  0.000  0.000  0.000 0.0000000000
22468  0.000  0.000  0.000 0.0000000000
22473  0.000  0.000  0.000 0.0000000000
22474  0.000  0.000  0.000 0.0000000000
22475  0.000  0.000  0.000 0.0000000000
22965  0.000  0.000  0.000 0.0000000000
22966  0.000  0.000  0.000 0.0000000000
22967  0.000  0.000  0.000 0.0000000000
22973  0.000  0.000  0.000 0.0000000000
22974  0.000  0.000  0.000 0.0000000000
22975  0.000  0.000  0.000 0.0000000000
22976  0.000  0.000  0.000 0.0000000000
22982  0.000  0.000  0.000 0.0000000000
22983  0.000  0.000  0.000 0.0000000000
22984  0.000  0.000  0.000 0.0000000000
22992  0.000  0.000  0.000 0.0000000000
22993  0.000  0.000  0.000 0.0000000000
23476  0.000  0.000  0.000 0.0000000000
23477  0.000  0.000  0.000 0.0000000000
23485  0.000  0.000  0.000 0.0000000000
23486  0.000  0.000  0.000 0.0000000000
23487  0.000  0.000  0.000 0.0000000000
23488  0.000  0.000  0.000 0.0000000000
23497  0.000  0.000  0.000 0.0000000000
23498  0.000  0.000  0.000 0.0000000000
23499  0.000  0.000  0.000 0.0000000000
23500  0.000  0.000  0.000 0.0000000000
23511  0.000  0.000  0.000 0.0000000000
23512  0.000  0.000  0.000 0.0000000000
23513  0.000  0.000  0.000 0.0000000000
24021  0.000  0.000  0.000 0.0000000000
24022  0.000  0.000  0.000 0.0000000000
24032  0.000  0.000  0.000 0.0000000000
24033  0.000  0.000  0.000 0.0000000000
24043  0.000  0.000  0.000 0.0000000000
24044  0.000  0.000  0.000 0.0000000000
24055  0.000  0.000  0.000 0.0000000000
24527  0.000  0.000  0.000 0.0000000000
24528  0.000  0.000  0.000 0.0000000000
24529  0.000  0.000  0.000 0.0000000000
24538  0.000  0.000  0.000 0.0000000000
24539  0.000  0.000  0.000 0.0000000000
24540  0.000  0.000  0.000 0.0000000000
24547  0.000  0.000  0.000 0.0000000000
24548  0.000  0.000  0.000 0.0000000000
24549  0.000  0.000  0.000 0.0000000000
24557  0.000  0.000  0.000 0.0000000000
24558  0.000  0.000  0.000 0.0000000000
25029  0.000  0.000  0.000 0.0000000000
25030  0.000  0.000  0.000 0.0000000000
25040  0.000  0.000  0.000 0.0000000000
25041  0.000  0.000  0.000 0.0000000000
25042  0.000  0.000  0.000 0.0000000000
25043  0.000  0.000  0.000 0.0000000000
25052  0.000  0.000  0.000 0.0000000000
25053  0.000  0.000  0.000 0.0000000000
25062  0.000  0.000  0.000 0.0000000000
25063  0.000  0.000  0.000 0.0000000000
25529  0.000  0.000  0.000 0.0000000000
25530  0.000  0.000  0.000 0.0000000000
25531  0.000  0.000  0.000 0.0000000000
25538  0.000  0.000  0.000 0.0000000000
25539  0.000  0.000  0.000 0.0000000000
25547  0.000  0.000  0.000 0.0000000000
25548  0.000  0.000  0.000 0.0000000000
26037  0.000  0.000  0.000 0.0000000000
26038  0.000  0.000  0.000 0.0000000000
26039  0.000  0.000  0.000 0.0000000000
26048  0.000  0.000  0.000 0.0000000000
26049  0.000  0.000  0.000 0.0000000000
26050  0.000  0.000  0.000 0.0000000000
26060  0.000  0.000  0.000 0.0000000000
26061  0.000  0.000  0.000 0.0000000000
26062  0.000  0.000  0.000 0.0000000000
26075  0.000  0.000  0.000 0.0000000000
26555  0.000  0.000  0.000 0.0000000000
26556  0.000  0.000  0.000 0.0000000000
26562  0.000  0.000  0.000 0.0000000000
26563  0.000  0.000  0.000 0.0000000000
26564  0.000  0.000  0.000 0.0000000000
26570  0.000  0.000  0.000 0.0000000000
26571  0.000  0.000  0.000 0.0000000000
26572  0.000  0.000  0.000 0.0000000000
26578  0.000  0.000  0.000 0.0000000000
26579  0.000  0.000  0.000 0.0000000000
26580  0.000  0.000  0.000 0.0000000000
26587  0.000  0.000  0.000 0.0000000000
26588  0.000  0.000  0.000 0.0000000000
26995  0.000  0.000  0.000 0.0000000000
26996  0.000  0.000  0.000 0.0000000000
27002  0.000  0.000  0.000 0.0000000000
27003  0.000  0.000  0.000 0.0000000000
27004  0.000  0.000  0.000 0.0000000000
27010  0.000  0.000  0.000 0.0000000000
27011  0.000  0.000  0.000 0.0000000000
27012  0.000  0.000  0.000 0.0000000000
27017  0.000  0.000  0.000 0.0000000000
27018  0.000  0.000  0.000 0.0000000000
27019  0.000  0.000  0.000 0.0000000000
27024  0.000  0.000  0.000 0.0000000000
27025  0.000  0.000  0.000 0.0000000000
27515  0.000  0.000  0.000 0.0000000000
27523  0.000  0.000  0.000 0.0000000000
27524  0.000  0.000  0.000 0.0000000000
27531  0.000  0.000  0.000 0.0000000000
27532  0.000  0.000  0.000 0.0000000000
27533  0.000  0.000  0.000 0.0000000000
27543  0.000  0.000  0.000 0.0000000000
