#!ascii label  , from subject colin27 vox2ras=TkReg coords=white
165
35940  0.000  0.000  0.000 0.0000000000
35943  0.000  0.000  0.000 0.0000000000
35944  0.000  0.000  0.000 0.0000000000
35949  0.000  0.000  0.000 0.0000000000
36195  0.000  0.000  0.000 0.0000000000
36196  0.000  0.000  0.000 0.0000000000
36199  0.000  0.000  0.000 0.0000000000
36200  0.000  0.000  0.000 0.0000000000
36411  0.000  0.000  0.000 0.0000000000
36414  0.000  0.000  0.000 0.0000000000
36415  0.000  0.000  0.000 0.0000000000
36418  0.000  0.000  0.000 0.0000000000
36610  0.000  0.000  0.000 0.0000000000
36611  0.000  0.000  0.000 0.0000000000
36615  0.000  0.000  0.000 0.0000000000
36616  0.000  0.000  0.000 0.0000000000
36619  0.000  0.000  0.000 0.0000000000
36639  0.000  0.000  0.000 0.0000000000
36796  0.000  0.000  0.000 0.0000000000
36800  0.000  0.000  0.000 0.0000000000
36801  0.000  0.000  0.000 0.0000000000
36805  0.000  0.000  0.000 0.0000000000
36806  0.000  0.000  0.000 0.0000000000
36820  0.000  0.000  0.000 0.0000000000
36822  0.000  0.000  0.000 0.0000000000
36953  0.000  0.000  0.000 0.0000000000
36957  0.000  0.000  0.000 0.0000000000
36958  0.000  0.000  0.000 0.0000000000
36962  0.000  0.000  0.000 0.0000000000
36963  0.000  0.000  0.000 0.0000000000
36964  0.000  0.000  0.000 0.0000000000
36968  0.000  0.000  0.000 0.0000000000
36969  0.000  0.000  0.000 0.0000000000
36972  0.000  0.000  0.000 0.0000000000
36975  0.000  0.000  0.000 0.0000000000
36977  0.000  0.000  0.000 0.0000000000
36979  0.000  0.000  0.000 0.0000000000
37103  0.000  0.000  0.000 0.0000000000
37104  0.000  0.000  0.000 0.0000000000
37109  0.000  0.000  0.000 0.0000000000
37110  0.000  0.000  0.000 0.0000000000
37111  0.000  0.000  0.000 0.0000000000
37115  0.000  0.000  0.000 0.0000000000
37116  0.000  0.000  0.000 0.0000000000
37119  0.000  0.000  0.000 0.0000000000
37122  0.000  0.000  0.000 0.0000000000
37124  0.000  0.000  0.000 0.0000000000
37126  0.000  0.000  0.000 0.0000000000
37128  0.000  0.000  0.000 0.0000000000
37130  0.000  0.000  0.000 0.0000000000
37138  0.000  0.000  0.000 0.0000000000
37225  0.000  0.000  0.000 0.0000000000
37229  0.000  0.000  0.000 0.0000000000
37230  0.000  0.000  0.000 0.0000000000
37231  0.000  0.000  0.000 0.0000000000
37234  0.000  0.000  0.000 0.0000000000
37235  0.000  0.000  0.000 0.0000000000
37236  0.000  0.000  0.000 0.0000000000
37239  0.000  0.000  0.000 0.0000000000
37240  0.000  0.000  0.000 0.0000000000
37242  0.000  0.000  0.000 0.0000000000
37244  0.000  0.000  0.000 0.0000000000
37246  0.000  0.000  0.000 0.0000000000
37248  0.000  0.000  0.000 0.0000000000
37249  0.000  0.000  0.000 0.0000000000
37252  0.000  0.000  0.000 0.0000000000
37253  0.000  0.000  0.000 0.0000000000
37261  0.000  0.000  0.000 0.0000000000
37262  0.000  0.000  0.000 0.0000000000
37270  0.000  0.000  0.000 0.0000000000
37332  0.000  0.000  0.000 0.0000000000
37335  0.000  0.000  0.000 0.0000000000
37336  0.000  0.000  0.000 0.0000000000
37339  0.000  0.000  0.000 0.0000000000
37340  0.000  0.000  0.000 0.0000000000
37343  0.000  0.000  0.000 0.0000000000
37344  0.000  0.000  0.000 0.0000000000
37346  0.000  0.000  0.000 0.0000000000
37347  0.000  0.000  0.000 0.0000000000
37349  0.000  0.000  0.000 0.0000000000
37352  0.000  0.000  0.000 0.0000000000
37353  0.000  0.000  0.000 0.0000000000
37356  0.000  0.000  0.000 0.0000000000
37357  0.000  0.000  0.000 0.0000000000
37360  0.000  0.000  0.000 0.0000000000
37366  0.000  0.000  0.000 0.0000000000
37376  0.000  0.000  0.000 0.0000000000
37377  0.000  0.000  0.000 0.0000000000
37385  0.000  0.000  0.000 0.0000000000
37425  0.000  0.000  0.000 0.0000000000
37428  0.000  0.000  0.000 0.0000000000
37429  0.000  0.000  0.000 0.0000000000
37432  0.000  0.000  0.000 0.0000000000
37433  0.000  0.000  0.000 0.0000000000
37434  0.000  0.000  0.000 0.0000000000
37437  0.000  0.000  0.000 0.0000000000
37439  0.000  0.000  0.000 0.0000000000
37440  0.000  0.000  0.000 0.0000000000
37442  0.000  0.000  0.000 0.0000000000
37443  0.000  0.000  0.000 0.0000000000
37445  0.000  0.000  0.000 0.0000000000
37446  0.000  0.000  0.000 0.0000000000
37447  0.000  0.000  0.000 0.0000000000
37448  0.000  0.000  0.000 0.0000000000
37449  0.000  0.000  0.000 0.0000000000
37450  0.000  0.000  0.000 0.0000000000
37452  0.000  0.000  0.000 0.0000000000
37454  0.000  0.000  0.000 0.0000000000
37455  0.000  0.000  0.000 0.0000000000
37462  0.000  0.000  0.000 0.0000000000
37463  0.000  0.000  0.000 0.0000000000
37473  0.000  0.000  0.000 0.0000000000
37517  0.000  0.000  0.000 0.0000000000
37521  0.000  0.000  0.000 0.0000000000
37524  0.000  0.000  0.000 0.0000000000
37525  0.000  0.000  0.000 0.0000000000
37526  0.000  0.000  0.000 0.0000000000
37529  0.000  0.000  0.000 0.0000000000
37530  0.000  0.000  0.000 0.0000000000
37532  0.000  0.000  0.000 0.0000000000
37533  0.000  0.000  0.000 0.0000000000
37534  0.000  0.000  0.000 0.0000000000
37535  0.000  0.000  0.000 0.0000000000
37536  0.000  0.000  0.000 0.0000000000
37537  0.000  0.000  0.000 0.0000000000
37538  0.000  0.000  0.000 0.0000000000
37539  0.000  0.000  0.000 0.0000000000
37540  0.000  0.000  0.000 0.0000000000
37541  0.000  0.000  0.000 0.0000000000
37542  0.000  0.000  0.000 0.0000000000
37543  0.000  0.000  0.000 0.0000000000
37544  0.000  0.000  0.000 0.0000000000
37545  0.000  0.000  0.000 0.0000000000
37546  0.000  0.000  0.000 0.0000000000
37547  0.000  0.000  0.000 0.0000000000
37548  0.000  0.000  0.000 0.0000000000
37549  0.000  0.000  0.000 0.0000000000
37550  0.000  0.000  0.000 0.0000000000
37551  0.000  0.000  0.000 0.0000000000
37552  0.000  0.000  0.000 0.0000000000
37553  0.000  0.000  0.000 0.0000000000
37554  0.000  0.000  0.000 0.0000000000
37560  0.000  0.000  0.000 0.0000000000
37561  0.000  0.000  0.000 0.0000000000
37599  0.000  0.000  0.000 0.0000000000
37600  0.000  0.000  0.000 0.0000000000
37602  0.000  0.000  0.000 0.0000000000
37603  0.000  0.000  0.000 0.0000000000
37604  0.000  0.000  0.000 0.0000000000
37605  0.000  0.000  0.000 0.0000000000
37606  0.000  0.000  0.000 0.0000000000
37607  0.000  0.000  0.000 0.0000000000
37608  0.000  0.000  0.000 0.0000000000
37609  0.000  0.000  0.000 0.0000000000
35950  0.000  0.000  0.000 0.0000000000
36203  0.000  0.000  0.000 0.0000000000
36204  0.000  0.000  0.000 0.0000000000
36419  0.000  0.000  0.000 0.0000000000
36420  0.000  0.000  0.000 0.0000000000
36620  0.000  0.000  0.000 0.0000000000
36621  0.000  0.000  0.000 0.0000000000
36625  0.000  0.000  0.000 0.0000000000
36807  0.000  0.000  0.000 0.0000000000
36811  0.000  0.000  0.000 0.0000000000
36812  0.000  0.000  0.000 0.0000000000
