#!ascii label  , from subject colin27 vox2ras=TkReg coords=white
182
13368  0.000  0.000  0.000 0.0000000000
13369  0.000  0.000  0.000 0.0000000000
13370  0.000  0.000  0.000 0.0000000000
13371  0.000  0.000  0.000 0.0000000000
13943  0.000  0.000  0.000 0.0000000000
13944  0.000  0.000  0.000 0.0000000000
13945  0.000  0.000  0.000 0.0000000000
13946  0.000  0.000  0.000 0.0000000000
13947  0.000  0.000  0.000 0.0000000000
13948  0.000  0.000  0.000 0.0000000000
13949  0.000  0.000  0.000 0.0000000000
13955  0.000  0.000  0.000 0.0000000000
13956  0.000  0.000  0.000 0.0000000000
13957  0.000  0.000  0.000 0.0000000000
13958  0.000  0.000  0.000 0.0000000000
13959  0.000  0.000  0.000 0.0000000000
13960  0.000  0.000  0.000 0.0000000000
13961  0.000  0.000  0.000 0.0000000000
13962  0.000  0.000  0.000 0.0000000000
13967  0.000  0.000  0.000 0.0000000000
13968  0.000  0.000  0.000 0.0000000000
13969  0.000  0.000  0.000 0.0000000000
13970  0.000  0.000  0.000 0.0000000000
13971  0.000  0.000  0.000 0.0000000000
13972  0.000  0.000  0.000 0.0000000000
13973  0.000  0.000  0.000 0.0000000000
13974  0.000  0.000  0.000 0.0000000000
13978  0.000  0.000  0.000 0.0000000000
13979  0.000  0.000  0.000 0.0000000000
13980  0.000  0.000  0.000 0.0000000000
13981  0.000  0.000  0.000 0.0000000000
14517  0.000  0.000  0.000 0.0000000000
14530  0.000  0.000  0.000 0.0000000000
14531  0.000  0.000  0.000 0.0000000000
14542  0.000  0.000  0.000 0.0000000000
14543  0.000  0.000  0.000 0.0000000000
14544  0.000  0.000  0.000 0.0000000000
14545  0.000  0.000  0.000 0.0000000000
14546  0.000  0.000  0.000 0.0000000000
14547  0.000  0.000  0.000 0.0000000000
14556  0.000  0.000  0.000 0.0000000000
14557  0.000  0.000  0.000 0.0000000000
14558  0.000  0.000  0.000 0.0000000000
14559  0.000  0.000  0.000 0.0000000000
14560  0.000  0.000  0.000 0.0000000000
14561  0.000  0.000  0.000 0.0000000000
14562  0.000  0.000  0.000 0.0000000000
14563  0.000  0.000  0.000 0.0000000000
14573  0.000  0.000  0.000 0.0000000000
14574  0.000  0.000  0.000 0.0000000000
14575  0.000  0.000  0.000 0.0000000000
14576  0.000  0.000  0.000 0.0000000000
14577  0.000  0.000  0.000 0.0000000000
15125  0.000  0.000  0.000 0.0000000000
15126  0.000  0.000  0.000 0.0000000000
15127  0.000  0.000  0.000 0.0000000000
15128  0.000  0.000  0.000 0.0000000000
15129  0.000  0.000  0.000 0.0000000000
15130  0.000  0.000  0.000 0.0000000000
15131  0.000  0.000  0.000 0.0000000000
15132  0.000  0.000  0.000 0.0000000000
15142  0.000  0.000  0.000 0.0000000000
15143  0.000  0.000  0.000 0.0000000000
15144  0.000  0.000  0.000 0.0000000000
15145  0.000  0.000  0.000 0.0000000000
15146  0.000  0.000  0.000 0.0000000000
15147  0.000  0.000  0.000 0.0000000000
15148  0.000  0.000  0.000 0.0000000000
15149  0.000  0.000  0.000 0.0000000000
15150  0.000  0.000  0.000 0.0000000000
15160  0.000  0.000  0.000 0.0000000000
15161  0.000  0.000  0.000 0.0000000000
15162  0.000  0.000  0.000 0.0000000000
15163  0.000  0.000  0.000 0.0000000000
15164  0.000  0.000  0.000 0.0000000000
15165  0.000  0.000  0.000 0.0000000000
15166  0.000  0.000  0.000 0.0000000000
15699  0.000  0.000  0.000 0.0000000000
15700  0.000  0.000  0.000 0.0000000000
15701  0.000  0.000  0.000 0.0000000000
15702  0.000  0.000  0.000 0.0000000000
15703  0.000  0.000  0.000 0.0000000000
15704  0.000  0.000  0.000 0.0000000000
15713  0.000  0.000  0.000 0.0000000000
15714  0.000  0.000  0.000 0.0000000000
15715  0.000  0.000  0.000 0.0000000000
15716  0.000  0.000  0.000 0.0000000000
15717  0.000  0.000  0.000 0.0000000000
15718  0.000  0.000  0.000 0.0000000000
15719  0.000  0.000  0.000 0.0000000000
15720  0.000  0.000  0.000 0.0000000000
15721  0.000  0.000  0.000 0.0000000000
15722  0.000  0.000  0.000 0.0000000000
15730  0.000  0.000  0.000 0.0000000000
15731  0.000  0.000  0.000 0.0000000000
15732  0.000  0.000  0.000 0.0000000000
15733  0.000  0.000  0.000 0.0000000000
15734  0.000  0.000  0.000 0.0000000000
15735  0.000  0.000  0.000 0.0000000000
15736  0.000  0.000  0.000 0.0000000000
15737  0.000  0.000  0.000 0.0000000000
15738  0.000  0.000  0.000 0.0000000000
15739  0.000  0.000  0.000 0.0000000000
15740  0.000  0.000  0.000 0.0000000000
15741  0.000  0.000  0.000 0.0000000000
15751  0.000  0.000  0.000 0.0000000000
15752  0.000  0.000  0.000 0.0000000000
16271  0.000  0.000  0.000 0.0000000000
16272  0.000  0.000  0.000 0.0000000000
16273  0.000  0.000  0.000 0.0000000000
16274  0.000  0.000  0.000 0.0000000000
16275  0.000  0.000  0.000 0.0000000000
16276  0.000  0.000  0.000 0.0000000000
16287  0.000  0.000  0.000 0.0000000000
16288  0.000  0.000  0.000 0.0000000000
16289  0.000  0.000  0.000 0.0000000000
16290  0.000  0.000  0.000 0.0000000000
16291  0.000  0.000  0.000 0.0000000000
16292  0.000  0.000  0.000 0.0000000000
16293  0.000  0.000  0.000 0.0000000000
16294  0.000  0.000  0.000 0.0000000000
16295  0.000  0.000  0.000 0.0000000000
16296  0.000  0.000  0.000 0.0000000000
16297  0.000  0.000  0.000 0.0000000000
16298  0.000  0.000  0.000 0.0000000000
16314  0.000  0.000  0.000 0.0000000000
16315  0.000  0.000  0.000 0.0000000000
16316  0.000  0.000  0.000 0.0000000000
16331  0.000  0.000  0.000 0.0000000000
16332  0.000  0.000  0.000 0.0000000000
16793  0.000  0.000  0.000 0.0000000000
16794  0.000  0.000  0.000 0.0000000000
16795  0.000  0.000  0.000 0.0000000000
16796  0.000  0.000  0.000 0.0000000000
16813  0.000  0.000  0.000 0.0000000000
16814  0.000  0.000  0.000 0.0000000000
16815  0.000  0.000  0.000 0.0000000000
16816  0.000  0.000  0.000 0.0000000000
16817  0.000  0.000  0.000 0.0000000000
16818  0.000  0.000  0.000 0.0000000000
16819  0.000  0.000  0.000 0.0000000000
16820  0.000  0.000  0.000 0.0000000000
16821  0.000  0.000  0.000 0.0000000000
16822  0.000  0.000  0.000 0.0000000000
16823  0.000  0.000  0.000 0.0000000000
16824  0.000  0.000  0.000 0.0000000000
16843  0.000  0.000  0.000 0.0000000000
16844  0.000  0.000  0.000 0.0000000000
16845  0.000  0.000  0.000 0.0000000000
16846  0.000  0.000  0.000 0.0000000000
16847  0.000  0.000  0.000 0.0000000000
16867  0.000  0.000  0.000 0.0000000000
16868  0.000  0.000  0.000 0.0000000000
16884  0.000  0.000  0.000 0.0000000000
16885  0.000  0.000  0.000 0.0000000000
17407  0.000  0.000  0.000 0.0000000000
17408  0.000  0.000  0.000 0.0000000000
17409  0.000  0.000  0.000 0.0000000000
17410  0.000  0.000  0.000 0.0000000000
17411  0.000  0.000  0.000 0.0000000000
17412  0.000  0.000  0.000 0.0000000000
17413  0.000  0.000  0.000 0.0000000000
17414  0.000  0.000  0.000 0.0000000000
17415  0.000  0.000  0.000 0.0000000000
17416  0.000  0.000  0.000 0.0000000000
17436  0.000  0.000  0.000 0.0000000000
17437  0.000  0.000  0.000 0.0000000000
17438  0.000  0.000  0.000 0.0000000000
17439  0.000  0.000  0.000 0.0000000000
17440  0.000  0.000  0.000 0.0000000000
17441  0.000  0.000  0.000 0.0000000000
17442  0.000  0.000  0.000 0.0000000000
18061  0.000  0.000  0.000 0.0000000000
18062  0.000  0.000  0.000 0.0000000000
18063  0.000  0.000  0.000 0.0000000000
18064  0.000  0.000  0.000 0.0000000000
18065  0.000  0.000  0.000 0.0000000000
18668  0.000  0.000  0.000 0.0000000000
18669  0.000  0.000  0.000 0.0000000000
19228  0.000  0.000  0.000 0.0000000000
19759  0.000  0.000  0.000 0.0000000000
19766  0.000  0.000  0.000 0.0000000000
