#!ascii label  , from subject colin27 vox2ras=TkReg coords=white
112
25573  0.000  0.000  0.000 0.0000000000
26090  0.000  0.000  0.000 0.0000000000
26091  0.000  0.000  0.000 0.0000000000
26101  0.000  0.000  0.000 0.0000000000
26102  0.000  0.000  0.000 0.0000000000
26113  0.000  0.000  0.000 0.0000000000
26594  0.000  0.000  0.000 0.0000000000
26595  0.000  0.000  0.000 0.0000000000
26597  0.000  0.000  0.000 0.0000000000
26598  0.000  0.000  0.000 0.0000000000
26600  0.000  0.000  0.000 0.0000000000
26601  0.000  0.000  0.000 0.0000000000
26603  0.000  0.000  0.000 0.0000000000
26604  0.000  0.000  0.000 0.0000000000
26606  0.000  0.000  0.000 0.0000000000
26607  0.000  0.000  0.000 0.0000000000
26611  0.000  0.000  0.000 0.0000000000
27034  0.000  0.000  0.000 0.0000000000
27035  0.000  0.000  0.000 0.0000000000
27038  0.000  0.000  0.000 0.0000000000
27039  0.000  0.000  0.000 0.0000000000
27040  0.000  0.000  0.000 0.0000000000
27042  0.000  0.000  0.000 0.0000000000
27043  0.000  0.000  0.000 0.0000000000
27045  0.000  0.000  0.000 0.0000000000
27046  0.000  0.000  0.000 0.0000000000
27048  0.000  0.000  0.000 0.0000000000
27049  0.000  0.000  0.000 0.0000000000
27050  0.000  0.000  0.000 0.0000000000
27053  0.000  0.000  0.000 0.0000000000
27054  0.000  0.000  0.000 0.0000000000
27055  0.000  0.000  0.000 0.0000000000
27059  0.000  0.000  0.000 0.0000000000
27547  0.000  0.000  0.000 0.0000000000
27548  0.000  0.000  0.000 0.0000000000
27550  0.000  0.000  0.000 0.0000000000
27551  0.000  0.000  0.000 0.0000000000
27553  0.000  0.000  0.000 0.0000000000
27555  0.000  0.000  0.000 0.0000000000
27557  0.000  0.000  0.000 0.0000000000
27558  0.000  0.000  0.000 0.0000000000
27561  0.000  0.000  0.000 0.0000000000
27562  0.000  0.000  0.000 0.0000000000
28016  0.000  0.000  0.000 0.0000000000
28017  0.000  0.000  0.000 0.0000000000
28018  0.000  0.000  0.000 0.0000000000
28027  0.000  0.000  0.000 0.0000000000
28028  0.000  0.000  0.000 0.0000000000
28036  0.000  0.000  0.000 0.0000000000
28037  0.000  0.000  0.000 0.0000000000
28043  0.000  0.000  0.000 0.0000000000
28044  0.000  0.000  0.000 0.0000000000
28045  0.000  0.000  0.000 0.0000000000
28049  0.000  0.000  0.000 0.0000000000
28050  0.000  0.000  0.000 0.0000000000
28051  0.000  0.000  0.000 0.0000000000
28054  0.000  0.000  0.000 0.0000000000
28055  0.000  0.000  0.000 0.0000000000
28445  0.000  0.000  0.000 0.0000000000
28454  0.000  0.000  0.000 0.0000000000
28455  0.000  0.000  0.000 0.0000000000
28464  0.000  0.000  0.000 0.0000000000
28465  0.000  0.000  0.000 0.0000000000
28473  0.000  0.000  0.000 0.0000000000
28474  0.000  0.000  0.000 0.0000000000
28481  0.000  0.000  0.000 0.0000000000
28482  0.000  0.000  0.000 0.0000000000
28485  0.000  0.000  0.000 0.0000000000
28851  0.000  0.000  0.000 0.0000000000
28855  0.000  0.000  0.000 0.0000000000
28856  0.000  0.000  0.000 0.0000000000
28859  0.000  0.000  0.000 0.0000000000
28860  0.000  0.000  0.000 0.0000000000
28863  0.000  0.000  0.000 0.0000000000
28864  0.000  0.000  0.000 0.0000000000
28865  0.000  0.000  0.000 0.0000000000
28870  0.000  0.000  0.000 0.0000000000
28871  0.000  0.000  0.000 0.0000000000
29259  0.000  0.000  0.000 0.0000000000
29263  0.000  0.000  0.000 0.0000000000
29264  0.000  0.000  0.000 0.0000000000
29265  0.000  0.000  0.000 0.0000000000
29268  0.000  0.000  0.000 0.0000000000
29269  0.000  0.000  0.000 0.0000000000
29270  0.000  0.000  0.000 0.0000000000
29275  0.000  0.000  0.000 0.0000000000
29276  0.000  0.000  0.000 0.0000000000
29674  0.000  0.000  0.000 0.0000000000
29675  0.000  0.000  0.000 0.0000000000
29678  0.000  0.000  0.000 0.0000000000
29679  0.000  0.000  0.000 0.0000000000
29685  0.000  0.000  0.000 0.0000000000
29686  0.000  0.000  0.000 0.0000000000
30106  0.000  0.000  0.000 0.0000000000
30107  0.000  0.000  0.000 0.0000000000
30113  0.000  0.000  0.000 0.0000000000
30114  0.000  0.000  0.000 0.0000000000
30121  0.000  0.000  0.000 0.0000000000
30122  0.000  0.000  0.000 0.0000000000
30533  0.000  0.000  0.000 0.0000000000
30540  0.000  0.000  0.000 0.0000000000
30541  0.000  0.000  0.000 0.0000000000
30547  0.000  0.000  0.000 0.0000000000
30548  0.000  0.000  0.000 0.0000000000
30555  0.000  0.000  0.000 0.0000000000
30990  0.000  0.000  0.000 0.0000000000
30997  0.000  0.000  0.000 0.0000000000
31003  0.000  0.000  0.000 0.0000000000
31415  0.000  0.000  0.000 0.0000000000
31418  0.000  0.000  0.000 0.0000000000
31419  0.000  0.000  0.000 0.0000000000
31822  0.000  0.000  0.000 0.0000000000
