#!ascii label  , from subject colin27 vox2ras=TkReg coords=white
55
36444  0.000  0.000  0.000 0.0000000000
36445  0.000  0.000  0.000 0.0000000000
36460  0.000  0.000  0.000 0.0000000000
36461  0.000  0.000  0.000 0.0000000000
36462  0.000  0.000  0.000 0.0000000000
36463  0.000  0.000  0.000 0.0000000000
36464  0.000  0.000  0.000 0.0000000000
36641  0.000  0.000  0.000 0.0000000000
36648  0.000  0.000  0.000 0.0000000000
36649  0.000  0.000  0.000 0.0000000000
36650  0.000  0.000  0.000 0.0000000000
36651  0.000  0.000  0.000 0.0000000000
36652  0.000  0.000  0.000 0.0000000000
36653  0.000  0.000  0.000 0.0000000000
36654  0.000  0.000  0.000 0.0000000000
36655  0.000  0.000  0.000 0.0000000000
36659  0.000  0.000  0.000 0.0000000000
36660  0.000  0.000  0.000 0.0000000000
36661  0.000  0.000  0.000 0.0000000000
36824  0.000  0.000  0.000 0.0000000000
36825  0.000  0.000  0.000 0.0000000000
36826  0.000  0.000  0.000 0.0000000000
36827  0.000  0.000  0.000 0.0000000000
36829  0.000  0.000  0.000 0.0000000000
36830  0.000  0.000  0.000 0.0000000000
36831  0.000  0.000  0.000 0.0000000000
36832  0.000  0.000  0.000 0.0000000000
36833  0.000  0.000  0.000 0.0000000000
36834  0.000  0.000  0.000 0.0000000000
36835  0.000  0.000  0.000 0.0000000000
36836  0.000  0.000  0.000 0.0000000000
36839  0.000  0.000  0.000 0.0000000000
36840  0.000  0.000  0.000 0.0000000000
36841  0.000  0.000  0.000 0.0000000000
36842  0.000  0.000  0.000 0.0000000000
36843  0.000  0.000  0.000 0.0000000000
36981  0.000  0.000  0.000 0.0000000000
36983  0.000  0.000  0.000 0.0000000000
36984  0.000  0.000  0.000 0.0000000000
36985  0.000  0.000  0.000 0.0000000000
36986  0.000  0.000  0.000 0.0000000000
36987  0.000  0.000  0.000 0.0000000000
36988  0.000  0.000  0.000 0.0000000000
36991  0.000  0.000  0.000 0.0000000000
36992  0.000  0.000  0.000 0.0000000000
36993  0.000  0.000  0.000 0.0000000000
36994  0.000  0.000  0.000 0.0000000000
36995  0.000  0.000  0.000 0.0000000000
36996  0.000  0.000  0.000 0.0000000000
37131  0.000  0.000  0.000 0.0000000000
37132  0.000  0.000  0.000 0.0000000000
37133  0.000  0.000  0.000 0.0000000000
37134  0.000  0.000  0.000 0.0000000000
37135  0.000  0.000  0.000 0.0000000000
37142  0.000  0.000  0.000 0.0000000000
