#!ascii label  , from subject colin27 vox2ras=TkReg coords=white
78
34990  0.000  0.000  0.000 0.0000000000
34991  0.000  0.000  0.000 0.0000000000
34992  0.000  0.000  0.000 0.0000000000
34993  0.000  0.000  0.000 0.0000000000
35246  0.000  0.000  0.000 0.0000000000
35247  0.000  0.000  0.000 0.0000000000
35248  0.000  0.000  0.000 0.0000000000
35249  0.000  0.000  0.000 0.0000000000
35261  0.000  0.000  0.000 0.0000000000
35262  0.000  0.000  0.000 0.0000000000
35263  0.000  0.000  0.000 0.0000000000
35496  0.000  0.000  0.000 0.0000000000
35497  0.000  0.000  0.000 0.0000000000
35498  0.000  0.000  0.000 0.0000000000
35512  0.000  0.000  0.000 0.0000000000
35513  0.000  0.000  0.000 0.0000000000
35514  0.000  0.000  0.000 0.0000000000
35515  0.000  0.000  0.000 0.0000000000
35516  0.000  0.000  0.000 0.0000000000
35521  0.000  0.000  0.000 0.0000000000
35522  0.000  0.000  0.000 0.0000000000
35523  0.000  0.000  0.000 0.0000000000
35751  0.000  0.000  0.000 0.0000000000
35752  0.000  0.000  0.000 0.0000000000
35753  0.000  0.000  0.000 0.0000000000
35754  0.000  0.000  0.000 0.0000000000
35768  0.000  0.000  0.000 0.0000000000
35769  0.000  0.000  0.000 0.0000000000
35770  0.000  0.000  0.000 0.0000000000
35984  0.000  0.000  0.000 0.0000000000
35985  0.000  0.000  0.000 0.0000000000
35986  0.000  0.000  0.000 0.0000000000
36001  0.000  0.000  0.000 0.0000000000
36002  0.000  0.000  0.000 0.0000000000
36003  0.000  0.000  0.000 0.0000000000
36004  0.000  0.000  0.000 0.0000000000
36005  0.000  0.000  0.000 0.0000000000
36013  0.000  0.000  0.000 0.0000000000
36014  0.000  0.000  0.000 0.0000000000
36015  0.000  0.000  0.000 0.0000000000
36016  0.000  0.000  0.000 0.0000000000
36228  0.000  0.000  0.000 0.0000000000
36229  0.000  0.000  0.000 0.0000000000
36243  0.000  0.000  0.000 0.0000000000
36244  0.000  0.000  0.000 0.0000000000
36245  0.000  0.000  0.000 0.0000000000
36246  0.000  0.000  0.000 0.0000000000
36247  0.000  0.000  0.000 0.0000000000
36261  0.000  0.000  0.000 0.0000000000
36262  0.000  0.000  0.000 0.0000000000
36263  0.000  0.000  0.000 0.0000000000
36264  0.000  0.000  0.000 0.0000000000
36265  0.000  0.000  0.000 0.0000000000
36446  0.000  0.000  0.000 0.0000000000
36447  0.000  0.000  0.000 0.0000000000
36448  0.000  0.000  0.000 0.0000000000
36449  0.000  0.000  0.000 0.0000000000
36465  0.000  0.000  0.000 0.0000000000
36642  0.000  0.000  0.000 0.0000000000
36643  0.000  0.000  0.000 0.0000000000
36644  0.000  0.000  0.000 0.0000000000
36645  0.000  0.000  0.000 0.0000000000
35250  0.000  0.000  0.000 0.0000000000
34708  0.000  0.000  0.000 0.0000000000
34709  0.000  0.000  0.000 0.0000000000
34710  0.000  0.000  0.000 0.0000000000
34711  0.000  0.000  0.000 0.0000000000
34962  0.000  0.000  0.000 0.0000000000
34963  0.000  0.000  0.000 0.0000000000
34976  0.000  0.000  0.000 0.0000000000
34977  0.000  0.000  0.000 0.0000000000
34978  0.000  0.000  0.000 0.0000000000
34979  0.000  0.000  0.000 0.0000000000
34980  0.000  0.000  0.000 0.0000000000
34994  0.000  0.000  0.000 0.0000000000
34995  0.000  0.000  0.000 0.0000000000
35264  0.000  0.000  0.000 0.0000000000
35251  0.000  0.000  0.000 0.0000000000
