#!ascii label  , from subject colin27 vox2ras=TkReg coords=white
50
37001  0.000  0.000  0.000 0.0000000000
37002  0.000  0.000  0.000 0.0000000000
37003  0.000  0.000  0.000 0.0000000000
37004  0.000  0.000  0.000 0.0000000000
37005  0.000  0.000  0.000 0.0000000000
37139  0.000  0.000  0.000 0.0000000000
37140  0.000  0.000  0.000 0.0000000000
37141  0.000  0.000  0.000 0.0000000000
37144  0.000  0.000  0.000 0.0000000000
37146  0.000  0.000  0.000 0.0000000000
37147  0.000  0.000  0.000 0.0000000000
37148  0.000  0.000  0.000 0.0000000000
37149  0.000  0.000  0.000 0.0000000000
37150  0.000  0.000  0.000 0.0000000000
37151  0.000  0.000  0.000 0.0000000000
37152  0.000  0.000  0.000 0.0000000000
37254  0.000  0.000  0.000 0.0000000000
37255  0.000  0.000  0.000 0.0000000000
37256  0.000  0.000  0.000 0.0000000000
37257  0.000  0.000  0.000 0.0000000000
37258  0.000  0.000  0.000 0.0000000000
37263  0.000  0.000  0.000 0.0000000000
37264  0.000  0.000  0.000 0.0000000000
37265  0.000  0.000  0.000 0.0000000000
37266  0.000  0.000  0.000 0.0000000000
37267  0.000  0.000  0.000 0.0000000000
37268  0.000  0.000  0.000 0.0000000000
37271  0.000  0.000  0.000 0.0000000000
37272  0.000  0.000  0.000 0.0000000000
37273  0.000  0.000  0.000 0.0000000000
37274  0.000  0.000  0.000 0.0000000000
37275  0.000  0.000  0.000 0.0000000000
37276  0.000  0.000  0.000 0.0000000000
37361  0.000  0.000  0.000 0.0000000000
37362  0.000  0.000  0.000 0.0000000000
37363  0.000  0.000  0.000 0.0000000000
37367  0.000  0.000  0.000 0.0000000000
37368  0.000  0.000  0.000 0.0000000000
37369  0.000  0.000  0.000 0.0000000000
37370  0.000  0.000  0.000 0.0000000000
37371  0.000  0.000  0.000 0.0000000000
37372  0.000  0.000  0.000 0.0000000000
37373  0.000  0.000  0.000 0.0000000000
37378  0.000  0.000  0.000 0.0000000000
37379  0.000  0.000  0.000 0.0000000000
37380  0.000  0.000  0.000 0.0000000000
37456  0.000  0.000  0.000 0.0000000000
37457  0.000  0.000  0.000 0.0000000000
37458  0.000  0.000  0.000 0.0000000000
37459  0.000  0.000  0.000 0.0000000000
