#!ascii label  , from subject colin27 vox2ras=TkReg coords=white
401
32576  0.000  0.000  0.000 0.0000000000
32583  0.000  0.000  0.000 0.0000000000
33027  0.000  0.000  0.000 0.0000000000
33028  0.000  0.000  0.000 0.0000000000
33040  0.000  0.000  0.000 0.0000000000
33041  0.000  0.000  0.000 0.0000000000
33054  0.000  0.000  0.000 0.0000000000
33451  0.000  0.000  0.000 0.0000000000
33452  0.000  0.000  0.000 0.0000000000
33472  0.000  0.000  0.000 0.0000000000
33473  0.000  0.000  0.000 0.0000000000
33474  0.000  0.000  0.000 0.0000000000
33491  0.000  0.000  0.000 0.0000000000
33492  0.000  0.000  0.000 0.0000000000
33493  0.000  0.000  0.000 0.0000000000
33499  0.000  0.000  0.000 0.0000000000
33500  0.000  0.000  0.000 0.0000000000
33501  0.000  0.000  0.000 0.0000000000
33502  0.000  0.000  0.000 0.0000000000
33503  0.000  0.000  0.000 0.0000000000
33507  0.000  0.000  0.000 0.0000000000
33508  0.000  0.000  0.000 0.0000000000
33509  0.000  0.000  0.000 0.0000000000
33510  0.000  0.000  0.000 0.0000000000
33516  0.000  0.000  0.000 0.0000000000
33517  0.000  0.000  0.000 0.0000000000
33834  0.000  0.000  0.000 0.0000000000
33845  0.000  0.000  0.000 0.0000000000
33846  0.000  0.000  0.000 0.0000000000
33861  0.000  0.000  0.000 0.0000000000
33873  0.000  0.000  0.000 0.0000000000
33874  0.000  0.000  0.000 0.0000000000
33875  0.000  0.000  0.000 0.0000000000
33879  0.000  0.000  0.000 0.0000000000
33886  0.000  0.000  0.000 0.0000000000
33887  0.000  0.000  0.000 0.0000000000
34178  0.000  0.000  0.000 0.0000000000
34179  0.000  0.000  0.000 0.0000000000
34183  0.000  0.000  0.000 0.0000000000
34189  0.000  0.000  0.000 0.0000000000
34202  0.000  0.000  0.000 0.0000000000
34203  0.000  0.000  0.000 0.0000000000
34204  0.000  0.000  0.000 0.0000000000
34218  0.000  0.000  0.000 0.0000000000
34219  0.000  0.000  0.000 0.0000000000
34220  0.000  0.000  0.000 0.0000000000
34221  0.000  0.000  0.000 0.0000000000
34222  0.000  0.000  0.000 0.0000000000
34229  0.000  0.000  0.000 0.0000000000
34230  0.000  0.000  0.000 0.0000000000
34231  0.000  0.000  0.000 0.0000000000
34494  0.000  0.000  0.000 0.0000000000
34498  0.000  0.000  0.000 0.0000000000
34499  0.000  0.000  0.000 0.0000000000
34502  0.000  0.000  0.000 0.0000000000
34505  0.000  0.000  0.000 0.0000000000
34508  0.000  0.000  0.000 0.0000000000
34509  0.000  0.000  0.000 0.0000000000
34510  0.000  0.000  0.000 0.0000000000
34511  0.000  0.000  0.000 0.0000000000
34524  0.000  0.000  0.000 0.0000000000
34525  0.000  0.000  0.000 0.0000000000
34526  0.000  0.000  0.000 0.0000000000
34815  0.000  0.000  0.000 0.0000000000
34816  0.000  0.000  0.000 0.0000000000
34821  0.000  0.000  0.000 0.0000000000
34822  0.000  0.000  0.000 0.0000000000
34826  0.000  0.000  0.000 0.0000000000
34829  0.000  0.000  0.000 0.0000000000
34830  0.000  0.000  0.000 0.0000000000
34831  0.000  0.000  0.000 0.0000000000
34833  0.000  0.000  0.000 0.0000000000
34834  0.000  0.000  0.000 0.0000000000
34835  0.000  0.000  0.000 0.0000000000
34836  0.000  0.000  0.000 0.0000000000
35095  0.000  0.000  0.000 0.0000000000
35096  0.000  0.000  0.000 0.0000000000
35097  0.000  0.000  0.000 0.0000000000
35102  0.000  0.000  0.000 0.0000000000
35103  0.000  0.000  0.000 0.0000000000
35108  0.000  0.000  0.000 0.0000000000
35109  0.000  0.000  0.000 0.0000000000
35112  0.000  0.000  0.000 0.0000000000
35113  0.000  0.000  0.000 0.0000000000
35114  0.000  0.000  0.000 0.0000000000
35115  0.000  0.000  0.000 0.0000000000
35116  0.000  0.000  0.000 0.0000000000
35117  0.000  0.000  0.000 0.0000000000
35347  0.000  0.000  0.000 0.0000000000
35348  0.000  0.000  0.000 0.0000000000
35353  0.000  0.000  0.000 0.0000000000
35354  0.000  0.000  0.000 0.0000000000
35355  0.000  0.000  0.000 0.0000000000
35360  0.000  0.000  0.000 0.0000000000
35367  0.000  0.000  0.000 0.0000000000
35371  0.000  0.000  0.000 0.0000000000
35372  0.000  0.000  0.000 0.0000000000
35373  0.000  0.000  0.000 0.0000000000
35374  0.000  0.000  0.000 0.0000000000
35375  0.000  0.000  0.000 0.0000000000
35376  0.000  0.000  0.000 0.0000000000
35377  0.000  0.000  0.000 0.0000000000
35593  0.000  0.000  0.000 0.0000000000
35600  0.000  0.000  0.000 0.0000000000
35601  0.000  0.000  0.000 0.0000000000
35606  0.000  0.000  0.000 0.0000000000
35607  0.000  0.000  0.000 0.0000000000
35610  0.000  0.000  0.000 0.0000000000
35611  0.000  0.000  0.000 0.0000000000
35617  0.000  0.000  0.000 0.0000000000
35618  0.000  0.000  0.000 0.0000000000
35622  0.000  0.000  0.000 0.0000000000
35623  0.000  0.000  0.000 0.0000000000
35624  0.000  0.000  0.000 0.0000000000
35625  0.000  0.000  0.000 0.0000000000
35626  0.000  0.000  0.000 0.0000000000
35828  0.000  0.000  0.000 0.0000000000
35829  0.000  0.000  0.000 0.0000000000
35834  0.000  0.000  0.000 0.0000000000
35835  0.000  0.000  0.000 0.0000000000
35836  0.000  0.000  0.000 0.0000000000
35837  0.000  0.000  0.000 0.0000000000
35838  0.000  0.000  0.000 0.0000000000
35839  0.000  0.000  0.000 0.0000000000
35840  0.000  0.000  0.000 0.0000000000
35845  0.000  0.000  0.000 0.0000000000
35846  0.000  0.000  0.000 0.0000000000
35847  0.000  0.000  0.000 0.0000000000
35848  0.000  0.000  0.000 0.0000000000
35849  0.000  0.000  0.000 0.0000000000
35850  0.000  0.000  0.000 0.0000000000
35857  0.000  0.000  0.000 0.0000000000
35858  0.000  0.000  0.000 0.0000000000
35864  0.000  0.000  0.000 0.0000000000
35865  0.000  0.000  0.000 0.0000000000
35867  0.000  0.000  0.000 0.0000000000
35872  0.000  0.000  0.000 0.0000000000
35877  0.000  0.000  0.000 0.0000000000
35878  0.000  0.000  0.000 0.0000000000
35879  0.000  0.000  0.000 0.0000000000
35880  0.000  0.000  0.000 0.0000000000
36064  0.000  0.000  0.000 0.0000000000
36075  0.000  0.000  0.000 0.0000000000
36076  0.000  0.000  0.000 0.0000000000
36087  0.000  0.000  0.000 0.0000000000
36088  0.000  0.000  0.000 0.0000000000
36089  0.000  0.000  0.000 0.0000000000
36090  0.000  0.000  0.000 0.0000000000
36091  0.000  0.000  0.000 0.0000000000
36092  0.000  0.000  0.000 0.0000000000
36093  0.000  0.000  0.000 0.0000000000
36104  0.000  0.000  0.000 0.0000000000
36105  0.000  0.000  0.000 0.0000000000
36106  0.000  0.000  0.000 0.0000000000
36107  0.000  0.000  0.000 0.0000000000
36108  0.000  0.000  0.000 0.0000000000
36109  0.000  0.000  0.000 0.0000000000
36118  0.000  0.000  0.000 0.0000000000
36119  0.000  0.000  0.000 0.0000000000
36120  0.000  0.000  0.000 0.0000000000
36126  0.000  0.000  0.000 0.0000000000
36127  0.000  0.000  0.000 0.0000000000
36131  0.000  0.000  0.000 0.0000000000
36132  0.000  0.000  0.000 0.0000000000
36133  0.000  0.000  0.000 0.0000000000
36138  0.000  0.000  0.000 0.0000000000
36139  0.000  0.000  0.000 0.0000000000
36140  0.000  0.000  0.000 0.0000000000
36141  0.000  0.000  0.000 0.0000000000
36142  0.000  0.000  0.000 0.0000000000
36288  0.000  0.000  0.000 0.0000000000
36294  0.000  0.000  0.000 0.0000000000
36301  0.000  0.000  0.000 0.0000000000
36307  0.000  0.000  0.000 0.0000000000
36312  0.000  0.000  0.000 0.0000000000
36313  0.000  0.000  0.000 0.0000000000
36320  0.000  0.000  0.000 0.0000000000
36321  0.000  0.000  0.000 0.0000000000
36322  0.000  0.000  0.000 0.0000000000
36323  0.000  0.000  0.000 0.0000000000
36324  0.000  0.000  0.000 0.0000000000
36333  0.000  0.000  0.000 0.0000000000
36334  0.000  0.000  0.000 0.0000000000
36335  0.000  0.000  0.000 0.0000000000
36336  0.000  0.000  0.000 0.0000000000
36337  0.000  0.000  0.000 0.0000000000
36338  0.000  0.000  0.000 0.0000000000
36346  0.000  0.000  0.000 0.0000000000
36347  0.000  0.000  0.000 0.0000000000
36348  0.000  0.000  0.000 0.0000000000
36351  0.000  0.000  0.000 0.0000000000
36352  0.000  0.000  0.000 0.0000000000
36353  0.000  0.000  0.000 0.0000000000
36354  0.000  0.000  0.000 0.0000000000
36357  0.000  0.000  0.000 0.0000000000
36358  0.000  0.000  0.000 0.0000000000
36359  0.000  0.000  0.000 0.0000000000
36360  0.000  0.000  0.000 0.0000000000
36361  0.000  0.000  0.000 0.0000000000
36503  0.000  0.000  0.000 0.0000000000
36509  0.000  0.000  0.000 0.0000000000
36516  0.000  0.000  0.000 0.0000000000
36522  0.000  0.000  0.000 0.0000000000
36527  0.000  0.000  0.000 0.0000000000
36528  0.000  0.000  0.000 0.0000000000
36534  0.000  0.000  0.000 0.0000000000
36542  0.000  0.000  0.000 0.0000000000
36543  0.000  0.000  0.000 0.0000000000
36544  0.000  0.000  0.000 0.0000000000
36545  0.000  0.000  0.000 0.0000000000
36553  0.000  0.000  0.000 0.0000000000
36554  0.000  0.000  0.000 0.0000000000
36555  0.000  0.000  0.000 0.0000000000
36556  0.000  0.000  0.000 0.0000000000
36557  0.000  0.000  0.000 0.0000000000
36560  0.000  0.000  0.000 0.0000000000
36561  0.000  0.000  0.000 0.0000000000
36562  0.000  0.000  0.000 0.0000000000
36565  0.000  0.000  0.000 0.0000000000
36566  0.000  0.000  0.000 0.0000000000
36567  0.000  0.000  0.000 0.0000000000
36683  0.000  0.000  0.000 0.0000000000
36684  0.000  0.000  0.000 0.0000000000
36696  0.000  0.000  0.000 0.0000000000
36697  0.000  0.000  0.000 0.0000000000
36709  0.000  0.000  0.000 0.0000000000
36710  0.000  0.000  0.000 0.0000000000
36715  0.000  0.000  0.000 0.0000000000
36716  0.000  0.000  0.000 0.0000000000
36722  0.000  0.000  0.000 0.0000000000
36723  0.000  0.000  0.000 0.0000000000
36729  0.000  0.000  0.000 0.0000000000
36738  0.000  0.000  0.000 0.0000000000
36744  0.000  0.000  0.000 0.0000000000
36745  0.000  0.000  0.000 0.0000000000
36746  0.000  0.000  0.000 0.0000000000
36747  0.000  0.000  0.000 0.0000000000
36748  0.000  0.000  0.000 0.0000000000
36750  0.000  0.000  0.000 0.0000000000
36751  0.000  0.000  0.000 0.0000000000
36752  0.000  0.000  0.000 0.0000000000
36753  0.000  0.000  0.000 0.0000000000
36754  0.000  0.000  0.000 0.0000000000
36755  0.000  0.000  0.000 0.0000000000
36756  0.000  0.000  0.000 0.0000000000
36757  0.000  0.000  0.000 0.0000000000
36758  0.000  0.000  0.000 0.0000000000
36849  0.000  0.000  0.000 0.0000000000
36855  0.000  0.000  0.000 0.0000000000
36856  0.000  0.000  0.000 0.0000000000
36857  0.000  0.000  0.000 0.0000000000
36858  0.000  0.000  0.000 0.0000000000
36864  0.000  0.000  0.000 0.0000000000
36865  0.000  0.000  0.000 0.0000000000
36866  0.000  0.000  0.000 0.0000000000
36875  0.000  0.000  0.000 0.0000000000
36876  0.000  0.000  0.000 0.0000000000
36877  0.000  0.000  0.000 0.0000000000
36885  0.000  0.000  0.000 0.0000000000
36886  0.000  0.000  0.000 0.0000000000
36891  0.000  0.000  0.000 0.0000000000
36892  0.000  0.000  0.000 0.0000000000
36897  0.000  0.000  0.000 0.0000000000
36898  0.000  0.000  0.000 0.0000000000
36907  0.000  0.000  0.000 0.0000000000
36908  0.000  0.000  0.000 0.0000000000
36909  0.000  0.000  0.000 0.0000000000
36913  0.000  0.000  0.000 0.0000000000
36914  0.000  0.000  0.000 0.0000000000
36915  0.000  0.000  0.000 0.0000000000
36916  0.000  0.000  0.000 0.0000000000
36917  0.000  0.000  0.000 0.0000000000
36918  0.000  0.000  0.000 0.0000000000
36919  0.000  0.000  0.000 0.0000000000
36920  0.000  0.000  0.000 0.0000000000
36921  0.000  0.000  0.000 0.0000000000
37006  0.000  0.000  0.000 0.0000000000
37011  0.000  0.000  0.000 0.0000000000
37012  0.000  0.000  0.000 0.0000000000
37013  0.000  0.000  0.000 0.0000000000
37014  0.000  0.000  0.000 0.0000000000
37015  0.000  0.000  0.000 0.0000000000
37021  0.000  0.000  0.000 0.0000000000
37022  0.000  0.000  0.000 0.0000000000
37023  0.000  0.000  0.000 0.0000000000
37024  0.000  0.000  0.000 0.0000000000
37029  0.000  0.000  0.000 0.0000000000
37030  0.000  0.000  0.000 0.0000000000
37031  0.000  0.000  0.000 0.0000000000
37038  0.000  0.000  0.000 0.0000000000
37039  0.000  0.000  0.000 0.0000000000
37040  0.000  0.000  0.000 0.0000000000
37046  0.000  0.000  0.000 0.0000000000
37047  0.000  0.000  0.000 0.0000000000
37048  0.000  0.000  0.000 0.0000000000
37053  0.000  0.000  0.000 0.0000000000
37054  0.000  0.000  0.000 0.0000000000
37055  0.000  0.000  0.000 0.0000000000
37056  0.000  0.000  0.000 0.0000000000
37064  0.000  0.000  0.000 0.0000000000
37065  0.000  0.000  0.000 0.0000000000
37066  0.000  0.000  0.000 0.0000000000
37067  0.000  0.000  0.000 0.0000000000
37068  0.000  0.000  0.000 0.0000000000
37069  0.000  0.000  0.000 0.0000000000
37070  0.000  0.000  0.000 0.0000000000
37071  0.000  0.000  0.000 0.0000000000
37072  0.000  0.000  0.000 0.0000000000
37073  0.000  0.000  0.000 0.0000000000
37155  0.000  0.000  0.000 0.0000000000
37156  0.000  0.000  0.000 0.0000000000
37157  0.000  0.000  0.000 0.0000000000
37158  0.000  0.000  0.000 0.0000000000
37159  0.000  0.000  0.000 0.0000000000
37160  0.000  0.000  0.000 0.0000000000
37161  0.000  0.000  0.000 0.0000000000
37166  0.000  0.000  0.000 0.0000000000
37167  0.000  0.000  0.000 0.0000000000
37168  0.000  0.000  0.000 0.0000000000
37169  0.000  0.000  0.000 0.0000000000
37173  0.000  0.000  0.000 0.0000000000
37174  0.000  0.000  0.000 0.0000000000
37175  0.000  0.000  0.000 0.0000000000
37180  0.000  0.000  0.000 0.0000000000
37181  0.000  0.000  0.000 0.0000000000
37182  0.000  0.000  0.000 0.0000000000
37188  0.000  0.000  0.000 0.0000000000
37189  0.000  0.000  0.000 0.0000000000
37190  0.000  0.000  0.000 0.0000000000
37196  0.000  0.000  0.000 0.0000000000
37197  0.000  0.000  0.000 0.0000000000
37198  0.000  0.000  0.000 0.0000000000
37277  0.000  0.000  0.000 0.0000000000
37283  0.000  0.000  0.000 0.0000000000
37284  0.000  0.000  0.000 0.0000000000
37285  0.000  0.000  0.000 0.0000000000
37286  0.000  0.000  0.000 0.0000000000
37287  0.000  0.000  0.000 0.0000000000
37288  0.000  0.000  0.000 0.0000000000
37289  0.000  0.000  0.000 0.0000000000
37290  0.000  0.000  0.000 0.0000000000
37293  0.000  0.000  0.000 0.0000000000
37294  0.000  0.000  0.000 0.0000000000
37295  0.000  0.000  0.000 0.0000000000
37296  0.000  0.000  0.000 0.0000000000
37297  0.000  0.000  0.000 0.0000000000
37299  0.000  0.000  0.000 0.0000000000
37300  0.000  0.000  0.000 0.0000000000
37303  0.000  0.000  0.000 0.0000000000
37381  0.000  0.000  0.000 0.0000000000
37382  0.000  0.000  0.000 0.0000000000
37390  0.000  0.000  0.000 0.0000000000
37391  0.000  0.000  0.000 0.0000000000
37392  0.000  0.000  0.000 0.0000000000
37393  0.000  0.000  0.000 0.0000000000
37394  0.000  0.000  0.000 0.0000000000
37395  0.000  0.000  0.000 0.0000000000
37399  0.000  0.000  0.000 0.0000000000
37400  0.000  0.000  0.000 0.0000000000
37402  0.000  0.000  0.000 0.0000000000
37403  0.000  0.000  0.000 0.0000000000
37405  0.000  0.000  0.000 0.0000000000
37406  0.000  0.000  0.000 0.0000000000
37460  0.000  0.000  0.000 0.0000000000
37469  0.000  0.000  0.000 0.0000000000
37470  0.000  0.000  0.000 0.0000000000
37480  0.000  0.000  0.000 0.0000000000
37481  0.000  0.000  0.000 0.0000000000
37482  0.000  0.000  0.000 0.0000000000
37483  0.000  0.000  0.000 0.0000000000
37484  0.000  0.000  0.000 0.0000000000
37487  0.000  0.000  0.000 0.0000000000
37488  0.000  0.000  0.000 0.0000000000
37491  0.000  0.000  0.000 0.0000000000
37492  0.000  0.000  0.000 0.0000000000
37494  0.000  0.000  0.000 0.0000000000
37495  0.000  0.000  0.000 0.0000000000
37496  0.000  0.000  0.000 0.0000000000
37500  0.000  0.000  0.000 0.0000000000
37501  0.000  0.000  0.000 0.0000000000
37502  0.000  0.000  0.000 0.0000000000
37507  0.000  0.000  0.000 0.0000000000
37508  0.000  0.000  0.000 0.0000000000
37562  0.000  0.000  0.000 0.0000000000
37571  0.000  0.000  0.000 0.0000000000
37572  0.000  0.000  0.000 0.0000000000
37573  0.000  0.000  0.000 0.0000000000
37574  0.000  0.000  0.000 0.0000000000
37575  0.000  0.000  0.000 0.0000000000
37576  0.000  0.000  0.000 0.0000000000
37577  0.000  0.000  0.000 0.0000000000
37578  0.000  0.000  0.000 0.0000000000
37581  0.000  0.000  0.000 0.0000000000
37582  0.000  0.000  0.000 0.0000000000
37583  0.000  0.000  0.000 0.0000000000
37584  0.000  0.000  0.000 0.0000000000
37585  0.000  0.000  0.000 0.0000000000
37586  0.000  0.000  0.000 0.0000000000
37590  0.000  0.000  0.000 0.0000000000
37591  0.000  0.000  0.000 0.0000000000
37592  0.000  0.000  0.000 0.0000000000
