#!ascii label  , from subject colin27 vox2ras=TkReg coords=white
39
12706  0.000  0.000  0.000 0.0000000000
12707  0.000  0.000  0.000 0.0000000000
12713  0.000  0.000  0.000 0.0000000000
12714  0.000  0.000  0.000 0.0000000000
12715  0.000  0.000  0.000 0.0000000000
12716  0.000  0.000  0.000 0.0000000000
12723  0.000  0.000  0.000 0.0000000000
12724  0.000  0.000  0.000 0.0000000000
12725  0.000  0.000  0.000 0.0000000000
12731  0.000  0.000  0.000 0.0000000000
12732  0.000  0.000  0.000 0.0000000000
12733  0.000  0.000  0.000 0.0000000000
12739  0.000  0.000  0.000 0.0000000000
12740  0.000  0.000  0.000 0.0000000000
12741  0.000  0.000  0.000 0.0000000000
12872  0.000  0.000  0.000 0.0000000000
12873  0.000  0.000  0.000 0.0000000000
12874  0.000  0.000  0.000 0.0000000000
12881  0.000  0.000  0.000 0.0000000000
12882  0.000  0.000  0.000 0.0000000000
12883  0.000  0.000  0.000 0.0000000000
12884  0.000  0.000  0.000 0.0000000000
12885  0.000  0.000  0.000 0.0000000000
12886  0.000  0.000  0.000 0.0000000000
12891  0.000  0.000  0.000 0.0000000000
12892  0.000  0.000  0.000 0.0000000000
12898  0.000  0.000  0.000 0.0000000000
12899  0.000  0.000  0.000 0.0000000000
12908  0.000  0.000  0.000 0.0000000000
12909  0.000  0.000  0.000 0.0000000000
13052  0.000  0.000  0.000 0.0000000000
13053  0.000  0.000  0.000 0.0000000000
13054  0.000  0.000  0.000 0.0000000000
13066  0.000  0.000  0.000 0.0000000000
13067  0.000  0.000  0.000 0.0000000000
13258  0.000  0.000  0.000 0.0000000000
13259  0.000  0.000  0.000 0.0000000000
13272  0.000  0.000  0.000 0.0000000000
13273  0.000  0.000  0.000 0.0000000000
