#!ascii label  , from subject colin27 vox2ras=TkReg coords=white
49
11090  0.000  0.000  0.000 0.0000000000
11102  0.000  0.000  0.000 0.0000000000
11103  0.000  0.000  0.000 0.0000000000
11114  0.000  0.000  0.000 0.0000000000
11124  0.000  0.000  0.000 0.0000000000
11295  0.000  0.000  0.000 0.0000000000
11296  0.000  0.000  0.000 0.0000000000
11306  0.000  0.000  0.000 0.0000000000
11307  0.000  0.000  0.000 0.0000000000
11308  0.000  0.000  0.000 0.0000000000
11318  0.000  0.000  0.000 0.0000000000
11319  0.000  0.000  0.000 0.0000000000
11320  0.000  0.000  0.000 0.0000000000
11328  0.000  0.000  0.000 0.0000000000
11329  0.000  0.000  0.000 0.0000000000
11330  0.000  0.000  0.000 0.0000000000
11464  0.000  0.000  0.000 0.0000000000
11472  0.000  0.000  0.000 0.0000000000
11473  0.000  0.000  0.000 0.0000000000
11474  0.000  0.000  0.000 0.0000000000
11484  0.000  0.000  0.000 0.0000000000
11485  0.000  0.000  0.000 0.0000000000
11486  0.000  0.000  0.000 0.0000000000
11492  0.000  0.000  0.000 0.0000000000
11493  0.000  0.000  0.000 0.0000000000
11494  0.000  0.000  0.000 0.0000000000
11636  0.000  0.000  0.000 0.0000000000
11637  0.000  0.000  0.000 0.0000000000
11638  0.000  0.000  0.000 0.0000000000
11653  0.000  0.000  0.000 0.0000000000
11654  0.000  0.000  0.000 0.0000000000
11666  0.000  0.000  0.000 0.0000000000
11667  0.000  0.000  0.000 0.0000000000
11678  0.000  0.000  0.000 0.0000000000
11679  0.000  0.000  0.000 0.0000000000
11830  0.000  0.000  0.000 0.0000000000
11831  0.000  0.000  0.000 0.0000000000
11845  0.000  0.000  0.000 0.0000000000
11846  0.000  0.000  0.000 0.0000000000
11858  0.000  0.000  0.000 0.0000000000
11859  0.000  0.000  0.000 0.0000000000
11873  0.000  0.000  0.000 0.0000000000
11874  0.000  0.000  0.000 0.0000000000
11875  0.000  0.000  0.000 0.0000000000
11889  0.000  0.000  0.000 0.0000000000
11890  0.000  0.000  0.000 0.0000000000
12088  0.000  0.000  0.000 0.0000000000
12089  0.000  0.000  0.000 0.0000000000
12101  0.000  0.000  0.000 0.0000000000
