#!ascii label  , from subject colin27 vox2ras=TkReg coords=white
96
10903  0.000  0.000  0.000 0.0000000000
10904  0.000  0.000  0.000 0.0000000000
10909  0.000  0.000  0.000 0.0000000000
10910  0.000  0.000  0.000 0.0000000000
10911  0.000  0.000  0.000 0.0000000000
10912  0.000  0.000  0.000 0.0000000000
11118  0.000  0.000  0.000 0.0000000000
11119  0.000  0.000  0.000 0.0000000000
11128  0.000  0.000  0.000 0.0000000000
11129  0.000  0.000  0.000 0.0000000000
11136  0.000  0.000  0.000 0.0000000000
11137  0.000  0.000  0.000 0.0000000000
11141  0.000  0.000  0.000 0.0000000000
11142  0.000  0.000  0.000 0.0000000000
11143  0.000  0.000  0.000 0.0000000000
11147  0.000  0.000  0.000 0.0000000000
11312  0.000  0.000  0.000 0.0000000000
11313  0.000  0.000  0.000 0.0000000000
11322  0.000  0.000  0.000 0.0000000000
11323  0.000  0.000  0.000 0.0000000000
11324  0.000  0.000  0.000 0.0000000000
11332  0.000  0.000  0.000 0.0000000000
11333  0.000  0.000  0.000 0.0000000000
11335  0.000  0.000  0.000 0.0000000000
11336  0.000  0.000  0.000 0.0000000000
11339  0.000  0.000  0.000 0.0000000000
11340  0.000  0.000  0.000 0.0000000000
11341  0.000  0.000  0.000 0.0000000000
11344  0.000  0.000  0.000 0.0000000000
11345  0.000  0.000  0.000 0.0000000000
11478  0.000  0.000  0.000 0.0000000000
11479  0.000  0.000  0.000 0.0000000000
11488  0.000  0.000  0.000 0.0000000000
11489  0.000  0.000  0.000 0.0000000000
11496  0.000  0.000  0.000 0.0000000000
11497  0.000  0.000  0.000 0.0000000000
11501  0.000  0.000  0.000 0.0000000000
11502  0.000  0.000  0.000 0.0000000000
11503  0.000  0.000  0.000 0.0000000000
11506  0.000  0.000  0.000 0.0000000000
11507  0.000  0.000  0.000 0.0000000000
11508  0.000  0.000  0.000 0.0000000000
11511  0.000  0.000  0.000 0.0000000000
11512  0.000  0.000  0.000 0.0000000000
11513  0.000  0.000  0.000 0.0000000000
11648  0.000  0.000  0.000 0.0000000000
11649  0.000  0.000  0.000 0.0000000000
11650  0.000  0.000  0.000 0.0000000000
11659  0.000  0.000  0.000 0.0000000000
11660  0.000  0.000  0.000 0.0000000000
11661  0.000  0.000  0.000 0.0000000000
11673  0.000  0.000  0.000 0.0000000000
11674  0.000  0.000  0.000 0.0000000000
11685  0.000  0.000  0.000 0.0000000000
11686  0.000  0.000  0.000 0.0000000000
11691  0.000  0.000  0.000 0.0000000000
11692  0.000  0.000  0.000 0.0000000000
11697  0.000  0.000  0.000 0.0000000000
11843  0.000  0.000  0.000 0.0000000000
11853  0.000  0.000  0.000 0.0000000000
11854  0.000  0.000  0.000 0.0000000000
11855  0.000  0.000  0.000 0.0000000000
11867  0.000  0.000  0.000 0.0000000000
11868  0.000  0.000  0.000 0.0000000000
11869  0.000  0.000  0.000 0.0000000000
11883  0.000  0.000  0.000 0.0000000000
11884  0.000  0.000  0.000 0.0000000000
11885  0.000  0.000  0.000 0.0000000000
11899  0.000  0.000  0.000 0.0000000000
11900  0.000  0.000  0.000 0.0000000000
11909  0.000  0.000  0.000 0.0000000000
12085  0.000  0.000  0.000 0.0000000000
12086  0.000  0.000  0.000 0.0000000000
12087  0.000  0.000  0.000 0.0000000000
12096  0.000  0.000  0.000 0.0000000000
12097  0.000  0.000  0.000 0.0000000000
12098  0.000  0.000  0.000 0.0000000000
12099  0.000  0.000  0.000 0.0000000000
12100  0.000  0.000  0.000 0.0000000000
12106  0.000  0.000  0.000 0.0000000000
12107  0.000  0.000  0.000 0.0000000000
12108  0.000  0.000  0.000 0.0000000000
12109  0.000  0.000  0.000 0.0000000000
12110  0.000  0.000  0.000 0.0000000000
12111  0.000  0.000  0.000 0.0000000000
12123  0.000  0.000  0.000 0.0000000000
12124  0.000  0.000  0.000 0.0000000000
12125  0.000  0.000  0.000 0.0000000000
12315  0.000  0.000  0.000 0.0000000000
12316  0.000  0.000  0.000 0.0000000000
12317  0.000  0.000  0.000 0.0000000000
12318  0.000  0.000  0.000 0.0000000000
12323  0.000  0.000  0.000 0.0000000000
12324  0.000  0.000  0.000 0.0000000000
12325  0.000  0.000  0.000 0.0000000000
12326  0.000  0.000  0.000 0.0000000000
