#!ascii label  , from subject colin27 vox2ras=TkReg coords=white
171
7767  0.000  0.000  0.000 0.0000000000
7768  0.000  0.000  0.000 0.0000000000
7769  0.000  0.000  0.000 0.0000000000
7775  0.000  0.000  0.000 0.0000000000
7776  0.000  0.000  0.000 0.0000000000
8052  0.000  0.000  0.000 0.0000000000
8053  0.000  0.000  0.000 0.0000000000
8064  0.000  0.000  0.000 0.0000000000
8065  0.000  0.000  0.000 0.0000000000
8075  0.000  0.000  0.000 0.0000000000
8076  0.000  0.000  0.000 0.0000000000
8077  0.000  0.000  0.000 0.0000000000
8078  0.000  0.000  0.000 0.0000000000
8085  0.000  0.000  0.000 0.0000000000
8086  0.000  0.000  0.000 0.0000000000
8087  0.000  0.000  0.000 0.0000000000
8088  0.000  0.000  0.000 0.0000000000
8447  0.000  0.000  0.000 0.0000000000
8448  0.000  0.000  0.000 0.0000000000
8456  0.000  0.000  0.000 0.0000000000
8463  0.000  0.000  0.000 0.0000000000
8464  0.000  0.000  0.000 0.0000000000
8472  0.000  0.000  0.000 0.0000000000
8473  0.000  0.000  0.000 0.0000000000
8474  0.000  0.000  0.000 0.0000000000
8475  0.000  0.000  0.000 0.0000000000
8476  0.000  0.000  0.000 0.0000000000
8491  0.000  0.000  0.000 0.0000000000
8492  0.000  0.000  0.000 0.0000000000
8493  0.000  0.000  0.000 0.0000000000
8788  0.000  0.000  0.000 0.0000000000
8795  0.000  0.000  0.000 0.0000000000
8806  0.000  0.000  0.000 0.0000000000
8818  0.000  0.000  0.000 0.0000000000
8819  0.000  0.000  0.000 0.0000000000
8820  0.000  0.000  0.000 0.0000000000
8821  0.000  0.000  0.000 0.0000000000
8822  0.000  0.000  0.000 0.0000000000
8833  0.000  0.000  0.000 0.0000000000
8834  0.000  0.000  0.000 0.0000000000
8835  0.000  0.000  0.000 0.0000000000
8836  0.000  0.000  0.000 0.0000000000
9104  0.000  0.000  0.000 0.0000000000
9105  0.000  0.000  0.000 0.0000000000
9122  0.000  0.000  0.000 0.0000000000
9123  0.000  0.000  0.000 0.0000000000
9124  0.000  0.000  0.000 0.0000000000
9125  0.000  0.000  0.000 0.0000000000
9126  0.000  0.000  0.000 0.0000000000
9127  0.000  0.000  0.000 0.0000000000
9141  0.000  0.000  0.000 0.0000000000
9142  0.000  0.000  0.000 0.0000000000
9143  0.000  0.000  0.000 0.0000000000
9144  0.000  0.000  0.000 0.0000000000
9145  0.000  0.000  0.000 0.0000000000
9146  0.000  0.000  0.000 0.0000000000
9147  0.000  0.000  0.000 0.0000000000
9464  0.000  0.000  0.000 0.0000000000
9483  0.000  0.000  0.000 0.0000000000
9484  0.000  0.000  0.000 0.0000000000
9485  0.000  0.000  0.000 0.0000000000
9486  0.000  0.000  0.000 0.0000000000
9487  0.000  0.000  0.000 0.0000000000
9488  0.000  0.000  0.000 0.0000000000
9489  0.000  0.000  0.000 0.0000000000
9504  0.000  0.000  0.000 0.0000000000
9505  0.000  0.000  0.000 0.0000000000
9506  0.000  0.000  0.000 0.0000000000
9507  0.000  0.000  0.000 0.0000000000
9508  0.000  0.000  0.000 0.0000000000
9509  0.000  0.000  0.000 0.0000000000
9522  0.000  0.000  0.000 0.0000000000
9523  0.000  0.000  0.000 0.0000000000
9524  0.000  0.000  0.000 0.0000000000
9525  0.000  0.000  0.000 0.0000000000
9846  0.000  0.000  0.000 0.0000000000
9847  0.000  0.000  0.000 0.0000000000
9856  0.000  0.000  0.000 0.0000000000
9857  0.000  0.000  0.000 0.0000000000
9883  0.000  0.000  0.000 0.0000000000
9884  0.000  0.000  0.000 0.0000000000
9885  0.000  0.000  0.000 0.0000000000
9895  0.000  0.000  0.000 0.0000000000
9896  0.000  0.000  0.000 0.0000000000
9897  0.000  0.000  0.000 0.0000000000
9909  0.000  0.000  0.000 0.0000000000
9910  0.000  0.000  0.000 0.0000000000
9911  0.000  0.000  0.000 0.0000000000
9912  0.000  0.000  0.000 0.0000000000
9924  0.000  0.000  0.000 0.0000000000
9925  0.000  0.000  0.000 0.0000000000
10205  0.000  0.000  0.000 0.0000000000
10206  0.000  0.000  0.000 0.0000000000
10211  0.000  0.000  0.000 0.0000000000
10212  0.000  0.000  0.000 0.0000000000
10213  0.000  0.000  0.000 0.0000000000
10219  0.000  0.000  0.000 0.0000000000
10220  0.000  0.000  0.000 0.0000000000
10221  0.000  0.000  0.000 0.0000000000
10222  0.000  0.000  0.000 0.0000000000
10231  0.000  0.000  0.000 0.0000000000
10232  0.000  0.000  0.000 0.0000000000
10233  0.000  0.000  0.000 0.0000000000
10234  0.000  0.000  0.000 0.0000000000
10235  0.000  0.000  0.000 0.0000000000
10247  0.000  0.000  0.000 0.0000000000
10248  0.000  0.000  0.000 0.0000000000
10249  0.000  0.000  0.000 0.0000000000
10250  0.000  0.000  0.000 0.0000000000
10251  0.000  0.000  0.000 0.0000000000
10262  0.000  0.000  0.000 0.0000000000
10263  0.000  0.000  0.000 0.0000000000
10264  0.000  0.000  0.000 0.0000000000
10265  0.000  0.000  0.000 0.0000000000
10266  0.000  0.000  0.000 0.0000000000
10277  0.000  0.000  0.000 0.0000000000
10278  0.000  0.000  0.000 0.0000000000
10279  0.000  0.000  0.000 0.0000000000
10280  0.000  0.000  0.000 0.0000000000
10290  0.000  0.000  0.000 0.0000000000
10291  0.000  0.000  0.000 0.0000000000
10292  0.000  0.000  0.000 0.0000000000
10295  0.000  0.000  0.000 0.0000000000
10296  0.000  0.000  0.000 0.0000000000
10297  0.000  0.000  0.000 0.0000000000
10298  0.000  0.000  0.000 0.0000000000
10307  0.000  0.000  0.000 0.0000000000
10308  0.000  0.000  0.000 0.0000000000
10545  0.000  0.000  0.000 0.0000000000
10546  0.000  0.000  0.000 0.0000000000
10587  0.000  0.000  0.000 0.0000000000
10588  0.000  0.000  0.000 0.0000000000
10600  0.000  0.000  0.000 0.0000000000
10601  0.000  0.000  0.000 0.0000000000
10612  0.000  0.000  0.000 0.0000000000
10621  0.000  0.000  0.000 0.0000000000
10622  0.000  0.000  0.000 0.0000000000
10623  0.000  0.000  0.000 0.0000000000
10629  0.000  0.000  0.000 0.0000000000
10630  0.000  0.000  0.000 0.0000000000
10631  0.000  0.000  0.000 0.0000000000
10869  0.000  0.000  0.000 0.0000000000
10882  0.000  0.000  0.000 0.0000000000
10892  0.000  0.000  0.000 0.0000000000
10901  0.000  0.000  0.000 0.0000000000
10902  0.000  0.000  0.000 0.0000000000
10906  0.000  0.000  0.000 0.0000000000
10907  0.000  0.000  0.000 0.0000000000
10913  0.000  0.000  0.000 0.0000000000
11106  0.000  0.000  0.000 0.0000000000
11117  0.000  0.000  0.000 0.0000000000
11127  0.000  0.000  0.000 0.0000000000
11134  0.000  0.000  0.000 0.0000000000
11135  0.000  0.000  0.000 0.0000000000
11138  0.000  0.000  0.000 0.0000000000
11139  0.000  0.000  0.000 0.0000000000
11140  0.000  0.000  0.000 0.0000000000
11144  0.000  0.000  0.000 0.0000000000
11145  0.000  0.000  0.000 0.0000000000
11146  0.000  0.000  0.000 0.0000000000
11309  0.000  0.000  0.000 0.0000000000
11334  0.000  0.000  0.000 0.0000000000
11337  0.000  0.000  0.000 0.0000000000
11338  0.000  0.000  0.000 0.0000000000
11342  0.000  0.000  0.000 0.0000000000
11343  0.000  0.000  0.000 0.0000000000
11500  0.000  0.000  0.000 0.0000000000
11504  0.000  0.000  0.000 0.0000000000
11505  0.000  0.000  0.000 0.0000000000
11509  0.000  0.000  0.000 0.0000000000
11510  0.000  0.000  0.000 0.0000000000
