#!ascii label  , from subject colin27 vox2ras=TkReg coords=white
262
7043  0.000  0.000  0.000 0.0000000000
7044  0.000  0.000  0.000 0.0000000000
7048  0.000  0.000  0.000 0.0000000000
7049  0.000  0.000  0.000 0.0000000000
7050  0.000  0.000  0.000 0.0000000000
7393  0.000  0.000  0.000 0.0000000000
7394  0.000  0.000  0.000 0.0000000000
7395  0.000  0.000  0.000 0.0000000000
7396  0.000  0.000  0.000 0.0000000000
7397  0.000  0.000  0.000 0.0000000000
7398  0.000  0.000  0.000 0.0000000000
7399  0.000  0.000  0.000 0.0000000000
7400  0.000  0.000  0.000 0.0000000000
7401  0.000  0.000  0.000 0.0000000000
7406  0.000  0.000  0.000 0.0000000000
7407  0.000  0.000  0.000 0.0000000000
7408  0.000  0.000  0.000 0.0000000000
7409  0.000  0.000  0.000 0.0000000000
7410  0.000  0.000  0.000 0.0000000000
7411  0.000  0.000  0.000 0.0000000000
7412  0.000  0.000  0.000 0.0000000000
7413  0.000  0.000  0.000 0.0000000000
7414  0.000  0.000  0.000 0.0000000000
7415  0.000  0.000  0.000 0.0000000000
7416  0.000  0.000  0.000 0.0000000000
7417  0.000  0.000  0.000 0.0000000000
7418  0.000  0.000  0.000 0.0000000000
7419  0.000  0.000  0.000 0.0000000000
7420  0.000  0.000  0.000 0.0000000000
7423  0.000  0.000  0.000 0.0000000000
7424  0.000  0.000  0.000 0.0000000000
7425  0.000  0.000  0.000 0.0000000000
7426  0.000  0.000  0.000 0.0000000000
7427  0.000  0.000  0.000 0.0000000000
7428  0.000  0.000  0.000 0.0000000000
7429  0.000  0.000  0.000 0.0000000000
7430  0.000  0.000  0.000 0.0000000000
7431  0.000  0.000  0.000 0.0000000000
7432  0.000  0.000  0.000 0.0000000000
7433  0.000  0.000  0.000 0.0000000000
7434  0.000  0.000  0.000 0.0000000000
7435  0.000  0.000  0.000 0.0000000000
7436  0.000  0.000  0.000 0.0000000000
7437  0.000  0.000  0.000 0.0000000000
7438  0.000  0.000  0.000 0.0000000000
7451  0.000  0.000  0.000 0.0000000000
7452  0.000  0.000  0.000 0.0000000000
7453  0.000  0.000  0.000 0.0000000000
7454  0.000  0.000  0.000 0.0000000000
7455  0.000  0.000  0.000 0.0000000000
7456  0.000  0.000  0.000 0.0000000000
7457  0.000  0.000  0.000 0.0000000000
7458  0.000  0.000  0.000 0.0000000000
7459  0.000  0.000  0.000 0.0000000000
7460  0.000  0.000  0.000 0.0000000000
7461  0.000  0.000  0.000 0.0000000000
7462  0.000  0.000  0.000 0.0000000000
7463  0.000  0.000  0.000 0.0000000000
7464  0.000  0.000  0.000 0.0000000000
7472  0.000  0.000  0.000 0.0000000000
7473  0.000  0.000  0.000 0.0000000000
7474  0.000  0.000  0.000 0.0000000000
7475  0.000  0.000  0.000 0.0000000000
7476  0.000  0.000  0.000 0.0000000000
7477  0.000  0.000  0.000 0.0000000000
7478  0.000  0.000  0.000 0.0000000000
7479  0.000  0.000  0.000 0.0000000000
7480  0.000  0.000  0.000 0.0000000000
7481  0.000  0.000  0.000 0.0000000000
7487  0.000  0.000  0.000 0.0000000000
7488  0.000  0.000  0.000 0.0000000000
7489  0.000  0.000  0.000 0.0000000000
7490  0.000  0.000  0.000 0.0000000000
7491  0.000  0.000  0.000 0.0000000000
7492  0.000  0.000  0.000 0.0000000000
7493  0.000  0.000  0.000 0.0000000000
7499  0.000  0.000  0.000 0.0000000000
7500  0.000  0.000  0.000 0.0000000000
7501  0.000  0.000  0.000 0.0000000000
7736  0.000  0.000  0.000 0.0000000000
7737  0.000  0.000  0.000 0.0000000000
7738  0.000  0.000  0.000 0.0000000000
7739  0.000  0.000  0.000 0.0000000000
7740  0.000  0.000  0.000 0.0000000000
7741  0.000  0.000  0.000 0.0000000000
7742  0.000  0.000  0.000 0.0000000000
7743  0.000  0.000  0.000 0.0000000000
7755  0.000  0.000  0.000 0.0000000000
7756  0.000  0.000  0.000 0.0000000000
7757  0.000  0.000  0.000 0.0000000000
7758  0.000  0.000  0.000 0.0000000000
7759  0.000  0.000  0.000 0.0000000000
7770  0.000  0.000  0.000 0.0000000000
7771  0.000  0.000  0.000 0.0000000000
7772  0.000  0.000  0.000 0.0000000000
7777  0.000  0.000  0.000 0.0000000000
7778  0.000  0.000  0.000 0.0000000000
7779  0.000  0.000  0.000 0.0000000000
7780  0.000  0.000  0.000 0.0000000000
7781  0.000  0.000  0.000 0.0000000000
7782  0.000  0.000  0.000 0.0000000000
7783  0.000  0.000  0.000 0.0000000000
7784  0.000  0.000  0.000 0.0000000000
7785  0.000  0.000  0.000 0.0000000000
7786  0.000  0.000  0.000 0.0000000000
7790  0.000  0.000  0.000 0.0000000000
7791  0.000  0.000  0.000 0.0000000000
7792  0.000  0.000  0.000 0.0000000000
7793  0.000  0.000  0.000 0.0000000000
7794  0.000  0.000  0.000 0.0000000000
7795  0.000  0.000  0.000 0.0000000000
7796  0.000  0.000  0.000 0.0000000000
7797  0.000  0.000  0.000 0.0000000000
7800  0.000  0.000  0.000 0.0000000000
7801  0.000  0.000  0.000 0.0000000000
8054  0.000  0.000  0.000 0.0000000000
8089  0.000  0.000  0.000 0.0000000000
8090  0.000  0.000  0.000 0.0000000000
8091  0.000  0.000  0.000 0.0000000000
8092  0.000  0.000  0.000 0.0000000000
8093  0.000  0.000  0.000 0.0000000000
8094  0.000  0.000  0.000 0.0000000000
8101  0.000  0.000  0.000 0.0000000000
8102  0.000  0.000  0.000 0.0000000000
8103  0.000  0.000  0.000 0.0000000000
8104  0.000  0.000  0.000 0.0000000000
8105  0.000  0.000  0.000 0.0000000000
8106  0.000  0.000  0.000 0.0000000000
8107  0.000  0.000  0.000 0.0000000000
8108  0.000  0.000  0.000 0.0000000000
8113  0.000  0.000  0.000 0.0000000000
8465  0.000  0.000  0.000 0.0000000000
8466  0.000  0.000  0.000 0.0000000000
8467  0.000  0.000  0.000 0.0000000000
8468  0.000  0.000  0.000 0.0000000000
8477  0.000  0.000  0.000 0.0000000000
8478  0.000  0.000  0.000 0.0000000000
8479  0.000  0.000  0.000 0.0000000000
8480  0.000  0.000  0.000 0.0000000000
8481  0.000  0.000  0.000 0.0000000000
8482  0.000  0.000  0.000 0.0000000000
8483  0.000  0.000  0.000 0.0000000000
8484  0.000  0.000  0.000 0.0000000000
8485  0.000  0.000  0.000 0.0000000000
8486  0.000  0.000  0.000 0.0000000000
8494  0.000  0.000  0.000 0.0000000000
8495  0.000  0.000  0.000 0.0000000000
8496  0.000  0.000  0.000 0.0000000000
8497  0.000  0.000  0.000 0.0000000000
8498  0.000  0.000  0.000 0.0000000000
8499  0.000  0.000  0.000 0.0000000000
8807  0.000  0.000  0.000 0.0000000000
8808  0.000  0.000  0.000 0.0000000000
8809  0.000  0.000  0.000 0.0000000000
8810  0.000  0.000  0.000 0.0000000000
8811  0.000  0.000  0.000 0.0000000000
8812  0.000  0.000  0.000 0.0000000000
8813  0.000  0.000  0.000 0.0000000000
8823  0.000  0.000  0.000 0.0000000000
8824  0.000  0.000  0.000 0.0000000000
8825  0.000  0.000  0.000 0.0000000000
8826  0.000  0.000  0.000 0.0000000000
8827  0.000  0.000  0.000 0.0000000000
8828  0.000  0.000  0.000 0.0000000000
8829  0.000  0.000  0.000 0.0000000000
8830  0.000  0.000  0.000 0.0000000000
8837  0.000  0.000  0.000 0.0000000000
8838  0.000  0.000  0.000 0.0000000000
9106  0.000  0.000  0.000 0.0000000000
9107  0.000  0.000  0.000 0.0000000000
9108  0.000  0.000  0.000 0.0000000000
9109  0.000  0.000  0.000 0.0000000000
9110  0.000  0.000  0.000 0.0000000000
9111  0.000  0.000  0.000 0.0000000000
9112  0.000  0.000  0.000 0.0000000000
9128  0.000  0.000  0.000 0.0000000000
9129  0.000  0.000  0.000 0.0000000000
9130  0.000  0.000  0.000 0.0000000000
9131  0.000  0.000  0.000 0.0000000000
9132  0.000  0.000  0.000 0.0000000000
9133  0.000  0.000  0.000 0.0000000000
9134  0.000  0.000  0.000 0.0000000000
9135  0.000  0.000  0.000 0.0000000000
9136  0.000  0.000  0.000 0.0000000000
9148  0.000  0.000  0.000 0.0000000000
9149  0.000  0.000  0.000 0.0000000000
9465  0.000  0.000  0.000 0.0000000000
9466  0.000  0.000  0.000 0.0000000000
9467  0.000  0.000  0.000 0.0000000000
9468  0.000  0.000  0.000 0.0000000000
9469  0.000  0.000  0.000 0.0000000000
9470  0.000  0.000  0.000 0.0000000000
9471  0.000  0.000  0.000 0.0000000000
9472  0.000  0.000  0.000 0.0000000000
9490  0.000  0.000  0.000 0.0000000000
9491  0.000  0.000  0.000 0.0000000000
9492  0.000  0.000  0.000 0.0000000000
9493  0.000  0.000  0.000 0.0000000000
9494  0.000  0.000  0.000 0.0000000000
9495  0.000  0.000  0.000 0.0000000000
9496  0.000  0.000  0.000 0.0000000000
9510  0.000  0.000  0.000 0.0000000000
9511  0.000  0.000  0.000 0.0000000000
9512  0.000  0.000  0.000 0.0000000000
9513  0.000  0.000  0.000 0.0000000000
9514  0.000  0.000  0.000 0.0000000000
9526  0.000  0.000  0.000 0.0000000000
9886  0.000  0.000  0.000 0.0000000000
9887  0.000  0.000  0.000 0.0000000000
9898  0.000  0.000  0.000 0.0000000000
9899  0.000  0.000  0.000 0.0000000000
9900  0.000  0.000  0.000 0.0000000000
9901  0.000  0.000  0.000 0.0000000000
9913  0.000  0.000  0.000 0.0000000000
9914  0.000  0.000  0.000 0.0000000000
9915  0.000  0.000  0.000 0.0000000000
9926  0.000  0.000  0.000 0.0000000000
9927  0.000  0.000  0.000 0.0000000000
9928  0.000  0.000  0.000 0.0000000000
10299  0.000  0.000  0.000 0.0000000000
10300  0.000  0.000  0.000 0.0000000000
10309  0.000  0.000  0.000 0.0000000000
10632  0.000  0.000  0.000 0.0000000000
10908  0.000  0.000  0.000 0.0000000000
10914  0.000  0.000  0.000 0.0000000000
10915  0.000  0.000  0.000 0.0000000000
6613  0.000  0.000  0.000 0.0000000000
6614  0.000  0.000  0.000 0.0000000000
6615  0.000  0.000  0.000 0.0000000000
6616  0.000  0.000  0.000 0.0000000000
6617  0.000  0.000  0.000 0.0000000000
6623  0.000  0.000  0.000 0.0000000000
7008  0.000  0.000  0.000 0.0000000000
7009  0.000  0.000  0.000 0.0000000000
7010  0.000  0.000  0.000 0.0000000000
7011  0.000  0.000  0.000 0.0000000000
7012  0.000  0.000  0.000 0.0000000000
7017  0.000  0.000  0.000 0.0000000000
7018  0.000  0.000  0.000 0.0000000000
7019  0.000  0.000  0.000 0.0000000000
7020  0.000  0.000  0.000 0.0000000000
7021  0.000  0.000  0.000 0.0000000000
7022  0.000  0.000  0.000 0.0000000000
7023  0.000  0.000  0.000 0.0000000000
7024  0.000  0.000  0.000 0.0000000000
7025  0.000  0.000  0.000 0.0000000000
7026  0.000  0.000  0.000 0.0000000000
7032  0.000  0.000  0.000 0.0000000000
7033  0.000  0.000  0.000 0.0000000000
7034  0.000  0.000  0.000 0.0000000000
7035  0.000  0.000  0.000 0.0000000000
7383  0.000  0.000  0.000 0.0000000000
7384  0.000  0.000  0.000 0.0000000000
7385  0.000  0.000  0.000 0.0000000000
7386  0.000  0.000  0.000 0.0000000000
7387  0.000  0.000  0.000 0.0000000000
7388  0.000  0.000  0.000 0.0000000000
7389  0.000  0.000  0.000 0.0000000000
7390  0.000  0.000  0.000 0.0000000000
7391  0.000  0.000  0.000 0.0000000000
7402  0.000  0.000  0.000 0.0000000000
7403  0.000  0.000  0.000 0.0000000000
