#!ascii label  , from subject colin27 vox2ras=TkReg coords=white
423
3306  0.000  0.000  0.000 0.0000000000
3310  0.000  0.000  0.000 0.0000000000
3312  0.000  0.000  0.000 0.0000000000
3404  0.000  0.000  0.000 0.0000000000
3407  0.000  0.000  0.000 0.0000000000
3411  0.000  0.000  0.000 0.0000000000
3412  0.000  0.000  0.000 0.0000000000
3414  0.000  0.000  0.000 0.0000000000
3416  0.000  0.000  0.000 0.0000000000
3472  0.000  0.000  0.000 0.0000000000
3477  0.000  0.000  0.000 0.0000000000
3479  0.000  0.000  0.000 0.0000000000
3482  0.000  0.000  0.000 0.0000000000
3483  0.000  0.000  0.000 0.0000000000
3484  0.000  0.000  0.000 0.0000000000
3485  0.000  0.000  0.000 0.0000000000
3486  0.000  0.000  0.000 0.0000000000
3487  0.000  0.000  0.000 0.0000000000
3488  0.000  0.000  0.000 0.0000000000
3490  0.000  0.000  0.000 0.0000000000
3491  0.000  0.000  0.000 0.0000000000
3494  0.000  0.000  0.000 0.0000000000
3495  0.000  0.000  0.000 0.0000000000
3498  0.000  0.000  0.000 0.0000000000
3546  0.000  0.000  0.000 0.0000000000
3547  0.000  0.000  0.000 0.0000000000
3548  0.000  0.000  0.000 0.0000000000
3549  0.000  0.000  0.000 0.0000000000
3550  0.000  0.000  0.000 0.0000000000
3551  0.000  0.000  0.000 0.0000000000
3552  0.000  0.000  0.000 0.0000000000
3553  0.000  0.000  0.000 0.0000000000
3554  0.000  0.000  0.000 0.0000000000
3555  0.000  0.000  0.000 0.0000000000
3556  0.000  0.000  0.000 0.0000000000
3557  0.000  0.000  0.000 0.0000000000
3558  0.000  0.000  0.000 0.0000000000
3559  0.000  0.000  0.000 0.0000000000
3560  0.000  0.000  0.000 0.0000000000
3561  0.000  0.000  0.000 0.0000000000
3562  0.000  0.000  0.000 0.0000000000
3563  0.000  0.000  0.000 0.0000000000
3564  0.000  0.000  0.000 0.0000000000
3565  0.000  0.000  0.000 0.0000000000
3566  0.000  0.000  0.000 0.0000000000
3569  0.000  0.000  0.000 0.0000000000
3570  0.000  0.000  0.000 0.0000000000
3573  0.000  0.000  0.000 0.0000000000
3574  0.000  0.000  0.000 0.0000000000
3577  0.000  0.000  0.000 0.0000000000
3578  0.000  0.000  0.000 0.0000000000
3580  0.000  0.000  0.000 0.0000000000
3581  0.000  0.000  0.000 0.0000000000
3582  0.000  0.000  0.000 0.0000000000
3583  0.000  0.000  0.000 0.0000000000
3584  0.000  0.000  0.000 0.0000000000
3585  0.000  0.000  0.000 0.0000000000
3586  0.000  0.000  0.000 0.0000000000
3623  0.000  0.000  0.000 0.0000000000
3624  0.000  0.000  0.000 0.0000000000
3625  0.000  0.000  0.000 0.0000000000
3626  0.000  0.000  0.000 0.0000000000
3627  0.000  0.000  0.000 0.0000000000
3628  0.000  0.000  0.000 0.0000000000
3629  0.000  0.000  0.000 0.0000000000
3630  0.000  0.000  0.000 0.0000000000
3631  0.000  0.000  0.000 0.0000000000
3632  0.000  0.000  0.000 0.0000000000
3633  0.000  0.000  0.000 0.0000000000
3634  0.000  0.000  0.000 0.0000000000
3635  0.000  0.000  0.000 0.0000000000
3636  0.000  0.000  0.000 0.0000000000
3637  0.000  0.000  0.000 0.0000000000
3638  0.000  0.000  0.000 0.0000000000
3639  0.000  0.000  0.000 0.0000000000
3640  0.000  0.000  0.000 0.0000000000
3642  0.000  0.000  0.000 0.0000000000
3643  0.000  0.000  0.000 0.0000000000
3646  0.000  0.000  0.000 0.0000000000
3647  0.000  0.000  0.000 0.0000000000
3650  0.000  0.000  0.000 0.0000000000
3651  0.000  0.000  0.000 0.0000000000
3652  0.000  0.000  0.000 0.0000000000
3653  0.000  0.000  0.000 0.0000000000
3654  0.000  0.000  0.000 0.0000000000
3655  0.000  0.000  0.000 0.0000000000
3658  0.000  0.000  0.000 0.0000000000
3659  0.000  0.000  0.000 0.0000000000
3697  0.000  0.000  0.000 0.0000000000
3698  0.000  0.000  0.000 0.0000000000
3699  0.000  0.000  0.000 0.0000000000
3700  0.000  0.000  0.000 0.0000000000
3701  0.000  0.000  0.000 0.0000000000
3702  0.000  0.000  0.000 0.0000000000
3703  0.000  0.000  0.000 0.0000000000
3704  0.000  0.000  0.000 0.0000000000
3705  0.000  0.000  0.000 0.0000000000
3706  0.000  0.000  0.000 0.0000000000
3707  0.000  0.000  0.000 0.0000000000
3708  0.000  0.000  0.000 0.0000000000
3709  0.000  0.000  0.000 0.0000000000
3710  0.000  0.000  0.000 0.0000000000
3711  0.000  0.000  0.000 0.0000000000
3712  0.000  0.000  0.000 0.0000000000
3713  0.000  0.000  0.000 0.0000000000
3714  0.000  0.000  0.000 0.0000000000
3715  0.000  0.000  0.000 0.0000000000
3716  0.000  0.000  0.000 0.0000000000
3717  0.000  0.000  0.000 0.0000000000
3718  0.000  0.000  0.000 0.0000000000
3719  0.000  0.000  0.000 0.0000000000
3721  0.000  0.000  0.000 0.0000000000
3722  0.000  0.000  0.000 0.0000000000
3723  0.000  0.000  0.000 0.0000000000
3726  0.000  0.000  0.000 0.0000000000
3727  0.000  0.000  0.000 0.0000000000
3730  0.000  0.000  0.000 0.0000000000
3731  0.000  0.000  0.000 0.0000000000
3732  0.000  0.000  0.000 0.0000000000
3736  0.000  0.000  0.000 0.0000000000
3737  0.000  0.000  0.000 0.0000000000
3738  0.000  0.000  0.000 0.0000000000
3739  0.000  0.000  0.000 0.0000000000
3777  0.000  0.000  0.000 0.0000000000
3779  0.000  0.000  0.000 0.0000000000
3780  0.000  0.000  0.000 0.0000000000
3781  0.000  0.000  0.000 0.0000000000
3782  0.000  0.000  0.000 0.0000000000
3783  0.000  0.000  0.000 0.0000000000
3784  0.000  0.000  0.000 0.0000000000
3785  0.000  0.000  0.000 0.0000000000
3786  0.000  0.000  0.000 0.0000000000
3787  0.000  0.000  0.000 0.0000000000
3788  0.000  0.000  0.000 0.0000000000
3789  0.000  0.000  0.000 0.0000000000
3790  0.000  0.000  0.000 0.0000000000
3791  0.000  0.000  0.000 0.0000000000
3792  0.000  0.000  0.000 0.0000000000
3793  0.000  0.000  0.000 0.0000000000
3794  0.000  0.000  0.000 0.0000000000
3795  0.000  0.000  0.000 0.0000000000
3796  0.000  0.000  0.000 0.0000000000
3797  0.000  0.000  0.000 0.0000000000
3798  0.000  0.000  0.000 0.0000000000
3799  0.000  0.000  0.000 0.0000000000
3800  0.000  0.000  0.000 0.0000000000
3801  0.000  0.000  0.000 0.0000000000
3802  0.000  0.000  0.000 0.0000000000
3803  0.000  0.000  0.000 0.0000000000
3804  0.000  0.000  0.000 0.0000000000
3805  0.000  0.000  0.000 0.0000000000
3806  0.000  0.000  0.000 0.0000000000
3809  0.000  0.000  0.000 0.0000000000
3810  0.000  0.000  0.000 0.0000000000
3813  0.000  0.000  0.000 0.0000000000
3817  0.000  0.000  0.000 0.0000000000
3818  0.000  0.000  0.000 0.0000000000
3819  0.000  0.000  0.000 0.0000000000
3820  0.000  0.000  0.000 0.0000000000
3821  0.000  0.000  0.000 0.0000000000
3826  0.000  0.000  0.000 0.0000000000
3827  0.000  0.000  0.000 0.0000000000
3828  0.000  0.000  0.000 0.0000000000
3829  0.000  0.000  0.000 0.0000000000
3863  0.000  0.000  0.000 0.0000000000
3864  0.000  0.000  0.000 0.0000000000
3865  0.000  0.000  0.000 0.0000000000
3866  0.000  0.000  0.000 0.0000000000
3867  0.000  0.000  0.000 0.0000000000
3868  0.000  0.000  0.000 0.0000000000
3869  0.000  0.000  0.000 0.0000000000
3870  0.000  0.000  0.000 0.0000000000
3871  0.000  0.000  0.000 0.0000000000
3872  0.000  0.000  0.000 0.0000000000
3873  0.000  0.000  0.000 0.0000000000
3874  0.000  0.000  0.000 0.0000000000
3875  0.000  0.000  0.000 0.0000000000
3876  0.000  0.000  0.000 0.0000000000
3877  0.000  0.000  0.000 0.0000000000
3878  0.000  0.000  0.000 0.0000000000
3879  0.000  0.000  0.000 0.0000000000
3880  0.000  0.000  0.000 0.0000000000
3881  0.000  0.000  0.000 0.0000000000
3882  0.000  0.000  0.000 0.0000000000
3883  0.000  0.000  0.000 0.0000000000
3884  0.000  0.000  0.000 0.0000000000
3885  0.000  0.000  0.000 0.0000000000
3888  0.000  0.000  0.000 0.0000000000
3889  0.000  0.000  0.000 0.0000000000
3890  0.000  0.000  0.000 0.0000000000
3891  0.000  0.000  0.000 0.0000000000
3892  0.000  0.000  0.000 0.0000000000
3893  0.000  0.000  0.000 0.0000000000
3898  0.000  0.000  0.000 0.0000000000
3899  0.000  0.000  0.000 0.0000000000
3900  0.000  0.000  0.000 0.0000000000
3901  0.000  0.000  0.000 0.0000000000
3902  0.000  0.000  0.000 0.0000000000
3903  0.000  0.000  0.000 0.0000000000
3933  0.000  0.000  0.000 0.0000000000
3934  0.000  0.000  0.000 0.0000000000
3935  0.000  0.000  0.000 0.0000000000
3936  0.000  0.000  0.000 0.0000000000
3937  0.000  0.000  0.000 0.0000000000
3938  0.000  0.000  0.000 0.0000000000
3939  0.000  0.000  0.000 0.0000000000
3940  0.000  0.000  0.000 0.0000000000
3941  0.000  0.000  0.000 0.0000000000
3942  0.000  0.000  0.000 0.0000000000
3943  0.000  0.000  0.000 0.0000000000
3944  0.000  0.000  0.000 0.0000000000
3945  0.000  0.000  0.000 0.0000000000
3946  0.000  0.000  0.000 0.0000000000
3947  0.000  0.000  0.000 0.0000000000
3948  0.000  0.000  0.000 0.0000000000
3949  0.000  0.000  0.000 0.0000000000
3950  0.000  0.000  0.000 0.0000000000
3951  0.000  0.000  0.000 0.0000000000
3952  0.000  0.000  0.000 0.0000000000
3953  0.000  0.000  0.000 0.0000000000
3954  0.000  0.000  0.000 0.0000000000
3955  0.000  0.000  0.000 0.0000000000
3958  0.000  0.000  0.000 0.0000000000
3959  0.000  0.000  0.000 0.0000000000
3962  0.000  0.000  0.000 0.0000000000
3963  0.000  0.000  0.000 0.0000000000
3964  0.000  0.000  0.000 0.0000000000
3965  0.000  0.000  0.000 0.0000000000
3966  0.000  0.000  0.000 0.0000000000
3972  0.000  0.000  0.000 0.0000000000
3973  0.000  0.000  0.000 0.0000000000
3974  0.000  0.000  0.000 0.0000000000
3998  0.000  0.000  0.000 0.0000000000
4000  0.000  0.000  0.000 0.0000000000
4002  0.000  0.000  0.000 0.0000000000
4003  0.000  0.000  0.000 0.0000000000
4004  0.000  0.000  0.000 0.0000000000
4005  0.000  0.000  0.000 0.0000000000
4006  0.000  0.000  0.000 0.0000000000
4007  0.000  0.000  0.000 0.0000000000
4008  0.000  0.000  0.000 0.0000000000
4009  0.000  0.000  0.000 0.0000000000
4010  0.000  0.000  0.000 0.0000000000
4011  0.000  0.000  0.000 0.0000000000
4012  0.000  0.000  0.000 0.0000000000
4013  0.000  0.000  0.000 0.0000000000
4014  0.000  0.000  0.000 0.0000000000
4015  0.000  0.000  0.000 0.0000000000
4016  0.000  0.000  0.000 0.0000000000
4017  0.000  0.000  0.000 0.0000000000
4018  0.000  0.000  0.000 0.0000000000
4019  0.000  0.000  0.000 0.0000000000
4020  0.000  0.000  0.000 0.0000000000
4021  0.000  0.000  0.000 0.0000000000
4022  0.000  0.000  0.000 0.0000000000
4023  0.000  0.000  0.000 0.0000000000
4024  0.000  0.000  0.000 0.0000000000
4026  0.000  0.000  0.000 0.0000000000
4027  0.000  0.000  0.000 0.0000000000
4028  0.000  0.000  0.000 0.0000000000
4033  0.000  0.000  0.000 0.0000000000
4034  0.000  0.000  0.000 0.0000000000
4035  0.000  0.000  0.000 0.0000000000
4036  0.000  0.000  0.000 0.0000000000
4037  0.000  0.000  0.000 0.0000000000
4059  0.000  0.000  0.000 0.0000000000
4061  0.000  0.000  0.000 0.0000000000
4062  0.000  0.000  0.000 0.0000000000
4063  0.000  0.000  0.000 0.0000000000
4064  0.000  0.000  0.000 0.0000000000
4065  0.000  0.000  0.000 0.0000000000
4066  0.000  0.000  0.000 0.0000000000
4067  0.000  0.000  0.000 0.0000000000
4068  0.000  0.000  0.000 0.0000000000
4069  0.000  0.000  0.000 0.0000000000
4070  0.000  0.000  0.000 0.0000000000
4071  0.000  0.000  0.000 0.0000000000
4072  0.000  0.000  0.000 0.0000000000
4073  0.000  0.000  0.000 0.0000000000
4074  0.000  0.000  0.000 0.0000000000
4075  0.000  0.000  0.000 0.0000000000
4076  0.000  0.000  0.000 0.0000000000
4077  0.000  0.000  0.000 0.0000000000
4078  0.000  0.000  0.000 0.0000000000
4079  0.000  0.000  0.000 0.0000000000
4080  0.000  0.000  0.000 0.0000000000
4081  0.000  0.000  0.000 0.0000000000
4082  0.000  0.000  0.000 0.0000000000
4083  0.000  0.000  0.000 0.0000000000
4084  0.000  0.000  0.000 0.0000000000
4085  0.000  0.000  0.000 0.0000000000
4086  0.000  0.000  0.000 0.0000000000
4087  0.000  0.000  0.000 0.0000000000
4088  0.000  0.000  0.000 0.0000000000
4089  0.000  0.000  0.000 0.0000000000
4090  0.000  0.000  0.000 0.0000000000
4094  0.000  0.000  0.000 0.0000000000
4095  0.000  0.000  0.000 0.0000000000
4096  0.000  0.000  0.000 0.0000000000
4097  0.000  0.000  0.000 0.0000000000
4111  0.000  0.000  0.000 0.0000000000
4113  0.000  0.000  0.000 0.0000000000
4114  0.000  0.000  0.000 0.0000000000
4115  0.000  0.000  0.000 0.0000000000
4116  0.000  0.000  0.000 0.0000000000
4117  0.000  0.000  0.000 0.0000000000
4118  0.000  0.000  0.000 0.0000000000
4119  0.000  0.000  0.000 0.0000000000
4120  0.000  0.000  0.000 0.0000000000
4121  0.000  0.000  0.000 0.0000000000
4122  0.000  0.000  0.000 0.0000000000
4123  0.000  0.000  0.000 0.0000000000
4124  0.000  0.000  0.000 0.0000000000
4125  0.000  0.000  0.000 0.0000000000
4126  0.000  0.000  0.000 0.0000000000
4127  0.000  0.000  0.000 0.0000000000
4128  0.000  0.000  0.000 0.0000000000
4129  0.000  0.000  0.000 0.0000000000
4130  0.000  0.000  0.000 0.0000000000
4131  0.000  0.000  0.000 0.0000000000
4132  0.000  0.000  0.000 0.0000000000
4133  0.000  0.000  0.000 0.0000000000
4134  0.000  0.000  0.000 0.0000000000
4135  0.000  0.000  0.000 0.0000000000
4136  0.000  0.000  0.000 0.0000000000
4137  0.000  0.000  0.000 0.0000000000
4138  0.000  0.000  0.000 0.0000000000
4139  0.000  0.000  0.000 0.0000000000
4140  0.000  0.000  0.000 0.0000000000
4148  0.000  0.000  0.000 0.0000000000
4150  0.000  0.000  0.000 0.0000000000
4151  0.000  0.000  0.000 0.0000000000
4152  0.000  0.000  0.000 0.0000000000
4153  0.000  0.000  0.000 0.0000000000
4154  0.000  0.000  0.000 0.0000000000
4155  0.000  0.000  0.000 0.0000000000
4156  0.000  0.000  0.000 0.0000000000
4158  0.000  0.000  0.000 0.0000000000
4159  0.000  0.000  0.000 0.0000000000
4160  0.000  0.000  0.000 0.0000000000
4161  0.000  0.000  0.000 0.0000000000
4162  0.000  0.000  0.000 0.0000000000
4163  0.000  0.000  0.000 0.0000000000
4164  0.000  0.000  0.000 0.0000000000
4165  0.000  0.000  0.000 0.0000000000
4166  0.000  0.000  0.000 0.0000000000
4167  0.000  0.000  0.000 0.0000000000
4168  0.000  0.000  0.000 0.0000000000
4169  0.000  0.000  0.000 0.0000000000
4170  0.000  0.000  0.000 0.0000000000
4171  0.000  0.000  0.000 0.0000000000
4172  0.000  0.000  0.000 0.0000000000
4179  0.000  0.000  0.000 0.0000000000
4180  0.000  0.000  0.000 0.0000000000
4182  0.000  0.000  0.000 0.0000000000
4183  0.000  0.000  0.000 0.0000000000
3076  0.000  0.000  0.000 0.0000000000
3080  0.000  0.000  0.000 0.0000000000
3196  0.000  0.000  0.000 0.0000000000
3199  0.000  0.000  0.000 0.0000000000
3200  0.000  0.000  0.000 0.0000000000
3202  0.000  0.000  0.000 0.0000000000
3203  0.000  0.000  0.000 0.0000000000
3204  0.000  0.000  0.000 0.0000000000
3314  0.000  0.000  0.000 0.0000000000
3317  0.000  0.000  0.000 0.0000000000
3318  0.000  0.000  0.000 0.0000000000
3320  0.000  0.000  0.000 0.0000000000
3321  0.000  0.000  0.000 0.0000000000
3419  0.000  0.000  0.000 0.0000000000
3420  0.000  0.000  0.000 0.0000000000
3423  0.000  0.000  0.000 0.0000000000
3426  0.000  0.000  0.000 0.0000000000
3501  0.000  0.000  0.000 0.0000000000
3502  0.000  0.000  0.000 0.0000000000
3504  0.000  0.000  0.000 0.0000000000
3505  0.000  0.000  0.000 0.0000000000
3506  0.000  0.000  0.000 0.0000000000
3509  0.000  0.000  0.000 0.0000000000
3510  0.000  0.000  0.000 0.0000000000
3512  0.000  0.000  0.000 0.0000000000
3513  0.000  0.000  0.000 0.0000000000
3588  0.000  0.000  0.000 0.0000000000
3589  0.000  0.000  0.000 0.0000000000
3590  0.000  0.000  0.000 0.0000000000
3592  0.000  0.000  0.000 0.0000000000
3595  0.000  0.000  0.000 0.0000000000
2859  0.000  0.000  0.000 0.0000000000
2860  0.000  0.000  0.000 0.0000000000
2976  0.000  0.000  0.000 0.0000000000
2978  0.000  0.000  0.000 0.0000000000
2979  0.000  0.000  0.000 0.0000000000
2982  0.000  0.000  0.000 0.0000000000
3082  0.000  0.000  0.000 0.0000000000
3083  0.000  0.000  0.000 0.0000000000
3086  0.000  0.000  0.000 0.0000000000
3087  0.000  0.000  0.000 0.0000000000
3089  0.000  0.000  0.000 0.0000000000
3090  0.000  0.000  0.000 0.0000000000
3093  0.000  0.000  0.000 0.0000000000
3094  0.000  0.000  0.000 0.0000000000
3207  0.000  0.000  0.000 0.0000000000
3208  0.000  0.000  0.000 0.0000000000
3209  0.000  0.000  0.000 0.0000000000
3210  0.000  0.000  0.000 0.0000000000
3211  0.000  0.000  0.000 0.0000000000
3213  0.000  0.000  0.000 0.0000000000
3324  0.000  0.000  0.000 0.0000000000
3325  0.000  0.000  0.000 0.0000000000
3327  0.000  0.000  0.000 0.0000000000
3328  0.000  0.000  0.000 0.0000000000
3329  0.000  0.000  0.000 0.0000000000
3330  0.000  0.000  0.000 0.0000000000
3427  0.000  0.000  0.000 0.0000000000
3429  0.000  0.000  0.000 0.0000000000
3430  0.000  0.000  0.000 0.0000000000
3431  0.000  0.000  0.000 0.0000000000
3432  0.000  0.000  0.000 0.0000000000
3433  0.000  0.000  0.000 0.0000000000
3434  0.000  0.000  0.000 0.0000000000
3515  0.000  0.000  0.000 0.0000000000
3516  0.000  0.000  0.000 0.0000000000
3518  0.000  0.000  0.000 0.0000000000
