#!ascii label  , from subject colin27 vox2ras=TkReg coords=white
379
1879  0.000  0.000  0.000 0.0000000000
1884  0.000  0.000  0.000 0.0000000000
1889  0.000  0.000  0.000 0.0000000000
1890  0.000  0.000  0.000 0.0000000000
1896  0.000  0.000  0.000 0.0000000000
1903  0.000  0.000  0.000 0.0000000000
2046  0.000  0.000  0.000 0.0000000000
2047  0.000  0.000  0.000 0.0000000000
2048  0.000  0.000  0.000 0.0000000000
2049  0.000  0.000  0.000 0.0000000000
2050  0.000  0.000  0.000 0.0000000000
2051  0.000  0.000  0.000 0.0000000000
2052  0.000  0.000  0.000 0.0000000000
2053  0.000  0.000  0.000 0.0000000000
2054  0.000  0.000  0.000 0.0000000000
2055  0.000  0.000  0.000 0.0000000000
2056  0.000  0.000  0.000 0.0000000000
2057  0.000  0.000  0.000 0.0000000000
2059  0.000  0.000  0.000 0.0000000000
2215  0.000  0.000  0.000 0.0000000000
2216  0.000  0.000  0.000 0.0000000000
2217  0.000  0.000  0.000 0.0000000000
2218  0.000  0.000  0.000 0.0000000000
2219  0.000  0.000  0.000 0.0000000000
2220  0.000  0.000  0.000 0.0000000000
2221  0.000  0.000  0.000 0.0000000000
2222  0.000  0.000  0.000 0.0000000000
2223  0.000  0.000  0.000 0.0000000000
2225  0.000  0.000  0.000 0.0000000000
2232  0.000  0.000  0.000 0.0000000000
2240  0.000  0.000  0.000 0.0000000000
2248  0.000  0.000  0.000 0.0000000000
2255  0.000  0.000  0.000 0.0000000000
2403  0.000  0.000  0.000 0.0000000000
2404  0.000  0.000  0.000 0.0000000000
2405  0.000  0.000  0.000 0.0000000000
2406  0.000  0.000  0.000 0.0000000000
2407  0.000  0.000  0.000 0.0000000000
2408  0.000  0.000  0.000 0.0000000000
2409  0.000  0.000  0.000 0.0000000000
2410  0.000  0.000  0.000 0.0000000000
2411  0.000  0.000  0.000 0.0000000000
2412  0.000  0.000  0.000 0.0000000000
2413  0.000  0.000  0.000 0.0000000000
2414  0.000  0.000  0.000 0.0000000000
2415  0.000  0.000  0.000 0.0000000000
2416  0.000  0.000  0.000 0.0000000000
2417  0.000  0.000  0.000 0.0000000000
2418  0.000  0.000  0.000 0.0000000000
2419  0.000  0.000  0.000 0.0000000000
2420  0.000  0.000  0.000 0.0000000000
2421  0.000  0.000  0.000 0.0000000000
2422  0.000  0.000  0.000 0.0000000000
2425  0.000  0.000  0.000 0.0000000000
2426  0.000  0.000  0.000 0.0000000000
2427  0.000  0.000  0.000 0.0000000000
2428  0.000  0.000  0.000 0.0000000000
2429  0.000  0.000  0.000 0.0000000000
2434  0.000  0.000  0.000 0.0000000000
2435  0.000  0.000  0.000 0.0000000000
2436  0.000  0.000  0.000 0.0000000000
2635  0.000  0.000  0.000 0.0000000000
2636  0.000  0.000  0.000 0.0000000000
2637  0.000  0.000  0.000 0.0000000000
2638  0.000  0.000  0.000 0.0000000000
2639  0.000  0.000  0.000 0.0000000000
2640  0.000  0.000  0.000 0.0000000000
2641  0.000  0.000  0.000 0.0000000000
2642  0.000  0.000  0.000 0.0000000000
2643  0.000  0.000  0.000 0.0000000000
2644  0.000  0.000  0.000 0.0000000000
2645  0.000  0.000  0.000 0.0000000000
2646  0.000  0.000  0.000 0.0000000000
2647  0.000  0.000  0.000 0.0000000000
2648  0.000  0.000  0.000 0.0000000000
2649  0.000  0.000  0.000 0.0000000000
2650  0.000  0.000  0.000 0.0000000000
2651  0.000  0.000  0.000 0.0000000000
2652  0.000  0.000  0.000 0.0000000000
2653  0.000  0.000  0.000 0.0000000000
2654  0.000  0.000  0.000 0.0000000000
2655  0.000  0.000  0.000 0.0000000000
2656  0.000  0.000  0.000 0.0000000000
2657  0.000  0.000  0.000 0.0000000000
2658  0.000  0.000  0.000 0.0000000000
2659  0.000  0.000  0.000 0.0000000000
2660  0.000  0.000  0.000 0.0000000000
2661  0.000  0.000  0.000 0.0000000000
2662  0.000  0.000  0.000 0.0000000000
2663  0.000  0.000  0.000 0.0000000000
2664  0.000  0.000  0.000 0.0000000000
2665  0.000  0.000  0.000 0.0000000000
2666  0.000  0.000  0.000 0.0000000000
2667  0.000  0.000  0.000 0.0000000000
2668  0.000  0.000  0.000 0.0000000000
2669  0.000  0.000  0.000 0.0000000000
2670  0.000  0.000  0.000 0.0000000000
2803  0.000  0.000  0.000 0.0000000000
2804  0.000  0.000  0.000 0.0000000000
2805  0.000  0.000  0.000 0.0000000000
2806  0.000  0.000  0.000 0.0000000000
2807  0.000  0.000  0.000 0.0000000000
2808  0.000  0.000  0.000 0.0000000000
2809  0.000  0.000  0.000 0.0000000000
2810  0.000  0.000  0.000 0.0000000000
2811  0.000  0.000  0.000 0.0000000000
2812  0.000  0.000  0.000 0.0000000000
2813  0.000  0.000  0.000 0.0000000000
2814  0.000  0.000  0.000 0.0000000000
2815  0.000  0.000  0.000 0.0000000000
2816  0.000  0.000  0.000 0.0000000000
2817  0.000  0.000  0.000 0.0000000000
2818  0.000  0.000  0.000 0.0000000000
2819  0.000  0.000  0.000 0.0000000000
2820  0.000  0.000  0.000 0.0000000000
2821  0.000  0.000  0.000 0.0000000000
2822  0.000  0.000  0.000 0.0000000000
2823  0.000  0.000  0.000 0.0000000000
2824  0.000  0.000  0.000 0.0000000000
2825  0.000  0.000  0.000 0.0000000000
2826  0.000  0.000  0.000 0.0000000000
2827  0.000  0.000  0.000 0.0000000000
2828  0.000  0.000  0.000 0.0000000000
2829  0.000  0.000  0.000 0.0000000000
2830  0.000  0.000  0.000 0.0000000000
2831  0.000  0.000  0.000 0.0000000000
2832  0.000  0.000  0.000 0.0000000000
2833  0.000  0.000  0.000 0.0000000000
2834  0.000  0.000  0.000 0.0000000000
2835  0.000  0.000  0.000 0.0000000000
2836  0.000  0.000  0.000 0.0000000000
2837  0.000  0.000  0.000 0.0000000000
2925  0.000  0.000  0.000 0.0000000000
2926  0.000  0.000  0.000 0.0000000000
2927  0.000  0.000  0.000 0.0000000000
2928  0.000  0.000  0.000 0.0000000000
2929  0.000  0.000  0.000 0.0000000000
2930  0.000  0.000  0.000 0.0000000000
2931  0.000  0.000  0.000 0.0000000000
2932  0.000  0.000  0.000 0.0000000000
2933  0.000  0.000  0.000 0.0000000000
2934  0.000  0.000  0.000 0.0000000000
2935  0.000  0.000  0.000 0.0000000000
2936  0.000  0.000  0.000 0.0000000000
2937  0.000  0.000  0.000 0.0000000000
2938  0.000  0.000  0.000 0.0000000000
2939  0.000  0.000  0.000 0.0000000000
2940  0.000  0.000  0.000 0.0000000000
2941  0.000  0.000  0.000 0.0000000000
2942  0.000  0.000  0.000 0.0000000000
2943  0.000  0.000  0.000 0.0000000000
2944  0.000  0.000  0.000 0.0000000000
2945  0.000  0.000  0.000 0.0000000000
2946  0.000  0.000  0.000 0.0000000000
2947  0.000  0.000  0.000 0.0000000000
2948  0.000  0.000  0.000 0.0000000000
2949  0.000  0.000  0.000 0.0000000000
2950  0.000  0.000  0.000 0.0000000000
2951  0.000  0.000  0.000 0.0000000000
2952  0.000  0.000  0.000 0.0000000000
2953  0.000  0.000  0.000 0.0000000000
2954  0.000  0.000  0.000 0.0000000000
2955  0.000  0.000  0.000 0.0000000000
2956  0.000  0.000  0.000 0.0000000000
2957  0.000  0.000  0.000 0.0000000000
2958  0.000  0.000  0.000 0.0000000000
3038  0.000  0.000  0.000 0.0000000000
3040  0.000  0.000  0.000 0.0000000000
3041  0.000  0.000  0.000 0.0000000000
3042  0.000  0.000  0.000 0.0000000000
3043  0.000  0.000  0.000 0.0000000000
3044  0.000  0.000  0.000 0.0000000000
3045  0.000  0.000  0.000 0.0000000000
3046  0.000  0.000  0.000 0.0000000000
3047  0.000  0.000  0.000 0.0000000000
3048  0.000  0.000  0.000 0.0000000000
3049  0.000  0.000  0.000 0.0000000000
3050  0.000  0.000  0.000 0.0000000000
3051  0.000  0.000  0.000 0.0000000000
3052  0.000  0.000  0.000 0.0000000000
3053  0.000  0.000  0.000 0.0000000000
3054  0.000  0.000  0.000 0.0000000000
3055  0.000  0.000  0.000 0.0000000000
3056  0.000  0.000  0.000 0.0000000000
3057  0.000  0.000  0.000 0.0000000000
3058  0.000  0.000  0.000 0.0000000000
3059  0.000  0.000  0.000 0.0000000000
3060  0.000  0.000  0.000 0.0000000000
3061  0.000  0.000  0.000 0.0000000000
3062  0.000  0.000  0.000 0.0000000000
3063  0.000  0.000  0.000 0.0000000000
3064  0.000  0.000  0.000 0.0000000000
3065  0.000  0.000  0.000 0.0000000000
3066  0.000  0.000  0.000 0.0000000000
3067  0.000  0.000  0.000 0.0000000000
3068  0.000  0.000  0.000 0.0000000000
3148  0.000  0.000  0.000 0.0000000000
3149  0.000  0.000  0.000 0.0000000000
3150  0.000  0.000  0.000 0.0000000000
3151  0.000  0.000  0.000 0.0000000000
3152  0.000  0.000  0.000 0.0000000000
3153  0.000  0.000  0.000 0.0000000000
3154  0.000  0.000  0.000 0.0000000000
3155  0.000  0.000  0.000 0.0000000000
3156  0.000  0.000  0.000 0.0000000000
3157  0.000  0.000  0.000 0.0000000000
3158  0.000  0.000  0.000 0.0000000000
3159  0.000  0.000  0.000 0.0000000000
3160  0.000  0.000  0.000 0.0000000000
3161  0.000  0.000  0.000 0.0000000000
3162  0.000  0.000  0.000 0.0000000000
3163  0.000  0.000  0.000 0.0000000000
3164  0.000  0.000  0.000 0.0000000000
3165  0.000  0.000  0.000 0.0000000000
3166  0.000  0.000  0.000 0.0000000000
3167  0.000  0.000  0.000 0.0000000000
3168  0.000  0.000  0.000 0.0000000000
3169  0.000  0.000  0.000 0.0000000000
3170  0.000  0.000  0.000 0.0000000000
3171  0.000  0.000  0.000 0.0000000000
3172  0.000  0.000  0.000 0.0000000000
3173  0.000  0.000  0.000 0.0000000000
3174  0.000  0.000  0.000 0.0000000000
3175  0.000  0.000  0.000 0.0000000000
3176  0.000  0.000  0.000 0.0000000000
3177  0.000  0.000  0.000 0.0000000000
3178  0.000  0.000  0.000 0.0000000000
3179  0.000  0.000  0.000 0.0000000000
3180  0.000  0.000  0.000 0.0000000000
3181  0.000  0.000  0.000 0.0000000000
3182  0.000  0.000  0.000 0.0000000000
3183  0.000  0.000  0.000 0.0000000000
3184  0.000  0.000  0.000 0.0000000000
3185  0.000  0.000  0.000 0.0000000000
3188  0.000  0.000  0.000 0.0000000000
3269  0.000  0.000  0.000 0.0000000000
3270  0.000  0.000  0.000 0.0000000000
3272  0.000  0.000  0.000 0.0000000000
3273  0.000  0.000  0.000 0.0000000000
3274  0.000  0.000  0.000 0.0000000000
3275  0.000  0.000  0.000 0.0000000000
3276  0.000  0.000  0.000 0.0000000000
3277  0.000  0.000  0.000 0.0000000000
3278  0.000  0.000  0.000 0.0000000000
3279  0.000  0.000  0.000 0.0000000000
3280  0.000  0.000  0.000 0.0000000000
3281  0.000  0.000  0.000 0.0000000000
3282  0.000  0.000  0.000 0.0000000000
3283  0.000  0.000  0.000 0.0000000000
3284  0.000  0.000  0.000 0.0000000000
3285  0.000  0.000  0.000 0.0000000000
3286  0.000  0.000  0.000 0.0000000000
3287  0.000  0.000  0.000 0.0000000000
3288  0.000  0.000  0.000 0.0000000000
3289  0.000  0.000  0.000 0.0000000000
3290  0.000  0.000  0.000 0.0000000000
3291  0.000  0.000  0.000 0.0000000000
3292  0.000  0.000  0.000 0.0000000000
3293  0.000  0.000  0.000 0.0000000000
3294  0.000  0.000  0.000 0.0000000000
3295  0.000  0.000  0.000 0.0000000000
3296  0.000  0.000  0.000 0.0000000000
3297  0.000  0.000  0.000 0.0000000000
3298  0.000  0.000  0.000 0.0000000000
3299  0.000  0.000  0.000 0.0000000000
3300  0.000  0.000  0.000 0.0000000000
3301  0.000  0.000  0.000 0.0000000000
3302  0.000  0.000  0.000 0.0000000000
3303  0.000  0.000  0.000 0.0000000000
3304  0.000  0.000  0.000 0.0000000000
3305  0.000  0.000  0.000 0.0000000000
3307  0.000  0.000  0.000 0.0000000000
3308  0.000  0.000  0.000 0.0000000000
3309  0.000  0.000  0.000 0.0000000000
3381  0.000  0.000  0.000 0.0000000000
3382  0.000  0.000  0.000 0.0000000000
3383  0.000  0.000  0.000 0.0000000000
3384  0.000  0.000  0.000 0.0000000000
3385  0.000  0.000  0.000 0.0000000000
3386  0.000  0.000  0.000 0.0000000000
3387  0.000  0.000  0.000 0.0000000000
3388  0.000  0.000  0.000 0.0000000000
3389  0.000  0.000  0.000 0.0000000000
3390  0.000  0.000  0.000 0.0000000000
3391  0.000  0.000  0.000 0.0000000000
3392  0.000  0.000  0.000 0.0000000000
3393  0.000  0.000  0.000 0.0000000000
3394  0.000  0.000  0.000 0.0000000000
3395  0.000  0.000  0.000 0.0000000000
3396  0.000  0.000  0.000 0.0000000000
3397  0.000  0.000  0.000 0.0000000000
3398  0.000  0.000  0.000 0.0000000000
3399  0.000  0.000  0.000 0.0000000000
3400  0.000  0.000  0.000 0.0000000000
3401  0.000  0.000  0.000 0.0000000000
3402  0.000  0.000  0.000 0.0000000000
3403  0.000  0.000  0.000 0.0000000000
3405  0.000  0.000  0.000 0.0000000000
3406  0.000  0.000  0.000 0.0000000000
3408  0.000  0.000  0.000 0.0000000000
3409  0.000  0.000  0.000 0.0000000000
3410  0.000  0.000  0.000 0.0000000000
3467  0.000  0.000  0.000 0.0000000000
3469  0.000  0.000  0.000 0.0000000000
3470  0.000  0.000  0.000 0.0000000000
3471  0.000  0.000  0.000 0.0000000000
3473  0.000  0.000  0.000 0.0000000000
3474  0.000  0.000  0.000 0.0000000000
3475  0.000  0.000  0.000 0.0000000000
3476  0.000  0.000  0.000 0.0000000000
3478  0.000  0.000  0.000 0.0000000000
3480  0.000  0.000  0.000 0.0000000000
3481  0.000  0.000  0.000 0.0000000000
2445  0.000  0.000  0.000 0.0000000000
2450  0.000  0.000  0.000 0.0000000000
2451  0.000  0.000  0.000 0.0000000000
2671  0.000  0.000  0.000 0.0000000000
2672  0.000  0.000  0.000 0.0000000000
2673  0.000  0.000  0.000 0.0000000000
2838  0.000  0.000  0.000 0.0000000000
2839  0.000  0.000  0.000 0.0000000000
2840  0.000  0.000  0.000 0.0000000000
2959  0.000  0.000  0.000 0.0000000000
2960  0.000  0.000  0.000 0.0000000000
2961  0.000  0.000  0.000 0.0000000000
2963  0.000  0.000  0.000 0.0000000000
3069  0.000  0.000  0.000 0.0000000000
3070  0.000  0.000  0.000 0.0000000000
3071  0.000  0.000  0.000 0.0000000000
3072  0.000  0.000  0.000 0.0000000000
3074  0.000  0.000  0.000 0.0000000000
3075  0.000  0.000  0.000 0.0000000000
3186  0.000  0.000  0.000 0.0000000000
3187  0.000  0.000  0.000 0.0000000000
3189  0.000  0.000  0.000 0.0000000000
3190  0.000  0.000  0.000 0.0000000000
3191  0.000  0.000  0.000 0.0000000000
3192  0.000  0.000  0.000 0.0000000000
3194  0.000  0.000  0.000 0.0000000000
3195  0.000  0.000  0.000 0.0000000000
3311  0.000  0.000  0.000 0.0000000000
2267  0.000  0.000  0.000 0.0000000000
2268  0.000  0.000  0.000 0.0000000000
2443  0.000  0.000  0.000 0.0000000000
2444  0.000  0.000  0.000 0.0000000000
2446  0.000  0.000  0.000 0.0000000000
2447  0.000  0.000  0.000 0.0000000000
2448  0.000  0.000  0.000 0.0000000000
2449  0.000  0.000  0.000 0.0000000000
2452  0.000  0.000  0.000 0.0000000000
2453  0.000  0.000  0.000 0.0000000000
2454  0.000  0.000  0.000 0.0000000000
2455  0.000  0.000  0.000 0.0000000000
2459  0.000  0.000  0.000 0.0000000000
2464  0.000  0.000  0.000 0.0000000000
2470  0.000  0.000  0.000 0.0000000000
2471  0.000  0.000  0.000 0.0000000000
2674  0.000  0.000  0.000 0.0000000000
2675  0.000  0.000  0.000 0.0000000000
2676  0.000  0.000  0.000 0.0000000000
2677  0.000  0.000  0.000 0.0000000000
2678  0.000  0.000  0.000 0.0000000000
2682  0.000  0.000  0.000 0.0000000000
2683  0.000  0.000  0.000 0.0000000000
2685  0.000  0.000  0.000 0.0000000000
2686  0.000  0.000  0.000 0.0000000000
2690  0.000  0.000  0.000 0.0000000000
2842  0.000  0.000  0.000 0.0000000000
2843  0.000  0.000  0.000 0.0000000000
2848  0.000  0.000  0.000 0.0000000000
2849  0.000  0.000  0.000 0.0000000000
2851  0.000  0.000  0.000 0.0000000000
2855  0.000  0.000  0.000 0.0000000000
2964  0.000  0.000  0.000 0.0000000000
2965  0.000  0.000  0.000 0.0000000000
2969  0.000  0.000  0.000 0.0000000000
2970  0.000  0.000  0.000 0.0000000000
2972  0.000  0.000  0.000 0.0000000000
2975  0.000  0.000  0.000 0.0000000000
