#!ascii label  , from subject colin27 vox2ras=TkReg coords=white
239
134578  -58.815  36.799  -10.027 0.0000000000
134579  -59.206  37.015  -10.322 0.0000000000
134588  -58.592  36.946  -10.764 0.0000000000
134589  -59.072  37.186  -10.861 0.0000000000
134600  -58.445  37.299  -11.573 0.0000000000
134601  -58.987  37.320  -11.171 0.0000000000
134611  -57.450  37.237  -12.561 0.0000000000
134612  -58.032  37.457  -12.730 0.0000000000
134627  -56.531  37.164  -13.577 0.0000000000
134628  -57.299  37.295  -13.673 0.0000000000
134629  -57.744  37.557  -13.672 0.0000000000
134646  -55.575  36.958  -14.616 0.0000000000
134647  -56.522  37.002  -14.698 0.0000000000
134648  -57.203  37.344  -14.708 0.0000000000
134649  -57.599  37.600  -14.166 0.0000000000
134665  -55.664  36.660  -15.722 0.0000000000
134666  -56.439  36.901  -15.790 0.0000000000
134667  -56.860  37.264  -15.934 0.0000000000
134680  -55.683  36.540  -16.750 0.0000000000
135584  -59.665  38.407  -5.229 0.0000000000
135603  -59.689  38.233  -5.703 0.0000000000
135604  -59.851  38.452  -5.680 0.0000000000
135618  -59.159  37.710  -6.555 0.0000000000
135619  -59.689  38.025  -6.451 0.0000000000
135620  -59.907  38.350  -6.285 0.0000000000
135635  -59.653  37.779  -7.357 0.0000000000
135636  -59.958  38.167  -7.135 0.0000000000
135651  -59.602  37.494  -8.286 0.0000000000
135652  -60.012  37.891  -8.042 0.0000000000
135666  -59.583  37.324  -9.458 0.0000000000
135667  -59.917  37.667  -8.691 0.0000000000
135679  -59.475  37.357  -10.387 0.0000000000
135697  -58.934  37.507  -11.385 0.0000000000
135698  -59.316  37.573  -10.958 0.0000000000
135720  -58.653  37.740  -11.923 0.0000000000
135721  -59.084  37.802  -11.417 0.0000000000
135741  -58.282  37.835  -12.893 0.0000000000
135753  -57.543  37.671  -14.503 0.0000000000
135754  -57.938  37.865  -13.884 0.0000000000
135766  -57.317  37.643  -15.223 0.0000000000
135767  -57.701  38.003  -14.682 0.0000000000
135776  -57.056  37.748  -16.163 0.0000000000
135777  -57.445  38.076  -15.398 0.0000000000
136629  -59.862  38.700  -5.196 0.0000000000
136649  -60.075  38.711  -5.942 0.0000000000
136666  -60.133  38.641  -6.795 0.0000000000
136683  -60.177  38.480  -7.768 0.0000000000
136703  -60.048  37.884  -9.611 0.0000000000
136704  -60.153  38.168  -8.905 0.0000000000
136724  -59.855  37.993  -10.270 0.0000000000
136725  -60.071  38.330  -9.666 0.0000000000
136743  -59.013  38.465  -11.419 0.0000000000
136744  -59.248  38.302  -11.128 0.0000000000
136758  -58.738  38.299  -11.951 0.0000000000
136759  -58.999  38.027  -11.637 0.0000000000
136767  -58.250  38.389  -13.110 0.0000000000
136781  -57.915  38.519  -14.087 0.0000000000
136794  -57.681  38.642  -14.985 0.0000000000
136801  -57.286  38.617  -15.906 0.0000000000
137652  -60.033  39.229  -5.404 0.0000000000
137665  -60.203  39.239  -6.326 0.0000000000
137677  -60.232  39.205  -7.295 0.0000000000
137689  -60.196  39.157  -8.341 0.0000000000
137702  -59.731  39.440  -9.826 0.0000000000
137703  -59.970  39.186  -9.447 0.0000000000
137712  -59.180  39.326  -10.707 0.0000000000
137713  -59.550  39.121  -10.379 0.0000000000
137714  -59.945  38.633  -9.963 0.0000000000
137721  -58.970  38.939  -11.208 0.0000000000
137722  -59.304  38.764  -10.900 0.0000000000
137731  -58.383  38.982  -12.366 0.0000000000
137741  -57.989  39.156  -13.430 0.0000000000
137754  -57.795  39.374  -14.412 0.0000000000
137761  -57.626  39.513  -15.336 0.0000000000
138644  -59.808  39.894  -4.841 0.0000000000
138651  -60.007  39.917  -5.797 0.0000000000
138660  -60.091  39.937  -6.751 0.0000000000
138666  -60.053  39.942  -7.738 0.0000000000
138672  -59.531  40.310  -9.015 0.0000000000
138673  -59.796  40.050  -8.758 0.0000000000
138680  -59.072  40.204  -9.956 0.0000000000
138681  -59.474  40.001  -9.609 0.0000000000
138682  -59.802  39.753  -9.284 0.0000000000
138688  -58.305  40.301  -10.747 0.0000000000
138689  -58.841  39.945  -10.521 0.0000000000
138690  -59.351  39.701  -10.179 0.0000000000
138698  -58.020  40.233  -11.175 0.0000000000
138699  -58.262  39.631  -11.676 0.0000000000
138708  -57.539  40.270  -12.114 0.0000000000
138709  -57.824  39.729  -12.737 0.0000000000
138717  -57.402  40.541  -12.993 0.0000000000
138718  -57.642  40.212  -13.771 0.0000000000
138727  -57.725  40.339  -14.743 0.0000000000
139578  -59.486  40.564  -4.484 0.0000000000
139581  -59.094  41.230  -4.791 0.0000000000
139582  -59.641  40.614  -5.289 0.0000000000
139588  -59.177  41.322  -5.653 0.0000000000
139589  -59.727  40.655  -6.195 0.0000000000
139599  -59.214  41.352  -6.537 0.0000000000
139600  -59.729  40.636  -7.136 0.0000000000
139607  -59.225  41.216  -7.496 0.0000000000
139608  -59.642  40.546  -8.055 0.0000000000
139613  -57.889  41.559  -9.104 0.0000000000
139614  -58.327  41.364  -9.027 0.0000000000
139615  -59.205  40.845  -8.664 0.0000000000
139616  -59.578  40.487  -8.495 0.0000000000
139622  -57.162  41.535  -9.775 0.0000000000
139624  -58.748  40.627  -9.724 0.0000000000
139625  -59.196  40.513  -9.335 0.0000000000
139630  -57.076  41.385  -10.174 0.0000000000
139631  -57.926  40.694  -10.519 0.0000000000
139632  -58.551  40.440  -10.262 0.0000000000
139639  -56.789  41.286  -11.042 0.0000000000
139640  -57.201  40.746  -11.532 0.0000000000
139647  -56.639  41.505  -11.859 0.0000000000
139648  -56.978  41.272  -12.562 0.0000000000
139655  -57.393  41.453  -13.574 0.0000000000
139656  -57.622  41.051  -14.300 0.0000000000
139668  -57.672  41.914  -14.381 0.0000000000
140513  -58.461  41.702  -4.407 0.0000000000
140515  -57.914  42.260  -4.485 0.0000000000
140516  -58.401  41.917  -5.119 0.0000000000
140519  -58.585  41.934  -5.958 0.0000000000
140529  -58.061  42.398  -6.828 0.0000000000
140530  -58.430  42.063  -6.761 0.0000000000
140539  -55.631  42.695  -7.999 0.0000000000
140540  -56.065  42.593  -7.935 0.0000000000
140541  -57.003  42.380  -7.778 0.0000000000
140542  -57.971  42.276  -7.386 0.0000000000
140543  -58.759  41.593  -7.801 0.0000000000
140550  -54.960  42.688  -8.565 0.0000000000
140551  -55.383  42.606  -8.393 0.0000000000
140552  -56.353  42.201  -8.606 0.0000000000
140553  -57.564  41.818  -8.728 0.0000000000
140554  -58.510  41.580  -8.301 0.0000000000
140555  -58.867  41.352  -8.239 0.0000000000
140563  -54.915  42.645  -8.875 0.0000000000
140564  -55.427  42.372  -9.361 0.0000000000
140565  -56.707  41.790  -9.591 0.0000000000
140566  -57.341  41.701  -9.296 0.0000000000
140573  -55.612  42.276  -10.319 0.0000000000
140574  -56.264  41.803  -10.632 0.0000000000
140583  -55.724  42.499  -11.057 0.0000000000
140584  -56.149  42.213  -11.599 0.0000000000
140592  -56.658  42.363  -12.322 0.0000000000
140593  -57.115  42.453  -13.021 0.0000000000
140600  -57.484  42.675  -13.799 0.0000000000
141437  -57.066  43.197  -3.428 0.0000000000
141438  -57.339  42.943  -4.142 0.0000000000
141442  -57.581  42.745  -4.878 0.0000000000
141443  -58.017  42.360  -5.533 0.0000000000
141445  -57.466  42.814  -5.550 0.0000000000
141446  -58.057  42.414  -6.104 0.0000000000
141454  -53.856  43.697  -7.009 0.0000000000
141455  -54.253  43.640  -6.953 0.0000000000
141456  -55.128  43.518  -6.878 0.0000000000
141457  -56.065  43.381  -6.744 0.0000000000
141458  -56.892  43.189  -6.561 0.0000000000
141459  -57.600  42.735  -6.405 0.0000000000
141460  -58.047  42.408  -6.415 0.0000000000
141471  -53.796  43.601  -7.395 0.0000000000
141472  -54.465  43.263  -7.568 0.0000000000
141473  -55.445  42.920  -7.683 0.0000000000
141474  -56.521  42.886  -7.268 0.0000000000
141475  -57.370  42.742  -7.039 0.0000000000
141476  -57.729  42.630  -6.921 0.0000000000
141483  -53.720  43.429  -8.256 0.0000000000
141484  -54.642  42.898  -8.449 0.0000000000
141485  -55.137  42.771  -8.161 0.0000000000
141492  -53.885  43.536  -9.082 0.0000000000
141493  -54.509  43.188  -9.618 0.0000000000
141494  -55.033  42.845  -10.171 0.0000000000
141501  -54.801  43.548  -10.443 0.0000000000
141502  -55.289  43.256  -10.914 0.0000000000
141511  -55.904  43.316  -11.475 0.0000000000
141512  -56.442  43.329  -12.019 0.0000000000
141520  -56.968  43.353  -12.561 0.0000000000
141521  -57.381  43.473  -13.167 0.0000000000
142365  -56.774  43.994  -3.735 0.0000000000
142366  -57.008  43.430  -4.401 0.0000000000
142386  -56.649  44.025  -4.284 0.0000000000
142387  -56.921  43.517  -4.876 0.0000000000
142397  -55.376  44.449  -5.574 0.0000000000
142398  -56.046  44.241  -5.555 0.0000000000
142399  -56.446  43.805  -5.523 0.0000000000
142400  -56.863  43.375  -5.504 0.0000000000
142407  -54.764  43.961  -6.247 0.0000000000
142408  -55.688  43.917  -6.160 0.0000000000
142409  -56.425  43.709  -6.059 0.0000000000
142410  -56.874  43.327  -5.980 0.0000000000
142411  -57.060  43.124  -5.996 0.0000000000
142423  -53.062  43.823  -7.955 0.0000000000
142435  -52.607  44.509  -8.502 0.0000000000
142436  -53.215  44.403  -9.072 0.0000000000
142444  -53.934  44.290  -9.769 0.0000000000
142445  -54.521  44.292  -10.341 0.0000000000
142452  -55.161  44.335  -10.799 0.0000000000
142453  -55.774  44.264  -11.233 0.0000000000
142461  -56.346  44.249  -11.670 0.0000000000
142462  -56.917  44.293  -12.178 0.0000000000
142463  -57.367  44.619  -12.521 0.0000000000
142474  -57.278  44.046  -12.675 0.0000000000
143366  -56.517  45.184  -3.111 0.0000000000
143376  -56.421  44.757  -3.836 0.0000000000
143397  -55.814  45.005  -4.522 0.0000000000
143398  -56.318  44.423  -4.506 0.0000000000
143399  -56.626  43.764  -4.976 0.0000000000
143414  -55.727  44.808  -5.056 0.0000000000
143415  -56.139  44.383  -5.054 0.0000000000
143416  -56.464  43.888  -5.114 0.0000000000
143417  -56.635  43.622  -5.176 0.0000000000
143427  -52.163  44.968  -8.539 0.0000000000
143436  -52.184  45.737  -8.703 0.0000000000
143437  -52.744  45.430  -8.929 0.0000000000
143438  -53.344  45.563  -9.307 0.0000000000
143448  -53.840  45.350  -9.673 0.0000000000
143449  -54.442  45.223  -10.116 0.0000000000
143458  -55.040  45.222  -10.503 0.0000000000
143459  -55.802  45.286  -10.926 0.0000000000
143460  -56.456  45.565  -11.271 0.0000000000
143468  -56.268  44.932  -11.338 0.0000000000
143469  -56.787  45.138  -11.695 0.0000000000
143470  -57.226  45.109  -12.164 0.0000000000
144399  -56.566  45.866  -2.619 0.0000000000
144407  -56.492  46.330  -2.584 0.0000000000
144408  -56.443  46.032  -2.941 0.0000000000
144417  -56.191  45.736  -3.456 0.0000000000
144430  -55.956  45.381  -4.018 0.0000000000
144431  -56.177  45.077  -3.937 0.0000000000
144463  -52.013  46.442  -8.565 0.0000000000
144464  -52.756  46.479  -8.774 0.0000000000
144465  -53.390  46.292  -9.029 0.0000000000
144473  -53.909  46.199  -9.363 0.0000000000
144485  -54.931  45.750  -10.191 0.0000000000
144497  -57.059  45.562  -11.934 0.0000000000
145418  -56.400  46.449  -2.783 0.0000000000
145426  -56.281  46.393  -3.001 0.0000000000
145471  -51.908  47.010  -8.347 0.0000000000
145478  -53.880  46.672  -9.045 0.0000000000
