#!ascii label  , from subject colin27 vox2ras=TkReg
2024
139470  -57.082  40.615  7.326 0.0000000000
151551  -48.277  54.613  -13.128 0.0000000000
143411  -49.584  45.120  -6.085 0.0000000000
134695  -56.588  37.272  -17.187 0.0000000000
150052  -52.618  52.526  -14.881 0.0000000000
139667  -53.344  41.607  -14.906 0.0000000000
139730  -50.176  41.606  -20.567 0.0000000000
134639  -48.215  36.411  -14.824 0.0000000000
133506  -49.600  35.816  8.062 0.0000000000
140439  -52.239  42.605  5.572 0.0000000000
152999  -43.176  56.137  -14.606 0.0000000000
156140  -49.069  60.368  -15.086 0.0000000000
154647  -53.177  58.322  -19.446 0.0000000000
146402  -55.743  47.543  -1.861 0.0000000000
149984  -51.712  52.586  -8.539 0.0000000000
141511  -55.904  43.316  -11.475 0.0000000000
138644  -59.808  39.894  -4.841 0.0000000000
136681  -56.306  38.125  -8.210 0.0000000000
136677  -48.473  38.971  -8.048 0.0000000000
137571  -58.428  38.605  6.924 0.0000000000
149247  -55.048  51.647  -14.998 0.0000000000
143543  -53.313  45.485  -18.144 0.0000000000
144601  -51.896  46.244  -19.777 0.0000000000
140651  -47.704  42.647  -18.418 0.0000000000
135455  -52.465  37.913  5.951 0.0000000000
140465  -49.671  42.388  3.064 0.0000000000
153786  -38.663  57.126  -15.769 0.0000000000
156163  -51.523  60.609  -16.771 0.0000000000
146381  -51.604  49.059  -0.713 0.0000000000
142384  -53.202  44.683  -4.543 0.0000000000
152234  -45.711  55.741  -10.171 0.0000000000
148360  -49.644  51.106  -11.586 0.0000000000
138751  -56.100  40.824  -16.790 0.0000000000
144525  -56.364  46.046  -13.330 0.0000000000
139656  -57.622  41.051  -14.300 0.0000000000
139615  -59.205  40.845  -8.664 0.0000000000
135721  -59.084  37.802  -11.417 0.0000000000
135618  -59.159  37.710  -6.555 0.0000000000
134610  -56.496  37.264  -12.364 0.0000000000
136751  -48.605  37.977  -12.000 0.0000000000
150049  -49.561  52.298  -15.029 0.0000000000
143489  -49.657  45.935  -13.811 0.0000000000
142515  -50.961  44.405  -16.290 0.0000000000
138775  -52.225  40.744  -19.090 0.0000000000
134722  -52.736  37.029  -20.303 0.0000000000
134677  -52.819  36.265  -16.548 0.0000000000
136805  -49.687  38.507  -17.230 0.0000000000
138726  -47.312  40.299  -14.706 0.0000000000
132525  -51.787  34.468  9.839 0.0000000000
135421  -54.594  37.142  8.491 0.0000000000
140429  -54.652  42.381  6.520 0.0000000000
153757  -35.939  57.088  -14.073 0.0000000000
153732  -40.270  57.139  -11.546 0.0000000000
155361  -44.693  59.415  -9.749 0.0000000000
155366  -49.643  59.743  -10.087 0.0000000000
154587  -51.717  58.918  -12.448 0.0000000000
153793  -52.583  57.172  -15.262 0.0000000000
152281  -55.493  54.747  -16.351 0.0000000000
153051  -54.866  56.307  -21.202 0.0000000000
145350  -49.877  48.123  2.315 0.0000000000
145353  -52.741  47.624  2.224 0.0000000000
142307  -54.839  44.468  2.608 0.0000000000
147390  -50.440  49.476  -6.682 0.0000000000
145517  -52.451  47.046  -12.024 0.0000000000
147429  -54.766  49.496  -9.278 0.0000000000
143437  -52.744  45.430  -8.929 0.0000000000
141458  -56.892  43.189  -6.561 0.0000000000
141430  -56.847  43.361  -2.686 0.0000000000
139548  -57.228  41.091  2.029 0.0000000000
137625  -58.986  39.570  0.242 0.0000000000
135543  -57.777  37.702  -2.685 0.0000000000
136581  -54.676  38.359  -3.850 0.0000000000
135716  -53.362  37.969  -12.857 0.0000000000
137686  -52.545  39.134  -8.441 0.0000000000
136578  -51.601  38.601  -3.734 0.0000000000
136468  -57.527  37.414  9.502 0.0000000000
136470  -58.219  37.424  9.153 0.0000000000
138555  -57.945  39.372  7.301 0.0000000000
148398  -56.152  50.673  -16.096 0.0000000000
146557  -55.077  48.167  -17.748 0.0000000000
146569  -54.602  48.300  -18.805 0.0000000000
145601  -51.588  47.315  -19.940 0.0000000000
142393  -51.413  44.227  -5.450 0.0000000000
152941  -47.394  56.702  -10.454 0.0000000000
137798  -56.298  38.739  -17.462 0.0000000000
140628  -57.494  42.304  -15.661 0.0000000000
137761  -57.626  39.513  -15.336 0.0000000000
137741  -57.989  39.156  -13.430 0.0000000000
135753  -57.543  37.671  -14.503 0.0000000000
134600  -58.445  37.299  -11.573 0.0000000000
134647  -56.522  37.002  -14.698 0.0000000000
150812  -50.947  53.062  -15.249 0.0000000000
146528  -50.441  48.470  -15.366 0.0000000000
146541  -51.993  47.668  -16.092 0.0000000000
142556  -51.706  43.578  -19.619 0.0000000000
140661  -51.916  42.325  -19.360 0.0000000000
139732  -51.633  41.573  -20.052 0.0000000000
137815  -52.791  38.746  -20.146 0.0000000000
136829  -50.488  38.446  -20.492 0.0000000000
135790  -50.504  37.443  -18.746 0.0000000000
137803  -49.481  39.423  -19.596 0.0000000000
139691  -47.381  41.816  -16.562 0.0000000000
138575  -52.149  40.383  5.515 0.0000000000
135442  -53.534  37.788  6.781 0.0000000000
137569  -54.106  39.710  6.396 0.0000000000
136503  -55.516  39.417  7.389 0.0000000000
141358  -53.402  43.047  6.028 0.0000000000
153012  -40.433  56.204  -15.630 0.0000000000
152979  -39.858  56.128  -13.684 0.0000000000
152966  -41.339  56.491  -12.827 0.0000000000
154569  -42.566  58.348  -10.629 0.0000000000
153736  -44.164  58.219  -11.779 0.0000000000
155390  -48.191  59.853  -13.489 0.0000000000
156107  -47.653  60.323  -11.618 0.0000000000
156108  -48.690  60.790  -11.376 0.0000000000
155376  -50.538  59.533  -10.979 0.0000000000
156867  -50.503  61.184  -11.950 0.0000000000
155437  -52.145  59.616  -18.150 0.0000000000
155412  -52.387  59.387  -14.949 0.0000000000
153809  -52.499  57.771  -17.408 0.0000000000
152275  -53.745  55.671  -16.119 0.0000000000
153032  -53.866  56.416  -18.037 0.0000000000
153037  -54.842  56.239  -18.969 0.0000000000
153832  -53.757  57.877  -20.584 0.0000000000
147343  -44.707  49.470  -0.035 0.0000000000
146340  -44.543  48.627  1.810 0.0000000000
146342  -46.586  48.816  1.769 0.0000000000
144362  -48.112  46.954  2.223 0.0000000000
147309  -48.235  49.636  1.405 0.0000000000
147358  -53.728  48.761  -0.703 0.0000000000
148266  -52.346  49.775  0.932 0.0000000000
146362  -54.332  48.521  0.270 0.0000000000
144355  -54.232  46.388  2.054 0.0000000000
144363  -55.367  46.481  0.703 0.0000000000
149972  -49.899  51.926  -7.678 0.0000000000
148296  -49.145  50.286  -6.796 0.0000000000
149156  -51.627  51.104  -6.890 0.0000000000
141528  -51.086  43.745  -13.852 0.0000000000
143478  -51.251  45.452  -12.657 0.0000000000
142486  -53.323  44.446  -13.281 0.0000000000
144496  -56.783  46.121  -11.712 0.0000000000
146485  -55.380  47.983  -11.073 0.0000000000
145488  -55.621  47.133  -10.154 0.0000000000
145473  -53.730  47.304  -8.758 0.0000000000
142445  -54.521  44.292  -10.341 0.0000000000
141484  -54.642  42.898  -8.449 0.0000000000
140552  -56.353  42.201  -8.606 0.0000000000
139589  -59.727  40.655  -6.195 0.0000000000
140516  -58.401  41.917  -5.119 0.0000000000
140505  -57.789  41.915  -3.041 0.0000000000
140496  -56.659  41.998  -0.841 0.0000000000
139562  -58.224  40.901  -1.428 0.0000000000
138617  -58.506  40.284  1.028 0.0000000000
138637  -59.368  39.826  -2.670 0.0000000000
136682  -57.198  37.692  -7.942 0.0000000000
135562  -58.623  37.950  -3.874 0.0000000000
136627  -56.745  37.938  -5.338 0.0000000000
135559  -56.221  37.848  -3.161 0.0000000000
136646  -55.586  38.563  -6.523 0.0000000000
134660  -50.284  36.587  -15.800 0.0000000000
135751  -52.380  37.312  -14.367 0.0000000000
135736  -50.770  37.480  -13.655 0.0000000000
136715  -48.274  38.702  -10.105 0.0000000000
136737  -50.025  38.711  -10.983 0.0000000000
137696  -50.384  38.968  -8.618 0.0000000000
137650  -52.067  39.138  -6.031 0.0000000000
137648  -50.574  39.002  -6.177 0.0000000000
136576  -49.772  38.429  -3.913 0.0000000000
131519  -56.689  33.657  10.452 0.0000000000
136526  -58.539  38.343  5.316 0.0000000000
149246  -54.013  51.357  -15.023 0.0000000000
146531  -53.474  49.087  -15.934 0.0000000000
147509  -54.479  48.867  -16.325 0.0000000000
144603  -53.684  46.294  -18.945 0.0000000000
141588  -50.705  43.774  -20.167 0.0000000000
139720  -48.598  41.605  -19.596 0.0000000000
142542  -49.491  44.738  -19.883 0.0000000000
134424  -51.093  36.569  6.867 0.0000000000
136522  -50.380  38.414  4.900 0.0000000000
141376  -51.066  42.889  4.007 0.0000000000
153796  -41.133  56.888  -16.682 0.0000000000
156892  -50.623  61.096  -15.048 0.0000000000
155456  -52.351  59.543  -20.695 0.0000000000
154676  -53.044  58.906  -22.270 0.0000000000
146379  -49.333  49.190  -0.583 0.0000000000
144397  -53.178  46.981  -2.099 0.0000000000
144414  -54.766  46.388  -3.598 0.0000000000
148351  -51.135  51.385  -10.733 0.0000000000
138738  -54.687  40.723  -16.062 0.0000000000
141543  -54.433  43.450  -14.377 0.0000000000
141556  -56.259  43.177  -15.509 0.0000000000
142489  -57.462  44.639  -13.774 0.0000000000
141520  -56.968  43.353  -12.561 0.0000000000
139630  -57.076  41.385  -10.174 0.0000000000
138708  -57.539  40.270  -12.114 0.0000000000
137713  -59.550  39.121  -10.379 0.0000000000
137677  -60.232  39.205  -7.295 0.0000000000
136629  -59.862  38.700  -5.196 0.0000000000
135666  -59.583  37.324  -9.458 0.0000000000
134587  -58.064  36.836  -10.351 0.0000000000
135677  -56.316  37.622  -10.569 0.0000000000
135734  -48.448  36.984  -13.274 0.0000000000
144445  -47.119  46.374  -5.946 0.0000000000
150799  -48.569  53.483  -14.356 0.0000000000
147466  -48.593  49.756  -13.671 0.0000000000
146527  -49.632  48.512  -14.812 0.0000000000
143512  -50.256  45.238  -15.268 0.0000000000
139677  -51.362  41.969  -16.104 0.0000000000
143520  -52.558  45.621  -17.209 0.0000000000
140647  -51.841  42.559  -17.760 0.0000000000
138747  -52.609  40.287  -17.292 0.0000000000
137781  -54.333  39.252  -17.718 0.0000000000
136814  -54.813  38.152  -18.860 0.0000000000
134704  -54.744  36.604  -18.978 0.0000000000
133648  -54.425  36.071  -17.579 0.0000000000
133664  -52.529  35.855  -18.168 0.0000000000
134689  -50.466  36.944  -17.356 0.0000000000
135773  -48.499  37.371  -15.872 0.0000000000
138760  -48.382  40.712  -17.520 0.0000000000
137760  -48.332  39.574  -15.603 0.0000000000
134399  -52.477  36.160  8.475 0.0000000000
133476  -53.330  35.578  9.645 0.0000000000
132528  -54.534  34.742  10.462 0.0000000000
134387  -55.712  36.574  9.824 0.0000000000
136477  -56.242  38.192  8.613 0.0000000000
139468  -56.121  40.827  7.301 0.0000000000
152933  -37.916  56.092  -11.022 0.0000000000
152962  -38.221  56.636  -12.629 0.0000000000
152935  -40.064  56.504  -10.643 0.0000000000
152922  -42.339  57.124  -9.638 0.0000000000
153713  -44.879  57.879  -9.361 0.0000000000
153716  -47.729  58.183  -9.715 0.0000000000
153760  -45.247  57.143  -13.834 0.0000000000
154572  -45.626  59.267  -11.602 0.0000000000
155356  -47.094  59.855  -9.440 0.0000000000
153737  -48.726  57.336  -11.822 0.0000000000
153752  -49.538  57.693  -12.849 0.0000000000
153004  -50.322  56.433  -14.367 0.0000000000
152269  -51.809  55.612  -14.628 0.0000000000
156129  -51.776  60.661  -13.493 0.0000000000
154598  -52.388  58.188  -13.812 0.0000000000
152270  -52.652  55.522  -14.715 0.0000000000
151559  -54.345  54.313  -14.782 0.0000000000
151567  -55.512  54.133  -15.354 0.0000000000
152286  -55.890  54.625  -17.761 0.0000000000
152293  -55.539  55.291  -19.587 0.0000000000
153858  -53.663  57.361  -22.325 0.0000000000
142304  -49.894  44.954  2.126 0.0000000000
143309  -51.131  46.022  2.443 0.0000000000
147333  -50.200  50.205  0.821 0.0000000000
146332  -51.586  48.750  2.188 0.0000000000
143292  -52.430  45.205  3.462 0.0000000000
143286  -53.572  44.869  4.162 0.0000000000
142285  -54.679  44.084  4.419 0.0000000000
141380  -55.833  43.027  4.669 0.0000000000
145459  -49.435  47.536  -6.925 0.0000000000
146496  -48.814  48.988  -12.746 0.0000000000
146480  -50.727  48.821  -11.479 0.0000000000
147433  -52.178  50.197  -10.789 0.0000000000
144509  -53.983  46.464  -12.640 0.0000000000
146483  -53.738  48.495  -11.419 0.0000000000
148344  -53.875  50.754  -9.285 0.0000000000
147393  -53.035  50.114  -7.128 0.0000000000
145467  -51.720  47.527  -7.989 0.0000000000
143425  -51.037  45.627  -7.864 0.0000000000
142406  -53.560  43.866  -6.706 0.0000000000
142397  -55.376  44.449  -5.574 0.0000000000
144430  -55.956  45.381  -4.018 0.0000000000
140542  -57.971  42.276  -7.386 0.0000000000
142366  -57.008  43.430  -4.401 0.0000000000
143347  -56.546  45.537  -1.727 0.0000000000
142322  -55.580  44.595  -0.186 0.0000000000
140491  -55.282  42.881  1.650 0.0000000000
139512  -56.825  41.882  4.770 0.0000000000
139514  -57.834  40.587  4.241 0.0000000000
138593  -58.513  39.572  4.021 0.0000000000
136544  -58.834  38.696  2.975 0.0000000000
136585  -59.256  38.445  -3.869 0.0000000000
136562  -58.988  38.592  -0.995 0.0000000000
135486  -58.801  38.234  1.649 0.0000000000
135494  -57.420  37.333  1.227 0.0000000000
135515  -55.597  37.405  -0.474 0.0000000000
134664  -54.625  36.660  -15.662 0.0000000000
135740  -54.741  37.491  -13.173 0.0000000000
136742  -55.036  38.103  -11.003 0.0000000000
136753  -50.617  38.427  -12.008 0.0000000000
136719  -52.736  38.684  -10.523 0.0000000000
137688  -54.197  38.996  -8.593 0.0000000000
136644  -53.539  39.143  -6.627 0.0000000000
135556  -53.238  38.216  -2.954 0.0000000000
137540  -57.338  38.743  8.528 0.0000000000
136469  -57.949  37.436  9.359 0.0000000000
137541  -57.750  38.635  8.437 0.0000000000
137551  -58.059  38.648  8.180 0.0000000000
139471  -57.399  40.211  7.305 0.0000000000
148425  -56.168  50.689  -16.947 0.0000000000
147522  -55.716  49.677  -17.314 0.0000000000
147537  -55.489  49.820  -17.913 0.0000000000
142382  -51.228  44.174  -4.470 0.0000000000
142392  -50.440  44.409  -5.472 0.0000000000
152260  -48.355  55.624  -11.875 0.0000000000
150028  -48.762  52.966  -12.353 0.0000000000
150789  -48.444  53.730  -12.662 0.0000000000
135792  -56.418  37.792  -17.540 0.0000000000
137772  -57.255  39.616  -16.188 0.0000000000
136800  -56.936  38.159  -16.605 0.0000000000
135777  -57.445  38.076  -15.398 0.0000000000
134667  -56.860  37.264  -15.934 0.0000000000
134648  -57.203  37.344  -14.708 0.0000000000
134666  -56.439  36.901  -15.790 0.0000000000
150051  -51.453  52.301  -15.221 0.0000000000
148393  -51.482  50.447  -15.437 0.0000000000
147493  -52.075  49.526  -15.631 0.0000000000
141600  -51.071  43.237  -20.109 0.0000000000
140672  -51.275  42.367  -20.154 0.0000000000
139731  -51.056  41.564  -20.464 0.0000000000
137813  -51.447  39.483  -20.710 0.0000000000
137812  -50.429  39.494  -20.719 0.0000000000
137804  -49.921  39.048  -20.267 0.0000000000
138782  -49.100  40.539  -19.919 0.0000000000
133492  -50.076  35.567  8.638 0.0000000000
139485  -52.011  41.641  5.669 0.0000000000
137568  -53.343  39.737  5.971 0.0000000000
139486  -52.670  41.518  5.971 0.0000000000
139487  -53.505  41.639  6.368 0.0000000000
140427  -52.885  42.435  6.050 0.0000000000
152998  -42.192  55.883  -14.581 0.0000000000
152981  -41.806  56.002  -13.629 0.0000000000
152982  -42.818  56.230  -13.672 0.0000000000
153747  -42.926  57.381  -12.192 0.0000000000
152968  -43.290  56.780  -12.927 0.0000000000
155399  -48.262  59.801  -14.580 0.0000000000
156126  -49.020  60.334  -13.926 0.0000000000
156117  -48.610  60.413  -12.582 0.0000000000
156118  -49.502  61.005  -12.071 0.0000000000
156858  -49.997  61.175  -11.454 0.0000000000
156127  -49.912  60.948  -13.285 0.0000000000
154646  -52.720  58.880  -18.976 0.0000000000
154636  -52.358  58.813  -17.796 0.0000000000
153812  -52.681  58.162  -18.293 0.0000000000
153031  -53.185  56.703  -17.544 0.0000000000
153035  -53.496  56.965  -18.435 0.0000000000
153039  -53.770  57.131  -19.074 0.0000000000
153821  -53.627  57.697  -19.719 0.0000000000
146375  -45.262  48.870  -0.644 0.0000000000
147344  -45.642  49.457  -0.048 0.0000000000
147329  -45.949  49.602  0.646 0.0000000000
147330  -46.926  49.656  0.670 0.0000000000
147308  -47.228  49.503  1.354 0.0000000000
146393  -54.430  48.151  -1.541 0.0000000000
146384  -54.478  48.471  -0.625 0.0000000000
146385  -55.233  47.927  -0.374 0.0000000000
146363  -54.786  47.917  0.581 0.0000000000
145393  -55.676  47.552  -0.383 0.0000000000
150753  -51.182  52.994  -8.905 0.0000000000
149983  -50.951  52.715  -8.335 0.0000000000
149164  -50.283  51.514  -7.192 0.0000000000
149975  -52.248  52.157  -7.972 0.0000000000
141541  -52.211  42.867  -13.948 0.0000000000
142485  -52.163  44.215  -13.145 0.0000000000
141542  -53.346  43.010  -14.076 0.0000000000
143468  -56.268  44.932  -11.338 0.0000000000
144487  -56.277  46.211  -10.936 0.0000000000
143459  -55.802  45.286  -10.926 0.0000000000
144485  -54.931  45.750  -10.191 0.0000000000
142452  -55.161  44.335  -10.799 0.0000000000
141494  -55.033  42.845  -10.171 0.0000000000
140573  -55.612  42.276  -10.319 0.0000000000
139582  -59.641  40.614  -5.289 0.0000000000
139581  -59.094  41.230  -4.791 0.0000000000
139577  -58.896  41.023  -3.785 0.0000000000
139570  -58.095  41.321  -2.446 0.0000000000
139571  -58.777  40.825  -2.809 0.0000000000
138636  -59.070  40.223  -2.286 0.0000000000
138642  -59.581  40.035  -3.739 0.0000000000
136665  -57.373  37.816  -6.983 0.0000000000
136664  -56.437  38.205  -7.249 0.0000000000
136626  -55.820  38.340  -5.520 0.0000000000
134640  -49.049  36.460  -14.895 0.0000000000
135749  -50.394  36.952  -14.343 0.0000000000
134624  -49.456  36.618  -14.370 0.0000000000
136695  -48.432  38.949  -9.092 0.0000000000
136716  -49.332  38.864  -9.980 0.0000000000
136696  -49.614  38.992  -8.818 0.0000000000
137672  -50.478  39.031  -7.381 0.0000000000
137671  -49.772  38.958  -7.227 0.0000000000
136642  -49.435  38.931  -6.183 0.0000000000
136660  -48.466  38.974  -7.091 0.0000000000
132507  -56.669  34.582  10.806 0.0000000000
135434  -58.821  37.242  7.254 0.0000000000
136515  -58.602  38.135  6.478 0.0000000000
149235  -54.251  52.124  -14.681 0.0000000000
147495  -54.174  49.508  -15.904 0.0000000000
147510  -54.999  49.178  -16.297 0.0000000000
145604  -54.345  47.419  -18.874 0.0000000000
145589  -54.608  47.405  -18.223 0.0000000000
144602  -52.970  45.995  -19.313 0.0000000000
143558  -52.024  45.170  -19.557 0.0000000000
143557  -51.137  45.357  -19.959 0.0000000000
142543  -50.482  44.538  -20.087 0.0000000000
143555  -49.382  45.813  -19.816 0.0000000000
140437  -51.064  41.638  4.957 0.0000000000
140466  -50.496  42.758  3.482 0.0000000000
153788  -40.400  57.004  -16.490 0.0000000000
155455  -51.597  59.697  -20.477 0.0000000000
155484  -52.030  59.370  -22.602 0.0000000000
155490  -51.232  59.241  -23.356 0.0000000000
142364  -52.770  44.808  -3.843 0.0000000000
143364  -52.235  45.387  -2.423 0.0000000000
143374  -53.539  45.513  -3.557 0.0000000000
144405  -53.711  46.565  -2.774 0.0000000000
143375  -54.252  45.815  -3.870 0.0000000000
152250  -44.549  55.462  -10.192 0.0000000000
149223  -50.367  51.762  -11.102 0.0000000000
138750  -55.411  40.598  -16.588 0.0000000000
140626  -55.667  42.529  -15.567 0.0000000000
139682  -56.048  41.894  -16.130 0.0000000000
140614  -57.765  42.059  -15.014 0.0000000000
141558  -57.439  43.094  -15.268 0.0000000000
140600  -57.484  42.675  -13.799 0.0000000000
141521  -57.381  43.473  -13.167 0.0000000000
140593  -57.115  42.453  -13.021 0.0000000000
139648  -56.978  41.272  -12.562 0.0000000000
138717  -57.402  40.541  -12.993 0.0000000000
136758  -58.738  38.299  -11.951 0.0000000000
137721  -58.970  38.939  -11.208 0.0000000000
136744  -59.248  38.302  -11.128 0.0000000000
137689  -60.196  39.157  -8.341 0.0000000000
136724  -59.855  37.993  -10.270 0.0000000000
136704  -60.153  38.168  -8.905 0.0000000000
135679  -59.475  37.357  -10.387 0.0000000000
134611  -57.450  37.237  -12.561 0.0000000000
134588  -58.592  36.946  -10.764 0.0000000000
134599  -57.539  37.110  -11.354 0.0000000000
135678  -57.209  37.150  -10.454 0.0000000000
134598  -56.806  37.236  -11.593 0.0000000000
150800  -49.247  53.277  -14.931 0.0000000000
149234  -49.161  51.387  -14.682 0.0000000000
148381  -49.569  50.395  -14.866 0.0000000000
144545  -50.863  46.879  -15.774 0.0000000000
144553  -50.585  45.789  -15.699 0.0000000000
143518  -50.821  45.227  -16.013 0.0000000000
141554  -50.655  43.500  -15.625 0.0000000000
140638  -51.081  43.168  -16.499 0.0000000000
144556  -53.418  46.506  -17.268 0.0000000000
144555  -52.640  46.223  -16.974 0.0000000000
143529  -52.783  45.261  -17.665 0.0000000000
138774  -52.085  41.265  -19.370 0.0000000000
140653  -52.015  42.430  -18.607 0.0000000000
139714  -52.227  40.903  -18.561 0.0000000000
139693  -52.070  41.029  -17.117 0.0000000000
138761  -52.459  40.434  -18.287 0.0000000000
137770  -53.725  39.631  -17.314 0.0000000000
137793  -52.703  39.834  -18.854 0.0000000000
135805  -52.464  37.644  -20.510 0.0000000000
136832  -53.030  38.245  -20.157 0.0000000000
135806  -53.210  37.442  -20.155 0.0000000000
135808  -54.497  37.156  -19.444 0.0000000000
134714  -53.845  36.537  -19.537 0.0000000000
133674  -53.322  35.983  -19.105 0.0000000000
134702  -52.180  36.151  -18.931 0.0000000000
135789  -50.165  37.921  -18.326 0.0000000000
135783  -50.559  37.095  -17.936 0.0000000000
135782  -50.113  37.646  -17.606 0.0000000000
134674  -49.745  37.062  -16.491 0.0000000000
140652  -48.137  42.557  -19.182 0.0000000000
139712  -48.144  41.625  -18.755 0.0000000000
139703  -48.113  41.320  -18.056 0.0000000000
138733  -47.718  40.685  -15.359 0.0000000000
138745  -47.954  41.031  -16.205 0.0000000000
135440  -51.560  37.086  6.346 0.0000000000
134411  -51.376  36.292  7.571 0.0000000000
134412  -52.295  36.538  7.564 0.0000000000
135420  -53.862  36.844  8.323 0.0000000000
134400  -53.302  36.499  8.425 0.0000000000
134401  -53.878  36.535  8.767 0.0000000000
133477  -53.827  35.597  9.920 0.0000000000
134368  -54.711  36.027  9.938 0.0000000000
134369  -55.240  35.970  10.154 0.0000000000
134386  -55.059  36.426  9.644 0.0000000000
138552  -54.852  40.876  6.897 0.0000000000
136490  -55.714  38.770  7.813 0.0000000000
138553  -55.475  40.710  7.153 0.0000000000
137549  -56.359  39.795  7.780 0.0000000000
140417  -55.203  41.958  6.661 0.0000000000
153756  -34.874  57.384  -14.132 0.0000000000
152973  -34.591  56.816  -13.264 0.0000000000
152974  -35.541  56.722  -13.382 0.0000000000
152950  -37.024  56.111  -11.444 0.0000000000
152960  -36.219  56.385  -12.531 0.0000000000
155406  -37.682  59.041  -15.888 0.0000000000
153785  -37.826  57.446  -15.583 0.0000000000
152964  -39.556  56.451  -12.928 0.0000000000
152963  -38.844  56.508  -12.908 0.0000000000
153743  -39.238  56.768  -12.374 0.0000000000
152952  -39.001  56.821  -11.458 0.0000000000
153720  -39.684  56.970  -11.112 0.0000000000
152936  -41.165  56.804  -10.158 0.0000000000
153722  -41.522  57.556  -10.582 0.0000000000
154561  -43.467  58.806  -10.331 0.0000000000
153712  -43.832  57.960  -9.474 0.0000000000
154551  -44.521  58.840  -9.507 0.0000000000
153714  -45.972  57.817  -9.418 0.0000000000
154553  -46.580  58.787  -9.291 0.0000000000
153749  -45.630  57.904  -12.914 0.0000000000
154582  -46.401  58.865  -12.513 0.0000000000
156098  -47.885  60.673  -10.629 0.0000000000
156097  -47.013  60.437  -10.855 0.0000000000
156090  -47.951  60.460  -9.765 0.0000000000
154555  -48.452  59.287  -9.541 0.0000000000
154564  -48.818  58.738  -10.200 0.0000000000
154584  -49.125  57.744  -12.046 0.0000000000
154565  -49.627  59.216  -10.457 0.0000000000
155383  -50.902  59.415  -11.447 0.0000000000
154595  -50.317  58.087  -12.897 0.0000000000
153764  -50.776  57.674  -13.517 0.0000000000
152268  -50.817  55.639  -14.715 0.0000000000
153765  -51.584  57.583  -13.708 0.0000000000
156908  -51.184  60.930  -16.390 0.0000000000
156143  -51.435  60.853  -14.748 0.0000000000
156156  -52.057  60.236  -15.392 0.0000000000
153780  -52.524  57.981  -15.114 0.0000000000
155401  -52.574  58.546  -13.978 0.0000000000
154607  -52.468  58.074  -14.282 0.0000000000
152989  -52.154  57.133  -14.323 0.0000000000
153007  -52.495  56.583  -14.815 0.0000000000
151558  -53.346  54.500  -14.649 0.0000000000
152271  -53.557  55.295  -15.192 0.0000000000
152280  -54.697  55.347  -16.727 0.0000000000
152276  -54.781  54.866  -15.679 0.0000000000
152277  -55.509  54.491  -15.809 0.0000000000
150815  -56.193  53.312  -15.606 0.0000000000
151572  -55.958  54.433  -16.673 0.0000000000
152285  -55.600  55.049  -17.403 0.0000000000
153045  -54.743  56.591  -20.314 0.0000000000
153041  -55.121  56.104  -19.573 0.0000000000
153046  -55.318  55.891  -20.430 0.0000000000
154692  -53.146  58.267  -22.669 0.0000000000
143319  -47.115  45.976  2.049 0.0000000000
145349  -48.902  47.548  2.201 0.0000000000
143306  -48.527  46.137  2.153 0.0000000000
144349  -49.472  46.834  2.221 0.0000000000
143308  -50.117  45.954  2.196 0.0000000000
144350  -50.528  46.994  2.306 0.0000000000
146380  -50.428  49.234  -0.575 0.0000000000
147348  -49.721  49.900  -0.008 0.0000000000
147349  -50.918  49.943  0.057 0.0000000000
146347  -52.635  49.139  1.658 0.0000000000
147295  -51.895  49.109  1.993 0.0000000000
145352  -51.978  47.858  2.337 0.0000000000
144351  -51.566  46.946  2.444 0.0000000000
143311  -52.794  46.065  2.927 0.0000000000
143293  -52.946  45.290  3.661 0.0000000000
144334  -53.194  45.836  3.097 0.0000000000
143313  -54.650  45.472  2.076 0.0000000000
143288  -54.390  44.687  3.642 0.0000000000
142293  -54.821  44.212  3.511 0.0000000000
141379  -55.295  43.412  4.908 0.0000000000
141408  -55.180  43.630  3.131 0.0000000000
148297  -50.127  50.249  -6.643 0.0000000000
145445  -49.161  47.984  -6.776 0.0000000000
146518  -48.949  48.565  -14.060 0.0000000000
146508  -48.661  49.060  -13.387 0.0000000000
144521  -49.496  46.654  -13.452 0.0000000000
144507  -51.815  46.243  -12.291 0.0000000000
145515  -50.350  47.276  -12.144 0.0000000000
145499  -51.000  47.914  -11.655 0.0000000000
147442  -51.457  49.523  -11.164 0.0000000000
146481  -51.715  48.652  -11.403 0.0000000000
142488  -55.195  44.796  -14.033 0.0000000000
143493  -54.738  45.393  -13.434 0.0000000000
144523  -54.892  46.048  -13.212 0.0000000000
146469  -54.981  48.582  -10.567 0.0000000000
146484  -54.644  48.319  -11.289 0.0000000000
147436  -54.716  49.358  -10.145 0.0000000000
147435  -54.004  49.758  -10.471 0.0000000000
148345  -54.318  50.250  -8.843 0.0000000000
148330  -53.579  50.831  -7.970 0.0000000000
147422  -54.371  49.374  -8.283 0.0000000000
144465  -53.390  46.292  -9.029 0.0000000000
146460  -52.826  48.187  -8.000 0.0000000000
144464  -52.756  46.479  -8.774 0.0000000000
144460  -51.431  46.420  -8.250 0.0000000000
143436  -52.184  45.737  -8.703 0.0000000000
142422  -52.317  44.240  -7.722 0.0000000000
142435  -52.607  44.509  -8.502 0.0000000000
141457  -56.065  43.381  -6.744 0.0000000000
141456  -55.128  43.518  -6.878 0.0000000000
142398  -56.046  44.241  -5.555 0.0000000000
143414  -55.727  44.808  -5.056 0.0000000000
143415  -56.139  44.383  -5.054 0.0000000000
139624  -58.748  40.627  -9.724 0.0000000000
139613  -57.889  41.559  -9.104 0.0000000000
140543  -58.759  41.593  -7.801 0.0000000000
141437  -57.066  43.197  -3.428 0.0000000000
141442  -57.581  42.745  -4.878 0.0000000000
142346  -56.668  44.337  -2.850 0.0000000000
143366  -56.517  45.184  -3.111 0.0000000000
142330  -56.610  44.854  -2.196 0.0000000000
143329  -56.265  45.564  -0.944 0.0000000000
142323  -56.032  44.562  -0.932 0.0000000000
139555  -56.407  41.565  0.636 0.0000000000
140492  -55.734  42.113  1.068 0.0000000000
139551  -56.455  41.538  1.557 0.0000000000
139541  -56.534  42.013  3.455 0.0000000000
139542  -57.159  41.389  3.030 0.0000000000
139513  -57.272  41.321  4.541 0.0000000000
139532  -57.572  41.045  3.574 0.0000000000
138609  -58.440  40.177  2.485 0.0000000000
138610  -58.823  39.591  1.990 0.0000000000
137610  -58.766  39.108  3.518 0.0000000000
137616  -59.053  39.224  1.584 0.0000000000
135619  -59.689  38.025  -6.451 0.0000000000
136605  -59.525  38.539  -4.525 0.0000000000
135583  -59.456  38.212  -4.920 0.0000000000
135561  -57.895  37.723  -3.553 0.0000000000
135531  -58.823  38.266  -2.443 0.0000000000
135530  -58.378  37.927  -2.052 0.0000000000
135496  -58.761  38.215  0.471 0.0000000000
135506  -58.315  37.812  -0.145 0.0000000000
135495  -58.280  37.741  0.913 0.0000000000
135517  -57.619  37.583  -0.832 0.0000000000
135558  -55.280  38.051  -3.051 0.0000000000
135527  -55.777  37.600  -1.411 0.0000000000
135540  -54.972  37.842  -2.201 0.0000000000
135526  -54.708  37.532  -1.332 0.0000000000
135557  -54.270  38.137  -3.000 0.0000000000
133646  -53.064  35.965  -17.107 0.0000000000
134663  -53.480  36.717  -15.739 0.0000000000
135738  -52.889  37.685  -13.629 0.0000000000
135739  -53.960  37.523  -13.538 0.0000000000
135717  -54.300  37.792  -12.640 0.0000000000
135693  -54.691  37.864  -12.095 0.0000000000
136756  -53.738  38.165  -12.112 0.0000000000
135712  -49.011  37.669  -12.664 0.0000000000
136752  -49.367  38.276  -11.827 0.0000000000
137709  -51.549  38.929  -9.665 0.0000000000
136718  -51.773  38.823  -10.411 0.0000000000
137711  -52.796  38.783  -9.963 0.0000000000
136699  -53.793  38.734  -9.914 0.0000000000
137687  -53.431  39.103  -8.528 0.0000000000
136645  -54.384  38.979  -6.895 0.0000000000
137664  -53.531  39.185  -7.140 0.0000000000
136622  -51.569  39.014  -5.330 0.0000000000
136623  -52.472  39.034  -5.381 0.0000000000
136579  -52.617  38.610  -3.743 0.0000000000
135538  -52.862  37.803  -2.187 0.0000000000
135400  -57.366  36.765  9.967 0.0000000000
135401  -57.840  36.746  9.830 0.0000000000
134388  -58.949  35.796  9.325 0.0000000000
149248  -55.974  51.518  -15.487 0.0000000000
146545  -55.279  49.022  -16.687 0.0000000000
147511  -55.628  49.704  -16.516 0.0000000000
146570  -55.377  48.993  -17.996 0.0000000000
146586  -54.165  47.725  -19.161 0.0000000000
145602  -52.760  47.162  -19.683 0.0000000000
146585  -53.629  48.182  -19.363 0.0000000000
142383  -52.198  44.337  -4.524 0.0000000000
142394  -52.356  44.200  -5.500 0.0000000000
152927  -46.943  56.410  -10.253 0.0000000000
151544  -48.655  54.650  -11.363 0.0000000000
148359  -48.993  51.530  -12.022 0.0000000000
137783  -55.994  39.388  -17.426 0.0000000000
139695  -56.621  41.421  -16.469 0.0000000000
139707  -57.245  40.856  -16.421 0.0000000000
139697  -57.490  40.949  -15.925 0.0000000000
138727  -57.725  40.339  -14.743 0.0000000000
138718  -57.642  40.212  -13.771 0.0000000000
137754  -57.795  39.374  -14.412 0.0000000000
136781  -57.915  38.519  -14.087 0.0000000000
135741  -58.282  37.835  -12.893 0.0000000000
135697  -58.934  37.507  -11.385 0.0000000000
134629  -57.744  37.557  -13.672 0.0000000000
134628  -57.299  37.295  -13.673 0.0000000000
134627  -56.531  37.164  -13.577 0.0000000000
150811  -50.067  53.110  -15.215 0.0000000000
149242  -49.973  51.352  -15.162 0.0000000000
148392  -50.461  50.409  -15.278 0.0000000000
147492  -50.994  49.440  -15.456 0.0000000000
145555  -51.441  47.298  -15.977 0.0000000000
142546  -52.498  44.612  -19.060 0.0000000000
142531  -52.322  44.079  -18.339 0.0000000000
141589  -51.915  43.132  -19.204 0.0000000000
140673  -51.672  42.186  -19.820 0.0000000000
138783  -52.040  41.036  -19.757 0.0000000000
137805  -52.679  39.472  -19.703 0.0000000000
138790  -51.773  40.478  -20.296 0.0000000000
136831  -52.039  38.462  -20.690 0.0000000000
135804  -51.592  37.616  -20.654 0.0000000000
134711  -51.333  37.028  -20.050 0.0000000000
135796  -50.899  37.542  -20.077 0.0000000000
136820  -49.768  38.793  -18.964 0.0000000000
137792  -49.265  39.514  -18.584 0.0000000000
139702  -47.710  41.718  -17.405 0.0000000000
133474  -51.354  34.988  9.499 0.0000000000
136525  -52.848  38.667  5.854 0.0000000000
135441  -52.692  37.400  6.597 0.0000000000
136513  -53.458  38.611  6.211 0.0000000000
136501  -54.117  38.166  6.935 0.0000000000
135433  -54.539  37.864  7.571 0.0000000000
136489  -55.117  38.086  7.868 0.0000000000
136502  -54.946  38.972  7.080 0.0000000000
137557  -54.733  40.128  6.788 0.0000000000
139488  -54.330  41.679  6.663 0.0000000000
153771  -35.658  57.643  -14.614 0.0000000000
153011  -39.448  56.390  -15.355 0.0000000000
153010  -38.760  56.488  -15.139 0.0000000000
152996  -40.142  55.973  -14.586 0.0000000000
152980  -40.785  55.970  -13.643 0.0000000000
153745  -40.821  56.957  -12.140 0.0000000000
153733  -41.200  57.367  -11.361 0.0000000000
153746  -41.806  57.190  -12.095 0.0000000000
153735  -43.512  58.112  -11.604 0.0000000000
154571  -44.309  58.939  -11.179 0.0000000000
155410  -47.306  59.111  -15.242 0.0000000000
154583  -47.090  59.230  -12.826 0.0000000000
155382  -47.891  59.930  -12.764 0.0000000000
155375  -50.060  59.446  -10.570 0.0000000000
156100  -50.011  60.498  -10.544 0.0000000000
156102  -50.952  60.161  -11.021 0.0000000000
155384  -51.509  59.573  -11.758 0.0000000000
156173  -51.799  60.154  -17.367 0.0000000000
156164  -51.948  60.222  -16.441 0.0000000000
155426  -52.110  59.548  -17.091 0.0000000000
154627  -52.269  58.664  -16.703 0.0000000000
153026  -52.606  57.012  -16.016 0.0000000000
153019  -52.786  56.629  -15.525 0.0000000000
153027  -53.090  56.455  -16.498 0.0000000000
152279  -53.825  55.970  -17.071 0.0000000000
152284  -54.563  55.896  -17.827 0.0000000000
152289  -54.800  56.074  -18.512 0.0000000000
153036  -54.270  56.496  -18.633 0.0000000000
153040  -54.372  56.770  -19.516 0.0000000000
153833  -54.276  57.122  -20.910 0.0000000000
145385  -44.804  47.716  -1.131 0.0000000000
146374  -44.104  49.003  -0.441 0.0000000000
147327  -43.962  49.627  0.534 0.0000000000
147305  -44.288  49.384  1.293 0.0000000000
144361  -47.453  46.951  2.156 0.0000000000
145361  -46.994  47.935  2.058 0.0000000000
146343  -47.588  48.932  1.906 0.0000000000
146344  -48.593  49.138  1.986 0.0000000000
146382  -52.613  49.056  -0.651 0.0000000000
147350  -52.011  49.644  -0.171 0.0000000000
147351  -53.008  49.299  -0.283 0.0000000000
147337  -53.581  49.035  0.770 0.0000000000
146349  -53.970  48.317  1.313 0.0000000000
144354  -53.658  46.611  2.293 0.0000000000
145365  -54.350  47.605  1.348 0.0000000000
144356  -54.757  46.394  1.405 0.0000000000
143322  -55.114  45.580  1.149 0.0000000000
149163  -49.163  51.079  -7.379 0.0000000000
149154  -49.826  50.871  -6.849 0.0000000000
148298  -51.203  50.399  -6.664 0.0000000000
142483  -50.236  44.768  -13.888 0.0000000000
143490  -50.197  45.250  -13.451 0.0000000000
142484  -50.939  44.367  -13.422 0.0000000000
142472  -51.728  44.837  -12.859 0.0000000000
143479  -52.318  45.505  -12.614 0.0000000000
144512  -56.698  46.305  -12.592 0.0000000000
144511  -55.929  46.621  -12.831 0.0000000000
145505  -56.271  46.920  -11.290 0.0000000000
146471  -55.736  47.391  -10.499 0.0000000000
146466  -55.270  48.202  -9.410 0.0000000000
147423  -54.777  48.727  -8.683 0.0000000000
145474  -54.723  47.660  -8.952 0.0000000000
144473  -53.909  46.199  -9.363 0.0000000000
143448  -53.840  45.350  -9.673 0.0000000000
142436  -53.215  44.403  -9.072 0.0000000000
141493  -54.509  43.188  -9.618 0.0000000000
140551  -55.383  42.606  -8.393 0.0000000000
140541  -57.003  42.380  -7.778 0.0000000000
139608  -59.642  40.546  -8.055 0.0000000000
139607  -59.225  41.216  -7.496 0.0000000000
139588  -59.177  41.322  -5.653 0.0000000000
140513  -58.461  41.702  -4.407 0.0000000000
140511  -57.354  42.563  -3.124 0.0000000000
141426  -56.745  43.072  -2.134 0.0000000000
140499  -56.825  42.339  -1.627 0.0000000000
139561  -57.397  41.467  -1.078 0.0000000000
139556  -57.037  41.313  -0.109 0.0000000000
139549  -57.960  40.690  1.492 0.0000000000
139557  -58.040  40.881  -0.448 0.0000000000
138622  -58.568  40.309  0.128 0.0000000000
138624  -59.031  39.625  -0.938 0.0000000000
135633  -58.142  37.400  -7.714 0.0000000000
135582  -58.922  37.894  -4.770 0.0000000000
135617  -58.308  37.633  -6.734 0.0000000000
136628  -57.514  37.710  -5.106 0.0000000000
135580  -57.377  37.642  -3.976 0.0000000000
135542  -56.923  37.643  -2.472 0.0000000000
136583  -56.491  37.813  -3.923 0.0000000000
136582  -55.643  38.100  -3.886 0.0000000000
136600  -55.186  38.439  -4.706 0.0000000000
134661  -51.299  36.510  -15.928 0.0000000000
134662  -52.362  36.581  -15.895 0.0000000000
134643  -51.860  36.872  -15.122 0.0000000000
135750  -51.350  37.173  -14.392 0.0000000000
135737  -51.841  37.651  -13.669 0.0000000000
136735  -48.142  38.221  -11.196 0.0000000000
136736  -49.036  38.572  -10.835 0.0000000000
136717  -50.617  38.945  -9.907 0.0000000000
137685  -51.640  39.086  -8.296 0.0000000000
137674  -52.165  39.208  -7.567 0.0000000000
137673  -51.278  39.131  -7.490 0.0000000000
137649  -51.229  39.072  -6.082 0.0000000000
136596  -51.079  38.808  -4.563 0.0000000000
136577  -50.622  38.508  -3.807 0.0000000000
136621  -50.609  38.928  -5.436 0.0000000000
136620  -49.696  38.858  -5.355 0.0000000000
130492  -55.954  33.408  10.208 0.0000000000
149245  -53.028  51.364  -15.069 0.0000000000
148394  -52.536  50.481  -15.427 0.0000000000
148395  -53.584  50.470  -15.388 0.0000000000
146543  -53.784  48.456  -16.334 0.0000000000
145572  -54.038  46.665  -17.696 0.0000000000
146544  -54.820  48.423  -16.783 0.0000000000
145573  -54.483  47.559  -17.325 0.0000000000
144583  -53.456  45.842  -18.875 0.0000000000
143559  -52.590  44.995  -19.115 0.0000000000
142544  -51.356  44.167  -19.874 0.0000000000
141599  -50.589  43.315  -20.260 0.0000000000
139721  -49.301  41.583  -20.220 0.0000000000
141587  -50.060  43.606  -20.233 0.0000000000
141586  -49.109  43.589  -19.902 0.0000000000
141577  -48.331  43.510  -19.384 0.0000000000
143556  -50.182  45.576  -19.998 0.0000000000
142530  -48.580  44.522  -19.432 0.0000000000
134410  -50.424  36.116  7.606 0.0000000000
134423  -50.302  36.537  6.550 0.0000000000
135439  -50.954  36.854  6.321 0.0000000000
136523  -51.400  38.427  5.245 0.0000000000
138573  -50.347  40.175  4.712 0.0000000000
137582  -50.894  39.364  4.896 0.0000000000
137583  -51.822  39.408  5.269 0.0000000000
139497  -51.515  41.213  5.350 0.0000000000
140450  -51.416  42.676  4.618 0.0000000000
154614  -38.880  58.051  -16.298 0.0000000000
153787  -39.550  57.037  -16.136 0.0000000000
153021  -41.037  56.399  -16.173 0.0000000000
153014  -42.475  56.087  -15.499 0.0000000000
156154  -50.194  60.999  -15.050 0.0000000000
156188  -51.585  60.117  -18.669 0.0000000000
155446  -52.080  59.802  -19.368 0.0000000000
154658  -52.716  59.272  -19.654 0.0000000000
155447  -52.703  59.377  -20.149 0.0000000000
154659  -53.201  58.732  -20.071 0.0000000000
155471  -52.619  59.307  -21.742 0.0000000000
155492  -52.399  59.055  -23.235 0.0000000000
144396  -52.320  46.625  -1.695 0.0000000000
145406  -52.845  47.723  -1.541 0.0000000000
145407  -53.918  47.612  -2.138 0.0000000000
145408  -54.535  47.816  -2.183 0.0000000000
146401  -55.133  47.791  -2.075 0.0000000000
150766  -50.902  53.094  -9.540 0.0000000000
149212  -51.761  51.943  -10.101 0.0000000000
139680  -54.205  41.331  -15.395 0.0000000000
140611  -54.030  42.336  -14.723 0.0000000000
140612  -54.923  42.812  -14.990 0.0000000000
141544  -55.534  43.545  -14.964 0.0000000000
142499  -55.873  44.514  -14.559 0.0000000000
141557  -56.992  43.223  -15.574 0.0000000000
142500  -56.678  44.576  -14.725 0.0000000000
143495  -56.830  45.529  -13.739 0.0000000000
143482  -57.413  45.191  -12.755 0.0000000000
142462  -56.917  44.293  -12.178 0.0000000000
141512  -56.442  43.329  -12.019 0.0000000000
140584  -56.149  42.213  -11.599 0.0000000000
139647  -56.639  41.505  -11.859 0.0000000000
139640  -57.201  40.746  -11.532 0.0000000000
138680  -59.072  40.204  -9.956 0.0000000000
138709  -57.824  39.729  -12.737 0.0000000000
137712  -59.180  39.326  -10.707 0.0000000000
138681  -59.474  40.001  -9.609 0.0000000000
138666  -60.053  39.942  -7.738 0.0000000000
138660  -60.091  39.937  -6.751 0.0000000000
137665  -60.203  39.239  -6.326 0.0000000000
137652  -60.033  39.229  -5.404 0.0000000000
136666  -60.133  38.641  -6.795 0.0000000000
135636  -59.958  38.167  -7.135 0.0000000000
135651  -59.602  37.494  -8.286 0.0000000000
134579  -59.206  37.015  -10.322 0.0000000000
134578  -58.815  36.799  -10.027 0.0000000000
135650  -58.889  37.139  -8.492 0.0000000000
135649  -57.932  37.197  -8.651 0.0000000000
135648  -57.015  37.592  -8.871 0.0000000000
136702  -56.181  38.050  -9.093 0.0000000000
134622  -47.853  36.435  -13.985 0.0000000000
134621  -46.829  36.366  -13.942 0.0000000000
135733  -47.369  36.791  -13.097 0.0000000000
135710  -46.708  37.237  -12.323 0.0000000000
135692  -47.514  37.929  -11.469 0.0000000000
136734  -47.066  38.164  -10.908 0.0000000000
136714  -47.281  38.542  -10.160 0.0000000000
136694  -47.417  38.836  -9.229 0.0000000000
150794  -48.268  53.620  -13.528 0.0000000000
149233  -48.558  51.522  -14.064 0.0000000000
148380  -48.816  50.365  -14.259 0.0000000000
145544  -49.457  47.617  -14.501 0.0000000000
147491  -50.010  49.443  -15.109 0.0000000000
144543  -49.714  47.050  -14.828 0.0000000000
143503  -49.889  45.441  -14.399 0.0000000000
141539  -50.505  43.805  -14.979 0.0000000000
140608  -51.201  42.478  -15.137 0.0000000000
139666  -52.428  41.547  -15.003 0.0000000000
146542  -52.664  47.932  -16.216 0.0000000000
145556  -52.236  47.126  -16.428 0.0000000000
143519  -51.838  45.270  -16.830 0.0000000000
141572  -51.860  43.432  -17.703 0.0000000000
141566  -51.469  43.610  -17.041 0.0000000000
139692  -51.685  41.794  -16.972 0.0000000000
139678  -52.057  41.131  -16.035 0.0000000000
139679  -53.097  40.956  -15.473 0.0000000000
138737  -53.789  40.490  -16.038 0.0000000000
138749  -54.401  40.001  -16.757 0.0000000000
138762  -55.131  39.796  -17.141 0.0000000000
137806  -53.003  38.819  -19.901 0.0000000000
136813  -54.069  38.346  -19.163 0.0000000000
137796  -55.407  38.613  -18.053 0.0000000000
136815  -55.540  37.951  -18.444 0.0000000000
135800  -55.369  37.295  -18.708 0.0000000000
134706  -55.665  36.998  -18.310 0.0000000000
134693  -55.512  36.581  -17.824 0.0000000000
133657  -54.593  36.145  -18.190 0.0000000000
133655  -53.112  35.801  -17.799 0.0000000000
133654  -52.472  35.906  -17.495 0.0000000000
134701  -51.266  36.818  -19.386 0.0000000000
134690  -51.106  36.502  -18.029 0.0000000000
134675  -50.750  36.547  -16.760 0.0000000000
134659  -49.373  36.638  -15.599 0.0000000000
134672  -48.282  37.045  -15.821 0.0000000000
138781  -48.575  40.859  -19.247 0.0000000000
138772  -48.549  40.553  -18.492 0.0000000000
137791  -48.862  39.941  -17.899 0.0000000000
138759  -48.002  41.159  -16.878 0.0000000000
138746  -48.482  40.458  -16.677 0.0000000000
137767  -49.353  39.175  -16.936 0.0000000000
134397  -50.905  35.917  8.208 0.0000000000
134398  -51.644  36.016  8.277 0.0000000000
133448  -52.053  35.009  9.699 0.0000000000
134413  -52.937  36.659  7.888 0.0000000000
134383  -52.891  36.113  8.853 0.0000000000
133449  -52.639  35.025  9.831 0.0000000000
132504  -53.952  34.273  10.223 0.0000000000
131499  -55.045  34.022  10.436 0.0000000000
132506  -55.635  34.665  10.703 0.0000000000
133437  -55.862  35.163  10.810 0.0000000000
134370  -56.230  36.082  10.381 0.0000000000
135422  -55.493  37.844  8.389 0.0000000000
135411  -56.437  37.165  9.576 0.0000000000
135399  -56.881  36.733  10.052 0.0000000000
136478  -57.060  38.049  9.077 0.0000000000
137539  -56.789  39.179  8.214 0.0000000000
139469  -56.534  40.849  7.307 0.0000000000
153758  -36.479  56.901  -14.075 0.0000000000
152994  -38.351  56.478  -14.500 0.0000000000
152993  -37.498  56.659  -14.220 0.0000000000
152976  -37.444  56.626  -13.385 0.0000000000
152951  -38.162  56.546  -11.679 0.0000000000
152934  -38.937  56.418  -10.907 0.0000000000
152245  -39.518  55.674  -10.563 0.0000000000
152247  -41.529  55.817  -10.177 0.0000000000
152248  -42.580  55.920  -10.017 0.0000000000
152938  -43.401  56.421  -9.794 0.0000000000
153710  -41.926  57.501  -9.969 0.0000000000
152923  -43.189  57.214  -9.553 0.0000000000
152925  -45.336  56.890  -9.668 0.0000000000
152940  -47.024  57.042  -10.085 0.0000000000
153724  -47.354  57.326  -10.064 0.0000000000
152953  -48.306  56.593  -11.516 0.0000000000
152984  -44.557  56.663  -14.067 0.0000000000
153748  -44.332  57.480  -12.544 0.0000000000
154581  -45.143  58.452  -12.078 0.0000000000
155372  -45.365  59.746  -10.780 0.0000000000
155380  -46.648  59.601  -11.907 0.0000000000
155373  -46.346  59.962  -11.291 0.0000000000
155362  -45.300  59.759  -9.946 0.0000000000
154554  -47.786  58.854  -9.479 0.0000000000
154563  -48.056  58.380  -9.844 0.0000000000
152969  -48.523  56.511  -12.301 0.0000000000
152264  -48.490  55.482  -13.555 0.0000000000
153002  -48.834  56.141  -13.817 0.0000000000
151554  -49.173  54.447  -14.761 0.0000000000
154594  -49.797  57.846  -12.891 0.0000000000
153763  -49.731  57.346  -13.457 0.0000000000
152267  -49.769  55.564  -14.669 0.0000000000
151564  -50.612  53.852  -15.188 0.0000000000
151556  -51.339  54.579  -14.960 0.0000000000
150801  -52.038  53.802  -14.909 0.0000000000
156128  -50.993  61.094  -13.591 0.0000000000
156880  -51.327  60.915  -12.822 0.0000000000
155385  -52.091  59.473  -12.430 0.0000000000
156144  -52.228  60.169  -14.278 0.0000000000
155391  -52.457  59.234  -13.021 0.0000000000
154597  -52.110  58.432  -13.186 0.0000000000
152988  -51.894  57.149  -14.079 0.0000000000
151557  -52.380  54.600  -14.727 0.0000000000
150814  -52.337  53.242  -14.832 0.0000000000
150043  -53.548  52.786  -14.593 0.0000000000
150803  -53.950  53.591  -14.498 0.0000000000
150044  -54.545  52.801  -14.557 0.0000000000
152272  -54.425  54.696  -15.163 0.0000000000
151560  -55.076  53.985  -14.876 0.0000000000
150055  -55.729  52.490  -15.043 0.0000000000
150056  -56.307  52.302  -15.683 0.0000000000
150061  -56.419  52.265  -16.262 0.0000000000
152290  -55.316  55.620  -18.624 0.0000000000
152294  -55.723  55.216  -18.847 0.0000000000
154668  -53.435  58.552  -21.091 0.0000000000
153844  -53.812  57.737  -21.425 0.0000000000
153845  -54.208  56.911  -21.674 0.0000000000
141405  -48.690  43.773  1.854 0.0000000000
143320  -48.119  46.054  2.122 0.0000000000
142303  -49.008  44.711  1.941 0.0000000000
141406  -49.872  43.866  2.266 0.0000000000
141407  -50.596  44.370  2.506 0.0000000000
141388  -50.933  43.573  3.203 0.0000000000
141389  -51.654  44.157  3.628 0.0000000000
147347  -48.617  49.729  -0.015 0.0000000000
147310  -49.289  49.870  1.521 0.0000000000
146345  -49.533  49.337  2.104 0.0000000000
148265  -51.687  50.022  0.852 0.0000000000
147293  -50.981  49.632  1.947 0.0000000000
145351  -51.037  48.003  2.315 0.0000000000
142291  -51.974  44.890  3.411 0.0000000000
142281  -52.226  44.350  4.105 0.0000000000
141378  -52.538  44.006  4.737 0.0000000000
141368  -53.614  43.593  5.665 0.0000000000
142275  -53.886  44.080  5.218 0.0000000000
144335  -53.564  45.947  2.873 0.0000000000
142284  -54.054  44.440  4.668 0.0000000000
141369  -54.348  43.540  5.675 0.0000000000
141370  -55.024  43.333  5.538 0.0000000000
141361  -55.460  42.637  6.108 0.0000000000
141352  -56.256  41.875  6.323 0.0000000000
145443  -47.714  47.273  -6.378 0.0000000000
145458  -48.958  47.007  -6.747 0.0000000000
144455  -49.447  46.331  -6.863 0.0000000000
149231  -48.402  51.768  -13.285 0.0000000000
147454  -49.110  49.479  -12.180 0.0000000000
144505  -49.778  46.805  -12.707 0.0000000000
146498  -50.046  48.163  -11.871 0.0000000000
146479  -49.820  49.098  -11.712 0.0000000000
147441  -50.529  49.760  -11.333 0.0000000000
148352  -51.956  51.050  -10.465 0.0000000000
149213  -52.524  51.447  -9.888 0.0000000000
141531  -53.662  43.772  -13.773 0.0000000000
143480  -53.556  45.480  -12.917 0.0000000000
144508  -52.940  46.297  -12.411 0.0000000000
145519  -54.524  47.182  -12.296 0.0000000000
145502  -54.105  47.805  -11.814 0.0000000000
145501  -53.094  47.811  -11.757 0.0000000000
147444  -53.416  49.238  -11.055 0.0000000000
149214  -53.244  51.122  -9.628 0.0000000000
150003  -52.881  51.683  -9.065 0.0000000000
149167  -52.942  51.278  -7.638 0.0000000000
148299  -52.376  50.628  -6.983 0.0000000000
147391  -51.608  49.685  -6.793 0.0000000000
147421  -53.788  49.155  -7.831 0.0000000000
146440  -52.612  49.272  -7.150 0.0000000000
146439  -51.980  49.065  -7.077 0.0000000000
146451  -50.731  47.939  -7.320 0.0000000000
144456  -50.176  46.387  -7.382 0.0000000000
143421  -49.938  45.547  -6.815 0.0000000000
142404  -51.445  44.353  -6.546 0.0000000000
142405  -52.433  44.106  -6.538 0.0000000000
142395  -53.352  44.258  -5.543 0.0000000000
141471  -53.796  43.601  -7.395 0.0000000000
142407  -54.764  43.961  -6.247 0.0000000000
142396  -54.466  44.461  -5.410 0.0000000000
143395  -54.711  45.378  -4.413 0.0000000000
144415  -55.287  46.325  -3.642 0.0000000000
145425  -55.948  46.633  -3.144 0.0000000000
140565  -56.707  41.790  -9.591 0.0000000000
140553  -57.564  41.818  -8.728 0.0000000000
141476  -57.729  42.630  -6.921 0.0000000000
140530  -58.430  42.063  -6.761 0.0000000000
141445  -57.466  42.814  -5.550 0.0000000000
142400  -56.863  43.375  -5.504 0.0000000000
143376  -56.421  44.757  -3.836 0.0000000000
144408  -56.443  46.032  -2.941 0.0000000000
145409  -56.200  47.062  -1.536 0.0000000000
144368  -56.176  46.453  -0.498 0.0000000000
143325  -55.629  45.605  0.266 0.0000000000
142319  -55.243  44.665  0.705 0.0000000000
141423  -55.752  43.568  -0.701 0.0000000000
141422  -55.300  43.633  0.200 0.0000000000
141416  -55.063  43.720  2.159 0.0000000000
140484  -55.638  42.991  3.537 0.0000000000
140452  -56.506  42.282  4.608 0.0000000000
140431  -56.702  41.708  6.034 0.0000000000
139489  -57.400  40.793  6.290 0.0000000000
138577  -57.631  40.500  6.004 0.0000000000
138578  -57.969  39.994  5.708 0.0000000000
139543  -58.017  40.636  2.520 0.0000000000
138605  -58.341  40.097  3.553 0.0000000000
138579  -58.328  39.530  4.958 0.0000000000
137602  -58.567  39.031  4.627 0.0000000000
136540  -58.659  38.554  4.095 0.0000000000
137641  -59.745  39.171  -4.344 0.0000000000
137636  -59.277  39.338  -2.122 0.0000000000
137632  -59.127  39.333  -1.159 0.0000000000
135563  -59.181  38.194  -4.201 0.0000000000
136568  -59.018  38.605  -1.965 0.0000000000
136563  -59.084  38.965  -0.557 0.0000000000
136551  -59.128  38.923  1.221 0.0000000000
135480  -58.828  38.419  2.441 0.0000000000
135479  -58.546  37.935  2.832 0.0000000000
135478  -57.923  37.404  3.232 0.0000000000
135484  -57.250  37.130  2.350 0.0000000000
135528  -56.788  37.569  -1.562 0.0000000000
135504  -56.519  37.336  0.384 0.0000000000
134680  -55.683  36.540  -16.750 0.0000000000
134665  -55.664  36.660  -15.722 0.0000000000
134646  -55.575  36.958  -14.616 0.0000000000
134645  -54.292  37.141  -14.515 0.0000000000
134625  -54.651  37.364  -13.675 0.0000000000
134609  -55.777  37.370  -12.633 0.0000000000
135719  -55.812  37.434  -12.156 0.0000000000
135676  -55.659  37.824  -11.020 0.0000000000
136701  -55.434  38.405  -9.378 0.0000000000
135735  -49.619  37.104  -13.695 0.0000000000
136738  -51.178  38.725  -11.144 0.0000000000
136739  -52.253  38.603  -11.295 0.0000000000
136755  -52.799  38.341  -12.137 0.0000000000
136720  -53.623  38.557  -10.649 0.0000000000
136700  -54.603  38.659  -9.613 0.0000000000
136680  -55.506  38.519  -8.532 0.0000000000
136662  -54.723  38.880  -8.047 0.0000000000
136625  -54.762  38.745  -5.686 0.0000000000
136599  -54.124  38.710  -4.736 0.0000000000
137663  -52.777  39.213  -6.695 0.0000000000
136598  -53.050  38.827  -4.657 0.0000000000
136580  -53.648  38.517  -3.804 0.0000000000
130476  -55.264  33.685  10.305 0.0000000000
131498  -54.206  33.943  10.213 0.0000000000
131500  -56.025  33.969  10.582 0.0000000000
132502  -52.215  34.075  9.937 0.0000000000
132505  -54.737  34.400  10.443 0.0000000000
132529  -55.049  34.736  10.619 0.0000000000
132552  -51.080  34.455  9.777 0.0000000000
133438  -56.462  35.342  10.821 0.0000000000
133451  -54.366  35.440  10.205 0.0000000000
133452  -55.359  35.258  10.611 0.0000000000
133453  -55.984  35.449  10.743 0.0000000000
133475  -52.484  35.562  9.282 0.0000000000
133494  -51.789  35.638  8.907 0.0000000000
133645  -52.514  35.973  -17.001 0.0000000000
133647  -53.825  36.001  -17.318 0.0000000000
133656  -53.829  35.834  -18.059 0.0000000000
133658  -54.903  36.430  -18.511 0.0000000000
133665  -53.084  35.819  -18.595 0.0000000000
133666  -53.850  35.941  -18.722 0.0000000000
133667  -54.418  36.285  -18.900 0.0000000000
133668  -54.802  36.501  -18.789 0.0000000000
133675  -53.769  36.185  -19.222 0.0000000000
133676  -54.114  36.355  -19.246 0.0000000000
134372  -57.618  36.190  10.358 0.0000000000
134373  -58.214  35.884  10.221 0.0000000000
134384  -53.344  36.096  9.104 0.0000000000
134385  -54.223  36.173  9.470 0.0000000000
134425  -51.830  36.731  6.955 0.0000000000
134577  -58.330  36.769  -9.830 0.0000000000
134589  -59.072  37.186  -10.861 0.0000000000
134601  -58.987  37.320  -11.171 0.0000000000
134612  -58.032  37.457  -12.730 0.0000000000
134623  -48.797  36.567  -14.141 0.0000000000
134626  -55.455  37.288  -13.408 0.0000000000
134637  -46.266  36.337  -14.750 0.0000000000
134641  -49.893  36.593  -14.911 0.0000000000
134642  -50.840  36.718  -15.076 0.0000000000
134644  -52.957  37.047  -15.018 0.0000000000
134649  -57.599  37.600  -14.166 0.0000000000
134657  -47.702  36.793  -15.509 0.0000000000
134658  -48.569  36.630  -15.471 0.0000000000
134673  -48.872  37.048  -15.895 0.0000000000
134676  -51.845  36.108  -16.922 0.0000000000
134678  -53.764  36.316  -16.540 0.0000000000
134679  -54.750  36.323  -16.738 0.0000000000
134681  -56.327  36.866  -16.811 0.0000000000
134682  -56.664  37.267  -16.819 0.0000000000
134691  -51.980  36.021  -17.926 0.0000000000
134692  -55.029  36.296  -17.450 0.0000000000
134694  -56.279  37.148  -17.503 0.0000000000
134703  -52.892  36.001  -19.114 0.0000000000
134705  -55.140  36.706  -18.654 0.0000000000
134712  -51.927  36.824  -20.110 0.0000000000
134713  -53.031  36.362  -19.639 0.0000000000
134715  -54.408  36.625  -19.285 0.0000000000
134716  -54.905  36.934  -19.105 0.0000000000
134717  -55.302  36.965  -18.745 0.0000000000
134721  -52.172  37.240  -20.532 0.0000000000
134723  -53.527  36.907  -19.977 0.0000000000
134724  -54.160  36.908  -19.642 0.0000000000
134725  -54.520  36.914  -19.402 0.0000000000
135402  -58.275  36.718  9.553 0.0000000000
135403  -58.609  36.468  9.346 0.0000000000
135409  -54.866  36.715  9.203 0.0000000000
135410  -55.522  37.144  9.124 0.0000000000
135412  -58.459  37.066  9.148 0.0000000000
135431  -52.916  36.923  7.390 0.0000000000
135432  -53.638  37.222  7.588 0.0000000000
135454  -51.899  37.736  5.840 0.0000000000
135472  -58.327  37.603  4.119 0.0000000000
135485  -58.151  37.609  2.044 0.0000000000
135487  -58.947  38.517  1.897 0.0000000000
135505  -57.541  37.490  0.163 0.0000000000
135507  -58.754  38.223  -0.534 0.0000000000
135516  -56.661  37.461  -0.618 0.0000000000
135518  -58.339  37.871  -1.118 0.0000000000
135519  -58.765  38.248  -1.487 0.0000000000
135529  -57.690  37.660  -1.771 0.0000000000
135541  -55.983  37.766  -2.302 0.0000000000
135544  -58.469  37.955  -2.971 0.0000000000
135545  -58.973  38.227  -3.375 0.0000000000
135560  -57.083  37.656  -3.383 0.0000000000
135581  -57.924  37.709  -4.503 0.0000000000
135584  -59.665  38.407  -5.229 0.0000000000
135601  -58.423  37.743  -5.608 0.0000000000
135602  -59.339  37.924  -5.651 0.0000000000
135603  -59.689  38.233  -5.703 0.0000000000
135604  -59.851  38.452  -5.680 0.0000000000
135620  -59.907  38.350  -6.285 0.0000000000
135634  -59.030  37.455  -7.532 0.0000000000
135635  -59.653  37.779  -7.357 0.0000000000
135652  -60.012  37.891  -8.042 0.0000000000
135663  -56.745  37.546  -9.734 0.0000000000
135664  -57.704  37.044  -9.600 0.0000000000
135665  -58.598  36.897  -9.339 0.0000000000
135667  -59.917  37.667  -8.691 0.0000000000
135691  -46.902  37.759  -11.570 0.0000000000
135694  -55.287  37.765  -11.693 0.0000000000
135695  -56.199  37.452  -11.508 0.0000000000
135696  -56.831  37.238  -11.103 0.0000000000
135698  -59.316  37.573  -10.958 0.0000000000
135711  -47.868  37.548  -12.186 0.0000000000
135715  -52.333  38.076  -12.919 0.0000000000
135718  -55.179  37.552  -12.551 0.0000000000
135720  -58.653  37.740  -11.923 0.0000000000
135748  -49.860  36.755  -14.311 0.0000000000
135752  -53.320  37.360  -14.236 0.0000000000
135754  -57.938  37.865  -13.884 0.0000000000
135766  -57.317  37.643  -15.223 0.0000000000
135767  -57.701  38.003  -14.682 0.0000000000
135774  -48.905  37.788  -16.046 0.0000000000
135776  -57.056  37.748  -16.163 0.0000000000
135784  -56.365  37.472  -17.575 0.0000000000
135785  -56.660  37.586  -17.106 0.0000000000
135791  -56.008  37.533  -18.005 0.0000000000
135797  -51.391  37.182  -20.334 0.0000000000
135798  -54.455  37.413  -19.416 0.0000000000
135799  -54.886  37.316  -19.138 0.0000000000
135803  -50.931  37.956  -20.714 0.0000000000
135807  -53.932  37.312  -19.778 0.0000000000
136467  -57.105  37.252  9.669 0.0000000000
136479  -57.642  38.076  9.006 0.0000000000
136480  -58.026  37.986  8.927 0.0000000000
136481  -58.344  37.757  8.689 0.0000000000
136505  -58.638  38.092  7.288 0.0000000000
136512  -52.805  38.184  5.988 0.0000000000
136514  -54.207  38.855  6.629 0.0000000000
136524  -52.310  38.514  5.636 0.0000000000
136547  -59.019  38.619  1.555 0.0000000000
136548  -58.992  38.764  1.987 0.0000000000
136550  -59.002  38.617  0.903 0.0000000000
136555  -58.923  38.625  -0.036 0.0000000000
136556  -59.074  38.984  0.400 0.0000000000
136569  -59.187  38.942  -1.535 0.0000000000
136572  -59.138  38.544  -2.956 0.0000000000
136573  -59.304  38.908  -2.535 0.0000000000
136584  -56.974  37.654  -3.950 0.0000000000
136586  -59.438  38.792  -3.568 0.0000000000
136595  -50.139  38.716  -4.594 0.0000000000
136597  -52.048  38.884  -4.543 0.0000000000
136601  -56.134  38.058  -4.645 0.0000000000
136602  -57.049  37.692  -4.521 0.0000000000
136603  -57.482  37.627  -4.706 0.0000000000
136604  -59.349  38.341  -4.410 0.0000000000
136624  -53.472  39.034  -5.816 0.0000000000
136643  -50.075  38.933  -5.962 0.0000000000
136647  -56.574  38.134  -6.262 0.0000000000
136648  -57.494  37.802  -5.998 0.0000000000
136649  -60.075  38.711  -5.942 0.0000000000
136661  -49.178  38.946  -6.872 0.0000000000
136663  -55.506  38.614  -7.575 0.0000000000
136678  -49.249  38.976  -7.686 0.0000000000
136679  -54.819  38.773  -8.878 0.0000000000
136683  -60.177  38.480  -7.768 0.0000000000
136697  -50.415  38.965  -9.097 0.0000000000
136698  -53.181  38.729  -10.088 0.0000000000
136703  -60.048  37.884  -9.611 0.0000000000
136721  -54.465  38.438  -10.498 0.0000000000
136722  -55.382  38.185  -10.285 0.0000000000
136723  -56.029  37.987  -9.820 0.0000000000
136725  -60.071  38.330  -9.666 0.0000000000
136740  -53.250  38.448  -11.373 0.0000000000
136741  -54.310  38.193  -11.452 0.0000000000
136743  -59.013  38.465  -11.419 0.0000000000
136754  -51.749  38.407  -12.090 0.0000000000
136757  -54.281  38.018  -12.088 0.0000000000
136759  -58.999  38.027  -11.637 0.0000000000
136767  -58.250  38.389  -13.110 0.0000000000
136794  -57.681  38.642  -14.985 0.0000000000
136801  -57.286  38.617  -15.906 0.0000000000
136806  -56.653  38.281  -17.120 0.0000000000
136810  -49.848  38.545  -18.163 0.0000000000
136811  -50.099  38.190  -18.774 0.0000000000
136812  -53.775  38.497  -19.345 0.0000000000
136816  -56.240  38.301  -17.649 0.0000000000
136821  -50.117  38.366  -19.606 0.0000000000
136822  -53.592  38.425  -19.591 0.0000000000
136823  -54.034  37.838  -19.528 0.0000000000
136824  -54.852  37.648  -19.093 0.0000000000
136825  -55.174  37.520  -18.892 0.0000000000
136830  -51.134  38.566  -20.824 0.0000000000
136833  -53.539  37.649  -19.934 0.0000000000
137538  -56.289  39.139  7.933 0.0000000000
137542  -58.064  38.289  8.605 0.0000000000
137548  -55.856  39.795  7.523 0.0000000000
137550  -57.812  38.910  8.173 0.0000000000
137558  -55.285  40.024  7.141 0.0000000000
137581  -50.000  39.350  4.595 0.0000000000
137584  -52.722  39.372  5.685 0.0000000000
137585  -58.114  39.492  6.272 0.0000000000
137586  -58.361  39.047  5.895 0.0000000000
137613  -58.921  39.163  2.481 0.0000000000
137619  -58.999  39.513  0.552 0.0000000000
137620  -59.060  39.378  0.805 0.0000000000
137626  -58.991  39.388  -0.095 0.0000000000
137639  -59.484  39.324  -3.158 0.0000000000
137651  -52.690  39.135  -5.971 0.0000000000
137659  -49.615  38.937  -6.739 0.0000000000
137660  -50.113  38.965  -6.639 0.0000000000
137661  -50.886  39.116  -6.756 0.0000000000
137662  -51.726  39.188  -6.767 0.0000000000
137675  -53.056  39.220  -7.699 0.0000000000
137676  -53.892  39.120  -7.816 0.0000000000
137683  -50.046  38.987  -7.989 0.0000000000
137684  -50.811  39.006  -8.135 0.0000000000
137697  -51.058  38.953  -8.986 0.0000000000
137698  -52.010  39.007  -9.115 0.0000000000
137699  -52.992  38.943  -9.396 0.0000000000
137700  -53.904  38.945  -9.199 0.0000000000
137701  -54.385  38.879  -9.075 0.0000000000
137702  -59.731  39.440  -9.826 0.0000000000
137703  -59.970  39.186  -9.447 0.0000000000
137710  -52.304  38.854  -9.850 0.0000000000
137714  -59.945  38.633  -9.963 0.0000000000
137722  -59.304  38.764  -10.900 0.0000000000
137731  -58.383  38.982  -12.366 0.0000000000
137766  -48.864  39.531  -16.347 0.0000000000
137768  -52.843  40.002  -17.519 0.0000000000
137769  -53.117  39.853  -17.451 0.0000000000
137771  -56.956  38.771  -16.590 0.0000000000
137777  -48.936  39.858  -17.171 0.0000000000
137778  -49.385  39.266  -17.663 0.0000000000
137779  -52.835  39.953  -17.904 0.0000000000
137780  -53.359  39.488  -18.044 0.0000000000
137782  -55.287  39.224  -17.602 0.0000000000
137784  -56.630  39.267  -17.022 0.0000000000
137785  -57.123  40.052  -16.472 0.0000000000
137794  -53.572  38.907  -19.033 0.0000000000
137795  -54.619  38.656  -18.420 0.0000000000
137797  -56.043  38.698  -17.704 0.0000000000
137811  -49.688  39.799  -20.303 0.0000000000
137814  -52.391  39.208  -20.268 0.0000000000
138533  -56.894  39.780  7.994 0.0000000000
138534  -57.181  39.410  8.109 0.0000000000
138535  -57.464  39.062  8.236 0.0000000000
138542  -56.025  40.475  7.441 0.0000000000
138543  -56.558  40.177  7.709 0.0000000000
138544  -57.003  40.120  7.793 0.0000000000
138545  -57.561  39.450  7.803 0.0000000000
138546  -57.985  39.069  7.745 0.0000000000
138554  -57.653  39.992  7.105 0.0000000000
138561  -52.629  40.815  5.844 0.0000000000
138562  -53.343  40.680  6.104 0.0000000000
138563  -54.158  40.835  6.554 0.0000000000
138564  -57.657  40.301  6.471 0.0000000000
138576  -52.847  40.224  5.810 0.0000000000
138592  -58.177  40.027  4.573 0.0000000000
138606  -58.674  39.623  2.981 0.0000000000
138608  -58.323  40.353  2.277 0.0000000000
138613  -58.380  40.306  1.891 0.0000000000
138614  -58.745  39.931  1.519 0.0000000000
138615  -58.996  39.546  1.167 0.0000000000
138618  -58.934  39.752  0.639 0.0000000000
138619  -59.049  39.596  0.798 0.0000000000
138623  -58.904  39.823  -0.289 0.0000000000
138629  -58.583  40.386  -0.678 0.0000000000
138630  -58.882  40.138  -1.356 0.0000000000
138631  -59.150  39.709  -1.754 0.0000000000
138641  -59.226  40.388  -3.043 0.0000000000
138651  -60.007  39.917  -5.797 0.0000000000
138672  -59.531  40.310  -9.015 0.0000000000
138673  -59.796  40.050  -8.758 0.0000000000
138682  -59.802  39.753  -9.284 0.0000000000
138688  -58.305  40.301  -10.747 0.0000000000
138689  -58.841  39.945  -10.521 0.0000000000
138690  -59.351  39.701  -10.179 0.0000000000
138698  -58.020  40.233  -11.175 0.0000000000
138699  -58.262  39.631  -11.676 0.0000000000
138734  -48.356  40.286  -15.997 0.0000000000
138735  -52.379  40.694  -16.646 0.0000000000
138736  -52.838  40.463  -16.285 0.0000000000
138739  -57.586  40.535  -15.590 0.0000000000
138748  -53.391  39.996  -16.777 0.0000000000
138752  -57.318  40.745  -16.290 0.0000000000
138753  -57.316  40.514  -16.196 0.0000000000
138763  -55.804  40.082  -17.137 0.0000000000
138764  -56.511  40.366  -16.886 0.0000000000
138765  -57.077  40.409  -16.534 0.0000000000
138766  -57.247  40.338  -16.364 0.0000000000
138773  -48.953  40.156  -19.200 0.0000000000
138784  -52.308  40.269  -19.704 0.0000000000
138788  -49.866  40.597  -20.528 0.0000000000
138789  -50.797  40.560  -20.688 0.0000000000
138791  -52.286  39.877  -20.061 0.0000000000
139477  -55.035  41.537  6.841 0.0000000000
139478  -55.620  41.267  6.982 0.0000000000
139479  -55.976  41.297  6.983 0.0000000000
139480  -57.065  40.995  7.043 0.0000000000
139481  -57.322  40.711  6.897 0.0000000000
139498  -52.170  41.136  5.724 0.0000000000
139499  -57.010  41.594  5.180 0.0000000000
139500  -57.466  40.890  5.438 0.0000000000
139501  -57.865  40.360  4.990 0.0000000000
139530  -56.528  42.197  3.868 0.0000000000
139531  -56.807  41.897  4.029 0.0000000000
139533  -58.111  40.480  3.144 0.0000000000
139544  -58.259  40.407  2.718 0.0000000000
139547  -56.519  41.710  2.550 0.0000000000
139552  -57.178  41.059  1.001 0.0000000000
139553  -57.959  40.763  0.506 0.0000000000
139563  -58.672  40.654  -2.076 0.0000000000
139569  -57.556  41.613  -1.846 0.0000000000
139576  -58.323  41.423  -3.189 0.0000000000
139578  -59.486  40.564  -4.484 0.0000000000
139599  -59.214  41.352  -6.537 0.0000000000
139600  -59.729  40.636  -7.136 0.0000000000
139614  -58.327  41.364  -9.027 0.0000000000
139616  -59.578  40.487  -8.495 0.0000000000
139622  -57.162  41.535  -9.775 0.0000000000
139623  -57.665  41.403  -9.551 0.0000000000
139625  -59.196  40.513  -9.335 0.0000000000
139631  -57.926  40.694  -10.519 0.0000000000
139632  -58.551  40.440  -10.262 0.0000000000
139639  -56.789  41.286  -11.042 0.0000000000
139655  -57.393  41.453  -13.574 0.0000000000
139664  -51.233  42.199  -15.579 0.0000000000
139665  -51.637  41.865  -15.350 0.0000000000
139668  -57.672  41.914  -14.381 0.0000000000
139669  -57.729  41.303  -14.985 0.0000000000
139676  -47.419  41.553  -15.852 0.0000000000
139681  -55.315  41.494  -15.898 0.0000000000
139683  -57.551  41.718  -15.933 0.0000000000
139684  -57.607  41.413  -15.665 0.0000000000
139694  -55.929  41.307  -16.440 0.0000000000
139696  -57.361  41.265  -16.249 0.0000000000
139704  -52.019  41.713  -17.873 0.0000000000
139705  -52.195  40.950  -17.990 0.0000000000
139706  -57.035  40.914  -16.593 0.0000000000
139711  -47.803  42.008  -18.055 0.0000000000
139713  -52.095  41.512  -18.833 0.0000000000
139722  -51.969  41.682  -19.601 0.0000000000
140410  -56.729  41.128  7.059 0.0000000000
140411  -56.874  41.109  7.077 0.0000000000
140418  -55.599  41.922  6.590 0.0000000000
140419  -56.233  41.517  6.755 0.0000000000
140420  -56.816  41.343  6.663 0.0000000000
140421  -57.189  41.055  6.554 0.0000000000
140426  -52.252  42.094  5.764 0.0000000000
140428  -53.806  42.441  6.382 0.0000000000
140430  -55.141  42.445  6.421 0.0000000000
140432  -57.116  41.248  6.152 0.0000000000
140438  -51.591  42.128  5.230 0.0000000000
140440  -56.174  42.558  5.271 0.0000000000
140441  -56.454  42.183  5.383 0.0000000000
140442  -56.961  41.547  5.665 0.0000000000
140449  -50.586  42.063  4.272 0.0000000000
140451  -56.209  42.645  4.957 0.0000000000
140467  -55.786  43.033  3.938 0.0000000000
140468  -56.150  42.618  4.096 0.0000000000
140469  -56.517  42.283  4.258 0.0000000000
140483  -49.463  43.063  2.328 0.0000000000
140485  -55.993  42.381  3.079 0.0000000000
140488  -55.394  42.916  2.643 0.0000000000
140489  -55.815  42.171  2.101 0.0000000000
140494  -55.302  42.888  0.754 0.0000000000
140495  -55.873  42.342  -0.122 0.0000000000
140498  -56.240  42.735  -1.028 0.0000000000
140504  -57.280  42.281  -2.474 0.0000000000
140512  -57.881  42.104  -3.742 0.0000000000
140515  -57.914  42.260  -4.485 0.0000000000
140519  -58.585  41.934  -5.958 0.0000000000
140529  -58.061  42.398  -6.828 0.0000000000
140539  -55.631  42.695  -7.999 0.0000000000
140540  -56.065  42.593  -7.935 0.0000000000
140550  -54.960  42.688  -8.565 0.0000000000
140554  -58.510  41.580  -8.301 0.0000000000
140555  -58.867  41.352  -8.239 0.0000000000
140563  -54.915  42.645  -8.875 0.0000000000
140564  -55.427  42.372  -9.361 0.0000000000
140566  -57.341  41.701  -9.296 0.0000000000
140574  -56.264  41.803  -10.632 0.0000000000
140583  -55.724  42.499  -11.057 0.0000000000
140592  -56.658  42.363  -12.322 0.0000000000
140609  -51.835  42.273  -14.615 0.0000000000
140610  -52.873  42.196  -14.425 0.0000000000
140613  -57.609  42.841  -14.721 0.0000000000
140623  -50.836  43.235  -16.139 0.0000000000
140624  -50.955  42.702  -15.896 0.0000000000
140625  -54.852  42.112  -15.309 0.0000000000
140627  -56.616  42.410  -15.939 0.0000000000
140629  -57.764  41.782  -15.350 0.0000000000
140639  -51.383  42.717  -16.883 0.0000000000
140640  -57.131  41.955  -16.246 0.0000000000
140641  -57.429  41.854  -16.100 0.0000000000
140659  -48.775  42.570  -19.856 0.0000000000
140660  -49.626  42.603  -20.291 0.0000000000
140671  -50.549  42.627  -20.377 0.0000000000
141351  -55.857  42.100  6.342 0.0000000000
141353  -56.507  41.753  6.250 0.0000000000
141359  -54.122  43.079  6.143 0.0000000000
141360  -54.815  42.998  6.144 0.0000000000
141362  -55.992  42.378  6.001 0.0000000000
141363  -56.343  42.098  5.966 0.0000000000
141366  -51.888  42.895  5.133 0.0000000000
141367  -52.662  43.331  5.423 0.0000000000
141371  -55.853  42.758  5.419 0.0000000000
141372  -56.144  42.383  5.709 0.0000000000
141377  -51.788  43.497  4.399 0.0000000000
141387  -50.152  43.044  2.802 0.0000000000
141390  -55.495  43.381  4.097 0.0000000000
141391  -55.840  43.056  4.322 0.0000000000
141419  -55.105  43.746  1.181 0.0000000000
141425  -56.294  43.538  -1.537 0.0000000000
141429  -56.547  43.794  -2.127 0.0000000000
141438  -57.339  42.943  -4.142 0.0000000000
141443  -58.017  42.360  -5.533 0.0000000000
141446  -58.057  42.414  -6.104 0.0000000000
141454  -53.856  43.697  -7.009 0.0000000000
141455  -54.253  43.640  -6.953 0.0000000000
141459  -57.600  42.735  -6.405 0.0000000000
141460  -58.047  42.408  -6.415 0.0000000000
141472  -54.465  43.263  -7.568 0.0000000000
141473  -55.445  42.920  -7.683 0.0000000000
141474  -56.521  42.886  -7.268 0.0000000000
141475  -57.370  42.742  -7.039 0.0000000000
141483  -53.720  43.429  -8.256 0.0000000000
141485  -55.137  42.771  -8.161 0.0000000000
141492  -53.885  43.536  -9.082 0.0000000000
141501  -54.801  43.548  -10.443 0.0000000000
141502  -55.289  43.256  -10.914 0.0000000000
141529  -51.659  43.606  -13.639 0.0000000000
141530  -52.739  43.608  -13.560 0.0000000000
141532  -57.534  43.805  -13.980 0.0000000000
141540  -51.021  43.251  -14.466 0.0000000000
141545  -56.448  43.904  -15.159 0.0000000000
141546  -57.326  43.850  -14.962 0.0000000000
141555  -50.842  42.913  -15.232 0.0000000000
141565  -51.024  43.702  -16.456 0.0000000000
141578  -52.071  43.302  -18.485 0.0000000000
141601  -51.584  42.909  -19.778 0.0000000000
142274  -53.184  44.076  5.084 0.0000000000
142276  -54.479  43.877  5.126 0.0000000000
142277  -54.855  43.687  5.037 0.0000000000
142282  -52.886  44.589  4.385 0.0000000000
142283  -53.489  44.517  4.683 0.0000000000
142290  -51.285  44.535  2.952 0.0000000000
142292  -52.500  44.882  3.848 0.0000000000
142305  -50.765  45.168  2.453 0.0000000000
142306  -51.482  45.278  2.819 0.0000000000
142315  -48.397  45.337  1.974 0.0000000000
142316  -54.986  44.638  1.661 0.0000000000
142329  -56.408  44.621  -1.702 0.0000000000
142345  -56.577  44.231  -2.342 0.0000000000
142363  -52.004  44.521  -3.477 0.0000000000
142365  -56.774  43.994  -3.735 0.0000000000
142381  -50.276  44.274  -4.448 0.0000000000
142385  -53.978  44.786  -4.805 0.0000000000
142386  -56.649  44.025  -4.284 0.0000000000
142387  -56.921  43.517  -4.876 0.0000000000
142399  -56.446  43.805  -5.523 0.0000000000
142403  -50.779  44.498  -6.228 0.0000000000
142408  -55.688  43.917  -6.160 0.0000000000
142409  -56.425  43.709  -6.059 0.0000000000
142410  -56.874  43.327  -5.980 0.0000000000
142411  -57.060  43.124  -5.996 0.0000000000
142421  -51.716  44.441  -7.330 0.0000000000
142423  -53.062  43.823  -7.955 0.0000000000
142444  -53.934  44.290  -9.769 0.0000000000
142453  -55.774  44.264  -11.233 0.0000000000
142461  -56.346  44.249  -11.670 0.0000000000
142463  -57.367  44.619  -12.521 0.0000000000
142471  -51.142  44.885  -12.922 0.0000000000
142473  -52.626  44.874  -12.905 0.0000000000
142474  -57.278  44.046  -12.675 0.0000000000
142475  -57.517  44.435  -13.156 0.0000000000
142487  -54.367  44.419  -13.773 0.0000000000
142496  -50.417  44.339  -14.466 0.0000000000
142497  -50.805  43.879  -14.006 0.0000000000
142498  -55.081  44.173  -14.363 0.0000000000
142501  -57.254  44.573  -14.334 0.0000000000
142509  -50.483  44.392  -15.466 0.0000000000
142516  -51.587  44.344  -16.919 0.0000000000
142523  -52.120  44.321  -17.608 0.0000000000
142524  -52.693  44.678  -18.199 0.0000000000
142532  -52.610  44.640  -18.780 0.0000000000
142545  -52.194  44.179  -19.183 0.0000000000
142555  -51.423  43.472  -19.862 0.0000000000
143285  -53.240  44.825  4.262 0.0000000000
143287  -54.063  44.824  3.983 0.0000000000
143294  -53.568  45.347  3.513 0.0000000000
143295  -54.049  45.381  3.211 0.0000000000
143296  -54.493  44.998  2.965 0.0000000000
143307  -48.932  45.795  2.092 0.0000000000
143310  -52.154  45.803  2.908 0.0000000000
143312  -54.261  45.664  2.601 0.0000000000
143321  -48.455  45.701  2.082 0.0000000000
143326  -56.073  45.901  -0.258 0.0000000000
143328  -55.937  45.276  -0.404 0.0000000000
143348  -56.605  45.367  -2.412 0.0000000000
143365  -53.075  45.757  -2.830 0.0000000000
143373  -52.758  45.161  -3.199 0.0000000000
143394  -53.964  45.261  -4.244 0.0000000000
143396  -55.404  45.339  -4.518 0.0000000000
143397  -55.814  45.005  -4.522 0.0000000000
143398  -56.318  44.423  -4.506 0.0000000000
143399  -56.626  43.764  -4.976 0.0000000000
143410  -48.931  45.372  -5.876 0.0000000000
143412  -50.228  44.897  -6.370 0.0000000000
143413  -55.199  44.985  -5.032 0.0000000000
143416  -56.464  43.888  -5.114 0.0000000000
143417  -56.635  43.622  -5.176 0.0000000000
143422  -50.575  45.215  -7.175 0.0000000000
143423  -51.188  44.890  -7.476 0.0000000000
143426  -51.612  45.280  -8.193 0.0000000000
143427  -52.163  44.968  -8.539 0.0000000000
143438  -53.344  45.563  -9.307 0.0000000000
143449  -54.442  45.223  -10.116 0.0000000000
143458  -55.040  45.222  -10.503 0.0000000000
143460  -56.456  45.565  -11.271 0.0000000000
143469  -56.787  45.138  -11.695 0.0000000000
143470  -57.226  45.109  -12.164 0.0000000000
143477  -50.496  45.556  -12.849 0.0000000000
143481  -54.423  46.013  -13.034 0.0000000000
143491  -50.754  45.051  -12.994 0.0000000000
143492  -54.005  44.933  -13.331 0.0000000000
143494  -55.923  45.366  -13.956 0.0000000000
143496  -57.392  45.183  -13.430 0.0000000000
143502  -49.641  45.999  -14.295 0.0000000000
143504  -56.295  44.937  -14.421 0.0000000000
143505  -56.724  45.098  -14.265 0.0000000000
143506  -57.220  45.083  -13.961 0.0000000000
143528  -52.113  44.789  -17.250 0.0000000000
143530  -53.362  45.626  -17.919 0.0000000000
143542  -53.126  45.295  -18.605 0.0000000000
144336  -53.947  46.009  2.622 0.0000000000
144348  -48.612  46.636  2.195 0.0000000000
144352  -52.412  46.846  2.566 0.0000000000
144353  -53.096  46.631  2.580 0.0000000000
144367  -55.911  46.486  0.080 0.0000000000
144379  -56.397  46.393  -1.199 0.0000000000
144398  -56.535  46.249  -2.064 0.0000000000
144399  -56.566  45.866  -2.619 0.0000000000
144404  -52.944  46.251  -2.333 0.0000000000
144406  -54.353  46.812  -3.102 0.0000000000
144407  -56.492  46.330  -2.584 0.0000000000
144413  -54.152  46.265  -3.401 0.0000000000
144416  -55.705  46.129  -3.586 0.0000000000
144417  -56.191  45.736  -3.456 0.0000000000
144428  -55.178  45.882  -4.053 0.0000000000
144429  -55.528  45.680  -4.028 0.0000000000
144431  -56.177  45.077  -3.937 0.0000000000
144446  -47.979  46.386  -6.180 0.0000000000
144447  -48.777  46.299  -6.443 0.0000000000
144448  -49.144  45.747  -6.354 0.0000000000
144454  -49.120  46.800  -6.781 0.0000000000
144459  -50.832  46.449  -7.855 0.0000000000
144463  -52.013  46.442  -8.565 0.0000000000
144474  -54.680  46.251  -9.817 0.0000000000
144475  -55.287  46.755  -9.941 0.0000000000
144486  -55.494  46.224  -10.369 0.0000000000
144497  -57.059  45.562  -11.934 0.0000000000
144506  -50.661  46.296  -12.450 0.0000000000
144510  -54.963  46.562  -12.855 0.0000000000
144513  -57.140  45.741  -12.353 0.0000000000
144522  -49.899  45.990  -13.023 0.0000000000
144524  -55.472  46.056  -13.319 0.0000000000
144526  -57.113  45.799  -13.080 0.0000000000
144534  -49.538  46.627  -14.337 0.0000000000
144535  -49.710  46.094  -14.611 0.0000000000
144544  -50.148  46.434  -15.255 0.0000000000
144554  -51.287  46.285  -16.162 0.0000000000
144565  -52.864  45.757  -17.353 0.0000000000
144566  -53.304  45.980  -17.597 0.0000000000
144584  -53.643  45.959  -18.323 0.0000000000
144600  -50.841  46.421  -20.033 0.0000000000
145348  -48.408  47.259  2.226 0.0000000000
145354  -53.358  47.392  2.049 0.0000000000
145355  -53.938  47.348  1.763 0.0000000000
145356  -54.396  47.021  1.491 0.0000000000
145362  -48.113  47.925  2.155 0.0000000000
145363  -49.078  48.503  2.156 0.0000000000
145364  -49.571  48.784  2.270 0.0000000000
145366  -54.842  47.261  0.975 0.0000000000
145372  -55.572  47.289  0.130 0.0000000000
145373  -56.031  46.920  -0.186 0.0000000000
145391  -51.006  48.448  -0.917 0.0000000000
145392  -51.559  48.496  -0.978 0.0000000000
145394  -56.026  47.195  -0.638 0.0000000000
145414  -54.228  47.140  -2.729 0.0000000000
145415  -54.809  47.318  -2.765 0.0000000000
145416  -55.587  47.280  -2.652 0.0000000000
145417  -56.212  46.825  -2.475 0.0000000000
145418  -56.400  46.449  -2.783 0.0000000000
145423  -55.091  46.795  -3.353 0.0000000000
145424  -55.411  46.820  -3.228 0.0000000000
145426  -56.281  46.393  -3.001 0.0000000000
145444  -48.641  47.376  -6.643 0.0000000000
145460  -50.128  47.413  -7.285 0.0000000000
145466  -50.777  47.386  -7.610 0.0000000000
145468  -52.451  48.011  -7.994 0.0000000000
145471  -51.908  47.010  -8.347 0.0000000000
145472  -52.611  47.461  -8.346 0.0000000000
145475  -55.146  47.875  -9.150 0.0000000000
145478  -53.880  46.672  -9.045 0.0000000000
145479  -54.395  46.896  -9.192 0.0000000000
145480  -55.142  47.349  -9.572 0.0000000000
145489  -56.030  46.957  -10.610 0.0000000000
145500  -52.045  47.819  -11.667 0.0000000000
145503  -55.028  47.691  -11.743 0.0000000000
145504  -55.796  47.435  -11.581 0.0000000000
145514  -49.541  47.663  -12.493 0.0000000000
145516  -51.359  47.057  -11.966 0.0000000000
145518  -53.513  47.116  -12.174 0.0000000000
145520  -55.470  47.150  -12.284 0.0000000000
145521  -56.284  46.888  -12.086 0.0000000000
145529  -49.319  47.307  -13.094 0.0000000000
145536  -49.207  47.452  -13.770 0.0000000000
145545  -49.955  47.590  -15.107 0.0000000000
145546  -50.697  47.503  -15.604 0.0000000000
145557  -53.481  47.262  -16.853 0.0000000000
145558  -54.199  47.884  -16.800 0.0000000000
145588  -54.121  46.756  -18.604 0.0000000000
145603  -53.729  47.066  -19.204 0.0000000000
146329  -44.156  48.054  2.074 0.0000000000
146330  -49.925  49.018  2.308 0.0000000000
146331  -50.675  49.109  2.207 0.0000000000
146333  -52.421  48.671  1.984 0.0000000000
146334  -53.224  48.173  1.869 0.0000000000
146335  -53.644  47.861  1.785 0.0000000000
146346  -50.125  49.448  2.171 0.0000000000
146348  -53.106  48.840  1.597 0.0000000000
146350  -54.518  47.831  1.081 0.0000000000
146361  -43.901  49.557  -0.010 0.0000000000
146383  -53.122  48.997  -0.661 0.0000000000
146386  -55.699  47.616  -0.626 0.0000000000
146390  -51.833  48.516  -1.008 0.0000000000
146391  -52.360  48.510  -1.049 0.0000000000
146392  -53.339  48.546  -1.128 0.0000000000
146394  -55.172  47.984  -1.264 0.0000000000
146395  -55.731  47.625  -1.043 0.0000000000
146400  -54.792  47.858  -2.169 0.0000000000
146422  -48.963  48.343  -6.663 0.0000000000
146452  -51.419  48.238  -7.414 0.0000000000
146453  -52.656  48.728  -7.594 0.0000000000
146454  -53.436  49.013  -7.673 0.0000000000
146461  -53.524  48.464  -8.109 0.0000000000
146462  -54.436  48.313  -8.563 0.0000000000
146463  -55.037  48.279  -8.871 0.0000000000
146470  -55.449  47.904  -10.241 0.0000000000
146482  -52.735  48.571  -11.428 0.0000000000
146486  -55.864  47.499  -10.880 0.0000000000
146497  -49.304  48.551  -12.316 0.0000000000
146509  -48.925  48.151  -13.097 0.0000000000
146517  -48.687  49.188  -13.816 0.0000000000
146529  -51.626  48.331  -15.785 0.0000000000
146530  -52.793  48.812  -15.895 0.0000000000
146558  -55.426  48.937  -17.177 0.0000000000
146568  -54.097  48.527  -19.158 0.0000000000
147294  -51.441  49.372  2.000 0.0000000000
147306  -45.274  49.312  1.263 0.0000000000
147307  -46.255  49.391  1.283 0.0000000000
147311  -50.462  49.911  1.670 0.0000000000
147312  -51.327  49.744  1.648 0.0000000000
147313  -52.098  49.417  1.669 0.0000000000
147314  -52.851  49.388  1.250 0.0000000000
147315  -53.398  48.960  1.255 0.0000000000
147328  -44.979  49.531  0.620 0.0000000000
147332  -48.966  49.986  0.738 0.0000000000
147334  -50.795  50.190  0.566 0.0000000000
147335  -52.278  49.802  0.362 0.0000000000
147336  -53.006  49.497  0.496 0.0000000000
147342  -44.190  49.553  -0.032 0.0000000000
147345  -46.622  49.505  -0.032 0.0000000000
147352  -53.722  49.017  -0.031 0.0000000000
147357  -53.317  48.929  -0.666 0.0000000000
147392  -52.686  49.823  -7.034 0.0000000000
147407  -52.926  49.397  -7.230 0.0000000000
147408  -53.492  49.691  -7.504 0.0000000000
147409  -54.013  49.953  -7.952 0.0000000000
147430  -55.026  48.850  -9.010 0.0000000000
147434  -53.115  50.001  -10.671 0.0000000000
147437  -55.121  48.771  -9.772 0.0000000000
147440  -49.688  50.083  -11.636 0.0000000000
147443  -52.434  49.366  -11.105 0.0000000000
147445  -54.322  49.022  -10.886 0.0000000000
147478  -48.787  49.445  -14.103 0.0000000000
147479  -49.257  49.445  -14.549 0.0000000000
147494  -53.104  49.639  -15.689 0.0000000000
147496  -55.179  49.919  -15.891 0.0000000000
147497  -55.729  50.175  -15.950 0.0000000000
148255  -50.808  50.164  1.238 0.0000000000
148256  -51.176  50.044  1.262 0.0000000000
148257  -51.825  49.820  1.283 0.0000000000
148258  -52.289  49.637  1.289 0.0000000000
148263  -50.617  50.198  1.150 0.0000000000
148264  -50.979  50.207  0.851 0.0000000000
148270  -51.048  50.160  0.484 0.0000000000
148271  -51.491  50.042  0.408 0.0000000000
148295  -48.198  49.958  -6.877 0.0000000000
148300  -52.835  50.396  -7.069 0.0000000000
148312  -48.696  50.448  -7.072 0.0000000000
148313  -52.804  51.053  -7.331 0.0000000000
148314  -53.308  50.664  -7.479 0.0000000000
148315  -53.755  50.255  -7.680 0.0000000000
148331  -53.858  50.409  -8.107 0.0000000000
148353  -52.817  50.761  -10.281 0.0000000000
148354  -53.660  50.495  -10.060 0.0000000000
148355  -54.329  50.074  -9.687 0.0000000000
148361  -50.423  50.746  -11.233 0.0000000000
148362  -51.267  50.437  -10.947 0.0000000000
148365  -48.963  50.489  -12.077 0.0000000000
148371  -48.486  50.706  -13.489 0.0000000000
148396  -54.618  50.579  -15.433 0.0000000000
148397  -55.518  50.716  -15.600 0.0000000000
148399  -56.408  51.115  -16.281 0.0000000000
148410  -56.006  50.340  -16.801 0.0000000000
148411  -56.296  50.887  -16.590 0.0000000000
149153  -49.413  50.754  -6.971 0.0000000000
149155  -50.750  51.025  -6.780 0.0000000000
149165  -51.236  51.653  -7.226 0.0000000000
149166  -52.257  51.526  -7.413 0.0000000000
149178  -49.325  51.921  -8.093 0.0000000000
149179  -52.720  51.719  -7.914 0.0000000000
149180  -53.270  51.280  -8.195 0.0000000000
149181  -53.737  50.825  -8.225 0.0000000000
149197  -52.302  51.931  -9.531 0.0000000000
149198  -52.850  51.599  -9.323 0.0000000000
149199  -53.368  51.371  -8.962 0.0000000000
149200  -53.768  50.837  -8.576 0.0000000000
149211  -51.015  52.264  -10.486 0.0000000000
149236  -54.762  52.244  -14.697 0.0000000000
149243  -50.948  51.371  -15.344 0.0000000000
149244  -52.004  51.426  -15.275 0.0000000000
149249  -56.432  51.528  -16.003 0.0000000000
149257  -56.356  51.517  -16.498 0.0000000000
149973  -50.678  52.196  -7.690 0.0000000000
149974  -51.567  52.248  -7.789 0.0000000000
149985  -52.510  52.039  -8.525 0.0000000000
149986  -52.954  51.658  -8.745 0.0000000000
150000  -51.238  52.910  -9.646 0.0000000000
150001  -51.698  52.571  -9.377 0.0000000000
150002  -52.573  51.937  -9.072 0.0000000000
150015  -51.047  52.891  -10.058 0.0000000000
150016  -51.430  52.499  -10.031 0.0000000000
150035  -48.323  52.777  -13.019 0.0000000000
150040  -48.371  52.587  -13.833 0.0000000000
150041  -48.823  52.419  -14.534 0.0000000000
150042  -53.033  52.947  -14.669 0.0000000000
150045  -55.199  52.931  -14.673 0.0000000000
150050  -50.463  52.253  -15.265 0.0000000000
150053  -53.485  52.015  -14.767 0.0000000000
150054  -55.094  52.417  -14.737 0.0000000000
150754  -51.516  52.839  -8.993 0.0000000000
150767  -51.347  52.933  -9.193 0.0000000000
150802  -52.912  53.507  -14.639 0.0000000000
150804  -54.816  53.519  -14.631 0.0000000000
150805  -55.518  53.419  -14.919 0.0000000000
150813  -51.782  53.108  -15.023 0.0000000000
150816  -56.454  52.785  -15.978 0.0000000000
150822  -56.323  53.699  -16.114 0.0000000000
151548  -48.463  54.661  -12.227 0.0000000000
151553  -48.416  54.546  -14.031 0.0000000000
151555  -50.229  54.701  -15.044 0.0000000000
151563  -49.814  53.893  -15.135 0.0000000000
151565  -51.347  53.690  -15.115 0.0000000000
151566  -54.883  54.419  -15.109 0.0000000000
151569  -56.036  54.188  -15.989 0.0000000000
151570  -56.294  53.991  -16.480 0.0000000000
152231  -41.913  56.567  -9.813 0.0000000000
152232  -42.361  56.584  -9.714 0.0000000000
152233  -44.841  56.135  -9.965 0.0000000000
152246  -40.549  55.780  -10.402 0.0000000000
152249  -43.654  55.561  -10.155 0.0000000000
152252  -47.720  55.754  -10.841 0.0000000000
152253  -48.142  55.675  -11.242 0.0000000000
152262  -48.381  55.572  -12.712 0.0000000000
152266  -48.908  55.470  -14.269 0.0000000000
152283  -53.856  56.213  -17.631 0.0000000000
152291  -55.820  54.967  -18.275 0.0000000000
152921  -41.781  57.048  -9.788 0.0000000000
152924  -44.214  56.947  -9.583 0.0000000000
152926  -46.395  56.791  -9.913 0.0000000000
152937  -42.745  56.664  -9.672 0.0000000000
152939  -44.126  56.129  -9.959 0.0000000000
152942  -47.911  56.702  -10.905 0.0000000000
152961  -37.266  56.536  -12.496 0.0000000000
152965  -40.393  56.438  -12.875 0.0000000000
152967  -42.347  56.639  -12.850 0.0000000000
152972  -33.865  56.898  -13.023 0.0000000000
152975  -36.537  56.695  -13.427 0.0000000000
152977  -38.227  56.482  -13.551 0.0000000000
152978  -39.009  56.275  -13.671 0.0000000000
152983  -43.880  56.528  -13.663 0.0000000000
152985  -48.705  56.421  -13.165 0.0000000000
152986  -49.138  56.675  -13.593 0.0000000000
152987  -51.657  57.192  -14.004 0.0000000000
152992  -36.890  56.724  -13.999 0.0000000000
152995  -39.255  56.197  -14.506 0.0000000000
152997  -41.150  55.808  -14.602 0.0000000000
153003  -49.470  56.407  -14.119 0.0000000000
153005  -51.354  56.772  -14.265 0.0000000000
153006  -52.095  56.478  -14.457 0.0000000000
153013  -41.516  55.993  -15.498 0.0000000000
153018  -52.607  57.003  -15.635 0.0000000000
153022  -41.772  56.386  -16.253 0.0000000000
153030  -52.644  57.071  -16.769 0.0000000000
153711  -42.808  58.031  -9.745 0.0000000000
153715  -47.121  57.797  -9.649 0.0000000000
153721  -40.613  57.134  -10.839 0.0000000000
153723  -42.263  58.063  -10.342 0.0000000000
153725  -47.860  57.688  -10.185 0.0000000000
153726  -48.446  57.550  -10.983 0.0000000000
153730  -38.797  56.850  -12.035 0.0000000000
153731  -39.470  57.025  -11.769 0.0000000000
153734  -42.303  57.936  -11.203 0.0000000000
153742  -38.782  56.694  -12.457 0.0000000000
153744  -39.955  56.876  -12.270 0.0000000000
153751  -49.050  57.343  -12.693 0.0000000000
153755  -34.022  57.402  -13.604 0.0000000000
153759  -44.535  56.906  -13.498 0.0000000000
153762  -49.099  56.988  -13.273 0.0000000000
153766  -52.134  57.677  -13.852 0.0000000000
153767  -52.299  57.568  -14.322 0.0000000000
153770  -35.073  57.912  -14.665 0.0000000000
153772  -36.598  57.243  -14.696 0.0000000000
153774  -38.219  56.841  -15.248 0.0000000000
153777  -49.987  56.896  -14.078 0.0000000000
153778  -50.553  57.140  -14.004 0.0000000000
153779  -51.108  57.321  -13.895 0.0000000000
153781  -52.488  57.497  -14.895 0.0000000000
153792  -52.524  57.431  -15.503 0.0000000000
153802  -52.433  57.734  -16.315 0.0000000000
153810  -52.920  57.448  -18.171 0.0000000000
153813  -53.172  57.813  -18.908 0.0000000000
153822  -54.161  57.219  -20.221 0.0000000000
154549  -43.112  58.583  -9.968 0.0000000000
154550  -43.609  58.617  -9.806 0.0000000000
154552  -45.488  58.727  -9.283 0.0000000000
154560  -42.828  58.479  -10.265 0.0000000000
154562  -44.099  59.215  -10.087 0.0000000000
154570  -43.111  58.537  -10.859 0.0000000000
154573  -46.253  59.440  -11.811 0.0000000000
154574  -49.117  58.083  -11.394 0.0000000000
154575  -49.899  58.918  -11.145 0.0000000000
154576  -50.545  59.193  -11.382 0.0000000000
154580  -44.489  58.289  -11.882 0.0000000000
154585  -49.666  58.128  -12.270 0.0000000000
154586  -50.718  58.896  -12.073 0.0000000000
154588  -52.205  58.985  -12.681 0.0000000000
154596  -51.229  58.333  -13.007 0.0000000000
154606  -52.522  58.475  -14.632 0.0000000000
154613  -38.105  58.131  -16.024 0.0000000000
154619  -52.416  58.472  -15.580 0.0000000000
154677  -53.401  58.353  -21.908 0.0000000000
155353  -44.745  59.231  -9.527 0.0000000000
155354  -45.099  59.307  -9.500 0.0000000000
155355  -45.958  59.497  -9.521 0.0000000000
155357  -48.127  59.807  -9.396 0.0000000000
155363  -46.266  60.138  -10.208 0.0000000000
155364  -47.199  60.483  -10.095 0.0000000000
155365  -48.877  59.779  -9.604 0.0000000000
155367  -50.368  59.920  -10.506 0.0000000000
155368  -50.797  59.952  -10.806 0.0000000000
155371  -44.693  59.548  -10.342 0.0000000000
155374  -46.979  59.974  -11.673 0.0000000000
155377  -51.031  59.842  -11.187 0.0000000000
155381  -47.258  59.698  -12.332 0.0000000000
155392  -52.534  58.720  -13.510 0.0000000000
155400  -52.540  59.248  -13.910 0.0000000000
155411  -48.226  59.899  -15.691 0.0000000000
155418  -52.237  59.480  -16.024 0.0000000000
155457  -53.021  59.235  -20.900 0.0000000000
155472  -53.166  58.966  -21.600 0.0000000000
155485  -52.613  59.141  -22.569 0.0000000000
155491  -51.900  59.225  -23.507 0.0000000000
156091  -48.508  60.258  -9.627 0.0000000000
156099  -48.942  60.568  -10.246 0.0000000000
156101  -50.656  60.335  -10.846 0.0000000000
156106  -46.987  60.215  -11.341 0.0000000000
156109  -49.723  61.009  -11.206 0.0000000000
156110  -50.453  60.818  -11.109 0.0000000000
156111  -51.100  60.420  -11.443 0.0000000000
156116  -47.844  60.129  -12.318 0.0000000000
156119  -51.823  60.311  -12.421 0.0000000000
156120  -52.268  59.780  -12.725 0.0000000000
156130  -52.337  59.985  -13.259 0.0000000000
156141  -49.793  60.785  -14.588 0.0000000000
156142  -50.552  61.022  -14.607 0.0000000000
156155  -51.568  60.723  -15.908 0.0000000000
156181  -51.241  60.395  -18.210 0.0000000000
156182  -51.696  60.113  -18.210 0.0000000000
156859  -50.245  61.120  -11.481 0.0000000000
156860  -50.729  60.996  -11.561 0.0000000000
156866  -50.012  61.211  -11.731 0.0000000000
156868  -51.116  60.963  -12.087 0.0000000000
156878  -50.130  61.169  -12.322 0.0000000000
156879  -50.684  61.133  -12.657 0.0000000000
156893  -50.867  61.090  -15.102 0.0000000000
156901  -50.505  61.056  -15.424 0.0000000000
156902  -51.069  61.045  -15.643 0.0000000000
