#!ascii label  , from subject colin27 vox2ras=TkReg
1059
62153  -27.326  -21.682  54.548 0.0000000000
84530  -48.306  -4.889  43.355 0.0000000000
92430  -49.954  1.517  35.812 0.0000000000
101578  -52.265  8.340  31.466 0.0000000000
77972  -44.538  -9.593  44.763 0.0000000000
100205  -47.007  6.731  32.650 0.0000000000
105830  -55.918  11.935  22.112 0.0000000000
105849  -61.339  11.486  19.457 0.0000000000
80656  -51.312  -7.113  40.402 0.0000000000
87259  -53.610  -2.814  37.345 0.0000000000
88537  -49.593  -1.445  39.759 0.0000000000
71119  -24.688  -14.657  60.152 0.0000000000
76570  -28.156  -10.982  56.158 0.0000000000
71190  -33.030  -14.494  53.310 0.0000000000
68526  -35.844  -17.049  48.802 0.0000000000
64645  -42.252  -18.944  49.024 0.0000000000
69876  -46.786  -15.609  45.423 0.0000000000
76685  -48.632  -10.784  42.950 0.0000000000
92469  -54.688  0.872  32.522 0.0000000000
103103  -62.612  9.763  17.547 0.0000000000
83178  -50.260  -5.464  41.886 0.0000000000
84566  -51.242  -4.237  40.676 0.0000000000
85903  -48.721  -2.924  41.357 0.0000000000
73792  -23.698  -12.735  56.683 0.0000000000
75144  -25.540  -11.722  58.193 0.0000000000
68529  -42.813  -16.386  48.753 0.0000000000
67344  -44.635  -17.509  47.456 0.0000000000
71247  -44.639  -14.521  47.523 0.0000000000
81911  -45.956  -7.085  43.960 0.0000000000
77957  -47.404  -9.709  45.245 0.0000000000
80628  -49.196  -7.489  43.602 0.0000000000
78030  -50.001  -9.044  41.374 0.0000000000
91090  -52.538  -0.292  37.676 0.0000000000
89839  -55.014  -0.921  34.558 0.0000000000
93760  -52.700  1.937  35.880 0.0000000000
101575  -49.315  8.184  31.646 0.0000000000
98890  -48.910  6.112  31.973 0.0000000000
98893  -51.787  6.874  32.969 0.0000000000
97691  -54.770  6.050  31.592 0.0000000000
103045  -58.655  9.843  22.716 0.0000000000
104408  -57.272  9.881  25.061 0.0000000000
73957  -43.488  -12.021  45.197 0.0000000000
100272  -49.942  8.086  29.235 0.0000000000
108306  -58.073  13.276  21.127 0.0000000000
103065  -60.242  9.798  20.767 0.0000000000
99120  -61.898  6.354  15.037 0.0000000000
78071  -53.499  -9.240  37.848 0.0000000000
83200  -52.883  -5.515  39.024 0.0000000000
88540  -51.916  -1.979  39.417 0.0000000000
64557  -24.976  -19.609  57.099 0.0000000000
69750  -29.867  -14.811  56.227 0.0000000000
73806  -31.024  -12.219  55.471 0.0000000000
67236  -32.525  -17.326  54.570 0.0000000000
64595  -34.020  -18.933  52.906 0.0000000000
63366  -35.841  -20.495  50.383 0.0000000000
63396  -37.645  -20.634  47.626 0.0000000000
67324  -38.665  -18.001  48.827 0.0000000000
62221  -43.980  -21.192  46.063 0.0000000000
75284  -45.879  -11.850  46.294 0.0000000000
73978  -47.644  -13.093  44.398 0.0000000000
71331  -48.430  -14.705  41.892 0.0000000000
74061  -50.148  -12.778  39.976 0.0000000000
76741  -51.791  -10.500  39.419 0.0000000000
96298  -50.786  4.106  35.047 0.0000000000
102977  -55.904  9.359  26.784 0.0000000000
101605  -56.248  8.200  30.311 0.0000000000
62142  -27.471  -22.234  55.531 0.0000000000
83166  -49.307  -5.228  43.036 0.0000000000
84543  -49.992  -4.695  42.166 0.0000000000
84541  -48.566  -4.275  42.762 0.0000000000
69849  -42.718  -15.541  47.489 0.0000000000
69851  -44.010  -15.318  47.891 0.0000000000
71246  -43.902  -14.537  47.322 0.0000000000
83154  -47.185  -5.744  43.911 0.0000000000
81913  -47.451  -6.504  44.419 0.0000000000
81924  -48.729  -6.011  43.898 0.0000000000
81926  -49.706  -6.466  42.811 0.0000000000
92422  -52.794  0.808  36.710 0.0000000000
92432  -51.718  1.615  36.163 0.0000000000
101577  -51.309  8.242  31.493 0.0000000000
101539  -50.805  7.611  32.551 0.0000000000
101541  -52.368  7.831  32.564 0.0000000000
97667  -53.420  6.223  32.364 0.0000000000
100229  -53.991  7.645  32.427 0.0000000000
100395  -58.337  7.658  22.003 0.0000000000
101718  -58.354  8.550  22.755 0.0000000000
99047  -58.406  6.795  22.672 0.0000000000
107102  -57.713  12.764  19.612 0.0000000000
107094  -60.378  12.535  20.343 0.0000000000
104455  -60.096  10.807  21.417 0.0000000000
103066  -60.891  10.097  20.315 0.0000000000
101753  -60.545  8.733  19.724 0.0000000000
101754  -61.571  8.802  18.917 0.0000000000
100459  -62.510  7.766  16.539 0.0000000000
79309  -53.008  -8.297  38.882 0.0000000000
80679  -53.244  -7.374  38.469 0.0000000000
81954  -52.025  -6.243  39.721 0.0000000000
87235  -50.509  -2.289  40.626 0.0000000000
87237  -51.727  -2.840  40.030 0.0000000000
88539  -51.200  -1.539  39.676 0.0000000000
89802  -51.644  -1.189  39.060 0.0000000000
89800  -50.156  -0.903  39.086 0.0000000000
67208  -24.995  -17.613  58.148 0.0000000000
69729  -25.300  -15.534  59.065 0.0000000000
75154  -26.759  -11.376  57.312 0.0000000000
73831  -32.261  -12.322  53.009 0.0000000000
72495  -32.399  -13.469  54.192 0.0000000000
71171  -32.212  -14.406  55.392 0.0000000000
68457  -33.202  -16.394  54.236 0.0000000000
65924  -33.054  -18.514  53.685 0.0000000000
67250  -33.872  -17.382  53.160 0.0000000000
65985  -35.456  -18.608  49.664 0.0000000000
63373  -36.456  -20.674  49.214 0.0000000000
66009  -36.348  -18.561  48.070 0.0000000000
67283  -41.360  -17.111  50.019 0.0000000000
68499  -39.509  -16.380  50.289 0.0000000000
65988  -40.566  -18.404  49.464 0.0000000000
64670  -39.763  -19.445  47.943 0.0000000000
63385  -41.062  -19.998  48.002 0.0000000000
62219  -42.097  -21.581  46.523 0.0000000000
63402  -43.279  -20.085  47.435 0.0000000000
68545  -45.917  -16.701  46.317 0.0000000000
64682  -45.390  -18.915  45.696 0.0000000000
67369  -46.074  -17.514  45.339 0.0000000000
68561  -46.797  -16.474  44.654 0.0000000000
73940  -44.592  -12.260  46.469 0.0000000000
76642  -44.933  -10.527  45.899 0.0000000000
77993  -48.604  -10.032  43.764 0.0000000000
75304  -47.779  -11.418  44.718 0.0000000000
75341  -48.184  -11.913  43.442 0.0000000000
72651  -47.987  -13.819  42.711 0.0000000000
74021  -48.371  -12.802  41.954 0.0000000000
76698  -49.007  -10.738  41.796 0.0000000000
79295  -51.002  -8.210  40.548 0.0000000000
78044  -50.488  -9.514  40.460 0.0000000000
78045  -51.627  -9.311  39.819 0.0000000000
76743  -52.873  -10.237  38.689 0.0000000000
72434  -22.958  -14.158  60.176 0.0000000000
68408  -23.896  -16.550  60.496 0.0000000000
65871  -24.672  -18.404  59.264 0.0000000000
84599  -54.109  -4.533  36.743 0.0000000000
85972  -54.560  -3.527  35.705 0.0000000000
89860  -55.118  -0.312  33.365 0.0000000000
98877  -46.725  5.402  33.316 0.0000000000
96296  -49.321  4.166  35.418 0.0000000000
97629  -48.234  4.829  33.498 0.0000000000
96338  -49.613  4.666  32.753 0.0000000000
95027  -51.023  3.917  33.078 0.0000000000
102996  -57.471  8.760  26.368 0.0000000000
102994  -56.643  9.600  25.954 0.0000000000
102979  -57.157  9.048  27.357 0.0000000000
102940  -55.965  9.162  28.987 0.0000000000
101639  -57.195  7.971  28.677 0.0000000000
98956  -57.038  6.571  29.450 0.0000000000
107114  -60.667  12.279  18.479 0.0000000000
104474  -61.967  10.583  18.640 0.0000000000
107124  -61.620  11.613  17.627 0.0000000000
104506  -62.674  10.944  16.258 0.0000000000
81945  -50.525  -6.290  41.440 0.0000000000
83189  -51.240  -5.170  40.596 0.0000000000
84554  -50.361  -4.633  41.631 0.0000000000
85905  -50.342  -3.699  41.475 0.0000000000
87221  -49.367  -2.479  41.044 0.0000000000
73769  -23.625  -12.759  58.862 0.0000000000
75136  -24.824  -12.261  59.146 0.0000000000
76577  -26.710  -10.866  55.267 0.0000000000
65991  -42.678  -17.829  49.072 0.0000000000
64660  -43.409  -19.129  48.053 0.0000000000
68531  -44.047  -16.694  48.144 0.0000000000
68537  -45.204  -16.453  47.366 0.0000000000
71249  -46.054  -14.593  46.798 0.0000000000
80615  -45.586  -7.889  44.206 0.0000000000
79230  -46.345  -8.827  45.369 0.0000000000
80606  -46.726  -8.129  45.135 0.0000000000
79248  -48.463  -8.530  44.353 0.0000000000
79260  -49.064  -8.455  43.648 0.0000000000
78012  -49.452  -9.376  42.134 0.0000000000
79273  -49.779  -8.251  42.496 0.0000000000
80647  -50.396  -7.187  41.651 0.0000000000
72472  -22.782  -13.708  57.104 0.0000000000
89814  -53.396  -1.387  37.198 0.0000000000
88559  -53.985  -2.160  36.309 0.0000000000
91100  -53.548  -0.080  36.822 0.0000000000
91116  -54.266  0.391  35.621 0.0000000000
93787  -54.072  2.021  34.481 0.0000000000
101550  -48.018  7.823  32.127 0.0000000000
98889  -47.824  5.616  32.242 0.0000000000
100226  -49.192  7.353  32.357 0.0000000000
98891  -49.867  6.618  32.195 0.0000000000
105813  -57.908  11.528  23.255 0.0000000000
104417  -57.319  10.638  24.249 0.0000000000
104432  -58.195  10.631  23.534 0.0000000000
103023  -57.921  8.972  24.695 0.0000000000
84539  -46.739  -5.096  42.521 0.0000000000
81935  -46.073  -6.225  42.659 0.0000000000
93755  -48.866  2.945  35.858 0.0000000000
100242  -46.747  7.751  31.677 0.0000000000
100256  -47.682  8.166  30.367 0.0000000000
101615  -48.952  8.367  30.136 0.0000000000
101600  -51.639  8.334  30.672 0.0000000000
107083  -57.420  12.975  21.698 0.0000000000
105822  -59.060  11.599  22.522 0.0000000000
103054  -59.223  9.772  21.785 0.0000000000
101743  -58.835  8.235  20.779 0.0000000000
101765  -62.236  8.841  18.083 0.0000000000
99097  -61.506  7.078  16.943 0.0000000000
79340  -53.884  -8.262  36.842 0.0000000000
81976  -53.959  -6.417  37.467 0.0000000000
84591  -53.503  -4.618  38.124 0.0000000000
84577  -52.141  -4.598  39.714 0.0000000000
85934  -52.791  -3.821  39.031 0.0000000000
87258  -53.238  -2.829  38.036 0.0000000000
89812  -52.254  -0.959  38.419 0.0000000000
91089  -51.881  -0.133  37.905 0.0000000000
85902  -47.887  -3.277  41.127 0.0000000000
85918  -48.237  -2.827  40.838 0.0000000000
88547  -49.524  -1.054  38.894 0.0000000000
63315  -26.041  -21.085  55.864 0.0000000000
64563  -24.816  -19.582  56.126 0.0000000000
67233  -30.019  -16.778  54.321 0.0000000000
76595  -26.279  -10.894  53.526 0.0000000000
76587  -27.720  -10.766  54.433 0.0000000000
75166  -30.074  -11.735  55.957 0.0000000000
69762  -31.080  -15.657  55.822 0.0000000000
63355  -33.779  -20.698  51.307 0.0000000000
60916  -35.102  -21.536  50.632 0.0000000000
69830  -36.524  -15.811  49.617 0.0000000000
68498  -38.393  -16.008  50.207 0.0000000000
68528  -37.237  -17.241  48.618 0.0000000000
66030  -38.111  -18.897  47.431 0.0000000000
62207  -39.101  -21.498  46.989 0.0000000000
63411  -44.221  -20.049  46.622 0.0000000000
72595  -44.400  -12.938  46.785 0.0000000000
73927  -45.543  -13.344  46.970 0.0000000000
72597  -46.847  -13.746  45.789 0.0000000000
76662  -46.761  -10.811  45.728 0.0000000000
75303  -47.256  -11.933  45.244 0.0000000000
71286  -47.230  -14.671  44.952 0.0000000000
69892  -47.478  -15.434  43.695 0.0000000000
69907  -48.277  -15.544  42.183 0.0000000000
72711  -51.244  -13.492  38.900 0.0000000000
78029  -49.626  -10.031  40.976 0.0000000000
75387  -50.750  -10.999  39.737 0.0000000000
72726  -51.816  -13.040  38.052 0.0000000000
74124  -52.476  -12.016  37.412 0.0000000000
63299  -25.267  -20.813  57.496 0.0000000000
93758  -51.240  2.509  35.930 0.0000000000
94998  -52.640  2.836  35.055 0.0000000000
95030  -52.998  3.038  33.860 0.0000000000
96310  -49.775  4.620  34.196 0.0000000000
95028  -51.829  3.716  33.331 0.0000000000
92467  -53.751  1.920  32.152 0.0000000000
100273  -51.599  8.102  29.099 0.0000000000
101619  -52.899  8.510  29.852 0.0000000000
104407  -56.879  10.084  25.040 0.0000000000
102993  -55.919  9.358  25.787 0.0000000000
101637  -54.662  8.911  28.413 0.0000000000
101621  -54.564  8.926  29.302 0.0000000000
101581  -54.996  8.276  31.317 0.0000000000
98927  -55.776  7.023  31.368 0.0000000000
62162  -28.081  -22.230  53.954 0.0000000000
84531  -48.932  -4.839  43.141 0.0000000000
71245  -43.383  -15.062  47.352 0.0000000000
71266  -43.446  -14.594  46.761 0.0000000000
84529  -47.652  -5.130  43.462 0.0000000000
83155  -48.173  -5.610  43.938 0.0000000000
83156  -48.918  -5.512  43.525 0.0000000000
91106  -51.424  0.990  36.414 0.0000000000
92431  -50.925  1.657  36.077 0.0000000000
101554  -51.924  8.121  32.145 0.0000000000
101555  -52.881  8.134  32.179 0.0000000000
100212  -53.103  7.561  32.671 0.0000000000
100228  -53.455  7.935  32.413 0.0000000000
99056  -58.322  6.687  21.582 0.0000000000
107105  -60.325  12.705  19.361 0.0000000000
105839  -60.998  11.645  20.285 0.0000000000
105838  -60.516  11.701  21.015 0.0000000000
104464  -61.288  10.734  20.053 0.0000000000
103075  -61.311  9.718  19.725 0.0000000000
104473  -61.660  10.597  19.342 0.0000000000
79308  -52.416  -8.120  39.382 0.0000000000
80667  -52.227  -7.158  39.546 0.0000000000
80657  -51.790  -6.935  39.973 0.0000000000
88527  -50.078  -1.924  40.487 0.0000000000
88528  -50.786  -1.943  40.273 0.0000000000
88538  -50.458  -1.381  39.792 0.0000000000
69721  -24.958  -15.492  59.828 0.0000000000
76562  -27.714  -11.179  56.671 0.0000000000
75155  -27.541  -11.519  57.125 0.0000000000
72502  -32.669  -13.320  53.213 0.0000000000
73819  -32.185  -12.695  53.741 0.0000000000
71189  -32.708  -14.098  53.919 0.0000000000
71180  -32.556  -14.377  54.684 0.0000000000
69785  -33.189  -15.484  53.811 0.0000000000
67249  -33.488  -17.022  53.771 0.0000000000
68466  -33.547  -16.365  53.332 0.0000000000
67298  -35.364  -17.684  49.131 0.0000000000
67280  -35.073  -17.944  50.009 0.0000000000
66008  -35.752  -18.512  48.769 0.0000000000
67321  -36.033  -17.706  48.401 0.0000000000
65989  -41.387  -18.298  49.526 0.0000000000
67302  -40.981  -17.685  49.964 0.0000000000
64643  -41.104  -18.767  49.278 0.0000000000
64657  -40.836  -19.316  48.703 0.0000000000
64658  -41.963  -19.442  48.755 0.0000000000
63401  -42.363  -20.378  47.701 0.0000000000
63387  -42.524  -19.815  48.187 0.0000000000
69875  -46.333  -16.301  45.848 0.0000000000
68550  -46.128  -16.946  45.759 0.0000000000
68551  -46.419  -16.695  45.297 0.0000000000
76658  -44.195  -10.359  45.157 0.0000000000
77953  -44.698  -9.755  45.203 0.0000000000
76675  -48.206  -10.950  44.152 0.0000000000
75354  -48.392  -11.899  42.541 0.0000000000
76697  -48.646  -11.285  42.267 0.0000000000
75355  -48.644  -11.828  41.792 0.0000000000
79296  -51.810  -7.943  39.926 0.0000000000
78046  -52.117  -8.678  39.616 0.0000000000
72435  -23.602  -13.897  60.240 0.0000000000
71117  -23.159  -14.715  60.477 0.0000000000
69720  -24.266  -15.576  60.309 0.0000000000
68409  -24.583  -16.531  59.927 0.0000000000
85961  -53.901  -3.690  37.072 0.0000000000
84607  -54.345  -4.440  36.070 0.0000000000
85962  -54.175  -3.648  36.358 0.0000000000
91144  -54.967  0.289  32.802 0.0000000000
91145  -55.021  -0.263  32.457 0.0000000000
91161  -54.804  0.213  31.852 0.0000000000
92489  -54.430  0.836  31.711 0.0000000000
98887  -46.563  5.844  33.071 0.0000000000
97628  -47.443  5.013  33.809 0.0000000000
98888  -47.162  5.917  32.740 0.0000000000
105819  -56.228  11.522  22.778 0.0000000000
101658  -57.729  7.904  26.798 0.0000000000
102960  -57.134  8.504  28.228 0.0000000000
83179  -50.676  -5.361  41.231 0.0000000000
85890  -49.058  -3.662  42.195 0.0000000000
85891  -49.794  -3.954  42.069 0.0000000000
85904  -49.597  -3.173  41.604 0.0000000000
87222  -50.180  -2.644  41.057 0.0000000000
73780  -23.665  -12.691  57.800 0.0000000000
75177  -25.427  -11.313  54.382 0.0000000000
69839  -42.377  -15.955  48.543 0.0000000000
68518  -42.201  -16.521  49.274 0.0000000000
68519  -42.788  -16.837  49.020 0.0000000000
67325  -43.598  -17.434  48.365 0.0000000000
68530  -43.373  -16.664  48.537 0.0000000000
69852  -44.790  -15.611  47.788 0.0000000000
69853  -45.635  -15.491  47.157 0.0000000000
71248  -45.382  -14.598  47.321 0.0000000000
80616  -46.247  -7.628  44.697 0.0000000000
80617  -47.087  -7.375  44.872 0.0000000000
80619  -48.741  -7.595  44.137 0.0000000000
80618  -47.982  -7.580  44.697 0.0000000000
79272  -49.406  -8.744  42.936 0.0000000000
79261  -49.459  -8.058  43.166 0.0000000000
80639  -50.033  -7.296  42.343 0.0000000000
81936  -50.156  -6.364  42.148 0.0000000000
72473  -23.121  -13.359  56.511 0.0000000000
73779  -23.137  -13.162  57.972 0.0000000000
89813  -53.075  -0.924  37.556 0.0000000000
89823  -53.638  -0.835  36.794 0.0000000000
89822  -53.334  -0.416  37.060 0.0000000000
92434  -53.459  1.197  36.118 0.0000000000
92441  -53.721  1.642  35.463 0.0000000000
92442  -54.311  1.130  35.121 0.0000000000
93775  -53.835  1.950  35.115 0.0000000000
101574  -48.338  8.149  31.685 0.0000000000
100225  -48.320  7.362  32.315 0.0000000000
101551  -48.874  7.813  32.131 0.0000000000
100210  -51.272  7.309  32.839 0.0000000000
100209  -50.318  7.260  32.611 0.0000000000
98892  -50.809  6.797  32.663 0.0000000000
98907  -50.252  6.330  32.128 0.0000000000
97665  -51.875  6.085  32.149 0.0000000000
104445  -58.851  10.795  22.709 0.0000000000
101682  -57.884  8.052  24.942 0.0000000000
83164  -46.572  -5.659  43.089 0.0000000000
100255  -46.890  7.918  30.500 0.0000000000
100271  -49.313  8.115  29.251 0.0000000000
101599  -50.646  8.302  30.729 0.0000000000
101616  -49.972  8.254  29.895 0.0000000000
108313  -58.246  13.297  20.405 0.0000000000
107092  -57.391  13.171  20.595 0.0000000000
107091  -56.526  12.852  20.871 0.0000000000
107074  -58.209  12.257  22.596 0.0000000000
107075  -59.146  12.337  22.078 0.0000000000
104454  -59.645  10.368  21.650 0.0000000000
103064  -59.620  9.480  21.121 0.0000000000
101733  -59.278  9.145  21.207 0.0000000000
101744  -59.531  8.699  20.490 0.0000000000
100420  -59.235  7.561  19.669 0.0000000000
101752  -59.838  8.230  19.754 0.0000000000
100422  -60.807  8.103  18.962 0.0000000000
104487  -62.248  10.646  17.858 0.0000000000
103089  -62.227  9.823  18.328 0.0000000000
99105  -62.383  7.298  16.034 0.0000000000
100458  -61.921  7.399  16.949 0.0000000000
76772  -53.373  -9.913  36.865 0.0000000000
78086  -53.582  -9.081  36.583 0.0000000000
79324  -53.748  -8.311  37.522 0.0000000000
81963  -53.069  -6.425  38.742 0.0000000000
81975  -53.517  -6.447  38.129 0.0000000000
83211  -53.305  -5.528  38.424 0.0000000000
83212  -53.752  -5.509  37.810 0.0000000000
84590  -53.090  -4.645  38.737 0.0000000000
83190  -51.806  -5.348  39.971 0.0000000000
84567  -51.647  -4.440  40.211 0.0000000000
87249  -52.346  -3.054  39.401 0.0000000000
87250  -52.807  -2.928  38.698 0.0000000000
88541  -52.442  -2.289  38.948 0.0000000000
88549  -52.770  -1.919  38.301 0.0000000000
88548  -52.284  -1.690  38.821 0.0000000000
89810  -50.640  -0.541  38.245 0.0000000000
89811  -51.416  -0.634  38.461 0.0000000000
63306  -25.317  -20.500  56.489 0.0000000000
63314  -25.324  -20.304  55.460 0.0000000000
68424  -25.098  -16.657  57.723 0.0000000000
75137  -25.409  -12.064  58.921 0.0000000000
73762  -25.953  -12.551  58.986 0.0000000000
71157  -29.319  -14.357  56.406 0.0000000000
68441  -29.935  -15.816  55.470 0.0000000000
69761  -30.237  -15.455  55.869 0.0000000000
76603  -26.519  -10.884  52.869 0.0000000000
76586  -26.888  -10.809  54.424 0.0000000000
75172  -30.463  -11.704  55.372 0.0000000000
73795  -30.635  -12.452  56.123 0.0000000000
73796  -31.269  -12.748  55.678 0.0000000000
68444  -32.355  -16.516  55.007 0.0000000000
69763  -32.075  -15.464  55.482 0.0000000000
67226  -31.650  -17.094  54.995 0.0000000000
68455  -31.270  -17.030  54.994 0.0000000000
67235  -31.503  -17.424  54.575 0.0000000000
65922  -31.595  -18.350  53.287 0.0000000000
65925  -33.643  -18.217  53.466 0.0000000000
64593  -32.988  -18.957  53.320 0.0000000000
64606  -33.899  -19.506  52.594 0.0000000000
63344  -33.824  -20.153  52.090 0.0000000000
64630  -35.652  -19.493  50.269 0.0000000000
64620  -35.306  -19.417  51.141 0.0000000000
63365  -35.585  -19.945  50.871 0.0000000000
62173  -35.122  -21.165  51.029 0.0000000000
63358  -35.514  -20.748  50.829 0.0000000000
62187  -36.198  -21.350  49.793 0.0000000000
63384  -37.023  -20.650  48.282 0.0000000000
63374  -36.933  -21.134  48.804 0.0000000000
62196  -37.361  -21.590  48.427 0.0000000000
62197  -37.842  -21.982  48.184 0.0000000000
62206  -38.091  -21.556  47.696 0.0000000000
68516  -39.210  -17.102  50.002 0.0000000000
68515  -38.618  -16.794  49.811 0.0000000000
68514  -37.464  -16.519  49.421 0.0000000000
67323  -37.986  -17.708  48.504 0.0000000000
67343  -37.809  -18.324  47.763 0.0000000000
66010  -38.288  -18.436  47.946 0.0000000000
63399  -40.629  -20.333  47.372 0.0000000000
63398  -39.520  -20.448  47.079 0.0000000000
62220  -43.023  -21.164  46.648 0.0000000000
60957  -42.665  -22.050  46.053 0.0000000000
60958  -43.393  -22.003  45.846 0.0000000000
66033  -44.454  -18.222  47.348 0.0000000000
64661  -43.962  -18.870  47.642 0.0000000000
64674  -44.638  -18.858  46.852 0.0000000000
72594  -43.859  -13.264  46.468 0.0000000000
72608  -43.628  -12.615  45.744 0.0000000000
75283  -45.281  -11.552  46.321 0.0000000000
73941  -45.289  -12.365  46.644 0.0000000000
73942  -45.919  -12.844  46.544 0.0000000000
72596  -46.325  -13.709  46.382 0.0000000000
73943  -46.678  -12.852  45.888 0.0000000000
77956  -46.607  -9.614  45.621 0.0000000000
75324  -47.829  -12.116  44.381 0.0000000000
75323  -47.479  -12.680  44.843 0.0000000000
73958  -47.161  -13.045  45.311 0.0000000000
72620  -47.486  -13.875  44.615 0.0000000000
71302  -47.497  -14.623  44.224 0.0000000000
72621  -47.769  -13.785  43.994 0.0000000000
71330  -48.052  -14.326  42.377 0.0000000000
71318  -48.075  -14.874  42.415 0.0000000000
74060  -49.290  -12.674  40.609 0.0000000000
74062  -50.618  -13.363  39.734 0.0000000000
78013  -49.872  -8.704  41.940 0.0000000000
76728  -51.057  -10.401  39.825 0.0000000000
75404  -51.194  -11.522  39.410 0.0000000000
74084  -51.592  -12.496  38.896 0.0000000000
74105  -51.998  -12.401  38.407 0.0000000000
74106  -52.243  -12.257  37.981 0.0000000000
75426  -52.335  -11.854  38.337 0.0000000000
76756  -53.240  -10.166  38.088 0.0000000000
75428  -53.182  -10.747  37.662 0.0000000000
76757  -53.369  -10.024  37.458 0.0000000000
65878  -24.851  -18.553  58.554 0.0000000000
64553  -24.928  -19.600  58.093 0.0000000000
88575  -54.920  -1.741  35.118 0.0000000000
87282  -54.776  -2.607  35.423 0.0000000000
88576  -55.148  -1.792  34.497 0.0000000000
94995  -48.408  3.408  35.641 0.0000000000
94982  -49.662  3.321  35.882 0.0000000000
96297  -50.130  4.157  35.300 0.0000000000
94996  -50.768  3.789  35.347 0.0000000000
94997  -51.578  3.433  35.182 0.0000000000
95015  -53.071  2.810  34.556 0.0000000000
95014  -52.459  3.265  34.449 0.0000000000
97645  -48.423  5.260  32.558 0.0000000000
97646  -48.975  4.686  32.507 0.0000000000
96325  -50.461  4.316  33.628 0.0000000000
93803  -52.443  2.810  32.308 0.0000000000
95043  -52.456  3.251  32.982 0.0000000000
93822  -53.036  2.291  31.903 0.0000000000
101618  -52.039  8.286  29.797 0.0000000000
102978  -56.551  9.382  27.154 0.0000000000
101657  -55.405  8.864  26.402 0.0000000000
101648  -55.247  8.995  27.285 0.0000000000
100309  -54.442  8.298  27.213 0.0000000000
101638  -55.072  9.054  27.939 0.0000000000
102925  -56.049  8.782  29.777 0.0000000000
102924  -55.326  8.951  29.659 0.0000000000
101604  -55.500  8.547  30.442 0.0000000000
101603  -54.551  8.737  30.385 0.0000000000
101582  -55.729  8.115  31.000 0.0000000000
100244  -55.489  7.604  31.492 0.0000000000
100245  -56.098  7.540  31.005 0.0000000000
83167  -49.768  -5.498  42.575 0.0000000000
84542  -49.388  -4.550  42.639 0.0000000000
69840  -43.318  -16.005  48.254 0.0000000000
69850  -43.340  -15.510  47.748 0.0000000000
81923  -46.902  -6.243  44.181 0.0000000000
81912  -46.655  -6.783  44.377 0.0000000000
83146  -47.471  -6.057  44.244 0.0000000000
81914  -48.418  -6.578  44.184 0.0000000000
81915  -48.973  -7.019  43.969 0.0000000000
81925  -49.179  -6.510  43.569 0.0000000000
83157  -49.392  -5.828  43.125 0.0000000000
91098  -52.324  0.307  37.225 0.0000000000
91099  -53.085  0.108  37.107 0.0000000000
92421  -52.063  0.887  36.611 0.0000000000
92433  -52.476  1.461  36.262 0.0000000000
93759  -52.028  2.162  35.912 0.0000000000
101576  -50.328  8.198  31.579 0.0000000000
101552  -50.018  7.761  32.316 0.0000000000
101553  -51.010  8.026  32.190 0.0000000000
101540  -51.616  7.744  32.592 0.0000000000
98909  -52.328  6.501  32.669 0.0000000000
98894  -52.715  6.992  32.980 0.0000000000
98911  -53.906  6.938  32.641 0.0000000000
98925  -54.363  6.500  32.191 0.0000000000
103053  -58.721  9.220  22.171 0.0000000000
100381  -58.284  7.626  22.694 0.0000000000
108321  -58.566  13.188  19.846 0.0000000000
108308  -59.365  13.155  20.781 0.0000000000
107076  -59.681  12.232  21.689 0.0000000000
104463  -60.756  10.794  20.708 0.0000000000
101745  -60.266  9.165  20.300 0.0000000000
103074  -60.681  9.486  20.187 0.0000000000
103104  -62.922  9.738  16.837 0.0000000000
101780  -62.807  8.791  17.009 0.0000000000
101798  -62.919  8.348  16.481 0.0000000000
100479  -62.836  7.601  15.861 0.0000000000
97890  -61.433  5.508  14.600 0.0000000000
79323  -53.419  -8.331  38.193 0.0000000000
80668  -52.795  -7.296  39.083 0.0000000000
81962  -52.559  -6.355  39.260 0.0000000000
83199  -52.341  -5.455  39.482 0.0000000000
85906  -50.966  -3.611  40.960 0.0000000000
85919  -51.449  -3.582  40.424 0.0000000000
87236  -50.990  -2.732  40.623 0.0000000000
88529  -51.342  -2.169  40.040 0.0000000000
89801  -50.929  -0.927  39.131 0.0000000000
67202  -24.926  -17.617  58.973 0.0000000000
65884  -24.816  -18.593  57.639 0.0000000000
68418  -25.112  -16.607  58.703 0.0000000000
69735  -25.328  -15.696  58.119 0.0000000000
71158  -30.069  -14.045  56.737 0.0000000000
72479  -31.863  -13.769  55.661 0.0000000000
72488  -32.155  -13.471  55.054 0.0000000000
69775  -32.460  -14.933  55.133 0.0000000000
68456  -32.853  -16.775  54.600 0.0000000000
65908  -32.448  -18.063  54.147 0.0000000000
67237  -33.195  -17.274  54.179 0.0000000000
67238  -33.522  -17.563  53.730 0.0000000000
64631  -36.065  -19.954  49.655 0.0000000000
64641  -35.852  -19.273  49.290 0.0000000000
64653  -36.092  -19.172  48.549 0.0000000000
64667  -37.119  -19.529  47.488 0.0000000000
69822  -40.840  -15.820  50.081 0.0000000000
69821  -40.209  -15.378  50.163 0.0000000000
67281  -40.177  -16.750  50.284 0.0000000000
67301  -39.945  -17.451  50.019 0.0000000000
65987  -39.649  -18.259  49.322 0.0000000000
66032  -39.187  -18.905  48.224 0.0000000000
62211  -42.734  -20.647  47.252 0.0000000000
63410  -43.638  -20.643  46.709 0.0000000000
67359  -45.428  -17.493  46.497 0.0000000000
66034  -44.995  -18.248  46.711 0.0000000000
66048  -45.698  -18.285  45.471 0.0000000000
67379  -46.828  -17.334  44.048 0.0000000000
68562  -47.172  -16.371  43.901 0.0000000000
73939  -43.976  -11.883  45.939 0.0000000000
75281  -44.207  -11.201  45.763 0.0000000000
75282  -44.623  -11.134  46.019 0.0000000000
76644  -45.951  -11.078  46.149 0.0000000000
77974  -48.200  -9.689  44.544 0.0000000000
76663  -47.683  -10.737  45.012 0.0000000000
73999  -47.924  -12.914  43.736 0.0000000000
74020  -48.090  -12.954  42.833 0.0000000000
74041  -48.776  -12.678  41.233 0.0000000000
75369  -48.966  -11.741  41.023 0.0000000000
79294  -50.418  -8.542  41.039 0.0000000000
78057  -52.101  -9.881  39.395 0.0000000000
76742  -52.397  -10.387  39.090 0.0000000000
78058  -52.517  -9.292  39.229 0.0000000000
78059  -53.151  -9.281  38.521 0.0000000000
72443  -22.667  -14.114  59.763 0.0000000000
69719  -23.425  -15.637  60.697 0.0000000000
67201  -24.595  -17.540  59.585 0.0000000000
89847  -55.118  -0.488  33.795 0.0000000000
88583  -55.244  -1.766  33.986 0.0000000000
89861  -55.156  -0.765  33.083 0.0000000000
96309  -47.318  4.700  34.285 0.0000000000
96295  -48.490  4.019  35.490 0.0000000000
97610  -47.952  4.665  34.582 0.0000000000
97611  -48.828  4.486  34.768 0.0000000000
97613  -49.940  4.495  34.963 0.0000000000
98906  -49.354  5.927  31.689 0.0000000000
104409  -57.433  9.256  25.378 0.0000000000
104400  -57.131  9.543  25.732 0.0000000000
104401  -57.276  9.240  26.005 0.0000000000
102995  -57.123  9.374  26.473 0.0000000000
102958  -55.720  9.276  27.964 0.0000000000
102959  -56.576  9.112  28.185 0.0000000000
102941  -56.609  8.649  29.134 0.0000000000
101622  -56.563  8.267  29.696 0.0000000000
100257  -56.536  7.388  30.390 0.0000000000
107106  -61.117  12.167  19.020 0.0000000000
105850  -61.647  11.152  18.897 0.0000000000
105861  -61.427  11.624  18.775 0.0000000000
105862  -61.753  11.330  18.243 0.0000000000
104497  -62.629  10.633  16.856 0.0000000000
104498  -62.942  10.184  16.507 0.0000000000
81953  -51.503  -6.176  40.214 0.0000000000
81946  -50.997  -6.213  40.799 0.0000000000
84555  -50.836  -4.438  41.132 0.0000000000
87223  -50.635  -3.144  41.062 0.0000000000
73753  -23.980  -13.487  60.152 0.0000000000
72445  -24.555  -13.270  59.973 0.0000000000
73760  -24.441  -12.779  59.606 0.0000000000
75143  -24.711  -11.961  58.452 0.0000000000
75153  -25.705  -11.374  57.175 0.0000000000
76560  -26.285  -11.117  56.684 0.0000000000
76568  -26.530  -10.936  56.035 0.0000000000
76569  -27.283  -10.904  56.070 0.0000000000
68512  -35.299  -16.664  49.287 0.0000000000
68502  -41.687  -16.610  49.749 0.0000000000
67303  -41.733  -17.621  49.672 0.0000000000
65990  -42.234  -18.259  49.239 0.0000000000
64659  -42.720  -19.178  48.606 0.0000000000
66015  -43.038  -18.287  48.697 0.0000000000
66016  -43.813  -18.232  48.015 0.0000000000
67326  -44.284  -17.380  47.825 0.0000000000
69841  -44.001  -16.055  48.162 0.0000000000
68532  -44.609  -16.555  47.831 0.0000000000
67327  -44.780  -17.060  47.552 0.0000000000
68544  -45.498  -16.854  46.857 0.0000000000
68538  -45.746  -16.210  46.849 0.0000000000
69863  -46.261  -15.559  46.349 0.0000000000
79245  -45.119  -8.750  44.543 0.0000000000
79228  -45.171  -9.031  45.015 0.0000000000
79246  -45.729  -8.245  44.768 0.0000000000
80605  -46.128  -8.288  45.090 0.0000000000
79231  -47.085  -8.815  45.306 0.0000000000
80607  -47.377  -8.087  45.068 0.0000000000
79247  -47.823  -8.710  44.961 0.0000000000
77975  -48.730  -9.242  43.925 0.0000000000
77994  -49.013  -9.527  43.131 0.0000000000
76686  -49.034  -10.096  42.503 0.0000000000
80629  -49.614  -7.343  43.030 0.0000000000
79283  -50.203  -8.140  41.742 0.0000000000
79284  -50.524  -7.844  41.169 0.0000000000
80648  -50.774  -7.147  40.982 0.0000000000
72462  -22.681  -13.741  58.145 0.0000000000
72454  -23.218  -13.296  59.284 0.0000000000
88550  -53.285  -1.950  37.560 0.0000000000
87270  -53.940  -2.833  36.671 0.0000000000
88558  -53.648  -1.915  36.884 0.0000000000
88566  -53.927  -1.486  36.356 0.0000000000
89831  -54.608  -0.893  35.414 0.0000000000
91107  -53.460  0.420  36.609 0.0000000000
91108  -53.962  0.151  36.280 0.0000000000
91117  -54.654  0.029  35.098 0.0000000000
91124  -54.966  0.027  34.341 0.0000000000
92451  -54.824  0.734  34.204 0.0000000000
92458  -54.859  0.880  33.367 0.0000000000
100224  -47.494  7.490  32.290 0.0000000000
100206  -47.688  6.683  32.318 0.0000000000
100207  -48.572  6.719  32.185 0.0000000000
100227  -49.775  7.349  32.476 0.0000000000
100208  -49.460  6.915  32.357 0.0000000000
107068  -57.526  11.957  23.002 0.0000000000
105812  -57.094  11.481  23.452 0.0000000000
104431  -57.678  11.131  23.677 0.0000000000
104418  -57.790  9.859  24.482 0.0000000000
103032  -58.242  9.405  23.730 0.0000000000
103010  -57.648  8.618  25.455 0.0000000000
101669  -57.827  7.963  25.867 0.0000000000
83165  -47.092  -5.159  43.183 0.0000000000
84540  -47.518  -4.524  42.631 0.0000000000
84552  -46.700  -4.781  41.647 0.0000000000
77992  -44.441  -9.364  43.775 0.0000000000
80627  -45.513  -7.586  43.391 0.0000000000
81921  -45.806  -6.838  43.076 0.0000000000
83153  -46.710  -5.841  43.587 0.0000000000
93771  -49.229  2.002  35.617 0.0000000000
93756  -49.343  2.672  35.809 0.0000000000
95012  -47.337  3.251  34.967 0.0000000000
94993  -47.165  3.822  34.887 0.0000000000
98904  -45.963  6.229  32.700 0.0000000000
100222  -46.057  7.124  32.160 0.0000000000
100223  -46.763  7.370  32.375 0.0000000000
101572  -47.080  8.002  31.670 0.0000000000
101596  -47.746  8.209  31.045 0.0000000000
101597  -48.683  8.374  30.989 0.0000000000
101614  -48.194  8.285  30.411 0.0000000000
101598  -49.646  8.370  30.850 0.0000000000
107090  -55.709  12.394  20.909 0.0000000000
107073  -57.129  12.330  22.534 0.0000000000
105821  -58.472  11.389  22.938 0.0000000000
105823  -59.602  11.692  22.019 0.0000000000
104446  -59.463  10.834  22.061 0.0000000000
103046  -59.071  10.326  22.329 0.0000000000
101732  -58.754  8.645  21.475 0.0000000000
99067  -58.345  6.592  20.617 0.0000000000
100421  -60.066  7.878  19.229 0.0000000000
103076  -61.906  9.793  19.003 0.0000000000
101755  -62.048  9.297  18.628 0.0000000000
101764  -61.763  8.408  18.331 0.0000000000
100446  -62.230  8.012  17.402 0.0000000000
80680  -53.705  -7.388  37.843 0.0000000000
80694  -54.055  -7.349  37.139 0.0000000000
83220  -54.097  -5.446  37.108 0.0000000000
84598  -53.858  -4.587  37.456 0.0000000000
85950  -53.582  -3.709  37.761 0.0000000000
84578  -52.633  -4.664  39.262 0.0000000000
85920  -51.989  -3.735  39.907 0.0000000000
85933  -52.397  -3.967  39.472 0.0000000000
85949  -53.186  -3.751  38.407 0.0000000000
91105  -50.741  0.675  36.435 0.0000000000
85889  -48.136  -3.664  42.026 0.0000000000
87220  -48.942  -2.486  40.969 0.0000000000
88525  -48.946  -2.072  40.405 0.0000000000
88536  -48.946  -1.892  40.011 0.0000000000
92440  -49.378  1.496  35.619 0.0000000000
62152  -26.789  -21.324  54.768 0.0000000000
72446  -25.078  -13.450  59.784 0.0000000000
71127  -25.499  -13.734  59.411 0.0000000000
76585  -26.098  -10.934  54.389 0.0000000000
76578  -27.513  -10.828  55.298 0.0000000000
76579  -28.314  -10.849  55.294 0.0000000000
76571  -28.784  -11.034  55.906 0.0000000000
71159  -30.971  -14.184  56.343 0.0000000000
71160  -31.684  -14.380  55.916 0.0000000000
69751  -30.616  -14.859  56.192 0.0000000000
68442  -30.523  -16.211  55.441 0.0000000000
65923  -32.450  -18.638  53.448 0.0000000000
65938  -34.342  -18.351  52.517 0.0000000000
64607  -34.460  -19.318  52.302 0.0000000000
63356  -34.515  -20.633  51.532 0.0000000000
60931  -36.387  -22.062  49.234 0.0000000000
69817  -36.095  -15.159  49.989 0.0000000000
68513  -36.225  -16.415  49.121 0.0000000000
71215  -38.457  -14.341  50.199 0.0000000000
68497  -37.754  -15.758  50.109 0.0000000000
68527  -36.610  -17.051  48.650 0.0000000000
67322  -36.945  -17.712  47.979 0.0000000000
66029  -37.200  -18.741  47.505 0.0000000000
64668  -37.751  -19.717  47.298 0.0000000000
66031  -38.794  -18.955  47.858 0.0000000000
64669  -38.746  -19.629  47.327 0.0000000000
63397  -38.452  -20.588  47.204 0.0000000000
60946  -38.804  -22.359  47.339 0.0000000000
63403  -43.887  -19.716  47.195 0.0000000000
64681  -44.931  -19.189  46.291 0.0000000000
63412  -44.871  -20.169  45.861 0.0000000000
62222  -44.456  -20.654  45.937 0.0000000000
71267  -43.804  -14.045  46.910 0.0000000000
72573  -43.983  -13.811  47.015 0.0000000000
72574  -44.487  -13.554  47.092 0.0000000000
73925  -44.790  -12.810  46.847 0.0000000000
72575  -45.194  -13.773  47.232 0.0000000000
72576  -45.782  -13.781  46.953 0.0000000000
71268  -46.554  -14.527  46.174 0.0000000000
77955  -45.820  -9.476  45.602 0.0000000000
76661  -45.992  -10.244  45.990 0.0000000000
76645  -46.291  -11.403  46.064 0.0000000000
75285  -46.476  -11.934  45.968 0.0000000000
71269  -46.943  -14.572  45.612 0.0000000000
69891  -47.190  -15.521  44.498 0.0000000000
68571  -47.564  -16.318  43.176 0.0000000000
71303  -47.709  -14.535  43.496 0.0000000000
69906  -47.813  -15.339  42.876 0.0000000000
76712  -49.284  -10.970  40.816 0.0000000000
76726  -49.783  -10.799  40.280 0.0000000000
78043  -50.035  -10.191  40.393 0.0000000000
76727  -50.395  -10.556  40.039 0.0000000000
75386  -50.355  -11.577  39.783 0.0000000000
72756  -51.935  -12.591  36.391 0.0000000000
75427  -52.800  -11.267  38.173 0.0000000000
74125  -52.777  -11.501  37.064 0.0000000000
63307  -25.857  -21.310  56.795 0.0000000000
87271  -54.308  -2.767  36.027 0.0000000000
93757  -50.291  2.553  35.911 0.0000000000
96285  -49.759  3.795  35.663 0.0000000000
94984  -51.300  3.080  35.712 0.0000000000
93773  -52.294  2.553  35.536 0.0000000000
93786  -53.497  2.381  34.790 0.0000000000
93794  -53.540  2.539  34.053 0.0000000000
93795  -54.072  2.085  33.573 0.0000000000
97630  -49.392  4.570  34.179 0.0000000000
96311  -50.149  4.476  34.522 0.0000000000
96326  -51.286  4.042  33.743 0.0000000000
95013  -51.856  3.793  34.175 0.0000000000
95044  -52.821  3.118  33.372 0.0000000000
93804  -53.301  2.632  32.981 0.0000000000
92468  -54.286  1.409  32.314 0.0000000000
101632  -50.378  8.086  29.285 0.0000000000
101617  -51.009  8.192  29.788 0.0000000000
101601  -52.588  8.474  30.659 0.0000000000
105800  -56.755  10.963  23.990 0.0000000000
104416  -56.485  10.498  24.300 0.0000000000
103022  -55.989  10.019  24.545 0.0000000000
104399  -57.033  9.864  25.496 0.0000000000
103009  -56.318  9.849  25.096 0.0000000000
103008  -55.797  9.409  24.909 0.0000000000
100308  -53.930  8.148  27.547 0.0000000000
101636  -53.896  8.607  28.707 0.0000000000
102939  -55.238  9.135  28.805 0.0000000000
101620  -53.740  8.721  29.668 0.0000000000
101602  -53.512  8.629  30.594 0.0000000000
101579  -53.187  8.438  31.427 0.0000000000
101557  -54.376  8.134  31.922 0.0000000000
98926  -55.193  6.813  31.851 0.0000000000
97692  -55.300  6.260  31.416 0.0000000000
98944  -56.698  6.651  30.147 0.0000000000
97714  -56.332  5.992  30.310 0.0000000000
97713  -55.481  5.769  30.789 0.0000000000
59679  -36.741  -22.419  48.775 0.0000000000
59693  -37.855  -22.671  48.139 0.0000000000
59716  -42.528  -22.709  45.758 0.0000000000
59717  -42.999  -22.441  45.735 0.0000000000
60902  -28.563  -23.090  53.612 0.0000000000
60905  -28.504  -22.752  53.415 0.0000000000
60915  -34.873  -21.471  50.820 0.0000000000
60939  -37.594  -22.305  48.349 0.0000000000
60940  -38.135  -22.363  47.970 0.0000000000
60959  -43.898  -21.881  45.662 0.0000000000
60966  -43.709  -22.247  45.520 0.0000000000
62174  -35.382  -20.871  50.946 0.0000000000
62181  -35.314  -21.422  50.581 0.0000000000
62182  -35.595  -21.228  50.487 0.0000000000
62188  -36.716  -21.543  49.064 0.0000000000
62205  -37.546  -21.118  48.022 0.0000000000
63345  -34.510  -20.005  52.068 0.0000000000
63357  -35.218  -20.291  51.345 0.0000000000
63383  -36.570  -20.209  48.593 0.0000000000
63386  -41.720  -19.970  48.225 0.0000000000
63388  -42.999  -19.582  48.105 0.0000000000
64594  -33.453  -18.970  53.169 0.0000000000
64642  -36.249  -19.832  48.880 0.0000000000
64644  -41.637  -18.898  49.184 0.0000000000
64654  -36.627  -19.615  48.030 0.0000000000
64655  -37.180  -20.053  47.650 0.0000000000
64672  -43.763  -19.424  47.507 0.0000000000
64673  -44.219  -19.227  47.140 0.0000000000
64680  -44.504  -19.338  46.725 0.0000000000
65909  -33.120  -17.924  54.113 0.0000000000
65910  -33.383  -17.768  53.894 0.0000000000
65986  -39.049  -18.261  48.979 0.0000000000
66011  -38.769  -18.426  48.418 0.0000000000
66012  -39.495  -18.752  48.657 0.0000000000
66014  -42.579  -18.692  48.926 0.0000000000
66047  -45.380  -18.277  46.099 0.0000000000
67194  -24.205  -17.484  60.178 0.0000000000
67227  -31.948  -17.076  54.994 0.0000000000
67248  -31.389  -17.988  53.903 0.0000000000
67282  -40.722  -16.925  50.222 0.0000000000
67284  -41.932  -17.021  49.704 0.0000000000
67297  -34.967  -17.275  49.675 0.0000000000
67299  -38.237  -17.151  49.296 0.0000000000
67300  -38.898  -17.611  49.393 0.0000000000
67304  -42.385  -17.347  49.306 0.0000000000
67305  -43.014  -17.392  48.895 0.0000000000
67342  -37.489  -18.052  47.822 0.0000000000
67345  -45.041  -17.415  47.144 0.0000000000
67360  -45.789  -17.533  45.923 0.0000000000
67370  -46.403  -17.410  44.719 0.0000000000
67380  -47.296  -17.247  43.399 0.0000000000
68443  -31.490  -16.626  55.209 0.0000000000
68445  -32.805  -16.239  54.788 0.0000000000
68454  -30.802  -16.836  54.940 0.0000000000
68500  -40.472  -16.240  50.268 0.0000000000
68501  -41.215  -16.300  50.049 0.0000000000
69749  -29.523  -14.784  56.134 0.0000000000
69764  -32.546  -15.937  55.051 0.0000000000
69776  -32.779  -15.459  54.721 0.0000000000
69829  -35.691  -15.836  49.550 0.0000000000
69842  -44.378  -16.204  48.032 0.0000000000
69864  -46.692  -15.064  45.927 0.0000000000
71118  -23.937  -14.682  60.414 0.0000000000
71126  -25.313  -14.438  59.537 0.0000000000
71170  -28.903  -14.492  56.095 0.0000000000
71181  -32.884  -14.787  54.120 0.0000000000
71317  -47.892  -14.425  42.863 0.0000000000
72436  -24.391  -13.805  60.176 0.0000000000
72437  -24.962  -14.056  60.065 0.0000000000
72444  -23.102  -13.665  59.796 0.0000000000
72453  -22.712  -13.796  59.102 0.0000000000
72467  -29.897  -13.151  57.012 0.0000000000
72478  -31.291  -13.426  56.062 0.0000000000
72487  -31.661  -13.176  55.532 0.0000000000
72609  -47.206  -13.856  45.204 0.0000000000
72634  -47.891  -13.723  43.285 0.0000000000
72652  -48.184  -13.737  42.150 0.0000000000
72739  -51.936  -12.909  37.543 0.0000000000
73754  -24.223  -13.246  60.028 0.0000000000
73759  -23.707  -13.212  59.791 0.0000000000
73768  -23.024  -13.282  58.695 0.0000000000
73770  -24.301  -12.307  58.955 0.0000000000
73791  -23.268  -13.109  57.209 0.0000000000
73926  -45.221  -13.068  46.990 0.0000000000
73977  -47.417  -13.296  44.878 0.0000000000
74082  -50.562  -12.290  39.675 0.0000000000
74137  -52.420  -12.011  36.752 0.0000000000
75138  -26.022  -12.038  58.609 0.0000000000
75146  -27.311  -11.847  57.585 0.0000000000
75147  -27.915  -11.919  57.314 0.0000000000
75164  -28.813  -11.353  56.380 0.0000000000
75165  -29.401  -11.409  56.071 0.0000000000
75302  -44.324  -10.878  45.668 0.0000000000
75385  -49.539  -11.746  40.302 0.0000000000
75405  -52.175  -11.443  38.845 0.0000000000
75406  -52.618  -10.853  38.723 0.0000000000
75448  -52.919  -11.289  37.474 0.0000000000
76559  -25.801  -11.209  56.536 0.0000000000
76561  -27.039  -11.067  56.736 0.0000000000
76576  -25.959  -10.989  55.243 0.0000000000
76643  -45.343  -10.750  46.076 0.0000000000
76659  -44.574  -10.268  45.449 0.0000000000
76660  -45.272  -10.081  45.798 0.0000000000
77954  -45.063  -9.497  45.284 0.0000000000
77973  -44.943  -9.186  44.936 0.0000000000
78072  -53.635  -9.167  37.190 0.0000000000
79229  -45.612  -8.832  45.149 0.0000000000
79244  -44.679  -9.097  44.270 0.0000000000
79258  -44.783  -8.803  43.917 0.0000000000
81922  -46.459  -6.263  43.631 0.0000000000
83147  -47.768  -6.038  44.240 0.0000000000
84622  -54.604  -4.303  35.437 0.0000000000
85892  -50.123  -4.228  41.854 0.0000000000
87233  -48.670  -2.413  40.483 0.0000000000
87234  -49.053  -2.302  40.815 0.0000000000
87293  -55.159  -2.460  34.823 0.0000000000
87294  -55.296  -2.350  34.253 0.0000000000
88516  -49.448  -2.245  40.835 0.0000000000
88517  -49.680  -2.236  40.835 0.0000000000
88526  -49.304  -2.082  40.550 0.0000000000
88567  -54.374  -1.780  35.797 0.0000000000
88599  -55.207  -1.572  33.368 0.0000000000
88613  -55.127  -1.414  32.594 0.0000000000
89803  -52.034  -1.423  38.954 0.0000000000
89830  -54.150  -0.821  36.069 0.0000000000
89840  -55.139  -1.419  34.219 0.0000000000
89848  -55.183  -1.154  33.843 0.0000000000
89878  -55.028  -0.823  32.163 0.0000000000
91109  -54.339  -0.209  35.709 0.0000000000
91129  -55.067  0.158  33.563 0.0000000000
91130  -55.115  -0.171  33.050 0.0000000000
91162  -54.910  -0.387  31.764 0.0000000000
92423  -53.216  0.657  36.660 0.0000000000
92435  -54.067  0.765  35.842 0.0000000000
92443  -54.722  0.504  34.709 0.0000000000
92450  -54.556  1.466  33.997 0.0000000000
92457  -54.493  1.492  33.096 0.0000000000
93772  -51.704  2.788  35.711 0.0000000000
93774  -53.177  2.164  35.395 0.0000000000
93805  -54.041  1.958  32.813 0.0000000000
94981  -48.884  3.378  35.846 0.0000000000
94983  -50.597  3.384  35.699 0.0000000000
94994  -47.822  3.387  35.347 0.0000000000
94999  -53.123  2.579  34.979 0.0000000000
95029  -52.443  3.422  33.696 0.0000000000
96293  -47.134  4.188  34.743 0.0000000000
96312  -51.089  4.165  34.437 0.0000000000
97612  -49.577  4.452  34.970 0.0000000000
97627  -46.855  5.133  33.659 0.0000000000
97631  -49.784  4.517  34.718 0.0000000000
97715  -56.789  6.070  29.803 0.0000000000
98878  -46.977  5.380  33.283 0.0000000000
98879  -47.425  5.223  33.089 0.0000000000
98886  -46.166  5.922  33.088 0.0000000000
98895  -53.361  7.085  32.823 0.0000000000
98905  -46.440  6.725  32.670 0.0000000000
98910  -53.227  6.597  32.650 0.0000000000
98912  -54.527  7.119  32.326 0.0000000000
98924  -53.756  6.408  32.395 0.0000000000
98942  -55.629  6.487  31.301 0.0000000000
98943  -56.208  6.653  30.881 0.0000000000
100211  -52.175  7.398  32.837 0.0000000000
100213  -53.619  7.314  32.670 0.0000000000
100230  -54.865  7.668  32.040 0.0000000000
100243  -47.084  7.747  32.128 0.0000000000
100258  -56.922  7.302  29.741 0.0000000000
100288  -50.170  7.903  28.504 0.0000000000
100291  -53.342  8.206  28.254 0.0000000000
100292  -53.810  8.385  28.142 0.0000000000
100293  -57.269  7.594  28.445 0.0000000000
100408  -58.452  7.591  20.966 0.0000000000
100409  -58.886  7.884  20.384 0.0000000000
100432  -59.596  7.235  18.881 0.0000000000
100435  -61.866  8.098  17.970 0.0000000000
100460  -63.014  8.088  16.154 0.0000000000
101538  -50.412  7.555  32.534 0.0000000000
101549  -47.641  7.831  32.155 0.0000000000
101556  -53.698  8.198  32.026 0.0000000000
101573  -47.454  7.992  31.856 0.0000000000
101580  -54.081  8.463  31.336 0.0000000000
101595  -47.154  8.031  31.367 0.0000000000
101606  -56.704  7.875  29.946 0.0000000000
101623  -56.996  8.019  29.349 0.0000000000
101633  -50.878  8.004  29.005 0.0000000000
101634  -52.484  8.301  29.278 0.0000000000
101646  -54.166  8.546  28.090 0.0000000000
101647  -54.623  8.627  27.640 0.0000000000
101656  -54.846  8.490  26.905 0.0000000000
101781  -63.046  9.257  16.593 0.0000000000
102926  -56.343  8.491  29.725 0.0000000000
102942  -57.002  8.334  28.870 0.0000000000
102957  -55.176  9.155  28.312 0.0000000000
102961  -57.363  8.195  27.853 0.0000000000
103055  -59.785  10.037  21.357 0.0000000000
103117  -63.122  9.715  16.290 0.0000000000
104430  -56.127  10.581  23.914 0.0000000000
104447  -59.817  11.272  21.781 0.0000000000
105799  -56.513  10.838  24.003 0.0000000000
105811  -56.309  10.923  23.612 0.0000000000
105820  -56.816  11.929  22.869 0.0000000000
105831  -60.022  11.710  21.572 0.0000000000
105871  -61.888  11.491  17.374 0.0000000000
107067  -57.158  11.968  22.994 0.0000000000
107072  -56.466  12.105  22.442 0.0000000000
107082  -56.344  12.480  21.756 0.0000000000
107084  -58.540  12.955  21.736 0.0000000000
107085  -59.396  12.835  21.392 0.0000000000
107086  -60.038  12.382  21.193 0.0000000000
107093  -59.831  12.879  20.828 0.0000000000
107095  -60.906  12.199  19.716 0.0000000000
107100  -56.059  12.385  20.328 0.0000000000
107101  -56.727  12.640  20.054 0.0000000000
108307  -58.814  13.299  21.005 0.0000000000
108314  -59.008  13.284  20.343 0.0000000000
108315  -59.715  13.099  20.236 0.0000000000
