#!ascii label  , from subject colin27 vox2ras=TkReg
1943
118435  -46.422  21.263  0.763 0.0000000000
116138  -57.108  19.483  -19.072 0.0000000000
129617  -52.861  31.271  4.871 0.0000000000
112210  -54.652  15.800  -8.959 0.0000000000
115945  -52.424  19.309  1.432 0.0000000000
120994  -57.262  24.313  -7.847 0.0000000000
126563  -55.781  28.067  -3.150 0.0000000000
134487  -53.755  36.606  0.721 0.0000000000
117114  -46.675  20.326  11.495 0.0000000000
117235  -51.044  20.051  -5.334 0.0000000000
116047  -55.150  20.353  -9.575 0.0000000000
120905  -51.147  24.064  -3.991 0.0000000000
130507  -55.473  32.883  9.780 0.0000000000
124449  -58.136  27.901  3.271 0.0000000000
129621  -62.324  31.306  4.520 0.0000000000
130604  -58.688  32.761  -0.695 0.0000000000
135456  -58.428  37.246  5.305 0.0000000000
121087  -56.256  23.484  -17.065 0.0000000000
123312  -44.134  25.135  3.773 0.0000000000
120825  -50.044  23.773  5.130 0.0000000000
109675  -56.058  13.920  -6.102 0.0000000000
114704  -52.779  17.666  -3.385 0.0000000000
114687  -49.201  18.446  -0.658 0.0000000000
112061  -48.798  16.970  6.350 0.0000000000
118551  -57.867  22.377  -14.322 0.0000000000
121047  -60.729  24.488  -11.191 0.0000000000
122188  -53.730  24.503  -0.316 0.0000000000
120930  -59.974  22.915  -4.250 0.0000000000
126600  -60.621  28.111  -8.813 0.0000000000
126596  -53.913  28.091  -8.213 0.0000000000
130701  -53.315  32.962  -5.089 0.0000000000
117213  -48.015  20.742  -3.370 0.0000000000
119688  -50.981  22.473  -6.446 0.0000000000
120875  -48.617  23.224  -2.438 0.0000000000
134361  -57.199  35.747  10.705 0.0000000000
129548  -60.472  31.542  8.786 0.0000000000
132554  -60.325  33.434  9.148 0.0000000000
132579  -60.273  33.755  6.282 0.0000000000
119802  -55.551  21.847  -18.560 0.0000000000
126476  -42.253  28.097  5.270 0.0000000000
126503  -45.226  28.525  3.786 0.0000000000
114689  -52.236  18.053  -0.968 0.0000000000
115971  -51.118  18.676  -1.555 0.0000000000
115943  -51.087  18.905  1.024 0.0000000000
114581  -47.345  18.329  9.638 0.0000000000
113342  -43.093  17.517  5.949 0.0000000000
118407  -42.301  21.067  5.323 0.0000000000
117169  -40.551  20.391  5.731 0.0000000000
113527  -56.375  16.706  -12.354 0.0000000000
119713  -56.129  22.568  -9.768 0.0000000000
117299  -55.831  20.760  -12.524 0.0000000000
118516  -58.178  22.948  -10.928 0.0000000000
119730  -59.248  23.162  -12.063 0.0000000000
121015  -59.308  23.937  -8.600 0.0000000000
125504  -51.472  27.754  3.804 0.0000000000
120850  -51.673  24.159  2.520 0.0000000000
124433  -53.864  26.771  4.427 0.0000000000
126529  -56.694  28.698  0.327 0.0000000000
120872  -56.942  24.253  -1.061 0.0000000000
123354  -59.976  25.111  -2.600 0.0000000000
122231  -62.146  24.732  -5.800 0.0000000000
125583  -58.946  26.791  -6.052 0.0000000000
125623  -57.723  27.688  -9.061 0.0000000000
125570  -55.587  27.770  -5.651 0.0000000000
131605  -55.443  33.453  1.778 0.0000000000
130663  -56.358  32.923  -3.416 0.0000000000
130599  -52.831  32.727  -0.275 0.0000000000
130636  -50.469  32.192  -2.219 0.0000000000
133565  -50.775  35.198  -0.171 0.0000000000
114741  -54.439  18.679  -6.828 0.0000000000
114768  -54.313  18.607  -9.526 0.0000000000
117264  -54.052  20.572  -7.581 0.0000000000
121010  -53.946  23.102  -8.349 0.0000000000
122221  -54.365  24.563  -6.179 0.0000000000
129569  -54.153  31.909  7.538 0.0000000000
128571  -56.418  30.095  4.317 0.0000000000
128537  -58.527  30.673  6.442 0.0000000000
126514  -61.222  28.433  3.794 0.0000000000
127525  -60.221  29.926  -0.696 0.0000000000
128636  -60.043  31.043  -3.679 0.0000000000
130581  -61.030  31.835  0.692 0.0000000000
131577  -58.005  33.728  4.649 0.0000000000
134471  -56.730  36.907  2.911 0.0000000000
123469  -57.156  25.423  -14.370 0.0000000000
118411  -46.476  21.688  5.167 0.0000000000
119617  -48.452  22.675  2.940 0.0000000000
122151  -47.351  24.711  4.819 0.0000000000
126507  -49.203  28.642  3.122 0.0000000000
128549  -49.881  30.855  5.686 0.0000000000
130502  -47.050  32.707  9.613 0.0000000000
129517  -50.619  31.920  9.262 0.0000000000
109699  -55.631  14.671  -7.485 0.0000000000
109664  -53.891  14.691  -5.405 0.0000000000
112165  -53.936  16.765  -5.731 0.0000000000
116013  -53.032  18.642  -4.756 0.0000000000
115983  -50.195  18.928  -2.942 0.0000000000
114647  -52.994  18.885  3.718 0.0000000000
115846  -50.484  19.212  11.212 0.0000000000
113326  -51.675  17.717  6.913 0.0000000000
113367  -51.178  18.038  3.558 0.0000000000
113377  -49.367  17.780  1.921 0.0000000000
115931  -45.410  19.656  1.976 0.0000000000
116130  -58.496  19.085  -17.812 0.0000000000
114807  -55.149  18.216  -13.658 0.0000000000
116121  -57.004  19.799  -16.504 0.0000000000
118604  -57.000  21.228  -18.139 0.0000000000
121088  -58.171  23.188  -16.434 0.0000000000
123487  -59.220  24.711  -15.128 0.0000000000
125656  -60.177  27.298  -13.245 0.0000000000
120859  -49.683  24.083  0.169 0.0000000000
120892  -52.500  24.367  -2.763 0.0000000000
120926  -55.452  24.066  -4.694 0.0000000000
123334  -55.320  25.738  2.740 0.0000000000
120896  -56.832  23.108  -2.312 0.0000000000
120972  -58.708  23.804  -6.513 0.0000000000
120997  -60.715  23.857  -7.195 0.0000000000
124545  -62.309  26.688  -9.454 0.0000000000
127655  -59.412  28.890  -12.249 0.0000000000
129677  -57.650  31.293  -6.273 0.0000000000
129698  -54.358  31.659  -7.069 0.0000000000
130752  -51.581  31.945  -8.271 0.0000000000
131718  -50.219  32.711  -6.964 0.0000000000
131681  -47.692  32.440  -5.450 0.0000000000
118442  -46.933  21.537  -1.143 0.0000000000
119634  -48.172  22.441  -2.982 0.0000000000
119627  -47.407  22.334  -0.890 0.0000000000
133441  -58.544  35.013  10.494 0.0000000000
134402  -59.204  35.722  8.621 0.0000000000
117358  -55.979  20.691  -19.092 0.0000000000
115954  -52.189  19.123  0.579 0.0000000000
115953  -51.495  19.053  0.404 0.0000000000
115944  -51.664  19.109  1.375 0.0000000000
113322  -42.815  16.650  7.524 0.0000000000
115891  -41.875  18.664  6.282 0.0000000000
110933  -56.341  15.483  -9.669 0.0000000000
112236  -55.885  16.089  -11.055 0.0000000000
121013  -56.916  23.953  -8.854 0.0000000000
119714  -57.080  22.975  -10.165 0.0000000000
121030  -57.681  23.614  -9.605 0.0000000000
121031  -58.858  23.735  -9.607 0.0000000000
121014  -58.124  24.079  -8.738 0.0000000000
128567  -52.382  30.869  4.208 0.0000000000
126489  -52.762  28.197  3.838 0.0000000000
127505  -54.016  29.408  3.605 0.0000000000
126545  -55.966  28.539  -1.094 0.0000000000
124463  -56.763  25.939  -2.083 0.0000000000
124477  -57.569  26.267  -3.273 0.0000000000
124492  -60.285  25.943  -4.128 0.0000000000
124503  -58.551  26.468  -4.689 0.0000000000
125582  -57.464  27.063  -6.240 0.0000000000
125561  -56.235  27.334  -4.271 0.0000000000
132596  -53.922  34.689  2.356 0.0000000000
131613  -54.199  33.138  0.601 0.0000000000
132602  -52.874  34.660  1.491 0.0000000000
131610  -51.816  33.881  0.524 0.0000000000
134485  -52.162  35.818  0.325 0.0000000000
117247  -53.382  19.482  -6.101 0.0000000000
117257  -54.119  19.700  -6.887 0.0000000000
117255  -52.848  20.401  -6.706 0.0000000000
120922  -51.039  23.780  -5.064 0.0000000000
119696  -52.296  22.831  -7.309 0.0000000000
120967  -52.926  24.053  -6.888 0.0000000000
122238  -54.358  24.333  -7.455 0.0000000000
120944  -53.040  24.410  -5.915 0.0000000000
129521  -54.990  32.465  9.238 0.0000000000
129571  -56.433  31.760  7.500 0.0000000000
129544  -56.717  31.943  8.443 0.0000000000
128518  -61.821  31.088  7.171 0.0000000000
127461  -61.481  29.848  6.208 0.0000000000
127494  -62.267  29.615  4.558 0.0000000000
126534  -60.815  29.056  1.480 0.0000000000
128587  -61.845  30.432  1.800 0.0000000000
129632  -61.528  31.146  -0.038 0.0000000000
130567  -61.677  31.700  2.651 0.0000000000
133518  -58.870  35.446  6.811 0.0000000000
131570  -59.279  33.796  5.489 0.0000000000
132576  -58.114  34.719  5.754 0.0000000000
132582  -56.850  34.645  4.768 0.0000000000
135471  -57.910  37.170  4.163 0.0000000000
122324  -56.735  24.424  -15.535 0.0000000000
120820  -45.720  22.849  5.293 0.0000000000
120821  -46.582  23.228  5.399 0.0000000000
123314  -45.899  25.227  4.040 0.0000000000
127470  -46.241  29.637  4.911 0.0000000000
126505  -47.271  28.505  3.051 0.0000000000
128563  -47.992  30.141  4.253 0.0000000000
128564  -49.053  30.477  4.583 0.0000000000
128534  -48.299  30.604  6.472 0.0000000000
133489  -47.157  35.411  8.599 0.0000000000
130503  -48.188  32.377  9.665 0.0000000000
131516  -49.234  33.462  10.045 0.0000000000
130487  -51.220  33.144  9.803 0.0000000000
133493  -51.003  35.500  8.843 0.0000000000
110909  -57.491  14.866  -7.949 0.0000000000
109687  -55.818  14.283  -6.784 0.0000000000
110865  -53.028  15.528  -3.905 0.0000000000
112153  -53.307  16.403  -4.010 0.0000000000
110876  -53.728  15.751  -5.526 0.0000000000
113428  -53.512  17.187  -4.281 0.0000000000
113429  -53.942  17.348  -4.988 0.0000000000
114713  -53.120  17.910  -4.159 0.0000000000
115961  -50.269  18.670  -0.638 0.0000000000
115984  -51.132  18.698  -2.715 0.0000000000
115969  -49.299  18.788  -1.863 0.0000000000
117115  -47.464  20.127  11.653 0.0000000000
113304  -49.204  18.016  9.131 0.0000000000
112051  -49.168  17.189  7.127 0.0000000000
113336  -51.530  17.632  5.831 0.0000000000
113345  -51.063  17.588  4.514 0.0000000000
113366  -50.682  17.936  3.078 0.0000000000
112083  -48.992  17.085  4.608 0.0000000000
117182  -45.542  20.379  4.102 0.0000000000
115901  -44.594  19.756  4.964 0.0000000000
114836  -58.900  18.658  -16.941 0.0000000000
116054  -54.748  19.592  -9.444 0.0000000000
114789  -54.406  18.253  -11.636 0.0000000000
116070  -54.664  19.308  -11.248 0.0000000000
118541  -57.100  21.743  -12.828 0.0000000000
117318  -55.996  20.478  -14.516 0.0000000000
117333  -56.856  20.988  -16.066 0.0000000000
117345  -57.105  20.642  -16.896 0.0000000000
118582  -57.321  21.635  -16.585 0.0000000000
119790  -57.270  22.304  -17.368 0.0000000000
119766  -58.198  22.829  -15.832 0.0000000000
121046  -60.217  24.048  -11.531 0.0000000000
121061  -60.059  24.239  -13.373 0.0000000000
122311  -60.521  25.040  -12.932 0.0000000000
124603  -60.156  25.927  -13.840 0.0000000000
123448  -61.083  25.856  -12.286 0.0000000000
119618  -49.138  22.814  3.566 0.0000000000
120853  -48.956  23.624  0.790 0.0000000000
120848  -49.880  23.349  3.094 0.0000000000
122173  -52.867  24.652  1.326 0.0000000000
122179  -51.870  24.621  0.128 0.0000000000
120867  -53.177  24.397  -1.329 0.0000000000
120908  -54.491  24.059  -3.697 0.0000000000
120894  -54.633  23.829  -2.702 0.0000000000
126494  -57.387  28.550  4.054 0.0000000000
125489  -56.581  27.759  3.791 0.0000000000
124447  -56.194  26.912  3.373 0.0000000000
119646  -58.862  22.712  -2.949 0.0000000000
120897  -57.656  23.121  -1.855 0.0000000000
119660  -58.537  22.702  -4.026 0.0000000000
120928  -57.918  22.998  -4.337 0.0000000000
120949  -58.893  23.285  -5.425 0.0000000000
120973  -59.855  23.554  -6.321 0.0000000000
120974  -60.908  23.564  -6.051 0.0000000000
125600  -61.681  26.854  -7.254 0.0000000000
123401  -62.289  25.743  -7.928 0.0000000000
125625  -61.555  27.882  -9.025 0.0000000000
127639  -60.914  28.532  -11.017 0.0000000000
127621  -59.969  28.931  -10.974 0.0000000000
127653  -57.729  29.271  -12.730 0.0000000000
126629  -59.209  28.672  -10.607 0.0000000000
125621  -56.133  27.644  -9.121 0.0000000000
126626  -55.902  28.259  -10.608 0.0000000000
130645  -59.816  32.269  -2.778 0.0000000000
128647  -59.308  31.053  -5.000 0.0000000000
130665  -58.339  32.852  -3.617 0.0000000000
130681  -54.783  32.854  -4.242 0.0000000000
131708  -56.355  33.327  -6.305 0.0000000000
131706  -54.559  33.247  -6.409 0.0000000000
129709  -52.634  31.642  -7.724 0.0000000000
131721  -53.155  33.028  -7.044 0.0000000000
131732  -51.055  32.572  -7.787 0.0000000000
131685  -51.922  33.007  -5.937 0.0000000000
131639  -49.135  33.117  -1.525 0.0000000000
130675  -48.545  32.321  -4.004 0.0000000000
131650  -47.755  32.655  -2.969 0.0000000000
131665  -45.714  32.681  -4.357 0.0000000000
117234  -49.986  20.520  -5.044 0.0000000000
117244  -51.097  20.900  -6.083 0.0000000000
118467  -48.958  21.740  -4.597 0.0000000000
119659  -49.587  22.979  -4.602 0.0000000000
120890  -50.230  23.926  -3.067 0.0000000000
129524  -58.041  32.021  9.344 0.0000000000
131521  -58.293  33.453  10.512 0.0000000000
130513  -60.425  32.614  9.385 0.0000000000
130537  -61.593  32.591  7.649 0.0000000000
131573  -61.561  32.967  5.788 0.0000000000
132564  -60.276  34.132  7.685 0.0000000000
134414  -59.097  36.008  7.790 0.0000000000
121097  -55.850  23.009  -17.625 0.0000000000
125495  -43.357  27.086  3.633 0.0000000000
124441  -44.612  26.692  3.378 0.0000000000
126502  -44.188  28.065  3.905 0.0000000000
114695  -52.182  17.925  -2.137 0.0000000000
114703  -52.476  18.020  -3.204 0.0000000000
115972  -51.740  18.397  -1.291 0.0000000000
115962  -51.250  18.848  -0.519 0.0000000000
114679  -49.969  18.524  0.408 0.0000000000
115843  -47.101  19.632  11.384 0.0000000000
113312  -46.860  17.560  8.516 0.0000000000
114625  -43.850  18.242  4.974 0.0000000000
115900  -44.207  19.199  5.011 0.0000000000
117161  -42.904  19.241  5.732 0.0000000000
117170  -41.773  20.255  5.666 0.0000000000
117279  -55.729  21.028  -10.152 0.0000000000
117285  -56.012  21.078  -10.885 0.0000000000
118523  -56.240  21.540  -10.635 0.0000000000
118524  -57.022  21.986  -11.214 0.0000000000
118533  -58.017  22.337  -12.073 0.0000000000
119738  -58.672  22.812  -13.291 0.0000000000
118526  -58.848  22.981  -11.690 0.0000000000
119716  -59.384  23.579  -10.420 0.0000000000
121032  -60.107  23.825  -9.700 0.0000000000
124429  -50.587  26.290  4.529 0.0000000000
120839  -51.229  23.896  4.317 0.0000000000
124413  -51.756  25.951  4.768 0.0000000000
123300  -53.116  25.642  4.564 0.0000000000
122167  -53.606  24.662  2.536 0.0000000000
125519  -56.801  28.033  1.574 0.0000000000
124456  -56.098  27.358  1.697 0.0000000000
124460  -55.444  26.787  -0.689 0.0000000000
120886  -58.853  24.117  -1.694 0.0000000000
120931  -60.674  23.329  -3.759 0.0000000000
120952  -61.519  23.870  -4.555 0.0000000000
122211  -61.718  24.717  -3.810 0.0000000000
124506  -61.415  26.252  -5.357 0.0000000000
125598  -59.721  27.244  -7.274 0.0000000000
125624  -58.679  27.798  -8.971 0.0000000000
125597  -58.451  27.220  -7.243 0.0000000000
125596  -57.210  27.307  -7.291 0.0000000000
125580  -55.358  27.704  -6.529 0.0000000000
130588  -57.031  33.023  0.747 0.0000000000
130642  -57.043  32.883  -2.523 0.0000000000
130602  -56.269  32.947  -0.440 0.0000000000
130619  -54.451  32.524  -1.333 0.0000000000
130660  -53.249  32.216  -3.331 0.0000000000
130678  -51.671  32.277  -4.314 0.0000000000
130617  -52.205  32.307  -1.304 0.0000000000
130596  -50.340  33.127  -0.736 0.0000000000
133569  -49.234  35.106  -1.126 0.0000000000
113476  -53.982  17.168  -8.078 0.0000000000
112221  -54.287  16.640  -9.645 0.0000000000
113477  -54.225  18.030  -7.839 0.0000000000
114758  -54.454  18.800  -8.617 0.0000000000
117271  -54.762  20.547  -8.620 0.0000000000
118488  -52.149  21.870  -7.173 0.0000000000
118498  -53.789  21.339  -7.897 0.0000000000
119705  -54.768  22.518  -8.850 0.0000000000
119706  -55.419  22.438  -9.270 0.0000000000
121012  -55.626  23.478  -8.973 0.0000000000
120970  -56.292  24.370  -6.928 0.0000000000
129593  -53.760  31.781  6.568 0.0000000000
129619  -54.936  31.101  4.596 0.0000000000
129594  -54.913  31.746  6.466 0.0000000000
129608  -57.467  30.988  5.810 0.0000000000
127491  -59.197  28.982  4.939 0.0000000000
129574  -59.301  31.082  8.116 0.0000000000
127474  -60.037  29.351  5.688 0.0000000000
125507  -59.928  28.118  3.353 0.0000000000
126524  -59.550  28.622  1.710 0.0000000000
127516  -59.217  29.377  0.267 0.0000000000
127536  -58.014  29.716  -1.578 0.0000000000
127549  -58.468  30.016  -2.675 0.0000000000
127551  -60.413  30.568  -2.526 0.0000000000
130626  -60.696  31.555  -1.985 0.0000000000
130590  -59.588  32.555  0.186 0.0000000000
130554  -60.650  32.939  4.298 0.0000000000
130572  -59.321  32.787  2.518 0.0000000000
130578  -58.132  32.992  1.785 0.0000000000
131599  -56.513  33.490  2.870 0.0000000000
133538  -55.342  35.145  3.639 0.0000000000
134479  -54.953  36.629  2.064 0.0000000000
118429  -46.785  21.489  2.438 0.0000000000
118433  -47.164  21.953  1.917 0.0000000000
118425  -47.458  21.708  3.932 0.0000000000
119598  -48.247  22.853  5.439 0.0000000000
122133  -48.810  24.315  5.402 0.0000000000
124443  -46.500  26.751  3.367 0.0000000000
124426  -47.807  26.076  4.029 0.0000000000
124428  -49.469  26.316  4.239 0.0000000000
126508  -50.146  28.639  3.318 0.0000000000
128579  -50.918  30.293  3.811 0.0000000000
129602  -51.353  31.324  5.910 0.0000000000
128495  -47.010  30.974  7.984 0.0000000000
129563  -48.606  30.901  7.905 0.0000000000
129565  -50.128  31.152  7.752 0.0000000000
129591  -51.697  31.478  6.769 0.0000000000
129540  -52.320  31.855  8.555 0.0000000000
129509  -52.800  32.696  9.783 0.0000000000
130474  -53.649  33.512  10.032 0.0000000000
110934  -57.263  15.507  -9.367 0.0000000000
110907  -55.047  15.130  -8.168 0.0000000000
109655  -53.402  14.638  -4.597 0.0000000000
109674  -54.908  14.153  -5.992 0.0000000000
109673  -54.103  14.996  -6.168 0.0000000000
109698  -55.059  14.886  -7.482 0.0000000000
110906  -54.208  15.711  -7.956 0.0000000000
113451  -54.164  17.434  -6.372 0.0000000000
114732  -54.064  18.614  -5.717 0.0000000000
116012  -52.071  19.222  -4.949 0.0000000000
116000  -52.132  18.514  -3.735 0.0000000000
115999  -51.121  19.024  -3.883 0.0000000000
115998  -50.088  19.520  -4.168 0.0000000000
115997  -49.202  19.807  -3.912 0.0000000000
114585  -52.323  18.637  9.349 0.0000000000
114565  -48.906  19.216  11.201 0.0000000000
114583  -51.038  18.165  9.430 0.0000000000
114595  -52.291  18.205  8.255 0.0000000000
114617  -52.238  18.056  6.114 0.0000000000
114635  -51.981  18.237  4.315 0.0000000000
114656  -52.032  18.862  2.736 0.0000000000
114668  -51.052  18.775  1.686 0.0000000000
114653  -49.983  18.214  1.856 0.0000000000
114666  -49.480  18.160  1.178 0.0000000000
117202  -46.047  20.767  1.467 0.0000000000
117191  -46.108  20.809  3.573 0.0000000000
118410  -45.654  21.085  5.107 0.0000000000
120834  -44.675  23.246  4.813 0.0000000000
123311  -43.090  25.407  3.747 0.0000000000
114837  -59.956  18.232  -16.877 0.0000000000
116140  -58.650  18.919  -18.064 0.0000000000
116139  -57.795  19.538  -18.456 0.0000000000
112235  -55.115  16.617  -11.304 0.0000000000
113542  -55.974  17.063  -13.099 0.0000000000
116081  -55.235  19.973  -12.887 0.0000000000
116106  -55.791  19.427  -14.794 0.0000000000
114824  -57.041  18.758  -15.666 0.0000000000
116122  -57.603  19.548  -17.053 0.0000000000
116129  -57.846  19.697  -17.865 0.0000000000
116151  -57.232  20.184  -18.752 0.0000000000
118603  -56.561  21.336  -18.608 0.0000000000
121110  -56.850  22.761  -17.611 0.0000000000
122342  -57.575  23.557  -16.589 0.0000000000
119757  -58.994  23.383  -14.745 0.0000000000
122325  -59.026  24.108  -15.416 0.0000000000
123485  -58.237  24.417  -15.716 0.0000000000
123477  -58.782  25.130  -15.095 0.0000000000
124600  -58.380  26.521  -13.828 0.0000000000
125670  -57.747  27.508  -13.833 0.0000000000
119625  -48.186  23.140  0.535 0.0000000000
120864  -49.532  24.036  -1.046 0.0000000000
120877  -50.434  24.175  -1.903 0.0000000000
120855  -51.137  24.267  1.603 0.0000000000
120878  -51.652  24.427  -1.575 0.0000000000
120906  -52.261  24.361  -3.847 0.0000000000
120907  -53.379  24.305  -3.759 0.0000000000
120946  -55.091  24.459  -5.972 0.0000000000
120947  -56.469  24.081  -5.724 0.0000000000
126492  -55.316  28.275  3.847 0.0000000000
123303  -55.140  25.890  4.286 0.0000000000
122182  -54.328  24.915  0.730 0.0000000000
123340  -55.145  25.859  0.863 0.0000000000
122190  -55.173  24.775  -0.250 0.0000000000
120869  -54.662  24.096  -0.953 0.0000000000
120927  -56.669  23.549  -4.552 0.0000000000
120948  -57.703  23.641  -5.544 0.0000000000
120971  -57.513  24.142  -6.696 0.0000000000
121033  -61.137  24.256  -9.185 0.0000000000
120998  -61.661  24.167  -6.870 0.0000000000
122266  -61.903  24.860  -8.785 0.0000000000
123418  -61.877  25.524  -10.338 0.0000000000
125646  -61.091  27.421  -12.201 0.0000000000
126663  -59.871  28.161  -13.118 0.0000000000
126628  -58.051  28.426  -10.625 0.0000000000
127570  -57.221  30.240  -4.601 0.0000000000
127579  -56.024  30.120  -5.525 0.0000000000
127577  -54.524  29.115  -6.008 0.0000000000
130684  -57.665  33.090  -4.479 0.0000000000
129688  -56.042  31.457  -6.818 0.0000000000
127586  -53.629  30.178  -6.831 0.0000000000
127602  -52.327  29.846  -7.960 0.0000000000
128685  -50.965  30.445  -8.990 0.0000000000
128693  -49.663  29.922  -10.365 0.0000000000
130698  -50.301  32.491  -5.247 0.0000000000
131700  -48.627  32.565  -6.433 0.0000000000
135514  -54.476  37.194  -0.376 0.0000000000
135524  -52.502  37.331  -1.546 0.0000000000
135523  -51.562  37.189  -1.607 0.0000000000
135535  -49.628  37.496  -2.571 0.0000000000
134507  -48.366  36.329  -2.018 0.0000000000
119630  -47.485  22.110  -1.963 0.0000000000
118439  -46.884  21.806  -0.043 0.0000000000
116149  -56.576  20.114  -19.173 0.0000000000
115955  -52.844  19.029  0.804 0.0000000000
114680  -52.531  18.632  0.016 0.0000000000
115932  -52.028  19.133  2.071 0.0000000000
113321  -42.129  16.963  7.999 0.0000000000
110920  -55.451  15.476  -9.309 0.0000000000
112223  -56.137  15.711  -10.336 0.0000000000
110932  -55.673  15.623  -9.882 0.0000000000
128568  -53.332  30.771  4.082 0.0000000000
126556  -55.776  28.218  -2.015 0.0000000000
125539  -55.892  27.274  -2.332 0.0000000000
125551  -56.335  26.926  -3.228 0.0000000000
124490  -58.084  26.400  -4.048 0.0000000000
125562  -57.074  26.691  -3.870 0.0000000000
133555  -53.731  35.585  2.200 0.0000000000
132603  -53.430  34.470  1.882 0.0000000000
134477  -53.132  35.821  1.391 0.0000000000
133553  -52.629  35.081  1.279 0.0000000000
134486  -52.840  36.073  0.733 0.0000000000
117245  -52.032  20.018  -5.877 0.0000000000
117246  -52.945  19.752  -6.135 0.0000000000
120943  -51.984  23.912  -5.970 0.0000000000
120923  -52.081  24.262  -4.943 0.0000000000
129522  -56.053  32.416  9.177 0.0000000000
129609  -62.257  31.335  5.629 0.0000000000
128555  -62.133  30.563  5.906 0.0000000000
128583  -62.461  30.416  3.991 0.0000000000
127509  -61.909  29.651  2.573 0.0000000000
129626  -62.194  31.186  3.354 0.0000000000
129628  -61.902  31.087  2.209 0.0000000000
135443  -58.576  36.907  5.918 0.0000000000
133517  -58.691  35.411  6.527 0.0000000000
134444  -58.357  36.496  5.861 0.0000000000
134443  -57.837  36.199  5.466 0.0000000000
134458  -58.093  36.941  4.949 0.0000000000
121096  -55.218  22.881  -17.276 0.0000000000
121086  -55.639  23.360  -16.804 0.0000000000
122323  -55.875  23.817  -15.834 0.0000000000
122332  -56.838  23.946  -16.491 0.0000000000
122148  -44.837  24.293  4.245 0.0000000000
122149  -45.692  24.476  4.428 0.0000000000
123313  -45.031  25.141  3.886 0.0000000000
128545  -46.360  29.782  5.511 0.0000000000
128562  -47.286  29.980  4.417 0.0000000000
128546  -47.045  30.035  5.191 0.0000000000
128547  -48.154  30.409  5.410 0.0000000000
128533  -47.316  30.348  6.326 0.0000000000
133472  -49.303  35.013  9.367 0.0000000000
133473  -50.272  34.984  9.372 0.0000000000
109688  -56.857  14.201  -6.668 0.0000000000
112154  -53.675  16.531  -4.840 0.0000000000
115960  -49.780  18.616  -1.245 0.0000000000
114694  -48.781  18.557  -1.202 0.0000000000
112039  -48.766  17.247  7.822 0.0000000000
112062  -49.524  17.195  6.240 0.0000000000
112073  -49.243  17.090  5.452 0.0000000000
112072  -48.489  16.886  5.504 0.0000000000
114643  -44.809  18.578  3.393 0.0000000000
115910  -44.813  19.432  4.273 0.0000000000
115909  -44.523  18.970  4.394 0.0000000000
114816  -58.441  18.173  -15.296 0.0000000000
116062  -54.711  19.446  -10.285 0.0000000000
116055  -55.300  20.297  -10.180 0.0000000000
118550  -57.192  21.837  -13.682 0.0000000000
117319  -56.669  21.132  -15.128 0.0000000000
118558  -57.217  21.829  -14.728 0.0000000000
118569  -57.299  21.731  -15.715 0.0000000000
118570  -57.737  22.320  -16.199 0.0000000000
118559  -57.808  22.374  -15.339 0.0000000000
121054  -60.464  24.544  -12.090 0.0000000000
122302  -60.949  25.132  -11.762 0.0000000000
120837  -49.614  23.152  4.913 0.0000000000
120842  -49.815  23.092  4.113 0.0000000000
120838  -50.363  23.531  4.579 0.0000000000
122180  -52.822  24.687  0.383 0.0000000000
120868  -53.821  24.256  -1.137 0.0000000000
120880  -53.783  24.151  -1.911 0.0000000000
125490  -57.674  28.053  3.772 0.0000000000
124436  -56.799  27.520  3.528 0.0000000000
124448  -57.144  27.494  3.245 0.0000000000
119662  -59.760  22.880  -3.347 0.0000000000
119661  -59.072  22.686  -3.750 0.0000000000
120929  -59.079  22.856  -4.523 0.0000000000
120950  -59.986  23.153  -5.258 0.0000000000
125614  -61.333  27.589  -8.340 0.0000000000
125615  -61.937  26.900  -8.039 0.0000000000
126601  -61.216  28.117  -9.051 0.0000000000
126631  -61.000  28.566  -10.207 0.0000000000
126630  -60.246  28.667  -10.232 0.0000000000
126614  -59.704  28.204  -9.372 0.0000000000
126597  -54.901  27.719  -8.663 0.0000000000
126610  -55.267  27.921  -9.719 0.0000000000
126609  -54.240  27.997  -9.340 0.0000000000
126608  -53.357  28.366  -8.820 0.0000000000
130623  -58.918  32.723  -1.766 0.0000000000
130666  -59.180  32.522  -3.630 0.0000000000
130644  -59.073  32.647  -2.746 0.0000000000
130702  -54.320  33.100  -5.060 0.0000000000
131688  -54.907  33.358  -5.781 0.0000000000
131687  -53.929  33.291  -5.813 0.0000000000
131705  -53.566  33.253  -6.489 0.0000000000
131686  -52.921  33.227  -5.860 0.0000000000
131704  -52.552  33.186  -6.566 0.0000000000
132625  -48.197  34.141  -1.533 0.0000000000
131651  -48.253  32.738  -2.427 0.0000000000
118468  -49.427  21.200  -4.957 0.0000000000
118466  -48.623  21.297  -4.243 0.0000000000
120888  -48.620  23.036  -3.016 0.0000000000
119642  -48.906  22.718  -3.987 0.0000000000
120889  -49.188  23.362  -3.277 0.0000000000
120904  -50.002  23.524  -4.169 0.0000000000
131520  -57.475  33.556  10.517 0.0000000000
132508  -57.539  34.500  10.835 0.0000000000
133455  -59.063  34.985  9.962 0.0000000000
131505  -59.513  33.603  9.970 0.0000000000
131525  -60.414  33.110  9.304 0.0000000000
130524  -61.286  32.422  8.270 0.0000000000
131552  -61.206  33.030  8.145 0.0000000000
131560  -61.420  33.047  7.449 0.0000000000
132562  -60.646  33.509  8.582 0.0000000000
136492  -58.685  37.710  7.821 0.0000000000
135423  -58.875  36.859  8.142 0.0000000000
134427  -58.843  36.256  7.002 0.0000000000
118601  -55.248  21.406  -18.673 0.0000000000
118593  -54.694  21.629  -18.266 0.0000000000
119789  -55.819  22.547  -18.080 0.0000000000
126485  -42.583  27.777  4.562 0.0000000000
126501  -43.667  27.806  3.896 0.0000000000
126486  -43.291  28.036  4.451 0.0000000000
115952  -50.747  18.847  0.335 0.0000000000
112057  -43.594  16.298  6.717 0.0000000000
112068  -43.658  16.578  5.895 0.0000000000
113344  -44.157  16.922  4.910 0.0000000000
113343  -43.700  17.204  5.410 0.0000000000
114624  -43.240  18.067  5.636 0.0000000000
117160  -42.281  19.385  5.861 0.0000000000
118514  -56.284  21.941  -10.249 0.0000000000
118515  -57.530  22.683  -10.775 0.0000000000
118532  -57.247  21.836  -12.141 0.0000000000
118525  -58.255  22.763  -11.382 0.0000000000
119723  -58.493  23.032  -11.005 0.0000000000
119717  -59.946  23.750  -10.458 0.0000000000
125483  -51.029  27.054  4.106 0.0000000000
124430  -51.422  26.488  4.561 0.0000000000
125484  -51.806  27.183  4.226 0.0000000000
125486  -53.642  27.417  4.141 0.0000000000
124432  -53.098  26.762  4.498 0.0000000000
124415  -53.513  26.215  4.601 0.0000000000
122155  -53.588  24.871  4.139 0.0000000000
122139  -54.181  25.507  4.525 0.0000000000
125526  -56.999  28.377  1.236 0.0000000000
125528  -55.660  27.901  -0.313 0.0000000000
123352  -58.112  25.510  -2.340 0.0000000000
123349  -58.560  25.012  -1.947 0.0000000000
122200  -59.891  24.434  -2.309 0.0000000000
120912  -59.878  23.379  -2.591 0.0000000000
120914  -60.992  24.143  -2.932 0.0000000000
120932  -61.396  24.089  -3.635 0.0000000000
122205  -61.273  24.622  -3.138 0.0000000000
124504  -59.439  26.424  -5.014 0.0000000000
124505  -60.580  26.326  -5.112 0.0000000000
124516  -60.043  26.610  -5.724 0.0000000000
125584  -60.303  26.902  -6.492 0.0000000000
125571  -56.436  27.303  -5.398 0.0000000000
125581  -56.322  27.381  -6.402 0.0000000000
125595  -56.114  27.403  -7.381 0.0000000000
131615  -56.079  33.180  1.226 0.0000000000
130587  -55.813  33.075  0.378 0.0000000000
130585  -53.472  32.959  0.198 0.0000000000
131624  -54.538  32.946  0.052 0.0000000000
130600  -53.992  32.744  -0.330 0.0000000000
130639  -53.833  32.237  -2.325 0.0000000000
130618  -53.340  32.337  -1.289 0.0000000000
130638  -52.721  32.082  -2.301 0.0000000000
132613  -51.046  34.287  0.200 0.0000000000
131621  -51.280  33.351  0.008 0.0000000000
132612  -50.313  34.430  -0.373 0.0000000000
131619  -49.912  33.921  -0.697 0.0000000000
133564  -49.971  35.069  -0.695 0.0000000000
113465  -54.399  17.969  -7.094 0.0000000000
117265  -54.311  20.191  -7.600 0.0000000000
116039  -54.498  19.525  -7.666 0.0000000000
116046  -54.737  19.807  -8.713 0.0000000000
118499  -54.237  20.838  -7.934 0.0000000000
118480  -50.581  21.736  -6.117 0.0000000000
117253  -51.655  21.352  -6.694 0.0000000000
118487  -51.311  21.796  -6.652 0.0000000000
119697  -52.905  22.885  -7.753 0.0000000000
118497  -52.935  22.029  -7.744 0.0000000000
119698  -53.518  22.620  -8.156 0.0000000000
118505  -54.355  21.916  -8.511 0.0000000000
119704  -54.145  22.474  -8.477 0.0000000000
121011  -54.521  23.296  -8.504 0.0000000000
122229  -54.471  24.538  -6.733 0.0000000000
120992  -54.906  24.077  -8.107 0.0000000000
120969  -55.217  24.459  -7.233 0.0000000000
120993  -56.054  24.276  -8.061 0.0000000000
129596  -57.378  31.281  6.556 0.0000000000
128536  -57.910  30.792  5.915 0.0000000000
127472  -58.297  30.000  5.185 0.0000000000
128554  -59.103  30.004  5.973 0.0000000000
129525  -58.995  31.915  9.409 0.0000000000
129546  -58.669  31.558  8.722 0.0000000000
126481  -61.339  29.085  5.309 0.0000000000
127460  -60.826  29.714  6.380 0.0000000000
126480  -60.886  28.860  5.184 0.0000000000
126479  -60.267  28.689  4.981 0.0000000000
125493  -60.659  28.214  3.913 0.0000000000
125515  -59.798  28.138  2.895 0.0000000000
125516  -60.552  28.181  2.919 0.0000000000
127518  -60.879  29.648  0.532 0.0000000000
126533  -60.199  29.054  1.191 0.0000000000
127517  -59.837  29.460  0.290 0.0000000000
127524  -58.897  29.578  -0.459 0.0000000000
127537  -59.380  30.009  -1.704 0.0000000000
127526  -61.216  30.421  -0.839 0.0000000000
130582  -61.330  31.446  0.342 0.0000000000
130608  -61.307  31.378  -0.855 0.0000000000
130592  -61.052  31.708  -0.334 0.0000000000
130606  -60.582  32.089  -1.086 0.0000000000
130580  -60.412  32.285  1.030 0.0000000000
131565  -61.015  33.393  6.437 0.0000000000
130555  -61.267  32.698  4.402 0.0000000000
131580  -60.673  33.190  4.893 0.0000000000
131578  -58.930  33.518  4.760 0.0000000000
131590  -59.500  33.162  4.133 0.0000000000
130564  -59.128  33.000  3.376 0.0000000000
131601  -58.059  33.216  3.278 0.0000000000
131608  -57.834  33.147  2.634 0.0000000000
131600  -57.311  33.328  3.105 0.0000000000
134456  -56.688  35.909  4.489 0.0000000000
133539  -55.882  35.145  4.125 0.0000000000
134462  -55.796  35.876  3.713 0.0000000000
134461  -55.148  35.576  3.362 0.0000000000
134470  -55.868  36.605  2.835 0.0000000000
122316  -56.152  24.671  -14.548 0.0000000000
118424  -46.734  21.309  3.294 0.0000000000
118430  -47.301  21.835  2.865 0.0000000000
118421  -47.331  21.755  4.944 0.0000000000
122131  -47.010  24.027  5.232 0.0000000000
120822  -47.603  23.331  5.508 0.0000000000
122132  -47.885  24.120  5.356 0.0000000000
120823  -48.421  23.520  5.517 0.0000000000
122152  -48.149  24.804  5.056 0.0000000000
125497  -44.854  27.555  3.429 0.0000000000
124442  -45.520  26.758  3.342 0.0000000000
125498  -45.841  27.642  3.242 0.0000000000
126506  -48.244  28.582  3.004 0.0000000000
125500  -47.909  27.637  3.120 0.0000000000
125501  -48.864  27.757  3.186 0.0000000000
124445  -48.608  26.881  3.578 0.0000000000
125502  -49.761  27.798  3.339 0.0000000000
128548  -49.184  30.726  5.695 0.0000000000
128578  -49.870  30.217  3.844 0.0000000000
128565  -50.225  30.769  4.853 0.0000000000
129615  -51.062  31.094  5.196 0.0000000000
129601  -50.415  31.038  5.945 0.0000000000
132547  -46.740  34.382  9.761 0.0000000000
130522  -46.049  32.267  9.116 0.0000000000
130523  -46.680  32.129  9.118 0.0000000000
128496  -47.872  30.942  7.984 0.0000000000
129514  -47.801  31.838  9.175 0.0000000000
130504  -49.115  32.248  9.721 0.0000000000
129537  -49.414  31.314  8.580 0.0000000000
129538  -50.360  31.507  8.593 0.0000000000
129566  -51.056  31.387  7.725 0.0000000000
129539  -51.316  31.677  8.570 0.0000000000
129567  -52.020  31.635  7.670 0.0000000000
132501  -51.472  34.008  9.875 0.0000000000
129508  -51.854  32.587  9.678 0.0000000000
130472  -52.001  33.392  9.843 0.0000000000
130489  -53.120  33.080  9.974 0.0000000000
131496  -52.521  33.785  9.935 0.0000000000
110923  -58.239  15.371  -8.418 0.0000000000
110908  -56.427  14.797  -8.139 0.0000000000
110922  -57.347  15.189  -8.655 0.0000000000
110921  -56.318  15.148  -8.928 0.0000000000
110866  -53.428  15.613  -4.728 0.0000000000
109665  -54.421  14.052  -5.420 0.0000000000
110886  -53.924  15.815  -6.309 0.0000000000
109685  -54.215  15.256  -6.635 0.0000000000
110895  -54.240  15.532  -7.201 0.0000000000
112176  -53.950  16.578  -6.686 0.0000000000
114723  -53.462  18.318  -4.787 0.0000000000
114724  -53.921  18.183  -5.193 0.0000000000
116014  -53.595  18.543  -5.117 0.0000000000
116022  -53.009  19.289  -5.537 0.0000000000
115985  -51.796  18.349  -2.429 0.0000000000
115982  -49.263  19.289  -3.119 0.0000000000
115829  -49.727  19.882  11.783 0.0000000000
114568  -52.079  18.882  10.039 0.0000000000
114567  -51.471  18.778  10.327 0.0000000000
114564  -47.679  19.433  11.249 0.0000000000
114582  -47.858  18.445  9.843 0.0000000000
113315  -51.431  17.724  7.508 0.0000000000
113305  -51.317  17.925  8.534 0.0000000000
113316  -51.530  17.837  7.975 0.0000000000
114584  -51.514  18.139  9.116 0.0000000000
114606  -51.752  17.828  7.553 0.0000000000
114607  -52.153  17.984  7.156 0.0000000000
113327  -51.932  17.890  6.569 0.0000000000
113356  -51.478  17.934  4.224 0.0000000000
113347  -51.704  17.856  5.100 0.0000000000
114645  -51.651  18.394  3.390 0.0000000000
114655  -51.446  18.735  2.378 0.0000000000
114644  -51.093  18.318  2.977 0.0000000000
113365  -49.944  17.768  2.655 0.0000000000
113378  -50.129  17.985  2.383 0.0000000000
114663  -45.616  18.807  1.292 0.0000000000
114664  -45.946  18.463  1.031 0.0000000000
115942  -45.610  19.587  1.140 0.0000000000
115950  -45.723  19.777  0.760 0.0000000000
117201  -45.675  20.141  1.340 0.0000000000
117197  -45.725  20.382  2.008 0.0000000000
117190  -45.648  20.294  2.878 0.0000000000
117173  -44.983  20.261  4.993 0.0000000000
117171  -43.118  19.938  5.633 0.0000000000
117172  -44.198  20.206  5.346 0.0000000000
118408  -43.449  21.049  5.363 0.0000000000
120832  -42.369  23.604  4.348 0.0000000000
120833  -43.427  23.496  4.450 0.0000000000
122146  -42.725  24.446  4.076 0.0000000000
124425  -42.328  26.327  3.899 0.0000000000
114827  -59.770  18.314  -16.175 0.0000000000
114849  -59.160  18.504  -17.597 0.0000000000
113503  -54.149  17.318  -9.741 0.0000000000
113514  -54.418  17.252  -10.926 0.0000000000
114800  -54.710  18.206  -12.674 0.0000000000
113541  -55.177  17.433  -12.966 0.0000000000
117293  -55.916  20.848  -11.647 0.0000000000
116071  -55.239  20.079  -11.895 0.0000000000
117332  -56.370  20.292  -15.452 0.0000000000
116115  -56.571  19.420  -15.737 0.0000000000
116116  -57.167  19.208  -16.275 0.0000000000
117352  -57.334  20.518  -17.690 0.0000000000
117360  -57.327  20.329  -18.237 0.0000000000
118613  -57.058  20.924  -18.216 0.0000000000
117367  -56.893  20.646  -18.862 0.0000000000
119806  -57.225  22.686  -17.335 0.0000000000
119805  -57.023  22.280  -17.648 0.0000000000
121111  -57.120  23.097  -17.316 0.0000000000
121099  -57.199  23.221  -17.130 0.0000000000
121101  -57.995  23.493  -16.408 0.0000000000
119739  -59.109  23.081  -12.889 0.0000000000
119747  -59.047  23.215  -13.806 0.0000000000
122318  -60.028  24.807  -14.157 0.0000000000
121070  -59.470  23.928  -14.572 0.0000000000
122326  -59.377  24.438  -14.977 0.0000000000
122334  -58.014  23.949  -16.188 0.0000000000
123486  -58.833  24.584  -15.391 0.0000000000
123478  -59.239  25.103  -14.950 0.0000000000
124584  -60.009  26.792  -13.492 0.0000000000
124602  -59.728  26.172  -13.956 0.0000000000
124601  -59.042  26.404  -13.912 0.0000000000
125672  -59.304  27.194  -13.558 0.0000000000
119616  -47.785  22.432  2.345 0.0000000000
119620  -47.641  22.560  1.283 0.0000000000
120844  -51.380  23.885  3.468 0.0000000000
120849  -50.747  23.807  2.705 0.0000000000
122195  -52.279  24.489  -1.349 0.0000000000
120866  -51.350  24.517  -0.393 0.0000000000
120924  -53.169  24.427  -4.803 0.0000000000
129620  -55.565  30.937  4.602 0.0000000000
128570  -55.494  30.322  4.146 0.0000000000
127488  -55.950  29.275  3.957 0.0000000000
123322  -55.624  26.156  3.691 0.0000000000
124418  -55.372  26.216  4.144 0.0000000000
123330  -55.357  25.632  3.503 0.0000000000
122169  -54.877  25.230  3.217 0.0000000000
122176  -54.758  25.382  2.274 0.0000000000
123341  -55.296  26.075  0.053 0.0000000000
123338  -55.361  26.497  1.241 0.0000000000
122191  -55.770  25.060  -0.509 0.0000000000
120883  -56.582  23.598  -1.451 0.0000000000
120870  -55.502  24.111  -0.877 0.0000000000
120882  -55.672  23.642  -1.617 0.0000000000
120895  -55.705  23.428  -2.546 0.0000000000
120910  -56.884  23.054  -3.415 0.0000000000
120995  -58.469  24.132  -7.649 0.0000000000
120996  -59.628  23.897  -7.451 0.0000000000
121016  -60.431  23.966  -8.377 0.0000000000
121017  -61.380  24.242  -8.035 0.0000000000
120976  -61.929  24.340  -5.077 0.0000000000
120975  -61.743  23.996  -5.659 0.0000000000
122230  -62.035  24.518  -6.398 0.0000000000
122267  -62.163  25.239  -8.139 0.0000000000
123409  -62.311  25.769  -8.906 0.0000000000
123419  -62.294  26.029  -9.888 0.0000000000
123433  -62.056  26.169  -10.582 0.0000000000
124552  -62.234  26.736  -10.291 0.0000000000
127656  -59.993  28.702  -12.008 0.0000000000
126653  -60.267  28.418  -12.315 0.0000000000
127673  -59.781  28.674  -12.551 0.0000000000
126675  -57.970  28.335  -13.848 0.0000000000
127688  -56.561  29.293  -14.427 0.0000000000
126613  -58.479  28.131  -9.774 0.0000000000
126612  -57.389  27.955  -9.870 0.0000000000
127632  -54.940  28.865  -11.892 0.0000000000
126640  -55.642  28.619  -11.348 0.0000000000
127560  -58.879  30.294  -3.514 0.0000000000
127559  -57.566  30.083  -3.803 0.0000000000
128621  -58.548  30.429  -4.166 0.0000000000
128645  -57.686  30.881  -5.696 0.0000000000
128632  -57.152  30.444  -5.089 0.0000000000
128644  -56.685  30.527  -5.666 0.0000000000
127578  -55.242  29.723  -5.798 0.0000000000
128643  -55.947  30.458  -5.900 0.0000000000
130664  -57.375  33.004  -3.518 0.0000000000
130683  -56.744  33.171  -4.339 0.0000000000
130716  -56.048  33.001  -6.743 0.0000000000
130717  -56.810  32.953  -6.677 0.0000000000
129699  -55.439  31.951  -7.066 0.0000000000
128656  -54.595  30.702  -6.596 0.0000000000
128668  -54.217  31.005  -6.883 0.0000000000
127595  -53.150  29.616  -7.263 0.0000000000
128666  -52.902  30.533  -7.404 0.0000000000
129708  -51.914  31.429  -8.049 0.0000000000
129720  -51.263  31.273  -8.490 0.0000000000
128684  -50.444  30.465  -9.335 0.0000000000
129718  -49.899  30.927  -9.252 0.0000000000
132665  -50.764  32.638  -7.459 0.0000000000
131740  -49.865  32.343  -8.250 0.0000000000
131730  -49.442  32.572  -7.689 0.0000000000
131717  -49.493  32.673  -7.068 0.0000000000
130658  -51.031  31.992  -3.304 0.0000000000
130699  -51.281  32.598  -5.206 0.0000000000
130677  -50.575  32.213  -4.338 0.0000000000
131667  -47.886  32.386  -4.220 0.0000000000
131682  -48.938  32.385  -5.425 0.0000000000
131699  -47.525  32.582  -6.430 0.0000000000
135555  -52.201  38.235  -2.944 0.0000000000
135537  -51.826  37.724  -2.254 0.0000000000
135554  -51.162  38.162  -3.000 0.0000000000
135553  -50.121  38.054  -3.175 0.0000000000
135534  -48.616  37.234  -2.669 0.0000000000
118444  -47.362  21.412  -2.298 0.0000000000
118453  -48.312  21.599  -3.803 0.0000000000
119633  -47.624  21.870  -2.583 0.0000000000
119631  -47.977  22.844  -1.726 0.0000000000
134362  -57.795  35.585  10.688 0.0000000000
133454  -58.623  35.443  10.144 0.0000000000
133478  -59.458  34.865  9.233 0.0000000000
135413  -58.748  36.774  8.839 0.0000000000
136491  -58.463  38.130  8.074 0.0000000000
137570  -58.194  39.176  6.787 0.0000000000
118602  -55.954  21.445  -18.838 0.0000000000
126464  -41.535  28.594  6.191 0.0000000000
126465  -42.490  28.727  6.183 0.0000000000
115963  -51.952  18.760  -0.312 0.0000000000
113333  -42.843  17.016  6.710 0.0000000000
114616  -42.586  17.940  6.202 0.0000000000
112224  -57.152  15.790  -10.092 0.0000000000
112237  -56.942  16.093  -10.824 0.0000000000
112249  -56.691  16.402  -11.589 0.0000000000
121029  -56.599  23.305  -9.523 0.0000000000
119715  -58.314  23.252  -10.489 0.0000000000
128580  -51.931  30.250  3.745 0.0000000000
126510  -52.131  28.402  3.674 0.0000000000
126511  -52.923  28.737  3.688 0.0000000000
126512  -53.561  28.800  3.653 0.0000000000
126491  -54.230  28.320  3.751 0.0000000000
126537  -56.989  29.086  -0.121 0.0000000000
125530  -55.602  27.548  -1.376 0.0000000000
124466  -57.336  25.965  -2.554 0.0000000000
123359  -59.525  25.610  -3.017 0.0000000000
123360  -60.291  25.522  -3.245 0.0000000000
124479  -59.585  25.847  -3.563 0.0000000000
124491  -59.096  26.168  -4.136 0.0000000000
125573  -58.619  26.604  -5.199 0.0000000000
125572  -57.622  26.756  -4.990 0.0000000000
125560  -55.759  27.796  -4.912 0.0000000000
131597  -54.891  33.893  2.352 0.0000000000
131614  -55.172  33.208  0.861 0.0000000000
132604  -54.130  34.077  2.098 0.0000000000
131603  -53.732  33.680  1.406 0.0000000000
131612  -53.246  33.327  0.704 0.0000000000
131622  -52.126  33.154  0.215 0.0000000000
132607  -52.356  34.440  0.995 0.0000000000
132606  -51.746  34.593  0.598 0.0000000000
133566  -51.592  35.624  0.093 0.0000000000
116031  -54.251  19.219  -6.629 0.0000000000
116030  -53.997  19.463  -6.541 0.0000000000
117256  -53.692  20.027  -6.860 0.0000000000
118490  -53.327  20.703  -7.222 0.0000000000
120942  -50.968  23.214  -6.015 0.0000000000
119689  -51.654  22.552  -6.902 0.0000000000
120966  -52.007  23.307  -6.814 0.0000000000
120990  -52.685  23.387  -7.326 0.0000000000
120991  -53.691  23.791  -7.785 0.0000000000
122227  -53.415  24.298  -6.992 0.0000000000
122220  -53.859  24.520  -6.381 0.0000000000
129542  -54.530  32.098  8.490 0.0000000000
129570  -55.293  31.867  7.486 0.0000000000
129543  -55.658  32.060  8.415 0.0000000000
129572  -57.454  31.545  7.687 0.0000000000
128517  -61.443  31.030  7.534 0.0000000000
128516  -60.776  30.684  7.590 0.0000000000
128541  -61.779  30.571  6.649 0.0000000000
127493  -61.976  29.316  4.990 0.0000000000
126515  -61.963  28.967  4.126 0.0000000000
126519  -61.150  28.418  2.946 0.0000000000
126527  -61.531  29.060  2.459 0.0000000000
127513  -61.501  29.715  1.431 0.0000000000
127519  -61.429  30.359  0.098 0.0000000000
127527  -61.514  30.653  -0.572 0.0000000000
129630  -61.656  31.081  1.051 0.0000000000
130575  -61.455  31.523  1.469 0.0000000000
130574  -61.062  31.979  1.868 0.0000000000
132569  -59.521  34.430  6.753 0.0000000000
131571  -60.129  33.597  5.563 0.0000000000
132578  -59.509  34.096  6.147 0.0000000000
132577  -58.749  34.425  6.003 0.0000000000
131576  -57.123  33.980  4.487 0.0000000000
133529  -57.645  35.352  5.570 0.0000000000
134442  -57.337  35.899  5.077 0.0000000000
135477  -57.273  37.056  3.222 0.0000000000
122317  -56.893  24.798  -14.924 0.0000000000
118412  -46.972  21.959  5.357 0.0000000000
120836  -46.265  24.012  4.973 0.0000000000
123315  -46.790  25.316  4.198 0.0000000000
127496  -46.024  29.064  3.704 0.0000000000
126504  -46.298  28.474  3.273 0.0000000000
127497  -46.781  29.201  3.410 0.0000000000
127498  -47.656  29.301  3.234 0.0000000000
128576  -48.341  29.974  3.610 0.0000000000
128577  -48.896  30.085  3.707 0.0000000000
131537  -47.292  33.687  9.959 0.0000000000
130483  -47.445  32.950  9.876 0.0000000000
131538  -47.832  33.936  10.040 0.0000000000
130485  -48.686  32.853  9.981 0.0000000000
130486  -49.846  32.738  9.819 0.0000000000
129507  -50.828  32.447  9.599 0.0000000000
132523  -49.818  34.000  9.968 0.0000000000
132551  -50.455  34.446  9.746 0.0000000000
109700  -56.664  14.505  -7.392 0.0000000000
114714  -53.666  17.667  -4.628 0.0000000000
116001  -52.747  18.287  -4.114 0.0000000000
115970  -50.314  18.729  -1.817 0.0000000000
113313  -47.710  17.533  8.634 0.0000000000
113303  -48.184  18.066  9.419 0.0000000000
113314  -48.596  17.557  8.549 0.0000000000
113325  -51.434  17.603  6.464 0.0000000000
113335  -51.300  17.555  5.458 0.0000000000
113355  -51.073  17.719  3.987 0.0000000000
113354  -50.665  17.718  3.596 0.0000000000
113373  -45.259  18.044  2.362 0.0000000000
113384  -45.435  18.357  1.798 0.0000000000
114652  -45.182  18.799  2.280 0.0000000000
115920  -45.167  19.531  3.139 0.0000000000
114826  -58.810  18.448  -16.172 0.0000000000
114835  -58.306  18.867  -16.829 0.0000000000
114779  -54.280  18.386  -10.550 0.0000000000
116080  -54.722  19.183  -12.274 0.0000000000
117300  -56.487  21.311  -13.125 0.0000000000
117308  -55.834  20.659  -13.506 0.0000000000
117309  -56.527  21.255  -14.113 0.0000000000
117344  -56.722  20.232  -16.200 0.0000000000
118594  -57.254  21.652  -17.371 0.0000000000
118595  -57.389  22.032  -17.154 0.0000000000
119775  -57.904  22.929  -16.471 0.0000000000
119731  -59.741  23.583  -11.818 0.0000000000
119740  -59.679  23.583  -12.699 0.0000000000
121053  -60.122  24.050  -12.382 0.0000000000
121062  -60.325  24.450  -12.716 0.0000000000
122319  -60.344  25.021  -13.636 0.0000000000
123479  -59.617  25.166  -14.607 0.0000000000
123472  -60.352  25.523  -13.647 0.0000000000
123462  -60.675  25.897  -13.021 0.0000000000
124569  -60.924  26.611  -12.646 0.0000000000
119621  -48.531  23.110  1.755 0.0000000000
119622  -49.155  23.155  2.620 0.0000000000
120854  -49.837  23.752  1.665 0.0000000000
122165  -52.251  24.436  1.959 0.0000000000
120856  -51.746  24.365  1.820 0.0000000000
122172  -51.990  24.554  1.152 0.0000000000
122196  -52.631  24.487  -1.183 0.0000000000
120879  -52.798  24.409  -1.834 0.0000000000
120893  -53.593  24.188  -2.765 0.0000000000
120909  -55.620  23.605  -3.598 0.0000000000
128572  -57.195  30.036  4.593 0.0000000000
126493  -56.320  28.383  3.955 0.0000000000
123331  -55.796  26.280  3.116 0.0000000000
120898  -58.446  23.365  -1.753 0.0000000000
120884  -57.394  23.709  -1.358 0.0000000000
119638  -58.620  22.909  -2.218 0.0000000000
119637  -57.921  22.763  -2.587 0.0000000000
119644  -57.492  22.781  -3.370 0.0000000000
124508  -62.150  25.784  -6.142 0.0000000000
122240  -62.177  24.975  -6.656 0.0000000000
124529  -62.165  26.251  -7.554 0.0000000000
124538  -62.247  26.502  -8.495 0.0000000000
125626  -61.965  27.457  -9.094 0.0000000000
125633  -62.075  27.395  -10.025 0.0000000000
126617  -61.774  27.815  -9.907 0.0000000000
127622  -60.626  28.728  -10.746 0.0000000000
127637  -59.704  28.847  -11.614 0.0000000000
127654  -58.678  29.110  -12.507 0.0000000000
127636  -59.016  28.969  -11.754 0.0000000000
127635  -58.141  29.005  -11.994 0.0000000000
125622  -56.722  27.635  -9.103 0.0000000000
126611  -56.297  27.854  -9.778 0.0000000000
126625  -54.647  28.377  -10.617 0.0000000000
130668  -60.085  31.642  -3.330 0.0000000000
128635  -59.671  30.922  -4.291 0.0000000000
130687  -59.844  31.854  -4.149 0.0000000000
130686  -59.309  32.315  -4.389 0.0000000000
130707  -58.740  32.319  -5.346 0.0000000000
130662  -55.332  32.725  -3.353 0.0000000000
130704  -56.233  33.328  -5.083 0.0000000000
130703  -55.299  33.235  -5.055 0.0000000000
131707  -55.500  33.282  -6.351 0.0000000000
130728  -54.792  32.479  -7.045 0.0000000000
129697  -53.365  31.711  -7.405 0.0000000000
130727  -53.657  32.452  -7.243 0.0000000000
130742  -52.919  32.212  -7.576 0.0000000000
130740  -51.383  32.379  -8.061 0.0000000000
131733  -51.759  32.656  -7.596 0.0000000000
131703  -51.547  32.979  -6.624 0.0000000000
131702  -50.585  32.782  -6.597 0.0000000000
130635  -49.344  32.580  -2.096 0.0000000000
130657  -49.876  32.112  -3.256 0.0000000000
130656  -48.722  32.386  -3.136 0.0000000000
130655  -48.198  32.408  -3.591 0.0000000000
131666  -46.734  32.516  -4.349 0.0000000000
131649  -46.867  32.806  -3.251 0.0000000000
131648  -45.921  33.015  -3.317 0.0000000000
117243  -50.352  21.201  -5.683 0.0000000000
118479  -49.786  21.694  -5.401 0.0000000000
119675  -49.750  22.585  -5.244 0.0000000000
118454  -48.579  22.103  -4.079 0.0000000000
119658  -49.347  22.449  -4.758 0.0000000000
120941  -50.270  22.930  -5.628 0.0000000000
120921  -50.232  23.232  -5.152 0.0000000000
130508  -56.490  32.845  9.777 0.0000000000
130493  -56.996  33.241  10.211 0.0000000000
130510  -58.423  32.494  9.889 0.0000000000
130511  -59.294  32.454  9.844 0.0000000000
131503  -58.589  33.845  10.600 0.0000000000
130496  -59.466  32.938  10.026 0.0000000000
129527  -60.535  32.102  9.194 0.0000000000
129549  -61.138  31.844  8.420 0.0000000000
129598  -62.050  31.318  6.676 0.0000000000
130547  -62.107  32.075  6.283 0.0000000000
130550  -61.965  32.269  5.230 0.0000000000
131574  -61.889  32.599  6.162 0.0000000000
131566  -61.611  32.978  6.699 0.0000000000
132570  -60.268  33.951  6.986 0.0000000000
133495  -59.696  34.712  8.680 0.0000000000
133507  -59.620  34.913  8.119 0.0000000000
133519  -59.372  34.929  7.389 0.0000000000
135444  -58.619  37.335  6.070 0.0000000000
135457  -58.536  37.907  4.737 0.0000000000
123324  -43.691  25.884  3.535 0.0000000000
123325  -44.409  25.880  3.510 0.0000000000
125496  -43.949  27.377  3.571 0.0000000000
126477  -43.404  28.673  5.601 0.0000000000
126487  -44.360  28.679  4.721 0.0000000000
126488  -45.054  28.876  4.413 0.0000000000
113417  -52.964  17.155  -3.327 0.0000000000
113416  -52.564  17.600  -2.838 0.0000000000
114688  -49.666  18.490  -0.129 0.0000000000
115842  -46.038  19.342  11.260 0.0000000000
114563  -46.514  19.092  11.117 0.0000000000
114580  -46.581  18.058  9.197 0.0000000000
113302  -47.264  17.865  9.095 0.0000000000
113352  -44.315  17.733  4.355 0.0000000000
114633  -44.450  18.426  4.216 0.0000000000
115899  -43.394  18.898  5.530 0.0000000000
115892  -42.729  18.699  5.863 0.0000000000
117272  -55.341  20.885  -9.464 0.0000000000
117286  -56.552  21.457  -11.595 0.0000000000
117294  -56.527  21.361  -12.268 0.0000000000
118542  -57.931  22.306  -13.108 0.0000000000
118543  -58.534  22.647  -12.673 0.0000000000
118534  -58.730  22.777  -12.107 0.0000000000
119724  -59.062  23.213  -11.225 0.0000000000
119725  -59.829  23.654  -11.020 0.0000000000
121039  -60.337  23.982  -10.694 0.0000000000
121040  -60.949  24.315  -10.254 0.0000000000
123318  -50.131  25.628  4.854 0.0000000000
120826  -50.770  24.002  4.857 0.0000000000
123298  -51.005  25.317  5.022 0.0000000000
122136  -51.607  24.574  4.684 0.0000000000
122153  -51.795  24.243  4.293 0.0000000000
124431  -52.230  26.638  4.516 0.0000000000
124414  -52.645  26.081  4.659 0.0000000000
122154  -52.545  24.439  3.995 0.0000000000
122159  -52.881  24.379  3.060 0.0000000000
122166  -52.931  24.524  2.204 0.0000000000
122174  -53.606  24.763  1.564 0.0000000000
124454  -58.400  27.934  2.964 0.0000000000
124453  -57.572  27.660  2.883 0.0000000000
125512  -57.107  27.758  2.245 0.0000000000
124458  -55.498  27.202  0.511 0.0000000000
123343  -56.099  25.629  -1.074 0.0000000000
123347  -56.701  25.668  -1.649 0.0000000000
123344  -57.198  25.138  -1.435 0.0000000000
120885  -58.185  24.020  -1.379 0.0000000000
119639  -59.059  23.188  -2.094 0.0000000000
119663  -60.128  23.181  -3.019 0.0000000000
120951  -60.894  23.376  -4.910 0.0000000000
122222  -62.025  24.762  -5.011 0.0000000000
123371  -61.171  25.579  -3.863 0.0000000000
123372  -61.785  25.350  -4.340 0.0000000000
124507  -61.983  25.983  -5.632 0.0000000000
124518  -61.588  26.473  -6.095 0.0000000000
125599  -60.826  27.255  -7.337 0.0000000000
125613  -60.351  27.680  -8.119 0.0000000000
125612  -59.314  27.628  -8.292 0.0000000000
125611  -58.059  27.469  -8.208 0.0000000000
125610  -56.940  27.471  -8.251 0.0000000000
125609  -55.835  27.534  -8.402 0.0000000000
126590  -54.491  27.857  -7.676 0.0000000000
130603  -57.486  32.915  -0.505 0.0000000000
130622  -57.825  32.886  -1.608 0.0000000000
130621  -56.679  32.859  -1.485 0.0000000000
130641  -55.963  32.746  -2.426 0.0000000000
130586  -55.231  33.079  0.282 0.0000000000
130620  -55.548  32.735  -1.396 0.0000000000
130640  -54.900  32.511  -2.364 0.0000000000
130661  -54.303  32.464  -3.331 0.0000000000
130680  -53.769  32.652  -4.250 0.0000000000
130679  -52.735  32.441  -4.284 0.0000000000
130659  -52.155  32.062  -3.325 0.0000000000
130637  -51.593  32.041  -2.276 0.0000000000
130598  -51.708  32.727  -0.506 0.0000000000
130616  -51.113  32.378  -1.316 0.0000000000
130615  -50.106  32.793  -1.255 0.0000000000
131628  -49.539  33.424  -1.114 0.0000000000
131627  -48.934  33.753  -1.373 0.0000000000
133568  -48.528  34.922  -1.402 0.0000000000
112197  -54.092  16.265  -8.449 0.0000000000
112209  -54.273  16.401  -9.253 0.0000000000
113502  -54.111  16.809  -9.395 0.0000000000
113490  -54.117  17.844  -8.749 0.0000000000
114750  -54.492  18.818  -7.728 0.0000000000
117254  -52.089  20.906  -6.709 0.0000000000
118489  -52.874  21.192  -7.271 0.0000000000
118496  -52.572  22.412  -7.529 0.0000000000
118506  -54.635  21.392  -8.578 0.0000000000
118507  -55.428  21.616  -9.383 0.0000000000
121028  -55.945  23.000  -9.494 0.0000000000
129604  -53.325  31.576  5.664 0.0000000000
129618  -53.887  31.262  4.683 0.0000000000
129605  -54.432  31.548  5.518 0.0000000000
129606  -55.704  31.283  5.313 0.0000000000
129595  -56.101  31.583  6.478 0.0000000000
129607  -56.851  31.145  5.670 0.0000000000
128551  -56.679  30.717  4.877 0.0000000000
127490  -58.049  29.433  4.693 0.0000000000
126495  -58.521  28.537  4.283 0.0000000000
129545  -57.707  31.743  8.572 0.0000000000
129573  -58.372  31.309  7.929 0.0000000000
128514  -58.987  30.820  7.304 0.0000000000
128539  -60.488  30.150  6.961 0.0000000000
128538  -59.649  30.198  6.617 0.0000000000
127492  -59.826  28.797  5.049 0.0000000000
126496  -59.695  28.468  4.477 0.0000000000
125491  -58.900  28.141  3.705 0.0000000000
125514  -59.017  28.131  2.738 0.0000000000
125521  -58.811  28.298  2.096 0.0000000000
126522  -57.995  28.708  1.190 0.0000000000
126525  -60.432  28.525  2.148 0.0000000000
126532  -59.250  29.088  0.879 0.0000000000
126538  -57.965  29.260  0.131 0.0000000000
127522  -56.911  29.236  -0.729 0.0000000000
127535  -56.721  29.242  -1.423 0.0000000000
127547  -56.179  28.926  -2.383 0.0000000000
127548  -57.130  29.639  -2.540 0.0000000000
128612  -60.266  30.673  -2.867 0.0000000000
128602  -61.426  30.870  -1.407 0.0000000000
128614  -61.023  30.943  -1.950 0.0000000000
129661  -60.330  31.299  -2.789 0.0000000000
130625  -60.479  31.977  -1.972 0.0000000000
130605  -59.764  32.506  -0.911 0.0000000000
130556  -61.926  32.001  3.853 0.0000000000
130566  -61.156  32.271  3.099 0.0000000000
131591  -60.217  33.092  4.343 0.0000000000
130565  -60.246  32.794  3.547 0.0000000000
130573  -60.332  32.444  2.238 0.0000000000
130579  -59.405  32.648  1.368 0.0000000000
130589  -58.408  32.839  0.476 0.0000000000
130577  -57.272  33.095  1.570 0.0000000000
131616  -56.760  33.152  1.558 0.0000000000
131606  -56.270  33.346  2.046 0.0000000000
131587  -56.772  33.698  3.705 0.0000000000
131586  -55.991  33.981  3.434 0.0000000000
132598  -55.230  34.408  3.134 0.0000000000
133547  -54.761  35.178  3.150 0.0000000000
134468  -54.080  35.804  2.397 0.0000000000
135491  -54.445  36.715  1.320 0.0000000000
118432  -46.585  21.391  1.653 0.0000000000
118436  -47.006  21.920  0.948 0.0000000000
119611  -47.863  22.176  3.233 0.0000000000
118426  -47.885  21.892  4.615 0.0000000000
119612  -48.339  22.235  3.998 0.0000000000
119613  -49.066  22.630  4.519 0.0000000000
120824  -49.199  23.524  5.406 0.0000000000
123296  -49.356  24.692  5.313 0.0000000000
123326  -45.261  25.925  3.555 0.0000000000
123327  -46.168  25.966  3.642 0.0000000000
123328  -47.061  26.007  3.806 0.0000000000
125499  -46.882  27.603  3.126 0.0000000000
124444  -47.588  26.608  3.573 0.0000000000
123316  -47.746  25.555  4.409 0.0000000000
124427  -48.365  26.122  4.152 0.0000000000
123317  -48.991  25.308  4.924 0.0000000000
123297  -49.950  24.933  5.211 0.0000000000
125482  -50.165  27.016  3.871 0.0000000000
125503  -50.637  27.778  3.583 0.0000000000
126509  -51.093  28.583  3.490 0.0000000000
127501  -50.533  29.476  3.463 0.0000000000
127502  -51.529  29.433  3.503 0.0000000000
128566  -51.404  30.835  4.409 0.0000000000
129616  -51.889  31.269  5.008 0.0000000000
129603  -52.303  31.498  5.798 0.0000000000
128511  -47.599  30.663  7.265 0.0000000000
128512  -48.493  30.800  7.409 0.0000000000
129588  -49.378  30.804  6.958 0.0000000000
129536  -48.413  31.171  8.452 0.0000000000
129564  -49.182  30.913  7.677 0.0000000000
129589  -49.933  30.968  6.917 0.0000000000
129590  -50.774  31.201  6.840 0.0000000000
129592  -52.692  31.664  6.677 0.0000000000
129568  -53.052  31.821  7.608 0.0000000000
129541  -53.393  32.021  8.549 0.0000000000
129518  -51.574  32.039  9.290 0.0000000000
129519  -52.596  32.235  9.320 0.0000000000
129520  -53.750  32.516  9.470 0.0000000000
130490  -53.946  33.081  10.023 0.0000000000
130475  -54.490  33.609  10.170 0.0000000000
133450  -53.445  35.109  10.042 0.0000000000
109686  -54.810  14.794  -6.900 0.0000000000
110896  -54.758  15.040  -7.431 0.0000000000
112198  -54.438  15.670  -8.393 0.0000000000
112187  -53.982  16.432  -7.556 0.0000000000
113464  -54.072  17.318  -7.199 0.0000000000
113452  -54.392  18.054  -6.238 0.0000000000
113440  -54.180  17.709  -5.676 0.0000000000
113441  -54.383  18.064  -5.838 0.0000000000
116024  -54.098  18.898  -5.899 0.0000000000
116023  -53.751  19.017  -5.827 0.0000000000
116021  -52.547  19.551  -5.623 0.0000000000
117236  -51.569  19.684  -5.233 0.0000000000
114712  -52.634  18.167  -3.800 0.0000000000
116011  -51.083  19.543  -4.737 0.0000000000
116010  -50.527  19.847  -4.869 0.0000000000
117224  -49.590  19.990  -4.411 0.0000000000
117223  -49.198  20.324  -4.351 0.0000000000
115996  -48.829  20.156  -3.932 0.0000000000
115980  -47.915  20.241  -2.978 0.0000000000
117210  -47.277  20.800  -2.189 0.0000000000
118438  -46.409  21.137  -0.006 0.0000000000
115933  -52.637  19.223  2.367 0.0000000000
115848  -52.217  19.311  10.519 0.0000000000
114586  -52.882  18.788  9.057 0.0000000000
114596  -53.120  18.589  8.383 0.0000000000
115844  -48.198  19.688  11.555 0.0000000000
115845  -49.409  19.362  11.389 0.0000000000
113290  -48.756  18.284  9.685 0.0000000000
114566  -50.441  18.626  10.547 0.0000000000
114608  -52.961  18.280  7.316 0.0000000000
114618  -52.830  18.224  6.293 0.0000000000
114627  -52.746  18.319  5.322 0.0000000000
113337  -51.830  17.865  5.987 0.0000000000
114626  -52.159  18.111  5.227 0.0000000000
114636  -52.594  18.485  4.411 0.0000000000
114646  -52.412  18.748  3.429 0.0000000000
114654  -50.665  18.385  2.272 0.0000000000
114667  -50.424  18.567  1.274 0.0000000000
114678  -49.227  18.252  0.324 0.0000000000
112092  -48.743  17.116  3.940 0.0000000000
113364  -48.948  17.538  2.106 0.0000000000
113376  -48.258  17.446  1.755 0.0000000000
113388  -48.753  17.736  1.380 0.0000000000
114665  -48.736  17.925  0.854 0.0000000000
114677  -48.307  18.061  0.222 0.0000000000
117205  -45.930  20.436  0.701 0.0000000000
117198  -46.209  20.926  2.470 0.0000000000
118420  -46.517  21.172  4.389 0.0000000000
118419  -45.942  20.857  4.480 0.0000000000
119595  -45.738  22.070  5.397 0.0000000000
119606  -43.937  22.719  4.910 0.0000000000
122147  -43.811  24.307  4.101 0.0000000000
124439  -43.124  26.447  3.622 0.0000000000
125480  -42.694  27.302  4.008 0.0000000000
125472  -42.155  27.569  4.589 0.0000000000
124424  -41.448  26.254  4.247 0.0000000000
125471  -41.491  27.502  4.895 0.0000000000
126475  -41.086  27.979  5.602 0.0000000000
114850  -59.998  17.963  -17.444 0.0000000000
114864  -58.937  18.420  -18.150 0.0000000000
114863  -57.940  18.647  -18.805 0.0000000000
112222  -54.882  16.162  -10.101 0.0000000000
112248  -55.771  16.492  -11.785 0.0000000000
113525  -54.804  17.257  -12.007 0.0000000000
113526  -55.488  16.834  -12.397 0.0000000000
116063  -55.319  20.189  -10.980 0.0000000000
116093  -54.917  19.085  -13.276 0.0000000000
116105  -55.201  19.024  -14.078 0.0000000000
116094  -55.374  19.818  -13.880 0.0000000000
114814  -56.396  18.386  -14.870 0.0000000000
114815  -57.449  18.215  -15.174 0.0000000000
114825  -57.796  18.660  -16.144 0.0000000000
116123  -58.266  19.135  -17.422 0.0000000000
116150  -57.088  19.905  -19.197 0.0000000000
117366  -56.615  20.531  -19.116 0.0000000000
117359  -56.429  20.964  -19.004 0.0000000000
119804  -56.611  22.060  -18.084 0.0000000000
119803  -55.998  22.088  -18.411 0.0000000000
121109  -56.312  22.627  -17.909 0.0000000000
121098  -56.688  23.257  -17.351 0.0000000000
122341  -56.794  23.633  -17.110 0.0000000000
119746  -58.529  22.837  -14.051 0.0000000000
119756  -58.406  22.842  -15.021 0.0000000000
119767  -58.562  23.251  -15.580 0.0000000000
119748  -59.501  23.568  -13.617 0.0000000000
121069  -59.192  23.693  -14.962 0.0000000000
122343  -57.886  23.778  -16.391 0.0000000000
122333  -57.476  24.001  -16.308 0.0000000000
123484  -57.589  24.400  -15.827 0.0000000000
123476  -58.035  25.221  -14.992 0.0000000000
124614  -59.216  25.645  -14.507 0.0000000000
124613  -58.684  25.768  -14.432 0.0000000000
123470  -57.816  25.683  -14.305 0.0000000000
124599  -57.598  26.408  -13.829 0.0000000000
119624  -47.478  22.500  0.198 0.0000000000
119628  -48.022  23.052  -0.590 0.0000000000
120858  -48.782  23.657  -0.249 0.0000000000
120863  -48.672  23.497  -1.377 0.0000000000
120876  -49.415  23.760  -2.186 0.0000000000
120843  -50.593  23.532  3.755 0.0000000000
120860  -50.786  24.375  0.464 0.0000000000
122171  -51.396  24.494  0.755 0.0000000000
120865  -50.535  24.371  -0.713 0.0000000000
120891  -51.356  24.265  -2.853 0.0000000000
120945  -53.975  24.520  -5.657 0.0000000000
120925  -54.270  24.354  -4.748 0.0000000000
128569  -54.355  30.419  3.915 0.0000000000
127487  -54.950  29.340  3.712 0.0000000000
125487  -54.626  27.226  4.133 0.0000000000
125488  -55.583  27.410  3.966 0.0000000000
125474  -55.017  27.046  4.167 0.0000000000
123302  -54.596  25.799  4.476 0.0000000000
122161  -54.340  24.899  3.710 0.0000000000
122168  -54.284  24.885  2.881 0.0000000000
122181  -53.648  24.712  0.590 0.0000000000
124452  -56.511  27.092  2.749 0.0000000000
123335  -55.660  26.471  2.287 0.0000000000
123337  -55.141  25.886  1.758 0.0000000000
120871  -56.261  24.234  -0.939 0.0000000000
122183  -54.874  25.367  0.859 0.0000000000
122189  -54.515  24.549  -0.194 0.0000000000
120881  -54.702  23.843  -1.783 0.0000000000
122239  -62.057  24.694  -6.989 0.0000000000
122251  -61.933  24.721  -7.689 0.0000000000
122280  -61.610  24.838  -9.839 0.0000000000
122293  -61.328  24.995  -10.790 0.0000000000
123432  -61.586  25.852  -11.257 0.0000000000
124558  -61.453  26.675  -11.823 0.0000000000
125657  -60.586  27.262  -12.864 0.0000000000
125639  -61.604  27.494  -11.242 0.0000000000
126654  -60.554  27.924  -12.571 0.0000000000
126664  -60.334  27.705  -12.993 0.0000000000
126676  -58.996  28.211  -13.540 0.0000000000
126627  -56.978  28.270  -10.650 0.0000000000
127633  -56.115  29.017  -12.101 0.0000000000
127558  -56.307  29.245  -3.474 0.0000000000
126569  -55.729  28.509  -4.340 0.0000000000
128633  -57.980  30.515  -4.793 0.0000000000
127569  -56.321  29.766  -4.799 0.0000000000
127568  -55.312  29.011  -5.032 0.0000000000
126576  -54.802  28.527  -5.776 0.0000000000
126575  -54.499  28.808  -5.991 0.0000000000
126581  -54.293  28.805  -6.303 0.0000000000
130643  -58.108  32.887  -2.643 0.0000000000
130685  -58.530  32.724  -4.534 0.0000000000
130719  -58.113  32.399  -6.057 0.0000000000
130705  -57.074  33.331  -5.170 0.0000000000
130718  -57.523  32.654  -6.487 0.0000000000
129689  -57.196  31.781  -6.706 0.0000000000
128657  -55.465  30.703  -6.374 0.0000000000
127587  -54.106  29.692  -6.527 0.0000000000
126589  -53.731  28.711  -7.104 0.0000000000
126595  -53.277  28.725  -7.804 0.0000000000
127603  -52.701  28.985  -8.307 0.0000000000
127609  -52.084  29.343  -8.909 0.0000000000
128675  -52.381  30.768  -7.749 0.0000000000
128686  -51.627  30.358  -8.387 0.0000000000
128696  -51.454  29.650  -9.437 0.0000000000
128695  -50.831  29.852  -9.844 0.0000000000
130750  -50.253  31.845  -8.637 0.0000000000
130749  -49.456  31.824  -8.695 0.0000000000
130700  -52.301  32.774  -5.150 0.0000000000
131684  -50.940  32.809  -5.976 0.0000000000
131683  -50.010  32.640  -5.907 0.0000000000
130676  -49.388  32.278  -4.442 0.0000000000
130697  -49.651  32.442  -5.310 0.0000000000
131701  -49.659  32.649  -6.483 0.0000000000
131679  -45.583  32.617  -5.391 0.0000000000
135473  -58.646  38.210  3.513 0.0000000000
135484  -57.250  37.130  2.350 0.0000000000
135493  -56.312  37.129  1.464 0.0000000000
135492  -55.232  36.975  1.350 0.0000000000
135502  -54.535  36.958  0.597 0.0000000000
134495  -53.892  36.865  0.024 0.0000000000
135539  -53.920  37.805  -2.173 0.0000000000
135525  -53.571  37.381  -1.315 0.0000000000
134494  -53.050  36.671  -0.179 0.0000000000
134501  -52.250  36.819  -0.954 0.0000000000
134500  -51.317  36.614  -1.034 0.0000000000
134509  -50.127  37.094  -1.897 0.0000000000
134499  -50.233  36.400  -1.244 0.0000000000
134498  -49.257  36.004  -1.462 0.0000000000
134497  -48.637  35.548  -1.541 0.0000000000
112247  -55.238  16.738  -11.890 0.0000000000
113289  -48.455  18.281  9.766 0.0000000000
113301  -46.897  17.808  8.966 0.0000000000
113346  -51.354  17.622  4.875 0.0000000000
113489  -54.009  16.965  -8.931 0.0000000000
114594  -51.811  17.947  8.040 0.0000000000
114634  -44.619  18.847  4.060 0.0000000000
114725  -54.264  18.095  -5.620 0.0000000000
114733  -54.276  18.456  -5.975 0.0000000000
115863  -52.386  18.958  9.879 0.0000000000
115864  -53.000  19.126  9.538 0.0000000000
115872  -53.182  18.873  8.896 0.0000000000
117183  -46.024  20.810  4.169 0.0000000000
117204  -45.671  19.981  0.941 0.0000000000
117212  -47.592  20.700  -2.750 0.0000000000
117232  -48.780  21.154  -4.417 0.0000000000
117233  -49.116  20.916  -4.619 0.0000000000
117368  -57.167  20.370  -18.578 0.0000000000
118422  -47.857  21.871  4.994 0.0000000000
118441  -46.482  21.081  -0.336 0.0000000000
118445  -47.749  21.466  -3.008 0.0000000000
118478  -49.424  22.192  -5.049 0.0000000000
118583  -57.527  22.248  -16.857 0.0000000000
118612  -56.914  20.858  -18.562 0.0000000000
119596  -46.501  22.320  5.470 0.0000000000
119597  -47.441  22.383  5.433 0.0000000000
119599  -48.713  23.141  5.469 0.0000000000
119607  -47.761  21.971  5.195 0.0000000000
119608  -48.269  22.207  5.021 0.0000000000
119609  -48.905  22.831  5.228 0.0000000000
119635  -48.679  22.933  -3.331 0.0000000000
119636  -57.429  22.778  -3.007 0.0000000000
119641  -48.454  22.232  -3.725 0.0000000000
119643  -49.442  23.149  -4.180 0.0000000000
119645  -58.094  22.658  -3.453 0.0000000000
119647  -59.536  23.056  -2.564 0.0000000000
119648  -60.024  23.273  -2.769 0.0000000000
119674  -49.512  22.421  -5.021 0.0000000000
119676  -50.317  22.471  -5.899 0.0000000000
119758  -59.294  23.526  -14.215 0.0000000000
119776  -58.315  23.095  -15.987 0.0000000000
119791  -57.469  22.667  -17.043 0.0000000000
120835  -45.628  23.673  4.875 0.0000000000
120840  -51.818  24.103  3.939 0.0000000000
120845  -52.125  24.157  3.313 0.0000000000
120851  -52.374  24.299  2.633 0.0000000000
120861  -51.306  24.530  0.148 0.0000000000
120873  -57.512  24.373  -1.168 0.0000000000
120899  -59.440  23.715  -2.118 0.0000000000
120900  -60.436  24.100  -2.598 0.0000000000
120901  -60.851  24.290  -2.771 0.0000000000
120903  -49.356  23.233  -3.915 0.0000000000
120911  -57.588  22.823  -3.639 0.0000000000
120913  -60.435  23.596  -2.875 0.0000000000
120933  -61.787  24.474  -4.046 0.0000000000
120953  -61.832  24.376  -4.431 0.0000000000
120965  -51.375  22.921  -6.594 0.0000000000
120968  -53.466  24.190  -7.229 0.0000000000
120989  -52.326  23.204  -7.179 0.0000000000
121078  -58.940  23.749  -15.375 0.0000000000
121079  -59.261  24.048  -15.165 0.0000000000
121089  -58.192  23.435  -16.160 0.0000000000
121100  -57.643  23.254  -16.728 0.0000000000
121112  -57.358  22.956  -17.140 0.0000000000
122134  -49.655  24.255  5.341 0.0000000000
122135  -50.513  24.449  5.124 0.0000000000
122137  -52.782  25.048  4.457 0.0000000000
122138  -53.683  25.339  4.457 0.0000000000
122150  -46.502  24.604  4.612 0.0000000000
122156  -54.415  25.270  4.277 0.0000000000
122157  -54.898  25.360  4.183 0.0000000000
122160  -53.573  24.619  3.442 0.0000000000
122162  -54.910  25.250  3.880 0.0000000000
122175  -54.242  25.007  1.844 0.0000000000
122178  -51.317  24.518  0.395 0.0000000000
122184  -55.177  25.568  0.291 0.0000000000
122186  -52.093  24.539  -0.827 0.0000000000
122187  -52.874  24.569  -0.613 0.0000000000
122192  -56.908  24.786  -1.106 0.0000000000
122193  -57.766  24.584  -1.346 0.0000000000
122197  -58.468  24.478  -1.599 0.0000000000
122198  -59.139  24.406  -1.911 0.0000000000
122201  -60.707  24.586  -2.715 0.0000000000
122202  -61.050  24.406  -2.863 0.0000000000
122204  -61.011  24.882  -2.898 0.0000000000
122212  -61.901  24.777  -4.398 0.0000000000
122219  -53.424  24.368  -6.667 0.0000000000
122228  -53.821  24.411  -7.138 0.0000000000
122237  -53.961  24.246  -7.507 0.0000000000
122252  -62.156  25.139  -7.393 0.0000000000
122310  -60.267  24.764  -13.570 0.0000000000
122331  -56.163  23.686  -16.626 0.0000000000
122335  -58.475  24.014  -15.858 0.0000000000
122336  -58.983  24.355  -15.405 0.0000000000
122344  -58.078  23.734  -16.237 0.0000000000
123299  -52.153  25.418  4.756 0.0000000000
123301  -53.926  25.787  4.596 0.0000000000
123304  -55.492  25.905  3.999 0.0000000000
123319  -50.721  25.759  4.856 0.0000000000
123320  -54.882  25.564  4.326 0.0000000000
123321  -55.245  25.612  4.046 0.0000000000
123329  -47.547  26.052  3.953 0.0000000000
123345  -58.045  24.940  -1.685 0.0000000000
123348  -57.546  25.438  -1.922 0.0000000000
123350  -59.362  24.884  -2.166 0.0000000000
123353  -58.944  25.448  -2.540 0.0000000000
123355  -60.667  25.083  -2.865 0.0000000000
123361  -61.018  25.220  -3.255 0.0000000000
123362  -61.500  25.109  -3.613 0.0000000000
123370  -60.732  25.599  -3.585 0.0000000000
123373  -62.012  25.137  -4.856 0.0000000000
123381  -61.995  25.532  -5.048 0.0000000000
123382  -62.132  25.318  -5.537 0.0000000000
123388  -62.203  25.372  -6.318 0.0000000000
123394  -62.199  25.557  -7.090 0.0000000000
123408  -62.060  25.384  -9.564 0.0000000000
123471  -60.043  25.527  -14.133 0.0000000000
123475  -57.328  24.735  -15.264 0.0000000000
123483  -57.168  24.391  -15.853 0.0000000000
124412  -51.103  25.938  4.823 0.0000000000
124416  -54.361  26.387  4.463 0.0000000000
124417  -55.062  26.415  4.252 0.0000000000
124434  -55.363  26.849  4.080 0.0000000000
124435  -55.730  26.768  3.823 0.0000000000
124437  -57.731  27.858  3.486 0.0000000000
124440  -43.828  26.577  3.453 0.0000000000
124446  -49.389  27.115  3.592 0.0000000000
124462  -56.035  26.439  -1.694 0.0000000000
124465  -56.460  26.467  -2.493 0.0000000000
124467  -58.137  25.828  -2.795 0.0000000000
124476  -56.870  26.418  -2.989 0.0000000000
124478  -58.707  25.956  -3.326 0.0000000000
124493  -61.246  25.953  -4.580 0.0000000000
124494  -61.789  25.865  -4.950 0.0000000000
124517  -60.901  26.611  -5.891 0.0000000000
124519  -61.937  26.299  -6.517 0.0000000000
124520  -62.149  25.941  -6.778 0.0000000000
124528  -62.016  26.398  -7.114 0.0000000000
124559  -61.931  26.713  -11.017 0.0000000000
124585  -60.342  26.446  -13.372 0.0000000000
124612  -58.189  25.855  -14.209 0.0000000000
124615  -59.473  25.474  -14.518 0.0000000000
125473  -54.796  26.717  4.315 0.0000000000
125481  -43.360  27.568  3.860 0.0000000000
125485  -52.636  27.534  4.111 0.0000000000
125492  -60.170  28.195  3.892 0.0000000000
125505  -52.026  27.687  3.937 0.0000000000
125506  -59.063  28.098  3.178 0.0000000000
125508  -60.699  28.172  3.536 0.0000000000
125509  -60.931  28.231  3.342 0.0000000000
125513  -58.112  28.003  2.485 0.0000000000
125517  -60.843  28.134  3.157 0.0000000000
125520  -57.721  28.311  1.650 0.0000000000
125522  -59.688  28.285  2.422 0.0000000000
125523  -60.177  28.230  2.636 0.0000000000
125525  -56.333  28.184  0.752 0.0000000000
125552  -56.900  26.549  -3.356 0.0000000000
125585  -61.223  26.843  -6.606 0.0000000000
125586  -61.654  26.623  -6.623 0.0000000000
125594  -55.194  27.593  -7.441 0.0000000000
125601  -61.963  26.600  -7.490 0.0000000000
125608  -55.073  27.576  -8.046 0.0000000000
125632  -61.818  27.646  -10.539 0.0000000000
125640  -62.014  27.242  -10.639 0.0000000000
125671  -58.609  27.394  -13.663 0.0000000000
125673  -59.777  27.233  -13.425 0.0000000000
126478  -44.137  28.836  5.450 0.0000000000
126490  -53.307  28.147  3.860 0.0000000000
126497  -60.699  28.415  4.369 0.0000000000
126498  -61.516  28.895  4.763 0.0000000000
126499  -62.006  29.120  4.646 0.0000000000
126513  -60.824  28.251  3.888 0.0000000000
126518  -60.856  28.420  2.538 0.0000000000
126520  -61.752  28.930  3.251 0.0000000000
126523  -58.622  28.678  1.415 0.0000000000
126526  -61.126  28.846  2.048 0.0000000000
126530  -57.342  28.764  0.784 0.0000000000
126531  -58.319  29.013  0.818 0.0000000000
126536  -56.296  28.611  -0.177 0.0000000000
126539  -58.747  29.288  0.334 0.0000000000
126546  -56.518  28.990  -0.701 0.0000000000
126568  -55.395  28.317  -5.120 0.0000000000
126582  -54.569  28.125  -6.755 0.0000000000
126588  -53.317  28.988  -7.354 0.0000000000
126598  -55.681  27.692  -9.150 0.0000000000
126599  -60.033  27.970  -8.645 0.0000000000
126615  -60.763  28.427  -9.524 0.0000000000
126616  -61.453  28.130  -9.621 0.0000000000
126632  -61.424  28.141  -10.568 0.0000000000
126633  -61.785  27.769  -10.248 0.0000000000
126641  -56.575  28.647  -11.395 0.0000000000
126643  -58.534  28.826  -11.285 0.0000000000
126644  -59.070  28.892  -11.243 0.0000000000
126645  -60.395  28.546  -11.862 0.0000000000
126646  -60.902  28.232  -11.686 0.0000000000
126662  -59.270  28.593  -13.270 0.0000000000
126677  -59.528  27.742  -13.430 0.0000000000
127459  -60.286  29.816  6.434 0.0000000000
127462  -61.915  29.997  5.957 0.0000000000
127471  -46.849  29.824  4.466 0.0000000000
127473  -58.871  29.658  5.360 0.0000000000
127475  -61.114  29.276  5.769 0.0000000000
127476  -61.675  29.431  5.485 0.0000000000
127477  -62.113  29.852  5.347 0.0000000000
127482  -45.034  29.048  4.839 0.0000000000
127483  -45.602  29.223  4.376 0.0000000000
127484  -46.421  29.551  4.060 0.0000000000
127485  -47.254  29.778  3.849 0.0000000000
127486  -47.942  29.829  3.550 0.0000000000
127489  -56.929  29.286  4.203 0.0000000000
127499  -48.553  29.468  3.269 0.0000000000
127500  -49.549  29.470  3.358 0.0000000000
127503  -52.449  29.426  3.569 0.0000000000
127504  -53.242  29.451  3.603 0.0000000000
127506  -62.210  29.604  3.574 0.0000000000
127512  -61.122  29.306  1.391 0.0000000000
127523  -57.569  29.394  -0.693 0.0000000000
127534  -56.065  28.780  -1.728 0.0000000000
127538  -60.611  30.407  -1.861 0.0000000000
127539  -61.188  30.638  -1.553 0.0000000000
127550  -59.734  30.388  -2.804 0.0000000000
127561  -59.489  30.440  -3.489 0.0000000000
127588  -54.819  30.227  -6.273 0.0000000000
127594  -52.649  30.198  -7.571 0.0000000000
127596  -53.589  29.314  -6.885 0.0000000000
127620  -59.417  28.914  -11.252 0.0000000000
127623  -61.024  28.537  -10.631 0.0000000000
127638  -60.386  28.709  -11.425 0.0000000000
127671  -58.350  29.176  -13.185 0.0000000000
127672  -59.257  28.934  -12.962 0.0000000000
127689  -57.246  29.096  -14.164 0.0000000000
127691  -58.853  28.849  -13.381 0.0000000000
128497  -48.342  30.911  7.970 0.0000000000
128498  -60.985  31.210  8.161 0.0000000000
128499  -61.300  31.406  8.008 0.0000000000
128513  -49.027  30.776  7.191 0.0000000000
128515  -59.929  30.617  7.501 0.0000000000
128535  -49.015  30.750  6.674 0.0000000000
128540  -61.208  30.295  6.921 0.0000000000
128550  -56.000  30.725  4.603 0.0000000000
128552  -57.658  30.496  5.230 0.0000000000
128553  -58.414  30.285  5.670 0.0000000000
128573  -62.357  30.488  5.017 0.0000000000
128581  -52.833  30.195  3.703 0.0000000000
128582  -53.578  30.089  3.678 0.0000000000
128585  -62.166  30.393  2.922 0.0000000000
128589  -61.627  30.624  0.623 0.0000000000
128592  -61.567  30.796  -0.911 0.0000000000
128593  -61.576  30.863  -0.452 0.0000000000
128601  -61.107  30.718  -1.882 0.0000000000
128603  -61.617  30.996  -1.031 0.0000000000
128613  -60.695  30.783  -2.374 0.0000000000
128622  -59.282  30.515  -3.984 0.0000000000
128623  -59.877  30.679  -3.492 0.0000000000
128624  -60.304  30.954  -3.000 0.0000000000
128625  -60.847  30.871  -2.336 0.0000000000
128634  -58.959  30.641  -4.678 0.0000000000
128646  -58.619  30.973  -5.375 0.0000000000
128655  -53.993  30.504  -6.750 0.0000000000
128658  -56.461  30.943  -6.368 0.0000000000
128659  -57.184  31.038  -6.224 0.0000000000
128667  -53.533  30.837  -7.082 0.0000000000
128676  -52.968  31.136  -7.499 0.0000000000
128694  -50.177  30.027  -10.034 0.0000000000
129506  -50.086  32.241  9.570 0.0000000000
129510  -53.369  32.826  9.893 0.0000000000
129513  -47.094  31.929  9.043 0.0000000000
129515  -48.750  31.723  9.266 0.0000000000
129516  -49.694  31.857  9.330 0.0000000000
129523  -57.076  32.270  9.212 0.0000000000
129526  -59.874  31.927  9.398 0.0000000000
129528  -60.774  32.257  9.017 0.0000000000
129534  -46.549  31.629  8.615 0.0000000000
129535  -47.441  31.393  8.574 0.0000000000
129547  -59.611  31.454  8.832 0.0000000000
129550  -61.474  31.989  8.040 0.0000000000
129575  -60.223  31.004  8.244 0.0000000000
129576  -61.410  31.475  7.904 0.0000000000
129577  -61.656  31.611  7.621 0.0000000000
129597  -58.148  31.155  7.168 0.0000000000
129600  -49.650  30.838  6.308 0.0000000000
129635  -61.300  31.251  -1.171 0.0000000000
129636  -61.433  31.184  -0.935 0.0000000000
129643  -61.181  31.171  -1.455 0.0000000000
129644  -61.480  31.055  -1.218 0.0000000000
129652  -60.726  31.232  -2.153 0.0000000000
129660  -60.138  31.281  -3.373 0.0000000000
129668  -59.635  31.478  -4.674 0.0000000000
129669  -59.993  31.426  -3.964 0.0000000000
129678  -58.252  31.649  -6.060 0.0000000000
129679  -59.067  31.585  -5.307 0.0000000000
129686  -54.591  31.183  -6.890 0.0000000000
129687  -55.108  31.292  -6.848 0.0000000000
129690  -57.905  32.157  -6.501 0.0000000000
129700  -56.341  32.110  -7.047 0.0000000000
129701  -56.823  32.256  -7.001 0.0000000000
129719  -50.622  31.196  -8.853 0.0000000000
130471  -51.589  33.365  9.809 0.0000000000
130473  -52.810  33.446  9.943 0.0000000000
130484  -47.804  32.931  9.933 0.0000000000
130488  -52.278  33.032  9.870 0.0000000000
130491  -54.918  33.280  10.102 0.0000000000
130494  -57.912  33.053  10.282 0.0000000000
130495  -58.764  32.964  10.233 0.0000000000
130497  -59.930  32.905  9.770 0.0000000000
130505  -49.655  32.260  9.644 0.0000000000
130506  -54.586  32.843  9.795 0.0000000000
130509  -57.485  32.659  9.831 0.0000000000
130512  -59.993  32.502  9.673 0.0000000000
130514  -60.853  32.482  8.911 0.0000000000
130525  -61.632  32.145  7.779 0.0000000000
130538  -61.908  32.170  7.145 0.0000000000
130549  -61.563  32.752  5.173 0.0000000000
130563  -58.563  33.121  3.341 0.0000000000
130571  -58.510  33.018  2.817 0.0000000000
130584  -53.078  33.002  0.257 0.0000000000
130591  -60.514  32.191  -0.092 0.0000000000
130593  -61.314  31.368  -0.551 0.0000000000
130597  -50.804  32.913  -0.633 0.0000000000
130601  -55.086  32.892  -0.324 0.0000000000
130607  -61.101  31.459  -1.142 0.0000000000
130614  -49.502  32.940  -1.470 0.0000000000
130624  -59.849  32.411  -1.902 0.0000000000
130634  -48.690  32.649  -2.350 0.0000000000
130646  -60.143  31.993  -2.751 0.0000000000
130647  -60.349  31.559  -2.596 0.0000000000
130667  -59.798  32.123  -3.537 0.0000000000
130669  -60.205  31.526  -2.877 0.0000000000
130682  -55.780  33.030  -4.271 0.0000000000
130688  -59.990  31.663  -3.842 0.0000000000
130706  -57.794  32.969  -5.539 0.0000000000
130708  -59.439  31.982  -4.879 0.0000000000
130729  -55.753  32.551  -6.982 0.0000000000
130730  -56.503  32.575  -6.920 0.0000000000
130731  -57.035  32.481  -6.873 0.0000000000
130751  -50.988  31.948  -8.501 0.0000000000
131495  -51.685  33.663  9.847 0.0000000000
131497  -53.364  33.860  10.045 0.0000000000
131501  -57.047  34.002  10.698 0.0000000000
131502  -57.887  33.928  10.753 0.0000000000
131504  -59.117  33.737  10.305 0.0000000000
131514  -47.527  33.168  9.957 0.0000000000
131515  -48.146  33.542  10.056 0.0000000000
131517  -50.275  33.527  9.914 0.0000000000
131518  -51.042  33.692  9.839 0.0000000000
131522  -58.989  33.380  10.325 0.0000000000
131523  -59.512  33.283  9.995 0.0000000000
131524  -60.042  33.160  9.611 0.0000000000
131539  -60.541  32.859  9.256 0.0000000000
131540  -60.843  32.980  8.874 0.0000000000
131561  -61.772  32.694  7.122 0.0000000000
131567  -61.920  32.539  6.697 0.0000000000
131572  -60.901  33.337  5.689 0.0000000000
131579  -59.821  33.397  4.859 0.0000000000
131581  -61.266  33.001  5.195 0.0000000000
131588  -57.619  33.496  3.873 0.0000000000
131589  -58.538  33.276  3.924 0.0000000000
131598  -55.694  33.697  2.631 0.0000000000
131604  -54.588  33.552  1.524 0.0000000000
131607  -57.153  33.200  2.221 0.0000000000
131611  -52.534  33.625  0.711 0.0000000000
131620  -50.502  33.598  -0.381 0.0000000000
131623  -52.757  33.123  0.353 0.0000000000
131625  -54.849  33.055  0.282 0.0000000000
131629  -50.052  33.346  -0.804 0.0000000000
131638  -48.560  33.106  -1.817 0.0000000000
131668  -48.665  32.324  -4.554 0.0000000000
131689  -55.834  33.446  -5.760 0.0000000000
131690  -56.659  33.464  -5.735 0.0000000000
131691  -57.196  33.343  -5.690 0.0000000000
131709  -57.115  33.237  -6.151 0.0000000000
131719  -51.069  32.784  -7.203 0.0000000000
131720  -52.139  32.985  -7.136 0.0000000000
131722  -54.181  32.996  -6.921 0.0000000000
131723  -55.168  32.972  -6.791 0.0000000000
131731  -50.298  32.508  -7.848 0.0000000000
131734  -52.657  32.666  -7.451 0.0000000000
131741  -50.652  32.362  -8.198 0.0000000000
132503  -53.100  34.151  10.052 0.0000000000
132509  -58.259  34.420  10.777 0.0000000000
132510  -58.805  34.285  10.520 0.0000000000
132511  -59.224  34.174  10.193 0.0000000000
132521  -48.215  34.070  10.021 0.0000000000
132522  -48.889  34.023  10.063 0.0000000000
132524  -50.812  34.079  9.864 0.0000000000
132526  -52.824  34.508  9.985 0.0000000000
132527  -53.713  34.645  10.218 0.0000000000
132530  -59.758  33.926  9.626 0.0000000000
132531  -60.133  33.330  9.423 0.0000000000
132550  -49.532  34.458  9.780 0.0000000000
132553  -60.058  34.077  8.969 0.0000000000
132561  -60.254  34.141  8.349 0.0000000000
132565  -60.887  33.553  7.914 0.0000000000
132568  -58.914  34.824  6.513 0.0000000000
132571  -60.997  33.485  7.204 0.0000000000
132583  -57.544  34.481  5.198 0.0000000000
132584  -58.423  34.050  5.371 0.0000000000
132588  -55.740  34.615  3.726 0.0000000000
132589  -56.345  34.426  4.181 0.0000000000
132597  -54.481  34.574  2.661 0.0000000000
132608  -52.982  33.983  1.269 0.0000000000
132611  -49.834  34.494  -0.726 0.0000000000
132615  -48.847  34.447  -1.273 0.0000000000
132616  -49.384  34.272  -0.984 0.0000000000
132639  -46.245  33.629  -2.602 0.0000000000
132663  -49.981  32.651  -7.052 0.0000000000
132664  -50.440  32.644  -7.268 0.0000000000
132668  -49.822  32.617  -7.288 0.0000000000
132669  -50.117  32.584  -7.444 0.0000000000
132670  -50.527  32.585  -7.580 0.0000000000
133439  -57.299  35.130  10.861 0.0000000000
133440  -57.981  35.018  10.832 0.0000000000
133442  -58.931  34.611  10.348 0.0000000000
133530  -58.323  35.429  6.138 0.0000000000
133531  -58.572  35.881  6.419 0.0000000000
133534  -56.412  35.172  4.597 0.0000000000
133535  -57.014  35.264  5.066 0.0000000000
133545  -53.623  35.090  2.232 0.0000000000
133546  -54.142  35.299  2.619 0.0000000000
133554  -53.188  35.342  1.751 0.0000000000
133558  -51.433  35.027  0.341 0.0000000000
133559  -52.170  35.302  0.725 0.0000000000
133560  -52.771  35.560  1.199 0.0000000000
133563  -49.600  34.746  -0.875 0.0000000000
133570  -49.788  35.685  -1.017 0.0000000000
134360  -56.761  35.873  10.647 0.0000000000
134363  -58.164  35.379  10.604 0.0000000000
134371  -57.047  36.262  10.417 0.0000000000
134374  -58.619  35.885  9.774 0.0000000000
134426  -58.642  36.428  6.389 0.0000000000
134455  -56.173  35.560  4.274 0.0000000000
134457  -57.485  36.570  4.553 0.0000000000
134463  -56.765  36.618  3.694 0.0000000000
134464  -57.511  37.016  3.806 0.0000000000
134469  -54.763  35.979  2.819 0.0000000000
134478  -53.834  36.141  1.758 0.0000000000
134480  -55.744  36.926  2.043 0.0000000000
134491  -50.344  35.700  -0.707 0.0000000000
134492  -51.038  35.997  -0.531 0.0000000000
134493  -52.048  36.217  -0.249 0.0000000000
134502  -52.990  37.044  -0.926 0.0000000000
134508  -49.363  36.776  -1.971 0.0000000000
135483  -56.398  36.953  2.336 0.0000000000
135503  -55.448  37.210  0.497 0.0000000000
135513  -53.594  37.029  -0.566 0.0000000000
135522  -50.780  37.016  -1.581 0.0000000000
135533  -47.788  36.946  -2.638 0.0000000000
135536  -50.726  37.588  -2.261 0.0000000000
136482  -58.620  37.475  8.335 0.0000000000
136504  -58.525  38.235  7.655 0.0000000000
137559  -58.280  38.723  7.541 0.0000000000
137560  -58.467  38.418  7.388 0.0000000000
138565  -57.927  39.734  6.633 0.0000000000
