#!ascii label  , from subject colin27 vox2ras=TkReg
1306
84447  -17.598  -4.457  52.920 0.0000000000
76768  -38.161  -9.914  37.577 0.0000000000
87376  -36.847  -2.263  29.583 0.0000000000
76691  -28.782  -10.746  42.094 0.0000000000
104501  -43.066  10.771  16.423 0.0000000000
99020  -36.620  6.036  23.314 0.0000000000
78026  -39.747  -9.939  41.087 0.0000000000
72685  -34.044  -13.503  40.244 0.0000000000
111958  -49.488  16.167  19.679 0.0000000000
114530  -52.677  18.737  15.033 0.0000000000
105906  -55.964  11.935  14.533 0.0000000000
97682  -38.727  5.675  31.849 0.0000000000
93871  -35.456  2.760  26.502 0.0000000000
102950  -40.380  9.630  27.836 0.0000000000
101677  -43.794  8.585  23.935 0.0000000000
84549  -22.673  -4.254  41.023 0.0000000000
84422  -17.146  -4.901  58.058 0.0000000000
85953  -36.629  -3.836  37.164 0.0000000000
91158  -40.218  0.228  32.756 0.0000000000
78063  -25.720  -9.115  37.521 0.0000000000
74096  -31.077  -12.388  37.833 0.0000000000
99177  -55.764  6.225  10.481 0.0000000000
104582  -58.143  10.510  10.648 0.0000000000
99072  -40.301  7.075  19.325 0.0000000000
104457  -47.559  10.348  20.437 0.0000000000
85830  -16.098  -3.721  48.702 0.0000000000
72433  -15.939  -13.057  60.796 0.0000000000
115793  -50.853  19.183  17.503 0.0000000000
100253  -38.854  8.126  30.581 0.0000000000
87242  -21.371  -2.899  39.433 0.0000000000
84435  -17.934  -5.273  55.092 0.0000000000
80701  -36.579  -7.256  35.970 0.0000000000
81986  -37.836  -6.649  37.929 0.0000000000
78037  -26.715  -9.340  40.158 0.0000000000
76748  -28.859  -10.005  37.871 0.0000000000
75378  -29.706  -11.425  39.598 0.0000000000
74101  -36.705  -12.298  38.584 0.0000000000
74098  -34.071  -13.186  37.422 0.0000000000
75442  -35.444  -12.193  36.582 0.0000000000
77985  -26.077  -9.246  43.529 0.0000000000
79278  -24.482  -8.539  41.221 0.0000000000
105921  -50.125  11.753  13.010 0.0000000000
100525  -54.104  7.022  11.113 0.0000000000
104561  -57.733  9.617  12.844 0.0000000000
96457  -35.579  4.598  24.937 0.0000000000
99051  -38.331  6.973  21.488 0.0000000000
101713  -45.785  8.343  22.309 0.0000000000
91030  -17.337  0.199  44.134 0.0000000000
92341  -15.910  1.341  46.043 0.0000000000
90979  -14.408  0.824  48.133 0.0000000000
85845  -16.279  -3.814  46.712 0.0000000000
72452  -16.621  -13.013  57.996 0.0000000000
76752  -38.941  -9.943  39.080 0.0000000000
81971  -38.895  -6.417  39.314 0.0000000000
81959  -40.073  -6.225  40.402 0.0000000000
76680  -30.516  -11.305  43.799 0.0000000000
74010  -30.930  -12.394  41.233 0.0000000000
74014  -34.244  -13.048  42.605 0.0000000000
74056  -37.368  -12.380  40.760 0.0000000000
108326  -45.929  13.427  18.704 0.0000000000
111971  -47.644  16.186  16.861 0.0000000000
110728  -49.729  15.757  14.756 0.0000000000
107141  -52.137  13.426  13.700 0.0000000000
105925  -53.876  10.662  13.655 0.0000000000
110720  -54.786  15.811  14.462 0.0000000000
92511  -37.796  1.573  30.105 0.0000000000
89918  -36.188  -0.119  27.436 0.0000000000
95086  -37.006  3.856  29.041 0.0000000000
98972  -37.631  6.540  27.821 0.0000000000
100328  -38.335  7.553  24.941 0.0000000000
100357  -39.667  7.889  23.494 0.0000000000
102985  -42.351  9.426  26.191 0.0000000000
88487  -22.771  -0.882  43.602 0.0000000000
89785  -19.782  -1.124  41.724 0.0000000000
103198  -55.019  9.633  8.284 0.0000000000
84408  -15.480  -4.959  60.386 0.0000000000
84617  -34.952  -4.665  35.909 0.0000000000
87325  -36.514  -2.534  33.021 0.0000000000
85955  -38.599  -3.016  37.618 0.0000000000
87328  -39.168  -2.408  33.708 0.0000000000
88627  -39.021  -0.973  30.935 0.0000000000
95047  -38.653  3.257  32.340 0.0000000000
74075  -31.948  -12.842  39.024 0.0000000000
81918  -22.936  -6.131  43.170 0.0000000000
80661  -22.752  -7.294  39.619 0.0000000000
101841  -55.454  8.635  12.588 0.0000000000
101878  -56.888  8.431  10.980 0.0000000000
101890  -57.016  8.298  9.178 0.0000000000
105974  -56.415  12.137  9.996 0.0000000000
77880  -19.232  -8.859  51.144 0.0000000000
76593  -18.598  -10.610  54.063 0.0000000000
100439  -42.266  8.058  17.717 0.0000000000
101722  -41.841  7.953  21.897 0.0000000000
100404  -43.782  7.556  20.053 0.0000000000
104477  -45.155  10.513  18.741 0.0000000000
108319  -47.861  13.683  20.257 0.0000000000
85813  -16.428  -3.558  50.752 0.0000000000
77862  -18.791  -9.442  56.576 0.0000000000
79098  -18.083  -8.506  59.618 0.0000000000
79086  -15.801  -8.559  62.255 0.0000000000
84437  -17.516  -4.550  53.833 0.0000000000
76767  -37.557  -10.094  36.826 0.0000000000
79335  -37.570  -8.166  36.566 0.0000000000
79336  -38.065  -8.401  37.265 0.0000000000
78039  -28.100  -10.054  40.785 0.0000000000
76720  -28.666  -10.405  40.002 0.0000000000
76721  -29.164  -11.004  40.335 0.0000000000
75421  -37.181  -11.640  37.862 0.0000000000
75420  -36.335  -12.159  37.726 0.0000000000
75444  -37.018  -11.039  36.872 0.0000000000
75461  -36.166  -11.169  35.938 0.0000000000
77988  -28.696  -10.478  43.583 0.0000000000
77966  -27.770  -9.861  44.601 0.0000000000
78007  -27.659  -10.037  42.661 0.0000000000
78023  -26.753  -9.455  41.302 0.0000000000
101858  -53.439  8.284  11.843 0.0000000000
87349  -35.357  -2.633  30.754 0.0000000000
87389  -35.956  -2.113  28.497 0.0000000000
97788  -36.004  5.465  23.578 0.0000000000
97805  -35.425  5.114  22.932 0.0000000000
99040  -37.788  6.818  22.198 0.0000000000
88485  -16.895  -1.504  44.046 0.0000000000
91018  -16.708  0.584  44.792 0.0000000000
88471  -16.334  -1.492  44.911 0.0000000000
88457  -15.362  -0.996  46.366 0.0000000000
85853  -16.496  -3.554  45.488 0.0000000000
78040  -39.595  -9.384  40.423 0.0000000000
79304  -39.533  -8.340  39.994 0.0000000000
79291  -40.139  -8.606  40.981 0.0000000000
75313  -32.636  -11.567  44.607 0.0000000000
75334  -32.524  -12.118  43.815 0.0000000000
73970  -34.061  -12.298  44.095 0.0000000000
75366  -39.088  -11.273  42.121 0.0000000000
74037  -37.225  -12.440  41.885 0.0000000000
75382  -39.042  -11.189  41.337 0.0000000000
75380  -37.827  -12.019  39.886 0.0000000000
109499  -47.526  15.060  18.927 0.0000000000
109501  -46.256  14.646  17.536 0.0000000000
113234  -48.751  16.831  18.445 0.0000000000
115798  -51.504  19.707  16.409 0.0000000000
113244  -50.280  17.855  15.805 0.0000000000
113254  -50.995  17.490  15.146 0.0000000000
108347  -51.345  14.226  13.903 0.0000000000
110731  -52.615  15.993  14.451 0.0000000000
108349  -53.351  14.330  13.975 0.0000000000
113257  -53.783  17.658  14.679 0.0000000000
95059  -38.015  3.640  30.902 0.0000000000
93846  -37.421  2.857  29.749 0.0000000000
96366  -38.102  4.610  30.380 0.0000000000
101631  -39.374  9.203  28.709 0.0000000000
98961  -38.223  6.838  29.144 0.0000000000
100300  -38.571  8.495  28.009 0.0000000000
98983  -37.566  6.781  27.053 0.0000000000
101653  -39.065  8.746  26.806 0.0000000000
101663  -40.238  8.696  25.596 0.0000000000
102969  -41.445  9.642  27.025 0.0000000000
85880  -22.962  -3.389  42.650 0.0000000000
88488  -23.422  -1.642  43.834 0.0000000000
87209  -22.789  -2.373  42.141 0.0000000000
88521  -20.700  -1.873  40.728 0.0000000000
105971  -54.814  11.326  8.714 0.0000000000
105979  -53.661  11.454  7.984 0.0000000000
83046  -16.601  -5.271  59.496 0.0000000000
83231  -36.586  -6.287  36.824 0.0000000000
83230  -35.902  -5.543  36.493 0.0000000000
84602  -35.990  -4.448  36.818 0.0000000000
85997  -36.002  -2.734  34.550 0.0000000000
87285  -36.816  -2.620  34.823 0.0000000000
84586  -39.523  -4.425  39.343 0.0000000000
84585  -38.438  -4.549  38.839 0.0000000000
85956  -39.623  -2.924  37.991 0.0000000000
89874  -40.974  -0.140  33.007 0.0000000000
88594  -40.561  -1.776  34.166 0.0000000000
89873  -40.513  -0.673  32.411 0.0000000000
88618  -39.122  -1.943  31.804 0.0000000000
89895  -39.446  -0.134  31.491 0.0000000000
92498  -38.972  0.964  31.929 0.0000000000
93814  -39.258  2.164  33.003 0.0000000000
75418  -29.790  -11.212  37.841 0.0000000000
74033  -32.343  -13.022  41.117 0.0000000000
74053  -32.093  -12.943  40.075 0.0000000000
72684  -33.301  -13.427  39.811 0.0000000000
72736  -33.585  -13.205  37.066 0.0000000000
80611  -23.448  -6.690  43.954 0.0000000000
78035  -25.026  -9.138  39.460 0.0000000000
79288  -23.741  -8.129  40.755 0.0000000000
79303  -24.190  -8.800  38.999 0.0000000000
79314  -23.373  -8.263  38.416 0.0000000000
104522  -54.641  10.894  13.920 0.0000000000
103143  -54.956  9.187  13.219 0.0000000000
103144  -55.897  9.200  13.272 0.0000000000
103180  -57.814  9.253  11.483 0.0000000000
101862  -56.888  8.615  11.832 0.0000000000
101884  -57.403  8.770  10.603 0.0000000000
101883  -57.224  8.501  10.034 0.0000000000
103185  -57.471  9.108  10.009 0.0000000000
104587  -56.634  10.229  9.489 0.0000000000
104588  -57.258  10.854  9.977 0.0000000000
92532  -35.906  1.407  27.514 0.0000000000
88673  -35.564  -0.693  26.962 0.0000000000
100437  -40.068  7.253  17.011 0.0000000000
100425  -41.332  7.328  18.804 0.0000000000
101689  -41.438  8.408  23.566 0.0000000000
101708  -40.786  8.056  22.887 0.0000000000
101710  -42.678  8.155  22.371 0.0000000000
103059  -47.181  9.268  20.738 0.0000000000
101725  -44.411  7.714  21.092 0.0000000000
101749  -46.047  8.510  19.893 0.0000000000
101760  -45.076  8.667  18.721 0.0000000000
104467  -46.446  10.446  19.548 0.0000000000
105854  -46.416  11.822  19.639 0.0000000000
105842  -47.761  11.643  20.656 0.0000000000
87146  -15.059  -2.415  48.700 0.0000000000
87133  -15.092  -2.457  49.707 0.0000000000
87122  -15.218  -2.400  50.710 0.0000000000
85823  -16.962  -4.078  50.151 0.0000000000
83112  -18.383  -5.591  50.280 0.0000000000
83119  -18.237  -5.616  49.403 0.0000000000
73802  -17.423  -12.321  54.918 0.0000000000
76575  -18.911  -9.979  55.264 0.0000000000
73789  -17.490  -12.037  56.039 0.0000000000
73757  -16.533  -12.640  59.377 0.0000000000
75134  -17.499  -11.259  58.764 0.0000000000
75128  -17.141  -10.948  60.597 0.0000000000
79093  -17.197  -8.401  61.217 0.0000000000
76545  -16.527  -10.662  61.753 0.0000000000
75316  -35.429  -12.056  44.724 0.0000000000
113228  -51.356  17.483  19.636 0.0000000000
113236  -50.432  17.760  18.983 0.0000000000
114514  -52.056  18.938  18.888 0.0000000000
98939  -38.758  6.910  31.229 0.0000000000
83193  -22.473  -5.271  39.393 0.0000000000
87229  -22.268  -2.756  40.076 0.0000000000
85779  -16.328  -3.646  56.137 0.0000000000
84427  -17.861  -5.429  56.752 0.0000000000
79349  -37.188  -8.363  35.960 0.0000000000
81985  -37.283  -6.718  37.265 0.0000000000
83216  -36.791  -5.485  37.420 0.0000000000
93790  -40.635  2.590  34.169 0.0000000000
78052  -26.706  -9.214  39.015 0.0000000000
79334  -27.268  -9.130  37.517 0.0000000000
78066  -28.217  -9.620  38.553 0.0000000000
76749  -29.420  -10.689  38.088 0.0000000000
75397  -30.312  -11.807  38.808 0.0000000000
74054  -35.508  -13.165  39.990 0.0000000000
72721  -34.511  -13.337  38.739 0.0000000000
74100  -35.690  -12.614  38.082 0.0000000000
74119  -34.962  -12.599  36.924 0.0000000000
75460  -35.468  -11.875  35.930 0.0000000000
79242  -25.332  -8.795  44.217 0.0000000000
79266  -23.955  -8.011  42.879 0.0000000000
77984  -25.303  -8.905  42.782 0.0000000000
78022  -25.953  -9.212  40.951 0.0000000000
105920  -49.024  12.206  13.175 0.0000000000
100541  -55.159  6.958  10.820 0.0000000000
107165  -57.015  12.757  14.710 0.0000000000
104540  -56.303  10.039  13.934 0.0000000000
95124  -35.434  3.534  25.882 0.0000000000
99060  -38.464  6.842  20.264 0.0000000000
99061  -39.694  7.049  20.076 0.0000000000
103017  -46.236  8.875  24.233 0.0000000000
101692  -44.268  8.355  23.130 0.0000000000
101695  -46.757  8.696  22.919 0.0000000000
91021  -19.559  0.903  45.054 0.0000000000
92331  -18.385  1.798  45.951 0.0000000000
93644  -16.258  2.800  47.443 0.0000000000
90990  -15.045  0.759  47.070 0.0000000000
87158  -15.151  -2.297  47.807 0.0000000000
85837  -15.978  -3.568  47.651 0.0000000000
84489  -18.217  -5.736  48.072 0.0000000000
84494  -17.441  -5.192  47.226 0.0000000000
76751  -38.502  -10.153  38.373 0.0000000000
79319  -38.474  -8.177  38.072 0.0000000000
79320  -38.916  -8.449  38.858 0.0000000000
81958  -39.500  -6.301  39.905 0.0000000000
76679  -29.850  -11.181  43.292 0.0000000000
75347  -29.850  -11.622  41.693 0.0000000000
75332  -30.696  -11.711  43.083 0.0000000000
74012  -32.416  -12.806  42.121 0.0000000000
72666  -34.110  -13.402  41.170 0.0000000000
73994  -35.665  -12.736  43.315 0.0000000000
74015  -35.313  -13.059  42.278 0.0000000000
74035  -35.556  -13.132  41.062 0.0000000000
74078  -37.042  -12.418  39.634 0.0000000000
75398  -37.603  -11.898  38.977 0.0000000000
77968  -29.669  -10.440  44.608 0.0000000000
105865  -44.077  11.686  17.633 0.0000000000
107126  -43.872  12.373  16.099 0.0000000000
108330  -44.902  13.366  17.247 0.0000000000
109504  -46.562  14.854  16.407 0.0000000000
109515  -47.701  14.814  15.176 0.0000000000
113240  -49.353  17.717  17.611 0.0000000000
111972  -48.405  16.706  16.326 0.0000000000
108344  -48.460  14.160  14.324 0.0000000000
107139  -50.289  13.581  13.688 0.0000000000
107159  -51.007  12.804  13.480 0.0000000000
105923  -52.186  11.147  13.326 0.0000000000
104560  -52.913  9.799  12.933 0.0000000000
105924  -53.103  10.927  13.496 0.0000000000
107162  -53.859  12.696  13.841 0.0000000000
107144  -54.979  13.160  14.183 0.0000000000
113259  -55.300  18.032  14.604 0.0000000000
108352  -56.179  14.132  14.621 0.0000000000
88647  -37.723  -0.515  29.219 0.0000000000
88659  -36.705  -0.657  28.023 0.0000000000
91188  -37.043  0.778  28.749 0.0000000000
92533  -36.167  2.001  28.183 0.0000000000
93862  -36.038  2.834  28.100 0.0000000000
97718  -38.200  5.755  29.713 0.0000000000
96386  -37.311  4.972  28.642 0.0000000000
95110  -35.929  4.185  27.101 0.0000000000
97754  -36.339  5.486  26.436 0.0000000000
98995  -36.796  6.103  25.295 0.0000000000
99007  -37.833  7.017  24.166 0.0000000000
99022  -38.220  7.095  23.101 0.0000000000
100342  -39.224  7.957  24.534 0.0000000000
101673  -40.458  8.516  24.764 0.0000000000
103001  -43.148  9.072  25.169 0.0000000000
102986  -43.468  9.542  26.257 0.0000000000
103002  -44.284  9.249  25.372 0.0000000000
89754  -22.058  -0.268  44.086 0.0000000000
88513  -22.007  -1.622  41.192 0.0000000000
89776  -21.163  -0.499  42.388 0.0000000000
91042  -19.768  0.424  43.611 0.0000000000
91040  -18.574  0.214  43.241 0.0000000000
87324  -35.536  -2.675  32.699 0.0000000000
87363  -37.280  -2.349  30.559 0.0000000000
81970  -38.309  -6.542  38.649 0.0000000000
83206  -37.993  -5.417  38.621 0.0000000000
85954  -37.507  -3.409  37.415 0.0000000000
87275  -38.680  -2.469  36.089 0.0000000000
87274  -37.817  -2.608  35.880 0.0000000000
87340  -38.226  -2.475  32.607 0.0000000000
88626  -38.216  -1.957  30.814 0.0000000000
88637  -38.147  -1.054  29.914 0.0000000000
89903  -38.584  -0.018  30.483 0.0000000000
93833  -38.212  2.329  31.253 0.0000000000
96345  -38.760  4.461  32.498 0.0000000000
95037  -39.791  3.268  33.806 0.0000000000
97661  -39.413  5.453  33.537 0.0000000000
75379  -30.253  -11.941  39.987 0.0000000000
74051  -30.801  -12.276  39.365 0.0000000000
74097  -31.765  -12.765  37.869 0.0000000000
72704  -33.192  -13.375  38.740 0.0000000000
72718  -32.305  -13.078  37.295 0.0000000000
84518  -23.625  -4.773  43.728 0.0000000000
83161  -22.812  -5.276  42.652 0.0000000000
80635  -23.405  -7.448  42.311 0.0000000000
80642  -22.844  -6.900  41.756 0.0000000000
83183  -22.579  -5.210  40.503 0.0000000000
81957  -22.431  -6.367  38.923 0.0000000000
103161  -53.870  8.564  12.358 0.0000000000
101860  -55.062  7.988  11.836 0.0000000000
100542  -55.677  7.302  10.857 0.0000000000
103162  -56.375  8.931  12.756 0.0000000000
101877  -56.174  7.872  11.004 0.0000000000
100543  -56.203  7.273  10.489 0.0000000000
100549  -56.757  7.339  10.049 0.0000000000
100555  -57.025  7.376  9.329 0.0000000000
101898  -56.816  8.217  8.700 0.0000000000
103199  -56.031  9.553  8.831 0.0000000000
104596  -56.000  10.815  9.386 0.0000000000
83096  -18.967  -6.047  51.712 0.0000000000
80504  -19.413  -7.606  53.077 0.0000000000
76602  -19.000  -10.070  52.375 0.0000000000
88658  -35.844  -1.446  27.682 0.0000000000
101786  -42.828  8.906  16.829 0.0000000000
100374  -39.052  7.355  22.275 0.0000000000
100399  -39.505  7.279  21.010 0.0000000000
100401  -41.268  7.378  20.595 0.0000000000
101711  -43.798  8.037  22.301 0.0000000000
100389  -42.674  7.575  20.965 0.0000000000
100414  -42.158  7.370  19.482 0.0000000000
100427  -43.270  7.870  18.357 0.0000000000
101771  -44.054  8.792  17.689 0.0000000000
104489  -43.865  10.794  17.564 0.0000000000
107109  -45.770  12.510  18.996 0.0000000000
109493  -47.261  14.059  19.614 0.0000000000
109495  -48.852  14.773  20.186 0.0000000000
87106  -15.374  -2.329  52.734 0.0000000000
87114  -15.342  -2.333  51.711 0.0000000000
84458  -17.647  -4.501  51.994 0.0000000000
83106  -18.862  -6.142  50.698 0.0000000000
77883  -19.062  -8.857  50.518 0.0000000000
80501  -19.344  -7.675  54.117 0.0000000000
81817  -19.015  -6.904  55.616 0.0000000000
81809  -18.624  -7.121  57.231 0.0000000000
75149  -17.672  -11.501  56.955 0.0000000000
77853  -18.519  -9.124  57.777 0.0000000000
81805  -18.115  -6.902  58.689 0.0000000000
81798  -17.452  -7.035  60.084 0.0000000000
81792  -15.968  -6.508  61.201 0.0000000000
73743  -15.388  -12.438  62.147 0.0000000000
76540  -15.087  -10.464  62.805 0.0000000000
85797  -17.066  -3.988  53.392 0.0000000000
84448  -18.069  -4.902  53.368 0.0000000000
78082  -38.044  -9.335  37.194 0.0000000000
78025  -28.170  -10.258  41.843 0.0000000000
76706  -28.658  -10.596  41.079 0.0000000000
76750  -37.824  -10.711  37.649 0.0000000000
78008  -28.371  -10.431  42.815 0.0000000000
77987  -28.042  -10.188  43.640 0.0000000000
78024  -27.499  -9.815  41.594 0.0000000000
101857  -52.710  8.538  11.703 0.0000000000
87362  -36.190  -2.467  30.215 0.0000000000
87375  -36.003  -2.364  29.370 0.0000000000
87390  -36.525  -2.163  28.986 0.0000000000
97806  -36.015  5.661  22.524 0.0000000000
99039  -36.818  6.252  22.056 0.0000000000
87192  -16.773  -2.371  44.362 0.0000000000
88484  -16.632  -1.003  44.363 0.0000000000
87182  -16.478  -2.649  45.016 0.0000000000
87181  -16.067  -2.254  45.608 0.0000000000
78041  -39.955  -9.419  41.039 0.0000000000
75293  -33.145  -11.232  45.213 0.0000000000
75335  -33.238  -12.100  44.156 0.0000000000
75315  -34.484  -11.905  44.706 0.0000000000
76708  -39.543  -10.544  41.646 0.0000000000
75365  -38.488  -11.673  41.732 0.0000000000
76723  -39.293  -10.580  40.654 0.0000000000
76670  -32.466  -11.066  45.189 0.0000000000
110707  -48.600  15.339  19.616 0.0000000000
111964  -47.834  15.734  18.563 0.0000000000
111966  -49.176  16.658  19.042 0.0000000000
114522  -51.846  19.127  15.563 0.0000000000
114521  -51.254  18.815  15.767 0.0000000000
114529  -51.993  18.435  15.173 0.0000000000
111986  -51.697  16.785  14.759 0.0000000000
113256  -52.717  17.694  14.852 0.0000000000
111988  -53.534  16.882  14.634 0.0000000000
96353  -38.333  4.526  31.326 0.0000000000
96352  -38.116  4.289  30.886 0.0000000000
96367  -38.315  5.419  30.483 0.0000000000
100283  -38.671  8.506  28.593 0.0000000000
100299  -38.473  8.300  27.432 0.0000000000
101645  -39.271  9.009  27.534 0.0000000000
102968  -40.488  9.359  26.836 0.0000000000
87202  -23.196  -2.477  43.142 0.0000000000
85886  -22.729  -3.297  41.561 0.0000000000
107213  -54.858  13.071  8.571 0.0000000000
105980  -54.283  11.671  8.401 0.0000000000
107212  -54.229  12.617  8.119 0.0000000000
84421  -16.690  -4.357  57.726 0.0000000000
85768  -15.922  -3.913  58.743 0.0000000000
84417  -15.882  -4.166  59.170 0.0000000000
84419  -17.099  -5.192  58.640 0.0000000000
84593  -36.528  -4.626  37.302 0.0000000000
83215  -36.281  -5.021  37.032 0.0000000000
85966  -36.156  -3.596  36.519 0.0000000000
85967  -36.994  -3.089  36.453 0.0000000000
85943  -39.936  -3.466  38.715 0.0000000000
88610  -40.997  -0.848  33.008 0.0000000000
89886  -40.412  -0.221  32.536 0.0000000000
89885  -39.947  -0.187  31.956 0.0000000000
91157  -39.718  0.241  32.218 0.0000000000
92481  -39.475  0.916  32.480 0.0000000000
92482  -39.995  0.744  33.005 0.0000000000
78062  -24.969  -9.191  37.748 0.0000000000
72665  -33.293  -13.340  40.873 0.0000000000
72664  -32.723  -13.229  40.279 0.0000000000
78050  -24.985  -9.184  38.385 0.0000000000
79315  -24.327  -8.858  37.812 0.0000000000
104523  -55.617  10.977  14.189 0.0000000000
104539  -55.312  9.999  13.793 0.0000000000
101879  -57.524  8.925  10.886 0.0000000000
103186  -57.724  9.426  10.516 0.0000000000
103193  -57.682  10.237  10.218 0.0000000000
104589  -57.873  11.026  10.417 0.0000000000
92544  -35.519  1.831  26.791 0.0000000000
91218  -35.648  0.666  26.832 0.0000000000
92543  -35.263  1.339  26.274 0.0000000000
99071  -39.091  6.783  18.974 0.0000000000
99082  -39.700  6.906  18.142 0.0000000000
99083  -40.560  7.146  18.442 0.0000000000
99073  -40.909  7.106  19.067 0.0000000000
101676  -42.941  8.668  24.189 0.0000000000
101690  -42.352  8.456  23.376 0.0000000000
101691  -43.310  8.401  23.221 0.0000000000
103058  -46.702  8.969  20.255 0.0000000000
103071  -46.996  10.042  19.994 0.0000000000
103070  -46.284  9.261  19.654 0.0000000000
104468  -47.030  11.003  20.104 0.0000000000
104469  -47.631  10.964  20.505 0.0000000000
88410  -14.587  -1.666  49.111 0.0000000000
87134  -15.620  -3.095  49.238 0.0000000000
85822  -16.247  -3.656  49.734 0.0000000000
84480  -17.310  -4.666  49.511 0.0000000000
85831  -16.708  -4.242  49.190 0.0000000000
73790  -17.839  -11.729  55.346 0.0000000000
73751  -16.439  -12.347  60.397 0.0000000000
73752  -16.924  -12.032  59.843 0.0000000000
75131  -16.921  -11.608  60.378 0.0000000000
76546  -17.066  -10.159  61.256 0.0000000000
75127  -16.637  -11.349  61.134 0.0000000000
100239  -39.122  8.029  31.729 0.0000000000
84571  -22.366  -4.327  38.956 0.0000000000
85783  -17.023  -4.329  55.161 0.0000000000
87084  -15.888  -3.010  55.477 0.0000000000
85780  -16.856  -4.246  55.949 0.0000000000
85776  -16.690  -4.132  56.671 0.0000000000
84431  -17.893  -5.353  56.076 0.0000000000
78098  -37.000  -9.108  35.635 0.0000000000
80689  -37.627  -7.618  37.035 0.0000000000
81969  -37.570  -6.012  38.040 0.0000000000
78053  -27.471  -9.419  39.336 0.0000000000
76736  -29.256  -10.811  39.241 0.0000000000
76735  -28.788  -10.182  38.904 0.0000000000
75396  -29.771  -11.262  38.537 0.0000000000
74077  -36.125  -12.777  39.266 0.0000000000
74076  -35.232  -13.098  38.930 0.0000000000
75443  -36.189  -11.763  36.889 0.0000000000
74120  -35.735  -12.279  37.243 0.0000000000
76783  -36.405  -10.422  35.523 0.0000000000
77986  -27.184  -9.751  43.596 0.0000000000
77965  -26.787  -9.476  44.646 0.0000000000
77964  -25.970  -9.077  44.813 0.0000000000
79256  -25.331  -8.884  43.511 0.0000000000
78036  -25.897  -9.232  39.821 0.0000000000
105899  -49.385  12.527  13.369 0.0000000000
96442  -35.343  4.008  25.087 0.0000000000
95123  -35.176  3.375  25.199 0.0000000000
99050  -37.471  6.603  21.068 0.0000000000
103050  -47.968  9.584  21.659 0.0000000000
91020  -18.702  1.050  44.655 0.0000000000
91006  -19.016  1.293  45.588 0.0000000000
91019  -17.783  0.934  44.570 0.0000000000
91017  -15.931  0.664  45.569 0.0000000000
92342  -16.559  1.514  45.622 0.0000000000
92329  -16.337  2.020  46.396 0.0000000000
92313  -15.246  2.094  47.485 0.0000000000
92328  -15.611  1.548  46.670 0.0000000000
88444  -15.533  -2.080  46.584 0.0000000000
88443  -15.154  -1.510  46.966 0.0000000000
87159  -15.597  -2.722  47.138 0.0000000000
85839  -17.164  -4.925  47.709 0.0000000000
85846  -16.861  -4.690  46.987 0.0000000000
78068  -38.831  -9.395  38.748 0.0000000000
78055  -39.171  -9.276  39.473 0.0000000000
79305  -39.951  -7.677  40.503 0.0000000000
80663  -39.596  -7.284  40.039 0.0000000000
75331  -30.065  -11.557  42.516 0.0000000000
73992  -33.487  -12.617  43.383 0.0000000000
73991  -32.516  -12.564  42.983 0.0000000000
74013  -33.321  -12.998  42.365 0.0000000000
74034  -32.984  -13.109  41.650 0.0000000000
72647  -34.110  -13.223  41.927 0.0000000000
73973  -36.665  -12.345  44.005 0.0000000000
73972  -35.971  -12.439  44.062 0.0000000000
74016  -36.426  -12.728  42.543 0.0000000000
74036  -36.411  -12.827  41.490 0.0000000000
74055  -36.362  -12.813  40.371 0.0000000000
76722  -38.902  -10.951  39.907 0.0000000000
75399  -38.338  -11.434  39.498 0.0000000000
76737  -38.707  -10.654  39.177 0.0000000000
75422  -38.136  -11.162  38.538 0.0000000000
76668  -30.980  -11.096  44.466 0.0000000000
76667  -30.108  -10.869  44.189 0.0000000000
76666  -29.352  -10.644  43.870 0.0000000000
107120  -45.187  13.036  18.190 0.0000000000
107119  -44.464  12.651  17.556 0.0000000000
108331  -45.553  13.944  17.619 0.0000000000
110715  -47.200  15.737  17.178 0.0000000000
109502  -46.791  15.238  17.414 0.0000000000
109514  -47.089  14.691  15.580 0.0000000000
110717  -47.448  15.721  16.278 0.0000000000
115787  -50.868  18.867  18.170 0.0000000000
114511  -49.899  17.919  18.280 0.0000000000
114516  -49.886  18.202  17.548 0.0000000000
111974  -49.858  17.262  15.611 0.0000000000
111973  -49.238  17.065  15.914 0.0000000000
111983  -49.125  16.432  15.341 0.0000000000
109516  -48.484  15.048  14.881 0.0000000000
109517  -49.554  15.016  14.466 0.0000000000
108345  -49.436  14.306  14.118 0.0000000000
107140  -51.213  13.496  13.653 0.0000000000
107160  -51.937  12.673  13.574 0.0000000000
105902  -51.618  11.983  13.475 0.0000000000
105903  -52.593  11.828  13.610 0.0000000000
109507  -54.124  15.408  14.280 0.0000000000
107143  -54.043  13.494  13.903 0.0000000000
108350  -54.439  14.463  14.117 0.0000000000
107163  -54.456  12.869  13.977 0.0000000000
108337  -55.004  14.779  14.261 0.0000000000
110722  -56.087  15.913  14.658 0.0000000000
89911  -37.691  0.052  29.239 0.0000000000
91189  -37.521  0.814  29.361 0.0000000000
95073  -37.439  3.621  29.591 0.0000000000
93855  -36.920  2.620  29.249 0.0000000000
93854  -36.433  2.904  28.649 0.0000000000
95085  -36.531  3.655  28.546 0.0000000000
98953  -38.531  7.048  30.053 0.0000000000
97719  -38.393  6.137  30.169 0.0000000000
97746  -37.705  6.389  28.166 0.0000000000
97734  -37.871  6.019  28.735 0.0000000000
97745  -37.383  5.872  28.017 0.0000000000
96407  -36.715  4.789  27.966 0.0000000000
96425  -36.440  5.104  27.231 0.0000000000
96424  -36.160  5.044  26.688 0.0000000000
97755  -36.725  5.779  26.766 0.0000000000
100314  -38.099  7.568  26.085 0.0000000000
98996  -37.348  6.732  25.573 0.0000000000
99006  -37.011  6.311  24.364 0.0000000000
102984  -41.296  9.220  26.056 0.0000000000
102999  -41.564  8.991  25.451 0.0000000000
101665  -41.736  8.864  24.946 0.0000000000
103000  -42.096  9.098  25.434 0.0000000000
102972  -44.961  9.972  27.224 0.0000000000
102987  -44.600  9.624  26.309 0.0000000000
103003  -45.386  9.287  25.378 0.0000000000
89755  -22.980  -0.768  44.206 0.0000000000
89743  -22.782  -0.442  44.987 0.0000000000
87243  -21.965  -2.932  39.395 0.0000000000
87217  -22.365  -2.285  40.999 0.0000000000
87228  -21.662  -2.216  40.276 0.0000000000
89786  -20.288  -0.888  41.757 0.0000000000
89787  -20.780  -0.728  41.951 0.0000000000
89775  -20.346  -0.348  42.377 0.0000000000
89764  -20.764  0.102  43.425 0.0000000000
89763  -19.623  0.076  42.855 0.0000000000
89774  -19.406  -0.738  42.186 0.0000000000
83037  -15.544  -5.587  60.786 0.0000000000
83247  -35.625  -6.247  35.762 0.0000000000
85976  -34.902  -3.775  35.509 0.0000000000
87303  -35.700  -2.679  33.704 0.0000000000
87338  -36.397  -2.533  32.079 0.0000000000
87350  -36.321  -2.525  31.139 0.0000000000
87351  -37.229  -2.441  31.486 0.0000000000
80675  -38.563  -7.563  38.546 0.0000000000
84584  -37.735  -4.660  38.400 0.0000000000
85941  -37.979  -3.851  38.230 0.0000000000
87329  -39.925  -2.226  33.881 0.0000000000
87288  -39.404  -2.302  35.468 0.0000000000
87307  -39.306  -2.353  34.581 0.0000000000
87287  -38.564  -2.457  35.237 0.0000000000
87306  -38.456  -2.492  34.362 0.0000000000
87286  -37.712  -2.567  35.013 0.0000000000
87327  -38.359  -2.515  33.469 0.0000000000
88617  -38.574  -2.180  31.378 0.0000000000
88638  -38.669  -0.403  30.380 0.0000000000
93834  -38.692  1.930  32.048 0.0000000000
92497  -38.624  1.094  31.388 0.0000000000
95060  -38.320  3.146  31.605 0.0000000000
95023  -40.413  3.224  34.281 0.0000000000
96321  -40.180  4.374  34.584 0.0000000000
97660  -39.079  5.485  32.923 0.0000000000
78080  -28.281  -9.570  37.429 0.0000000000
78096  -28.089  -9.471  36.836 0.0000000000
76765  -28.809  -9.996  37.128 0.0000000000
75348  -30.623  -12.053  42.034 0.0000000000
75364  -30.310  -12.054  41.027 0.0000000000
74052  -31.418  -12.607  39.738 0.0000000000
74074  -31.308  -12.501  38.720 0.0000000000
72720  -33.862  -13.328  38.078 0.0000000000
83150  -23.163  -5.431  43.501 0.0000000000
84526  -23.065  -4.440  43.105 0.0000000000
79267  -24.598  -8.471  42.317 0.0000000000
79277  -23.882  -8.056  41.810 0.0000000000
80652  -23.138  -7.682  40.324 0.0000000000
80643  -23.279  -7.551  41.285 0.0000000000
80651  -22.750  -7.011  40.704 0.0000000000
81940  -22.629  -6.116  41.137 0.0000000000
81949  -22.581  -6.208  40.027 0.0000000000
104537  -53.453  9.904  13.252 0.0000000000
103141  -53.527  9.383  13.023 0.0000000000
103142  -53.973  9.134  13.080 0.0000000000
101840  -54.594  8.543  12.480 0.0000000000
100527  -55.323  7.571  11.253 0.0000000000
103145  -56.698  9.386  13.354 0.0000000000
103163  -57.119  9.031  12.628 0.0000000000
101889  -56.683  8.863  8.978 0.0000000000
104597  -56.576  11.298  9.782 0.0000000000
105973  -56.016  11.905  9.676 0.0000000000
105972  -55.469  11.614  9.225 0.0000000000
107206  -56.005  12.861  9.942 0.0000000000
79131  -19.316  -8.380  51.588 0.0000000000
80507  -19.353  -7.630  52.008 0.0000000000
77879  -19.225  -9.239  51.844 0.0000000000
88645  -36.323  -1.722  28.271 0.0000000000
100438  -40.775  7.599  17.552 0.0000000000
101768  -41.580  8.297  16.905 0.0000000000
101769  -42.589  8.525  17.128 0.0000000000
100356  -38.961  7.449  22.919 0.0000000000
100375  -39.569  7.596  22.535 0.0000000000
101721  -41.144  7.933  22.164 0.0000000000
100386  -40.259  7.626  21.929 0.0000000000
100387  -41.142  7.665  21.418 0.0000000000
100400  -40.420  7.340  20.748 0.0000000000
101712  -44.856  8.102  22.248 0.0000000000
100390  -43.413  7.575  20.790 0.0000000000
100403  -42.880  7.447  20.172 0.0000000000
100402  -42.049  7.372  20.365 0.0000000000
100415  -43.070  7.555  19.292 0.0000000000
103079  -45.178  9.363  18.675 0.0000000000
101759  -44.560  8.708  18.196 0.0000000000
103078  -44.693  9.150  18.105 0.0000000000
103092  -44.053  9.476  17.673 0.0000000000
103093  -44.568  10.230  18.211 0.0000000000
104490  -44.546  11.054  18.337 0.0000000000
104491  -45.037  11.162  18.821 0.0000000000
107097  -47.087  12.347  20.141 0.0000000000
107110  -46.471  12.878  19.495 0.0000000000
109494  -47.911  14.677  19.666 0.0000000000
88391  -14.790  -1.635  51.118 0.0000000000
87115  -15.897  -2.940  51.256 0.0000000000
85805  -16.506  -3.501  51.806 0.0000000000
85814  -17.174  -4.078  51.258 0.0000000000
84467  -18.165  -4.948  51.636 0.0000000000
84475  -18.125  -4.989  50.767 0.0000000000
81871  -18.790  -7.378  49.712 0.0000000000
80539  -18.793  -7.830  50.010 0.0000000000
77889  -18.690  -8.760  49.901 0.0000000000
79122  -19.397  -8.474  53.524 0.0000000000
81823  -19.220  -6.841  53.746 0.0000000000
77872  -19.234  -9.310  53.958 0.0000000000
76566  -18.741  -9.918  55.952 0.0000000000
79116  -19.176  -8.537  55.460 0.0000000000
79113  -19.062  -8.635  56.368 0.0000000000
81813  -18.839  -7.092  56.567 0.0000000000
79110  -18.855  -8.784  57.004 0.0000000000
72460  -16.258  -13.686  57.434 0.0000000000
72461  -16.764  -12.979  57.222 0.0000000000
73767  -17.117  -12.274  58.100 0.0000000000
76553  -18.040  -10.287  58.835 0.0000000000
76555  -18.179  -10.267  57.985 0.0000000000
77852  -18.335  -9.418  58.347 0.0000000000
79105  -18.514  -8.616  58.064 0.0000000000
80485  -18.141  -7.687  59.125 0.0000000000
81802  -17.705  -6.838  59.438 0.0000000000
80482  -17.782  -7.677  59.902 0.0000000000
79087  -16.556  -8.478  61.827 0.0000000000
79092  -16.768  -7.933  61.499 0.0000000000
80476  -16.246  -7.464  61.583 0.0000000000
81791  -15.136  -6.484  61.522 0.0000000000
75121  -15.009  -11.816  62.730 0.0000000000
75122  -15.519  -11.376  62.456 0.0000000000
84434  -17.441  -4.718  54.721 0.0000000000
78081  -37.576  -9.059  36.450 0.0000000000
80690  -38.081  -7.365  37.796 0.0000000000
78038  -27.460  -9.608  40.482 0.0000000000
78054  -28.138  -9.830  39.682 0.0000000000
75462  -36.847  -10.530  36.226 0.0000000000
77967  -28.800  -10.229  44.496 0.0000000000
78006  -26.844  -9.625  42.469 0.0000000000
105941  -50.456  10.966  12.503 0.0000000000
101876  -53.569  7.755  11.459 0.0000000000
86036  -34.520  -2.902  31.237 0.0000000000
97774  -35.913  5.135  24.673 0.0000000000
96456  -35.276  4.456  24.325 0.0000000000
97787  -35.560  4.936  23.859 0.0000000000
96475  -34.975  4.547  23.363 0.0000000000
89752  -17.509  -0.483  43.565 0.0000000000
91029  -16.858  -0.030  44.358 0.0000000000
89740  -15.936  -0.406  45.306 0.0000000000
89739  -15.533  0.011  45.891 0.0000000000
88458  -15.669  -1.504  45.975 0.0000000000
87172  -16.166  -3.005  45.951 0.0000000000
85854  -16.737  -4.337  45.902 0.0000000000
84500  -17.145  -5.016  46.202 0.0000000000
76738  -39.147  -10.145  39.769 0.0000000000
79290  -39.751  -8.775  40.461 0.0000000000
75312  -31.767  -11.595  44.179 0.0000000000
75311  -31.100  -11.560  43.799 0.0000000000
74017  -37.229  -12.396  42.811 0.0000000000
74038  -37.894  -12.117  42.262 0.0000000000
74057  -37.939  -12.111  41.448 0.0000000000
75381  -38.467  -11.607  40.637 0.0000000000
76669  -31.834  -11.127  44.899 0.0000000000
109498  -46.938  14.697  18.690 0.0000000000
109497  -46.211  14.164  18.401 0.0000000000
110712  -47.359  15.442  18.293 0.0000000000
111969  -48.112  16.652  17.754 0.0000000000
115797  -50.988  19.348  16.727 0.0000000000
114519  -50.038  18.329  16.768 0.0000000000
114520  -50.557  18.711  16.489 0.0000000000
113245  -50.877  18.175  15.566 0.0000000000
111985  -50.663  16.820  14.987 0.0000000000
110729  -50.628  15.815  14.593 0.0000000000
110730  -51.594  15.905  14.477 0.0000000000
108348  -52.314  14.236  13.928 0.0000000000
109520  -52.511  15.110  14.167 0.0000000000
110732  -53.491  16.148  14.491 0.0000000000
113246  -54.282  16.833  14.594 0.0000000000
93847  -37.875  2.637  30.503 0.0000000000
92525  -37.284  1.890  29.497 0.0000000000
95074  -37.745  3.751  30.012 0.0000000000
95087  -37.522  3.996  29.497 0.0000000000
100267  -38.753  8.336  29.516 0.0000000000
98962  -38.461  7.702  29.168 0.0000000000
100282  -38.281  7.843  28.428 0.0000000000
98973  -37.879  7.081  28.010 0.0000000000
98984  -38.055  7.639  27.006 0.0000000000
100315  -38.633  8.211  26.445 0.0000000000
100329  -38.909  8.078  25.504 0.0000000000
101662  -39.423  8.565  25.963 0.0000000000
102983  -40.627  9.130  26.319 0.0000000000
87195  -24.204  -2.520  44.284 0.0000000000
87194  -23.707  -2.510  43.652 0.0000000000
88498  -22.717  -1.465  42.851 0.0000000000
88522  -21.127  -1.907  40.536 0.0000000000
88510  -19.357  -1.549  41.782 0.0000000000
104595  -55.344  10.506  8.824 0.0000000000
104594  -54.662  10.238  8.396 0.0000000000
104602  -54.143  10.742  8.271 0.0000000000
104609  -52.961  10.842  7.543 0.0000000000
83042  -16.375  -5.629  60.158 0.0000000000
81999  -36.812  -6.797  36.623 0.0000000000
81998  -36.315  -6.762  36.108 0.0000000000
85965  -35.428  -3.930  36.273 0.0000000000
85977  -36.004  -3.116  35.570 0.0000000000
87304  -36.674  -2.571  33.933 0.0000000000
83207  -38.804  -5.554  39.313 0.0000000000
85942  -38.960  -3.613  38.562 0.0000000000
88609  -40.145  -1.694  32.865 0.0000000000
88608  -39.553  -2.074  32.420 0.0000000000
88619  -39.842  -1.002  31.776 0.0000000000
88628  -39.519  -0.428  31.377 0.0000000000
89894  -39.059  -0.071  30.964 0.0000000000
91167  -39.248  0.302  31.704 0.0000000000
97624  -40.280  5.264  35.221 0.0000000000
74032  -31.508  -12.691  40.754 0.0000000000
72683  -32.608  -13.204  39.389 0.0000000000
74118  -34.173  -13.000  36.839 0.0000000000
80623  -23.292  -6.726  43.603 0.0000000000
78021  -25.121  -9.025  40.567 0.0000000000
79289  -24.305  -8.679  40.136 0.0000000000
79302  -23.450  -8.152  39.664 0.0000000000
79313  -22.976  -7.850  39.144 0.0000000000
104538  -54.380  9.939  13.573 0.0000000000
103179  -57.327  8.884  11.844 0.0000000000
103192  -57.178  9.442  9.708 0.0000000000
103191  -56.659  9.513  9.222 0.0000000000
105965  -56.893  11.930  10.180 0.0000000000
76609  -19.003  -10.111  51.424 0.0000000000
75194  -18.625  -10.745  51.903 0.0000000000
91201  -36.088  0.665  27.484 0.0000000000
89931  -35.670  -0.116  26.861 0.0000000000
89930  -35.148  -0.296  26.264 0.0000000000
99092  -40.120  7.161  17.756 0.0000000000
101688  -40.541  8.276  23.808 0.0000000000
100358  -40.284  8.019  23.246 0.0000000000
101709  -41.701  8.229  22.696 0.0000000000
101727  -46.370  8.453  21.547 0.0000000000
101726  -45.600  8.113  21.365 0.0000000000
101737  -46.395  8.570  20.571 0.0000000000
101736  -45.514  8.102  20.325 0.0000000000
101735  -44.725  7.855  19.790 0.0000000000
100416  -44.004  7.743  19.123 0.0000000000
101748  -45.495  8.556  19.331 0.0000000000
103069  -45.759  9.006  19.120 0.0000000000
103080  -45.819  10.142  19.109 0.0000000000
104478  -45.729  11.126  19.211 0.0000000000
104479  -46.421  11.100  19.634 0.0000000000
105841  -47.064  11.700  20.183 0.0000000000
107098  -47.771  12.748  20.554 0.0000000000
89695  -14.331  -0.635  48.549 0.0000000000
90970  -13.995  0.065  49.155 0.0000000000
89687  -14.182  -0.894  49.528 0.0000000000
88401  -14.626  -1.691  50.123 0.0000000000
87123  -15.795  -2.996  50.241 0.0000000000
84474  -17.552  -4.578  50.464 0.0000000000
84481  -17.933  -5.068  49.818 0.0000000000
83113  -18.598  -6.195  49.735 0.0000000000
80554  -18.661  -7.482  49.162 0.0000000000
75175  -18.259  -11.190  54.290 0.0000000000
76584  -18.990  -10.035  54.412 0.0000000000
75168  -18.213  -11.192  55.119 0.0000000000
75160  -18.094  -11.202  55.999 0.0000000000
72451  -16.233  -13.445  58.560 0.0000000000
73758  -17.083  -12.069  59.109 0.0000000000
76552  -17.651  -10.602  59.461 0.0000000000
76550  -18.006  -10.014  59.626 0.0000000000
79097  -17.688  -8.467  60.393 0.0000000000
77845  -17.499  -9.312  60.804 0.0000000000
77842  -17.154  -9.222  61.362 0.0000000000
77838  -16.255  -9.370  62.188 0.0000000000
75351  -39.051  -11.349  43.011 0.0000000000
113227  -50.434  17.122  19.541 0.0000000000
113226  -49.763  16.791  19.419 0.0000000000
113237  -51.066  18.079  19.088 0.0000000000
114513  -51.428  18.563  18.832 0.0000000000
115788  -51.457  19.203  18.315 0.0000000000
117064  -52.476  20.661  16.175 0.0000000000
115804  -52.867  19.749  15.140 0.0000000000
115805  -53.771  19.748  14.797 0.0000000000
98921  -39.046  6.626  32.339 0.0000000000
97703  -38.516  5.962  30.839 0.0000000000
101613  -39.399  9.170  29.813 0.0000000000
102951  -41.529  9.945  28.125 0.0000000000
84560  -22.568  -4.274  39.935 0.0000000000
85899  -22.568  -3.338  40.486 0.0000000000
85912  -22.396  -3.464  39.536 0.0000000000
84425  -16.732  -4.249  57.131 0.0000000000
83054  -17.474  -5.218  57.690 0.0000000000
80712  -36.881  -7.940  35.721 0.0000000000
80702  -36.995  -7.454  36.296 0.0000000000
93815  -39.858  1.340  33.178 0.0000000000
78051  -25.854  -9.213  38.695 0.0000000000
78064  -26.745  -9.091  37.933 0.0000000000
78065  -27.469  -9.227  38.092 0.0000000000
75419  -30.143  -11.643  37.759 0.0000000000
74095  -30.621  -11.990  37.952 0.0000000000
72706  -34.710  -13.405  39.634 0.0000000000
74099  -34.660  -13.056  37.846 0.0000000000
79254  -24.005  -7.886  43.917 0.0000000000
79255  -24.723  -8.471  43.467 0.0000000000
78004  -25.233  -8.915  41.673 0.0000000000
78005  -26.013  -9.251  42.125 0.0000000000
107172  -48.063  12.723  13.544 0.0000000000
99176  -55.352  6.620  10.631 0.0000000000
107164  -56.477  12.336  14.702 0.0000000000
104524  -56.586  10.941  14.272 0.0000000000
104541  -57.455  10.274  13.634 0.0000000000
93879  -35.323  2.770  25.959 0.0000000000
93870  -35.283  2.122  26.055 0.0000000000
93878  -35.037  2.640  25.321 0.0000000000
103016  -45.013  8.922  24.552 0.0000000000
101678  -44.635  8.606  23.875 0.0000000000
101679  -45.441  8.635  23.815 0.0000000000
101694  -46.091  8.574  23.177 0.0000000000
101714  -46.542  8.544  22.329 0.0000000000
101728  -46.995  8.668  21.609 0.0000000000
103049  -47.458  9.013  21.708 0.0000000000
103060  -47.898  10.059  20.967 0.0000000000
104458  -48.069  10.892  20.937 0.0000000000
105833  -48.164  11.348  20.977 0.0000000000
92343  -17.499  1.528  45.308 0.0000000000
89726  -15.208  -0.297  46.561 0.0000000000
89711  -14.727  -0.406  47.522 0.0000000000
88425  -14.762  -1.521  48.091 0.0000000000
87147  -15.539  -3.038  48.214 0.0000000000
84488  -17.673  -5.209  48.485 0.0000000000
85838  -16.669  -4.436  48.058 0.0000000000
84495  -17.995  -5.655  47.442 0.0000000000
72432  -15.596  -13.782  60.335 0.0000000000
78067  -38.494  -9.126  37.990 0.0000000000
80676  -39.070  -7.266  39.307 0.0000000000
83194  -39.595  -5.336  39.770 0.0000000000
80653  -40.484  -7.316  41.088 0.0000000000
76707  -29.231  -11.128  41.387 0.0000000000
76692  -29.425  -11.202  42.358 0.0000000000
75333  -31.650  -12.045  43.329 0.0000000000
75349  -31.248  -12.186  42.609 0.0000000000
74011  -31.534  -12.560  41.819 0.0000000000
73971  -35.031  -12.432  44.084 0.0000000000
73993  -34.629  -12.773  43.335 0.0000000000
72667  -34.767  -13.256  41.545 0.0000000000
72686  -34.810  -13.367  40.626 0.0000000000
77948  -29.705  -10.013  45.489 0.0000000000
76678  -29.038  -10.813  43.024 0.0000000000
104502  -43.369  10.852  17.035 0.0000000000
105873  -43.160  11.264  16.372 0.0000000000
105875  -43.975  12.320  16.898 0.0000000000
107127  -44.480  13.025  16.341 0.0000000000
108335  -45.937  14.339  16.491 0.0000000000
108341  -45.913  13.841  15.691 0.0000000000
113235  -49.510  17.322  18.678 0.0000000000
113239  -48.746  17.208  17.638 0.0000000000
113243  -49.571  17.773  16.555 0.0000000000
113242  -49.000  17.354  16.808 0.0000000000
110718  -47.983  15.825  15.781 0.0000000000
108359  -47.997  13.746  14.236 0.0000000000
107137  -48.794  13.569  13.820 0.0000000000
107157  -49.222  12.910  13.528 0.0000000000
105900  -49.774  12.416  13.363 0.0000000000
108346  -50.408  14.275  13.967 0.0000000000
105901  -50.655  12.188  13.379 0.0000000000
105922  -51.181  11.326  13.030 0.0000000000
104535  -51.862  10.524  12.809 0.0000000000
104559  -52.375  9.829  12.600 0.0000000000
104536  -52.660  10.347  13.119 0.0000000000
107142  -53.097  13.450  13.789 0.0000000000
105904  -53.711  11.677  13.790 0.0000000000
105905  -54.853  12.153  14.200 0.0000000000
105889  -55.379  12.586  14.385 0.0000000000
114531  -53.713  18.729  14.717 0.0000000000
113258  -54.667  17.884  14.615 0.0000000000
113247  -54.834  17.072  14.599 0.0000000000
110721  -55.478  15.860  14.578 0.0000000000
108338  -55.586  14.690  14.488 0.0000000000
107145  -55.996  13.046  14.585 0.0000000000
107146  -56.576  13.451  14.718 0.0000000000
88646  -36.978  -1.435  28.803 0.0000000000
89910  -37.241  -0.036  28.606 0.0000000000
89919  -36.777  -0.023  27.973 0.0000000000
92524  -36.803  1.646  28.888 0.0000000000
91202  -36.582  0.777  28.089 0.0000000000
93861  -35.746  2.706  27.424 0.0000000000
96387  -37.749  4.787  29.332 0.0000000000
97733  -37.646  5.412  28.684 0.0000000000
95099  -36.619  4.030  28.391 0.0000000000
95097  -35.828  3.572  27.315 0.0000000000
95109  -35.656  3.542  26.784 0.0000000000
96423  -35.794  4.343  26.384 0.0000000000
96444  -35.961  4.930  26.131 0.0000000000
97763  -35.970  5.123  25.360 0.0000000000
97765  -36.765  6.078  25.865 0.0000000000
97775  -36.476  5.807  24.863 0.0000000000
99021  -37.396  6.602  23.199 0.0000000000
100341  -38.702  7.537  23.848 0.0000000000
101687  -39.930  8.216  24.335 0.0000000000
101672  -39.714  8.355  25.113 0.0000000000
101674  -41.212  8.623  24.432 0.0000000000
101666  -42.402  8.875  24.799 0.0000000000
103014  -43.496  8.802  24.477 0.0000000000
102970  -42.588  9.829  27.223 0.0000000000
102971  -43.804  9.924  27.281 0.0000000000
103015  -44.068  8.884  24.570 0.0000000000
103004  -46.485  9.400  25.407 0.0000000000
88506  -22.265  -1.564  41.774 0.0000000000
88505  -21.972  -0.864  42.374 0.0000000000
88512  -21.291  -1.287  41.305 0.0000000000
89765  -21.671  -0.374  43.080 0.0000000000
89753  -21.082  0.295  44.796 0.0000000000
91033  -20.145  0.562  44.409 0.0000000000
91032  -19.261  0.785  44.071 0.0000000000
91031  -18.283  0.464  43.706 0.0000000000
89773  -18.738  -0.890  42.374 0.0000000000
89762  -18.444  -0.401  42.850 0.0000000000
107222  -53.829  12.945  7.609 0.0000000000
105987  -53.076  11.749  7.628 0.0000000000
86012  -34.724  -3.039  33.311 0.0000000000
86023  -34.605  -2.964  32.247 0.0000000000
87337  -35.438  -2.670  31.708 0.0000000000
83205  -37.409  -5.192  38.107 0.0000000000
84594  -37.147  -4.401  37.815 0.0000000000
87263  -39.511  -2.530  37.145 0.0000000000
87276  -39.465  -2.335  36.310 0.0000000000
87262  -38.843  -2.576  36.807 0.0000000000
85968  -38.039  -2.780  36.754 0.0000000000
85978  -37.045  -2.732  35.579 0.0000000000
87305  -37.581  -2.545  34.150 0.0000000000
87326  -37.455  -2.512  33.262 0.0000000000
87353  -38.734  -2.397  32.167 0.0000000000
87352  -38.191  -2.375  31.682 0.0000000000
87339  -37.344  -2.474  32.359 0.0000000000
87364  -37.770  -2.362  31.103 0.0000000000
88625  -37.743  -2.121  30.407 0.0000000000
88636  -37.581  -1.892  29.976 0.0000000000
89902  -38.158  0.014  29.857 0.0000000000
91175  -37.975  0.718  29.999 0.0000000000
91166  -38.840  0.390  31.193 0.0000000000
91176  -38.391  0.594  30.638 0.0000000000
92512  -38.148  1.613  30.817 0.0000000000
93798  -40.127  2.272  33.763 0.0000000000
93797  -39.513  2.560  33.385 0.0000000000
95036  -39.238  3.321  33.277 0.0000000000
97642  -39.735  5.410  34.174 0.0000000000
96336  -39.535  4.354  33.763 0.0000000000
96335  -39.054  4.410  33.156 0.0000000000
75363  -29.707  -11.559  40.685 0.0000000000
74031  -30.844  -12.366  40.372 0.0000000000
74073  -30.813  -12.204  38.520 0.0000000000
72705  -33.951  -13.505  39.212 0.0000000000
72703  -32.460  -13.095  38.312 0.0000000000
72719  -33.025  -13.242  37.655 0.0000000000
85874  -24.351  -3.646  44.232 0.0000000000
85873  -23.679  -3.509  43.583 0.0000000000
84536  -22.799  -4.307  42.115 0.0000000000
80624  -23.538  -7.321  43.307 0.0000000000
80634  -22.980  -6.835  42.770 0.0000000000
81931  -22.718  -6.096  42.206 0.0000000000
83172  -22.629  -5.210  41.619 0.0000000000
80673  -22.621  -7.476  38.424 0.0000000000
103160  -53.167  9.191  12.543 0.0000000000
101859  -54.128  7.817  11.633 0.0000000000
100526  -54.682  7.117  11.108 0.0000000000
101842  -55.976  8.764  12.631 0.0000000000
101861  -56.088  8.346  11.823 0.0000000000
99178  -56.457  6.323  10.134 0.0000000000
101897  -56.425  8.306  8.278 0.0000000000
107204  -55.079  12.397  8.981 0.0000000000
107214  -55.197  13.262  8.965 0.0000000000
84459  -18.128  -4.897  52.503 0.0000000000
83085  -18.515  -5.377  52.964 0.0000000000
81834  -19.211  -6.672  52.545 0.0000000000
77876  -19.238  -9.296  52.937 0.0000000000
76594  -18.892  -10.173  53.408 0.0000000000
75184  -18.610  -10.675  52.697 0.0000000000
75183  -18.347  -11.096  53.366 0.0000000000
73815  -17.914  -11.807  53.744 0.0000000000
87405  -35.437  -2.107  27.926 0.0000000000
91217  -35.115  0.668  26.074 0.0000000000
103108  -42.914  9.551  16.700 0.0000000000
99041  -38.532  7.160  22.297 0.0000000000
100384  -38.827  7.221  21.826 0.0000000000
100385  -39.351  7.370  21.809 0.0000000000
100398  -38.887  7.166  21.276 0.0000000000
99062  -40.307  7.106  20.078 0.0000000000
100412  -40.733  7.192  20.098 0.0000000000
101723  -42.474  7.837  21.599 0.0000000000
101724  -43.246  7.781  21.550 0.0000000000
100388  -41.916  7.604  21.165 0.0000000000
100413  -41.276  7.219  19.685 0.0000000000
100426  -42.160  7.657  18.558 0.0000000000
100428  -44.133  8.108  18.465 0.0000000000
100440  -43.128  8.247  17.632 0.0000000000
101770  -43.428  8.841  17.295 0.0000000000
103091  -43.520  9.261  17.193 0.0000000000
103109  -43.457  10.274  17.103 0.0000000000
105866  -44.962  11.934  18.608 0.0000000000
105853  -45.709  11.864  19.153 0.0000000000
108327  -46.632  13.780  19.192 0.0000000000
111957  -49.011  15.732  19.612 0.0000000000
105843  -48.375  12.340  20.987 0.0000000000
85796  -16.496  -3.491  52.861 0.0000000000
87107  -15.943  -2.913  52.289 0.0000000000
85806  -17.120  -3.961  52.380 0.0000000000
83095  -18.545  -5.430  52.101 0.0000000000
80520  -19.227  -7.774  51.175 0.0000000000
80521  -19.057  -7.857  50.585 0.0000000000
77882  -19.102  -9.444  50.923 0.0000000000
83120  -18.491  -6.042  48.667 0.0000000000
80568  -18.590  -7.434  48.605 0.0000000000
83073  -18.886  -5.957  53.505 0.0000000000
83064  -18.405  -5.685  54.403 0.0000000000
83065  -18.869  -6.326  54.483 0.0000000000
79119  -19.296  -8.499  54.516 0.0000000000
80498  -19.200  -7.723  55.083 0.0000000000
83060  -18.515  -6.033  55.443 0.0000000000
81816  -18.612  -6.480  56.225 0.0000000000
81812  -18.468  -6.492  56.978 0.0000000000
83055  -17.966  -5.715  57.455 0.0000000000
72471  -16.923  -12.962  56.250 0.0000000000
75159  -17.827  -11.429  56.461 0.0000000000
75150  -18.080  -10.976  56.799 0.0000000000
75140  -17.555  -11.503  57.780 0.0000000000
75141  -17.992  -10.939  57.521 0.0000000000
77861  -18.531  -9.817  57.061 0.0000000000
79106  -18.670  -8.649  57.512 0.0000000000
81808  -18.334  -6.767  57.807 0.0000000000
83051  -17.847  -6.149  58.433 0.0000000000
83047  -17.200  -5.792  59.248 0.0000000000
83043  -17.022  -6.085  60.004 0.0000000000
80481  -17.352  -7.610  60.561 0.0000000000
81793  -16.520  -6.863  61.076 0.0000000000
83036  -14.550  -5.495  61.175 0.0000000000
72427  -15.386  -13.400  61.357 0.0000000000
73747  -15.651  -12.753  61.580 0.0000000000
73748  -16.015  -12.276  61.449 0.0000000000
75123  -16.168  -11.354  61.939 0.0000000000
76541  -16.018  -10.396  62.343 0.0000000000
77837  -15.466  -9.471  62.532 0.0000000000
72428  -15.760  -12.876  61.307 0.0000000000
72646  -33.567  -13.236  41.622 0.0000000000
72648  -34.616  -13.171  42.106 0.0000000000
73744  -15.818  -11.884  62.050 0.0000000000
73766  -16.684  -12.663  58.628 0.0000000000
73778  -17.250  -12.209  57.069 0.0000000000
73803  -17.879  -11.801  54.582 0.0000000000
73974  -36.986  -12.194  44.188 0.0000000000
73990  -31.858  -12.447  42.603 0.0000000000
75132  -17.271  -11.261  59.789 0.0000000000
75135  -17.870  -10.861  58.196 0.0000000000
75193  -18.249  -11.312  52.402 0.0000000000
75314  -33.582  -11.732  44.678 0.0000000000
76542  -16.585  -9.997  61.914 0.0000000000
76549  -17.551  -10.247  60.257 0.0000000000
76558  -18.267  -10.335  57.259 0.0000000000
76565  -18.425  -10.317  56.477 0.0000000000
76574  -18.478  -10.525  55.610 0.0000000000
76583  -18.574  -10.589  54.802 0.0000000000
77839  -16.817  -9.352  61.750 0.0000000000
77846  -17.968  -9.330  60.062 0.0000000000
77849  -18.166  -9.351  59.231 0.0000000000
77857  -18.417  -9.702  57.631 0.0000000000
77858  -18.633  -9.250  57.271 0.0000000000
77865  -19.045  -9.314  55.775 0.0000000000
77868  -19.152  -9.284  54.906 0.0000000000
77888  -18.798  -9.384  50.146 0.0000000000
78079  -27.645  -9.261  37.195 0.0000000000
79088  -16.985  -8.859  61.599 0.0000000000
79102  -18.309  -8.551  58.771 0.0000000000
79126  -19.398  -8.440  52.497 0.0000000000
79132  -19.162  -8.340  50.872 0.0000000000
79144  -18.905  -8.318  50.256 0.0000000000
79159  -18.553  -8.232  49.692 0.0000000000
79301  -22.993  -7.819  39.580 0.0000000000
79316  -24.942  -9.137  37.284 0.0000000000
79317  -26.992  -9.068  37.767 0.0000000000
79318  -27.190  -9.126  37.772 0.0000000000
80470  -16.044  -7.981  62.032 0.0000000000
80475  -15.698  -6.994  61.622 0.0000000000
80477  -16.902  -7.457  61.138 0.0000000000
80488  -18.461  -7.747  58.135 0.0000000000
80489  -18.629  -8.228  57.729 0.0000000000
80492  -18.559  -7.384  57.588 0.0000000000
80493  -18.813  -7.925  57.156 0.0000000000
80495  -19.113  -7.788  56.063 0.0000000000
80555  -18.570  -7.806  49.429 0.0000000000
80569  -18.503  -7.815  48.935 0.0000000000
80612  -23.704  -7.014  44.254 0.0000000000
80662  -23.033  -7.780  39.824 0.0000000000
80664  -40.030  -6.845  40.446 0.0000000000
81796  -16.387  -6.329  60.751 0.0000000000
81797  -16.952  -6.661  60.497 0.0000000000
81801  -17.277  -6.479  59.867 0.0000000000
81820  -19.156  -6.979  54.696 0.0000000000
81848  -19.167  -6.978  51.181 0.0000000000
81849  -19.134  -7.495  50.831 0.0000000000
81860  -18.912  -6.822  50.144 0.0000000000
81861  -19.028  -7.392  50.399 0.0000000000
81870  -18.718  -6.891  49.166 0.0000000000
83038  -16.094  -5.990  60.764 0.0000000000
83041  -15.786  -5.166  60.319 0.0000000000
83048  -17.731  -6.410  58.967 0.0000000000
83050  -17.455  -5.491  58.264 0.0000000000
83057  -18.260  -5.885  56.503 0.0000000000
83061  -18.917  -6.542  55.067 0.0000000000
83072  -18.365  -5.396  53.691 0.0000000000
83086  -18.912  -5.843  52.569 0.0000000000
83105  -18.535  -5.506  51.202 0.0000000000
83126  -18.438  -6.192  47.697 0.0000000000
84414  -16.312  -5.011  59.622 0.0000000000
84418  -16.485  -4.686  58.885 0.0000000000
84426  -17.300  -4.807  56.933 0.0000000000
84430  -17.398  -4.792  55.665 0.0000000000
84438  -17.998  -5.043  54.204 0.0000000000
84466  -17.752  -4.601  51.229 0.0000000000
84487  -17.078  -4.675  48.834 0.0000000000
84519  -24.055  -4.324  44.070 0.0000000000
85782  -16.473  -3.721  55.066 0.0000000000
85844  -15.944  -3.329  47.038 0.0000000000
85926  -22.106  -3.576  38.799 0.0000000000
87081  -15.802  -3.077  56.448 0.0000000000
87160  -15.962  -3.094  46.632 0.0000000000
87171  -15.817  -2.472  46.306 0.0000000000
87183  -16.833  -2.984  44.520 0.0000000000
87216  -21.877  -1.765  40.885 0.0000000000
87227  -20.841  -2.547  40.039 0.0000000000
87341  -39.183  -2.347  32.749 0.0000000000
87342  -39.670  -2.274  33.263 0.0000000000
87361  -35.288  -2.604  29.874 0.0000000000
88472  -16.610  -2.023  44.562 0.0000000000
88496  -18.055  -1.432  42.767 0.0000000000
88497  -22.290  -0.692  43.180 0.0000000000
88503  -18.400  -1.179  42.476 0.0000000000
88504  -18.801  -1.411  42.205 0.0000000000
88511  -20.096  -1.526  41.223 0.0000000000
88578  -40.629  -1.811  34.665 0.0000000000
89727  -15.516  -0.644  46.003 0.0000000000
89750  -16.524  -0.470  44.590 0.0000000000
89751  -16.948  -0.534  44.129 0.0000000000
90978  -14.304  1.498  48.548 0.0000000000
91005  -15.485  0.690  46.270 0.0000000000
91041  -18.993  0.393  43.311 0.0000000000
91141  -40.777  0.274  33.252 0.0000000000
92344  -18.278  1.373  45.179 0.0000000000
95098  -36.183  3.731  27.912 0.0000000000
96406  -36.250  4.614  27.398 0.0000000000
96443  -35.752  4.681  25.559 0.0000000000
97764  -36.252  5.481  25.784 0.0000000000
97773  -35.607  4.854  24.286 0.0000000000
98952  -38.369  6.444  29.769 0.0000000000
99005  -36.416  5.779  24.160 0.0000000000
100376  -40.116  7.844  22.814 0.0000000000
101644  -38.894  8.761  27.260 0.0000000000
101654  -39.987  8.942  26.429 0.0000000000
101655  -40.661  8.966  25.949 0.0000000000
101664  -41.039  8.853  25.315 0.0000000000
101675  -42.023  8.653  24.223 0.0000000000
101693  -45.184  8.431  23.106 0.0000000000
101738  -46.805  8.650  21.085 0.0000000000
101747  -44.725  8.212  18.910 0.0000000000
101758  -43.825  8.354  17.892 0.0000000000
103026  -46.613  8.753  23.413 0.0000000000
103197  -54.596  9.802  8.190 0.0000000000
105864  -43.712  11.342  17.371 0.0000000000
105874  -43.462  11.539  16.730 0.0000000000
105888  -55.087  12.632  14.257 0.0000000000
105907  -56.910  11.685  14.548 0.0000000000
107138  -49.402  13.600  13.761 0.0000000000
107156  -48.362  13.282  13.793 0.0000000000
107158  -50.083  12.915  13.479 0.0000000000
107161  -52.896  12.604  13.708 0.0000000000
107173  -48.699  12.797  13.504 0.0000000000
107203  -54.638  12.231  8.629 0.0000000000
107211  -53.570  12.296  7.760 0.0000000000
108318  -47.141  13.274  19.958 0.0000000000
108336  -54.661  14.837  14.153 0.0000000000
108342  -46.610  14.204  15.511 0.0000000000
108351  -55.386  14.053  14.374 0.0000000000
108360  -48.403  13.738  14.001 0.0000000000
109505  -47.146  15.294  16.179 0.0000000000
109506  -47.709  15.360  15.609 0.0000000000
109508  -54.500  15.202  14.235 0.0000000000
109509  -55.262  15.278  14.429 0.0000000000
109510  -55.974  15.127  14.646 0.0000000000
109518  -50.522  14.989  14.275 0.0000000000
109519  -51.475  15.019  14.181 0.0000000000
109521  -53.713  15.264  14.232 0.0000000000
109522  -54.217  14.990  14.148 0.0000000000
110713  -47.937  15.391  19.004 0.0000000000
110719  -54.151  15.697  14.385 0.0000000000
110727  -48.781  15.830  15.121 0.0000000000
111965  -48.438  16.109  18.922 0.0000000000
111968  -47.635  16.043  17.988 0.0000000000
111975  -54.216  16.289  14.524 0.0000000000
111978  -56.141  16.603  14.663 0.0000000000
111984  -49.845  16.538  15.138 0.0000000000
111987  -52.632  16.854  14.675 0.0000000000
113255  -51.699  17.761  15.030 0.0000000000
114504  -51.717  18.009  19.351 0.0000000000
114512  -50.507  18.367  18.405 0.0000000000
114517  -50.369  18.689  17.510 0.0000000000
115789  -52.329  19.601  18.587 0.0000000000
115799  -52.121  19.773  15.737 0.0000000000
