#!ascii label  , from subject colin27 vox2ras=TkReg
1128
78107  -39.671  -9.340  35.005 0.0000000000
76774  -22.044  -10.240  36.384 0.0000000000
69987  -32.699  -15.479  37.419 0.0000000000
103159  -52.096  9.250  11.943 0.0000000000
100562  -57.168  7.523  8.419 0.0000000000
85863  -17.004  -3.951  44.578 0.0000000000
107155  -47.359  13.290  14.320 0.0000000000
84657  -39.186  -4.937  32.787 0.0000000000
71394  -37.490  -13.985  36.581 0.0000000000
81939  -19.832  -6.229  40.905 0.0000000000
69878  -18.807  -15.792  44.618 0.0000000000
76797  -35.992  -10.165  33.817 0.0000000000
83267  -34.539  -6.091  33.278 0.0000000000
74113  -28.276  -12.653  37.119 0.0000000000
74132  -34.335  -12.842  35.980 0.0000000000
96564  -40.315  4.079  15.884 0.0000000000
100505  -44.483  7.763  13.251 0.0000000000
100522  -49.516  7.564  12.516 0.0000000000
71200  -16.598  -14.220  51.424 0.0000000000
71163  -15.952  -14.486  55.612 0.0000000000
84735  -34.287  -4.391  26.898 0.0000000000
89983  -35.052  -0.283  22.498 0.0000000000
95217  -36.781  2.991  18.911 0.0000000000
72557  -17.230  -13.911  47.729 0.0000000000
74090  -21.563  -12.524  38.539 0.0000000000
75393  -24.245  -11.911  39.331 0.0000000000
74145  -39.013  -12.113  35.886 0.0000000000
81984  -21.968  -6.849  37.549 0.0000000000
79312  -20.484  -8.334  38.163 0.0000000000
75373  -19.784  -11.629  40.380 0.0000000000
76784  -37.037  -9.844  35.956 0.0000000000
74151  -35.223  -12.362  34.461 0.0000000000
100466  -40.623  7.673  15.280 0.0000000000
97885  -42.337  5.884  14.508 0.0000000000
104520  -42.588  10.160  13.901 0.0000000000
104572  -47.573  9.929  11.308 0.0000000000
101872  -50.592  8.210  11.209 0.0000000000
99129  -52.857  6.175  14.052 0.0000000000
99174  -52.903  6.405  11.515 0.0000000000
97907  -55.055  5.262  11.941 0.0000000000
86023  -34.605  -2.964  32.247 0.0000000000
84686  -33.639  -5.022  30.089 0.0000000000
87373  -34.366  -2.962  28.811 0.0000000000
92572  -34.278  1.185  24.524 0.0000000000
95172  -33.816  3.166  22.386 0.0000000000
93948  -35.202  2.085  20.460 0.0000000000
97827  -35.787  5.482  20.157 0.0000000000
99070  -37.812  6.150  18.586 0.0000000000
71368  -30.096  -14.901  38.276 0.0000000000
80581  -18.555  -7.647  47.714 0.0000000000
79222  -18.784  -8.344  45.980 0.0000000000
67210  -14.067  -17.710  57.378 0.0000000000
67198  -13.569  -17.554  59.338 0.0000000000
107133  -44.455  12.467  15.147 0.0000000000
84689  -39.612  -4.357  30.790 0.0000000000
69990  -35.651  -15.341  37.262 0.0000000000
84535  -19.097  -4.411  42.394 0.0000000000
77982  -19.287  -9.473  43.797 0.0000000000
78003  -19.625  -9.432  42.025 0.0000000000
101914  -56.434  8.127  6.759 0.0000000000
76812  -37.940  -10.082  33.159 0.0000000000
80735  -36.900  -7.563  33.112 0.0000000000
80721  -35.816  -7.357  34.494 0.0000000000
79347  -23.752  -8.953  36.219 0.0000000000
76764  -25.408  -11.111  36.407 0.0000000000
76780  -27.700  -10.198  35.904 0.0000000000
74114  -29.264  -12.420  36.871 0.0000000000
72742  -31.406  -14.203  36.106 0.0000000000
72735  -32.865  -13.362  36.705 0.0000000000
71390  -33.885  -14.391  35.830 0.0000000000
71404  -35.425  -14.235  35.219 0.0000000000
74163  -37.043  -12.113  33.815 0.0000000000
95221  -40.978  2.899  18.781 0.0000000000
104534  -45.278  10.949  12.779 0.0000000000
101837  -46.764  8.123  12.621 0.0000000000
97917  -57.577  5.317  11.051 0.0000000000
71183  -16.164  -14.408  53.557 0.0000000000
65896  -14.486  -18.689  55.515 0.0000000000
83287  -36.782  -5.912  32.171 0.0000000000
84702  -36.724  -5.230  29.168 0.0000000000
86093  -37.391  -4.532  27.381 0.0000000000
88689  -34.655  -0.950  25.977 0.0000000000
87447  -34.903  -2.735  24.083 0.0000000000
87436  -38.334  -2.529  25.539 0.0000000000
91247  -37.566  0.013  23.890 0.0000000000
93951  -37.548  2.238  21.647 0.0000000000
95204  -38.921  2.775  19.927 0.0000000000
96552  -37.806  3.915  17.237 0.0000000000
99091  -39.578  6.663  16.819 0.0000000000
74071  -27.421  -12.822  39.521 0.0000000000
77900  -18.425  -8.569  49.393 0.0000000000
72533  -17.203  -13.425  49.193 0.0000000000
72579  -17.740  -13.634  45.935 0.0000000000
68392  -12.731  -16.084  61.823 0.0000000000
74111  -21.681  -11.983  37.925 0.0000000000
75413  -22.868  -12.194  38.296 0.0000000000
75435  -23.304  -11.466  37.161 0.0000000000
76791  -39.639  -10.367  35.083 0.0000000000
80699  -21.900  -8.138  36.801 0.0000000000
81982  -21.219  -7.121  37.403 0.0000000000
78074  -21.183  -9.396  37.183 0.0000000000
75432  -20.798  -10.930  38.072 0.0000000000
101805  -41.603  8.905  15.788 0.0000000000
103130  -41.514  9.113  14.856 0.0000000000
104513  -42.352  10.271  14.884 0.0000000000
105942  -51.161  10.593  12.515 0.0000000000
104575  -50.412  9.843  11.516 0.0000000000
103177  -51.228  9.184  11.440 0.0000000000
99173  -52.125  6.662  11.400 0.0000000000
100539  -52.656  7.162  11.240 0.0000000000
100540  -53.514  7.019  11.254 0.0000000000
86049  -34.502  -2.875  30.277 0.0000000000
95154  -34.649  3.930  23.748 0.0000000000
96512  -34.656  4.663  21.246 0.0000000000
97817  -35.938  5.688  21.370 0.0000000000
99049  -36.543  6.096  20.727 0.0000000000
69986  -31.968  -15.435  37.536 0.0000000000
69947  -31.671  -15.538  39.554 0.0000000000
69949  -33.348  -15.560  39.305 0.0000000000
84501  -17.614  -5.640  46.432 0.0000000000
81900  -18.514  -6.755  45.161 0.0000000000
99197  -58.237  6.450  8.667 0.0000000000
67205  -13.844  -17.629  58.291 0.0000000000
83259  -40.640  -5.661  34.725 0.0000000000
84674  -39.391  -4.572  31.815 0.0000000000
69991  -36.632  -14.922  37.234 0.0000000000
71371  -38.240  -14.221  38.093 0.0000000000
84559  -20.324  -4.144  39.772 0.0000000000
85897  -19.785  -3.303  41.091 0.0000000000
87208  -18.822  -2.383  42.187 0.0000000000
81938  -19.682  -5.715  41.520 0.0000000000
80633  -19.703  -7.481  42.062 0.0000000000
79276  -19.784  -8.429  41.540 0.0000000000
71347  -20.894  -14.319  40.891 0.0000000000
72676  -19.502  -13.410  41.203 0.0000000000
76823  -36.828  -9.987  32.658 0.0000000000
79380  -36.612  -8.525  33.092 0.0000000000
79367  -36.185  -8.334  33.930 0.0000000000
79316  -24.942  -9.137  37.284 0.0000000000
78093  -25.930  -9.721  35.801 0.0000000000
78078  -26.902  -9.073  37.024 0.0000000000
75440  -29.622  -11.409  37.183 0.0000000000
74115  -30.386  -12.413  37.185 0.0000000000
72732  -30.036  -13.595  36.873 0.0000000000
72733  -31.188  -13.742  36.650 0.0000000000
74118  -34.173  -13.000  36.839 0.0000000000
72745  -33.750  -13.508  36.096 0.0000000000
72744  -32.794  -13.869  36.082 0.0000000000
71402  -34.042  -13.810  35.457 0.0000000000
71391  -35.051  -14.666  35.742 0.0000000000
72752  -34.977  -13.658  34.788 0.0000000000
76796  -35.677  -10.860  34.040 0.0000000000
74161  -35.733  -11.913  33.823 0.0000000000
75490  -36.147  -11.361  33.437 0.0000000000
75491  -37.120  -11.432  33.393 0.0000000000
95240  -40.290  3.134  16.787 0.0000000000
95233  -42.088  3.246  17.808 0.0000000000
95247  -41.709  3.724  16.306 0.0000000000
100484  -43.000  7.209  13.619 0.0000000000
97879  -43.164  5.256  15.377 0.0000000000
107154  -46.323  12.811  14.357 0.0000000000
105898  -44.728  11.777  14.057 0.0000000000
105917  -46.001  11.586  13.200 0.0000000000
101870  -48.353  8.668  11.509 0.0000000000
103157  -46.681  9.062  11.467 0.0000000000
101838  -47.686  8.033  12.872 0.0000000000
101821  -47.881  7.960  13.811 0.0000000000
97909  -56.930  5.200  11.802 0.0000000000
97916  -56.544  5.524  10.693 0.0000000000
97921  -57.255  5.606  10.324 0.0000000000
75206  -18.204  -11.440  51.486 0.0000000000
73837  -17.393  -12.529  52.521 0.0000000000
71193  -16.590  -13.948  52.360 0.0000000000
64568  -14.830  -19.583  55.086 0.0000000000
62120  -14.098  -21.656  57.003 0.0000000000
82034  -35.365  -6.803  33.518 0.0000000000
82049  -36.473  -6.468  32.605 0.0000000000
83286  -35.555  -6.175  32.287 0.0000000000
84719  -34.017  -4.771  28.212 0.0000000000
83320  -35.061  -5.505  29.331 0.0000000000
84721  -36.077  -5.358  28.486 0.0000000000
84722  -37.225  -4.976  28.722 0.0000000000
84755  -36.435  -4.864  27.024 0.0000000000
91217  -35.115  0.668  26.074 0.0000000000
91260  -34.058  0.332  23.033 0.0000000000
88703  -34.393  -1.700  23.988 0.0000000000
88714  -35.175  -1.654  23.330 0.0000000000
86141  -36.611  -3.321  24.873 0.0000000000
88705  -36.613  -1.921  23.925 0.0000000000
88706  -37.436  -1.296  24.231 0.0000000000
91261  -36.427  -0.012  22.855 0.0000000000
95201  -35.679  2.710  19.722 0.0000000000
93949  -36.225  1.894  20.754 0.0000000000
95202  -36.828  2.381  20.105 0.0000000000
95203  -37.923  2.568  20.002 0.0000000000
95218  -37.938  2.735  18.969 0.0000000000
95219  -38.930  2.641  18.871 0.0000000000
95228  -37.235  3.328  18.326 0.0000000000
99071  -39.091  6.783  18.974 0.0000000000
99081  -38.660  6.132  17.518 0.0000000000
99082  -39.700  6.906  18.142 0.0000000000
75439  -27.045  -11.690  36.787 0.0000000000
75417  -26.744  -11.872  37.615 0.0000000000
74094  -27.792  -12.898  38.155 0.0000000000
75262  -18.137  -10.678  47.648 0.0000000000
75252  -18.045  -11.302  48.504 0.0000000000
72541  -17.192  -13.702  48.492 0.0000000000
73963  -18.372  -12.332  44.344 0.0000000000
73949  -18.321  -11.959  44.867 0.0000000000
72601  -18.050  -13.863  45.013 0.0000000000
72679  -21.817  -13.696  40.215 0.0000000000
74048  -23.124  -12.693  40.256 0.0000000000
75374  -23.792  -12.233  40.265 0.0000000000
75376  -25.229  -11.959  40.491 0.0000000000
74134  -38.527  -12.995  36.534 0.0000000000
72738  -38.946  -13.221  37.729 0.0000000000
84583  -21.864  -4.295  38.333 0.0000000000
83202  -20.843  -5.191  38.255 0.0000000000
80660  -20.121  -6.939  39.146 0.0000000000
79287  -19.905  -8.361  40.498 0.0000000000
76734  -20.285  -10.416  39.226 0.0000000000
74088  -20.450  -11.793  39.128 0.0000000000
76790  -36.064  -10.353  34.655 0.0000000000
79358  -36.686  -8.488  35.292 0.0000000000
74133  -34.910  -12.409  35.958 0.0000000000
74150  -34.788  -12.708  34.892 0.0000000000
75470  -35.860  -10.890  35.147 0.0000000000
97876  -40.179  5.814  15.240 0.0000000000
96588  -41.635  4.922  15.153 0.0000000000
99111  -40.902  6.645  14.586 0.0000000000
100483  -41.966  7.560  13.714 0.0000000000
101833  -42.865  8.675  13.093 0.0000000000
105938  -47.340  11.271  12.379 0.0000000000
104555  -48.959  10.648  11.809 0.0000000000
103175  -48.953  9.176  11.259 0.0000000000
100535  -49.726  7.559  11.853 0.0000000000
99141  -50.893  6.687  12.518 0.0000000000
99159  -51.378  6.601  11.796 0.0000000000
99160  -52.319  6.197  12.095 0.0000000000
97905  -53.844  5.437  13.024 0.0000000000
97906  -54.268  5.408  12.522 0.0000000000
99162  -54.152  6.119  11.446 0.0000000000
67261  -16.041  -17.130  51.350 0.0000000000
68469  -15.766  -16.289  52.063 0.0000000000
63328  -16.459  -20.559  53.136 0.0000000000
86021  -33.522  -4.086  32.970 0.0000000000
83284  -33.611  -5.186  31.830 0.0000000000
86047  -33.319  -3.915  31.070 0.0000000000
86076  -33.432  -3.927  29.255 0.0000000000
86092  -33.973  -3.768  27.481 0.0000000000
92557  -34.846  1.378  25.457 0.0000000000
93894  -34.669  2.587  24.683 0.0000000000
93912  -33.723  2.235  22.989 0.0000000000
92600  -33.977  1.207  22.390 0.0000000000
92601  -34.709  0.854  21.753 0.0000000000
95183  -33.958  3.082  21.195 0.0000000000
96527  -34.547  3.682  20.232 0.0000000000
96540  -35.821  4.284  19.016 0.0000000000
97847  -36.864  4.922  18.092 0.0000000000
97828  -36.304  5.688  19.596 0.0000000000
71376  -29.250  -14.203  37.828 0.0000000000
72717  -28.928  -14.111  38.554 0.0000000000
71359  -30.251  -15.131  39.473 0.0000000000
80592  -18.631  -7.609  46.586 0.0000000000
75272  -18.133  -10.931  46.640 0.0000000000
69754  -15.119  -15.880  56.016 0.0000000000
72470  -16.339  -13.689  56.429 0.0000000000
69738  -15.000  -15.772  57.451 0.0000000000
71130  -15.322  -14.928  58.569 0.0000000000
69716  -14.840  -15.217  60.058 0.0000000000
86064  -40.468  -3.773  29.708 0.0000000000
69969  -34.431  -15.608  38.210 0.0000000000
69950  -34.293  -15.641  39.272 0.0000000000
87200  -17.858  -2.320  43.022 0.0000000000
85872  -17.786  -4.260  43.640 0.0000000000
81906  -18.963  -6.565  44.237 0.0000000000
81917  -19.264  -6.413  43.233 0.0000000000
77983  -19.540  -9.146  42.883 0.0000000000
74004  -18.694  -13.024  42.959 0.0000000000
76704  -19.529  -11.068  41.259 0.0000000000
74025  -19.113  -12.997  41.798 0.0000000000
71290  -19.180  -15.071  43.351 0.0000000000
100569  -56.770  7.826  7.632 0.0000000000
78116  -38.587  -9.804  33.707 0.0000000000
79382  -38.271  -8.400  33.572 0.0000000000
78130  -37.635  -8.890  33.019 0.0000000000
80734  -36.098  -7.490  33.600 0.0000000000
82033  -34.797  -6.465  34.072 0.0000000000
82009  -35.731  -6.857  35.207 0.0000000000
82008  -35.278  -6.349  35.252 0.0000000000
84633  -34.292  -4.970  34.964 0.0000000000
86012  -34.724  -3.039  33.311 0.0000000000
78090  -23.205  -9.449  35.900 0.0000000000
76762  -23.986  -10.920  36.398 0.0000000000
76777  -24.526  -10.400  35.833 0.0000000000
76779  -26.709  -10.416  35.813 0.0000000000
75457  -27.530  -11.210  36.103 0.0000000000
76781  -28.500  -9.957  36.508 0.0000000000
75458  -28.458  -10.892  36.106 0.0000000000
71378  -30.940  -14.863  37.143 0.0000000000
71379  -32.068  -15.190  36.764 0.0000000000
74117  -31.858  -12.921  37.105 0.0000000000
72743  -31.903  -14.066  36.054 0.0000000000
71389  -32.745  -14.819  36.247 0.0000000000
69988  -33.485  -15.446  37.150 0.0000000000
70007  -34.794  -15.147  36.377 0.0000000000
70008  -35.762  -15.005  36.476 0.0000000000
71393  -36.864  -14.196  36.097 0.0000000000
72761  -35.426  -13.161  34.435 0.0000000000
72762  -36.218  -13.242  34.495 0.0000000000
74143  -37.465  -13.134  35.240 0.0000000000
74154  -37.975  -12.233  34.661 0.0000000000
76798  -38.509  -10.528  33.848 0.0000000000
79329  -22.775  -8.262  37.055 0.0000000000
96577  -42.491  4.368  15.947 0.0000000000
105914  -43.573  11.266  14.135 0.0000000000
104532  -43.446  10.503  13.379 0.0000000000
103140  -44.034  9.653  12.605 0.0000000000
104553  -46.789  10.367  11.732 0.0000000000
103155  -45.323  9.699  12.096 0.0000000000
100506  -45.561  7.767  13.315 0.0000000000
100487  -46.499  7.542  14.231 0.0000000000
99185  -58.152  5.645  10.210 0.0000000000
99191  -58.123  6.110  9.297 0.0000000000
99190  -57.588  6.714  8.976 0.0000000000
73826  -17.489  -12.324  53.270 0.0000000000
71173  -16.037  -14.492  54.597 0.0000000000
68460  -15.501  -16.371  53.027 0.0000000000
68447  -15.153  -16.553  54.484 0.0000000000
68437  -14.978  -16.689  55.377 0.0000000000
65895  -14.245  -18.694  56.112 0.0000000000
80736  -37.905  -7.465  33.444 0.0000000000
83269  -37.912  -5.950  32.970 0.0000000000
83288  -37.613  -5.622  32.404 0.0000000000
83299  -35.222  -5.659  31.278 0.0000000000
83311  -36.035  -5.457  30.623 0.0000000000
84687  -37.705  -4.872  31.197 0.0000000000
84704  -38.817  -4.539  29.944 0.0000000000
84724  -39.086  -4.344  29.363 0.0000000000
86095  -39.350  -3.484  27.619 0.0000000000
87420  -34.417  -2.343  26.646 0.0000000000
86107  -34.096  -3.633  26.490 0.0000000000
89945  -34.266  -0.446  25.138 0.0000000000
87446  -34.289  -2.578  24.811 0.0000000000
84772  -34.528  -4.082  25.519 0.0000000000
86123  -36.007  -4.229  25.605 0.0000000000
86110  -38.297  -3.555  26.692 0.0000000000
92602  -35.807  0.986  21.718 0.0000000000
92603  -36.985  1.106  22.513 0.0000000000
95220  -39.986  2.675  18.816 0.0000000000
95230  -38.903  2.854  17.647 0.0000000000
96563  -39.325  4.000  16.322 0.0000000000
97848  -37.405  5.168  17.674 0.0000000000
97856  -38.619  5.090  16.540 0.0000000000
97857  -39.218  5.215  16.028 0.0000000000
100448  -40.072  7.282  16.560 0.0000000000
100449  -40.644  7.853  16.370 0.0000000000
75436  -24.367  -11.366  37.267 0.0000000000
75416  -25.958  -11.710  38.357 0.0000000000
72701  -28.211  -13.544  39.580 0.0000000000
75222  -18.184  -11.480  50.535 0.0000000000
79195  -18.335  -8.144  48.736 0.0000000000
75238  -18.132  -11.414  49.573 0.0000000000
71208  -16.727  -14.324  50.353 0.0000000000
67272  -16.293  -17.341  50.530 0.0000000000
77963  -19.054  -9.176  45.201 0.0000000000
75288  -18.005  -12.148  45.884 0.0000000000
71237  -17.243  -14.682  47.179 0.0000000000
65860  -12.442  -18.888  60.742 0.0000000000
68397  -13.830  -16.141  60.628 0.0000000000
71111  -14.566  -14.375  61.601 0.0000000000
79359  -39.685  -8.435  35.134 0.0000000000
75452  -21.851  -10.958  36.879 0.0000000000
75434  -22.226  -11.687  37.418 0.0000000000
75453  -22.555  -10.961  36.601 0.0000000000
78075  -21.715  -9.422  36.581 0.0000000000
79328  -21.517  -8.621  36.872 0.0000000000
76761  -21.456  -10.270  36.978 0.0000000000
75433  -21.318  -11.252  37.581 0.0000000000
103107  -42.320  9.320  16.227 0.0000000000
103123  -41.926  9.428  15.558 0.0000000000
103124  -42.554  10.240  15.835 0.0000000000
104558  -51.527  9.890  12.084 0.0000000000
103158  -51.621  9.451  11.806 0.0000000000
103178  -51.992  8.609  11.471 0.0000000000
101874  -52.334  7.931  11.269 0.0000000000
101857  -52.710  8.538  11.703 0.0000000000
101875  -53.064  7.797  11.395 0.0000000000
97816  -35.317  5.199  21.884 0.0000000000
69967  -32.601  -15.560  38.355 0.0000000000
85862  -16.667  -3.309  44.874 0.0000000000
84509  -17.416  -5.256  45.126 0.0000000000
99196  -57.759  6.839  8.521 0.0000000000
100563  -58.087  6.886  8.113 0.0000000000
84643  -39.995  -5.018  33.341 0.0000000000
84658  -40.267  -4.646  32.691 0.0000000000
71382  -37.225  -14.442  36.983 0.0000000000
69992  -37.274  -14.672  37.541 0.0000000000
71383  -37.844  -14.027  37.231 0.0000000000
83182  -19.994  -5.106  40.158 0.0000000000
85898  -20.296  -3.308  40.284 0.0000000000
84548  -19.980  -4.193  40.655 0.0000000000
84547  -19.568  -4.255  41.527 0.0000000000
83171  -19.774  -5.115  41.118 0.0000000000
81930  -19.743  -6.866  41.548 0.0000000000
80641  -19.819  -7.432  41.104 0.0000000000
76810  -36.358  -10.423  33.059 0.0000000000
78115  -36.205  -9.345  33.445 0.0000000000
79332  -25.286  -9.110  36.762 0.0000000000
75419  -30.143  -11.643  37.759 0.0000000000
75441  -30.086  -11.793  37.289 0.0000000000
74116  -31.371  -12.926  37.137 0.0000000000
72751  -34.404  -13.328  35.252 0.0000000000
76809  -35.904  -10.834  33.552 0.0000000000
95241  -41.348  3.295  16.732 0.0000000000
96565  -41.190  3.779  16.078 0.0000000000
100504  -43.438  7.859  13.229 0.0000000000
99125  -43.485  6.593  14.277 0.0000000000
107170  -46.222  12.124  13.703 0.0000000000
107171  -47.102  12.467  13.678 0.0000000000
101856  -49.330  7.840  11.995 0.0000000000
101855  -48.642  8.076  12.280 0.0000000000
101839  -48.477  7.959  13.268 0.0000000000
97920  -56.833  5.825  10.163 0.0000000000
73849  -17.693  -12.250  51.016 0.0000000000
72506  -17.009  -13.294  52.031 0.0000000000
71199  -16.326  -14.585  51.919 0.0000000000
83268  -35.219  -6.524  32.934 0.0000000000
83331  -34.546  -5.350  28.381 0.0000000000
84720  -34.999  -5.405  27.960 0.0000000000
84737  -35.859  -5.168  27.403 0.0000000000
84736  -34.847  -5.091  27.094 0.0000000000
89982  -34.440  -0.269  22.798 0.0000000000
88713  -34.552  -1.279  23.349 0.0000000000
89975  -34.773  -0.905  22.918 0.0000000000
87456  -35.874  -2.068  23.604 0.0000000000
89976  -35.766  -0.781  22.896 0.0000000000
88716  -36.785  -1.339  23.762 0.0000000000
95216  -35.881  3.162  19.225 0.0000000000
74129  -27.746  -11.976  36.659 0.0000000000
74112  -27.418  -12.270  37.417 0.0000000000
72730  -28.333  -13.211  37.676 0.0000000000
72542  -17.464  -13.118  47.880 0.0000000000
73897  -17.749  -12.252  48.152 0.0000000000
71229  -17.059  -14.625  48.180 0.0000000000
69835  -16.848  -15.518  48.707 0.0000000000
68522  -17.070  -16.588  48.258 0.0000000000
73984  -18.458  -12.786  43.740 0.0000000000
73962  -18.263  -13.176  44.338 0.0000000000
71272  -18.272  -14.897  44.756 0.0000000000
72484  -16.997  -12.980  55.236 0.0000000000
72483  -16.410  -13.680  55.430 0.0000000000
82038  -39.129  -5.967  33.826 0.0000000000
74068  -21.923  -13.197  39.329 0.0000000000
74047  -22.481  -13.237  40.194 0.0000000000
75414  -23.848  -11.818  38.271 0.0000000000
75392  -23.456  -12.295  39.292 0.0000000000
75375  -24.484  -11.973  40.340 0.0000000000
75394  -25.107  -11.787  39.421 0.0000000000
74135  -39.207  -12.596  36.894 0.0000000000
83204  -22.181  -5.422  38.341 0.0000000000
80685  -20.863  -7.521  37.612 0.0000000000
81966  -20.998  -6.383  37.738 0.0000000000
80672  -20.441  -7.220  38.364 0.0000000000
81956  -20.421  -6.107  38.635 0.0000000000
79300  -20.107  -8.137  39.255 0.0000000000
78049  -20.315  -9.347  38.790 0.0000000000
74110  -21.235  -11.918  38.171 0.0000000000
75410  -20.554  -11.215  38.741 0.0000000000
74067  -21.022  -12.972  39.187 0.0000000000
72699  -21.288  -13.540  39.739 0.0000000000
78097  -36.526  -9.675  35.248 0.0000000000
78106  -36.599  -9.121  35.171 0.0000000000
76783  -36.405  -10.422  35.523 0.0000000000
99110  -40.294  6.586  15.146 0.0000000000
103131  -41.895  9.477  14.269 0.0000000000
101818  -41.517  8.548  14.242 0.0000000000
101819  -42.085  8.632  13.532 0.0000000000
100503  -42.614  7.955  13.315 0.0000000000
103138  -42.497  9.443  13.442 0.0000000000
105939  -48.431  11.380  12.408 0.0000000000
105940  -49.506  11.280  12.452 0.0000000000
103176  -50.011  9.088  11.248 0.0000000000
104574  -49.463  9.915  11.365 0.0000000000
101871  -49.454  8.214  11.496 0.0000000000
100536  -50.299  7.509  11.524 0.0000000000
100524  -50.737  6.961  11.648 0.0000000000
100537  -51.127  7.308  11.267 0.0000000000
99161  -53.356  5.789  12.280 0.0000000000
100525  -54.104  7.022  11.113 0.0000000000
86022  -33.930  -3.485  32.701 0.0000000000
86034  -33.370  -3.969  32.073 0.0000000000
86035  -33.830  -3.382  31.682 0.0000000000
86061  -33.854  -3.312  29.579 0.0000000000
86077  -33.783  -3.707  28.548 0.0000000000
87387  -34.251  -2.992  27.912 0.0000000000
96474  -34.261  4.010  22.904 0.0000000000
95153  -34.158  3.170  23.554 0.0000000000
93931  -33.823  2.206  21.878 0.0000000000
97826  -35.206  5.226  20.888 0.0000000000
96511  -34.312  3.908  20.765 0.0000000000
96528  -34.967  4.340  19.941 0.0000000000
96529  -35.549  4.902  19.563 0.0000000000
97836  -35.891  5.251  19.349 0.0000000000
99059  -37.041  6.159  19.719 0.0000000000
71377  -29.769  -14.326  37.514 0.0000000000
71367  -29.485  -14.509  38.178 0.0000000000
81894  -18.435  -6.842  46.148 0.0000000000
77943  -18.580  -9.210  46.388 0.0000000000
68432  -14.501  -16.948  56.584 0.0000000000
69744  -15.028  -15.829  56.767 0.0000000000
68427  -14.375  -16.949  57.158 0.0000000000
68413  -14.196  -16.578  58.936 0.0000000000
68414  -14.562  -16.156  58.351 0.0000000000
69726  -14.792  -15.532  59.048 0.0000000000
71122  -15.364  -14.486  59.626 0.0000000000
69725  -14.398  -15.886  59.663 0.0000000000
84675  -40.476  -4.326  31.682 0.0000000000
84690  -40.649  -4.001  30.581 0.0000000000
84691  -41.339  -3.888  30.931 0.0000000000
84706  -40.282  -3.934  30.046 0.0000000000
69989  -34.612  -15.468  37.226 0.0000000000
69970  -35.471  -15.578  38.220 0.0000000000
87207  -18.301  -1.893  42.490 0.0000000000
85879  -18.403  -3.511  42.769 0.0000000000
85871  -17.673  -3.277  43.399 0.0000000000
84525  -18.499  -4.769  43.197 0.0000000000
83149  -18.674  -5.730  43.684 0.0000000000
83160  -19.171  -5.450  42.801 0.0000000000
79265  -19.660  -8.454  42.452 0.0000000000
78002  -19.411  -9.915  42.803 0.0000000000
75343  -19.024  -11.886  42.465 0.0000000000
76719  -20.007  -10.707  39.988 0.0000000000
76705  -19.746  -10.539  40.883 0.0000000000
71334  -19.967  -14.679  41.668 0.0000000000
72657  -19.525  -14.024  41.574 0.0000000000
71321  -19.601  -14.776  42.322 0.0000000000
72640  -18.984  -13.965  42.563 0.0000000000
78131  -38.136  -9.311  33.309 0.0000000000
76825  -37.662  -9.569  32.906 0.0000000000
80733  -35.520  -7.133  34.069 0.0000000000
80711  -36.417  -7.533  35.473 0.0000000000
79357  -36.343  -8.153  34.686 0.0000000000
83229  -35.312  -5.152  36.127 0.0000000000
83246  -35.056  -5.619  35.574 0.0000000000
83245  -34.563  -5.408  35.206 0.0000000000
85975  -34.493  -4.468  35.415 0.0000000000
85995  -34.217  -4.070  34.800 0.0000000000
78091  -24.091  -9.619  35.689 0.0000000000
78094  -26.870  -9.543  36.028 0.0000000000
74131  -29.032  -11.457  36.488 0.0000000000
74130  -28.413  -11.797  36.434 0.0000000000
71387  -31.191  -14.385  36.355 0.0000000000
71388  -31.646  -14.653  36.248 0.0000000000
72719  -33.025  -13.242  37.655 0.0000000000
72718  -32.305  -13.078  37.295 0.0000000000
72734  -32.010  -13.357  36.584 0.0000000000
70006  -33.871  -15.164  36.432 0.0000000000
71392  -36.066  -14.630  35.945 0.0000000000
71405  -36.225  -14.142  35.410 0.0000000000
74142  -34.984  -12.269  35.215 0.0000000000
72760  -34.799  -13.042  34.703 0.0000000000
74162  -36.473  -12.104  33.678 0.0000000000
74152  -35.946  -12.682  34.012 0.0000000000
74153  -37.089  -12.705  34.468 0.0000000000
72754  -36.860  -13.585  35.239 0.0000000000
75479  -37.518  -12.025  34.051 0.0000000000
75492  -37.843  -10.835  33.427 0.0000000000
79330  -23.400  -8.461  37.177 0.0000000000
80674  -22.851  -8.048  37.703 0.0000000000
79346  -22.768  -8.603  36.559 0.0000000000
95206  -40.821  3.189  19.756 0.0000000000
95234  -42.865  3.615  17.911 0.0000000000
95223  -42.565  3.483  18.522 0.0000000000
97878  -41.983  5.283  14.880 0.0000000000
107126  -43.872  12.373  16.099 0.0000000000
105887  -43.629  11.951  15.522 0.0000000000
105916  -45.205  11.457  13.374 0.0000000000
105915  -44.250  11.328  13.633 0.0000000000
104533  -44.687  10.565  12.791 0.0000000000
103154  -44.800  9.687  12.349 0.0000000000
104554  -47.919  10.632  11.758 0.0000000000
101853  -46.323  8.671  11.944 0.0000000000
103156  -46.032  9.563  11.665 0.0000000000
101852  -45.538  9.000  12.100 0.0000000000
101836  -45.871  8.293  12.576 0.0000000000
100507  -46.357  7.869  13.238 0.0000000000
100488  -47.373  7.852  14.323 0.0000000000
99142  -51.660  6.311  12.756 0.0000000000
97896  -56.253  5.187  12.870 0.0000000000
97910  -57.922  5.381  12.068 0.0000000000
99179  -58.573  5.531  11.347 0.0000000000
99184  -57.171  6.198  9.648 0.0000000000
72499  -17.028  -13.151  53.158 0.0000000000
73827  -17.879  -11.861  52.896 0.0000000000
72498  -16.599  -13.612  53.698 0.0000000000
72492  -17.019  -13.041  54.253 0.0000000000
65917  -15.424  -18.445  53.282 0.0000000000
67242  -15.397  -17.500  53.038 0.0000000000
65903  -14.845  -18.585  54.842 0.0000000000
67230  -14.975  -17.577  54.693 0.0000000000
67222  -14.599  -17.634  55.621 0.0000000000
63297  -13.720  -20.616  57.354 0.0000000000
80722  -38.510  -7.732  33.880 0.0000000000
82036  -37.305  -6.725  33.000 0.0000000000
82050  -37.222  -6.136  32.620 0.0000000000
83297  -33.483  -5.102  31.250 0.0000000000
83285  -34.412  -5.660  32.077 0.0000000000
83298  -34.074  -5.370  30.914 0.0000000000
83321  -36.087  -5.429  29.610 0.0000000000
83322  -36.624  -5.274  30.253 0.0000000000
83312  -36.892  -5.150  30.888 0.0000000000
84703  -37.451  -4.985  29.943 0.0000000000
84688  -38.534  -4.620  30.938 0.0000000000
84738  -36.996  -4.837  27.694 0.0000000000
84723  -38.318  -4.556  28.907 0.0000000000
86094  -38.125  -4.280  27.829 0.0000000000
86079  -39.350  -4.026  28.849 0.0000000000
88672  -34.854  -1.457  26.635 0.0000000000
87403  -34.139  -2.951  27.013 0.0000000000
88671  -34.249  -2.130  26.079 0.0000000000
92556  -34.488  0.756  25.050 0.0000000000
91231  -34.218  0.227  24.764 0.0000000000
86121  -34.278  -3.444  25.513 0.0000000000
86122  -34.889  -3.990  25.130 0.0000000000
86140  -35.493  -3.504  24.627 0.0000000000
87435  -37.572  -2.882  25.240 0.0000000000
86124  -37.435  -3.430  25.682 0.0000000000
86125  -38.220  -3.146  26.023 0.0000000000
86111  -39.155  -3.107  26.794 0.0000000000
87421  -38.717  -2.961  26.283 0.0000000000
89963  -37.458  -0.587  24.027 0.0000000000
92616  -34.955  1.412  21.140 0.0000000000
92617  -35.771  1.532  21.050 0.0000000000
93950  -37.080  2.076  21.049 0.0000000000
93932  -36.546  1.589  21.505 0.0000000000
93933  -37.300  1.885  21.949 0.0000000000
95187  -38.884  2.983  20.950 0.0000000000
95188  -39.780  3.345  20.771 0.0000000000
95205  -39.856  2.921  19.815 0.0000000000
95229  -37.905  3.045  18.018 0.0000000000
95239  -39.408  3.148  16.936 0.0000000000
96553  -38.550  3.909  16.737 0.0000000000
97838  -37.076  5.605  18.328 0.0000000000
99090  -38.940  5.849  16.669 0.0000000000
99099  -39.876  6.535  15.808 0.0000000000
100438  -40.775  7.599  17.552 0.0000000000
76763  -24.872  -11.005  36.421 0.0000000000
75437  -25.364  -11.336  37.171 0.0000000000
74093  -26.914  -12.254  38.528 0.0000000000
74092  -26.351  -12.002  39.041 0.0000000000
75395  -25.885  -11.912  39.604 0.0000000000
74070  -26.566  -12.236  39.652 0.0000000000
71358  -29.535  -14.691  39.066 0.0000000000
72702  -28.963  -14.289  39.872 0.0000000000
76613  -18.813  -10.094  50.529 0.0000000000
75223  -18.474  -10.744  50.077 0.0000000000
83126  -18.438  -6.192  47.697 0.0000000000
81879  -18.620  -6.845  48.164 0.0000000000
79194  -18.342  -8.416  48.084 0.0000000000
73879  -17.817  -12.145  49.098 0.0000000000
72525  -17.470  -12.803  49.555 0.0000000000
73863  -17.832  -12.164  50.023 0.0000000000
72524  -17.117  -13.477  49.939 0.0000000000
69824  -16.570  -15.397  49.718 0.0000000000
79252  -19.303  -8.344  44.323 0.0000000000
80610  -19.067  -7.430  44.723 0.0000000000
73948  -18.081  -12.643  45.267 0.0000000000
75289  -18.265  -11.433  45.495 0.0000000000
73932  -17.780  -12.705  46.285 0.0000000000
71238  -17.528  -14.333  46.439 0.0000000000
100577  -57.214  7.756  6.995 0.0000000000
68395  -12.566  -16.733  61.521 0.0000000000
67181  -12.656  -17.449  61.071 0.0000000000
68396  -13.265  -16.339  61.165 0.0000000000
69708  -14.632  -15.057  60.826 0.0000000000
71110  -14.096  -14.864  61.765 0.0000000000
74091  -22.255  -12.646  38.696 0.0000000000
75412  -22.126  -12.285  38.124 0.0000000000
75472  -39.361  -11.323  35.424 0.0000000000
81983  -21.615  -6.981  37.446 0.0000000000
80686  -21.467  -7.757  37.180 0.0000000000
79327  -20.980  -8.479  37.414 0.0000000000
78061  -20.666  -9.351  37.874 0.0000000000
76747  -20.558  -10.264  38.371 0.0000000000
76760  -20.937  -10.261  37.628 0.0000000000
101784  -41.201  8.489  16.014 0.0000000000
101804  -41.272  8.666  15.149 0.0000000000
104556  -49.942  10.538  11.876 0.0000000000
104557  -50.765  10.307  11.998 0.0000000000
101873  -51.536  8.091  11.199 0.0000000000
99175  -53.482  6.265  11.557 0.0000000000
101876  -53.569  7.755  11.459 0.0000000000
86036  -34.520  -2.902  31.237 0.0000000000
87361  -35.288  -2.604  29.874 0.0000000000
87374  -35.188  -2.583  29.055 0.0000000000
87388  -34.953  -2.444  28.278 0.0000000000
96497  -34.741  4.651  22.357 0.0000000000
96496  -34.115  4.010  21.792 0.0000000000
69966  -31.716  -15.552  38.396 0.0000000000
71369  -30.881  -15.392  38.744 0.0000000000
69948  -32.470  -15.574  39.370 0.0000000000
83138  -17.957  -6.165  45.698 0.0000000000
80600  -18.751  -7.509  45.621 0.0000000000
99198  -58.667  6.245  8.988 0.0000000000
65881  -13.723  -18.605  57.638 0.0000000000
65875  -13.416  -18.617  58.557 0.0000000000
65868  -13.295  -18.391  59.242 0.0000000000
69971  -36.522  -15.362  38.233 0.0000000000
69972  -37.572  -14.851  38.249 0.0000000000
69973  -38.246  -14.628  38.613 0.0000000000
85911  -20.674  -3.396  39.537 0.0000000000
87215  -20.181  -2.445  40.764 0.0000000000
87214  -19.514  -2.396  41.452 0.0000000000
85885  -19.206  -3.362  41.921 0.0000000000
83170  -19.482  -5.206  41.920 0.0000000000
81929  -19.566  -6.306  42.105 0.0000000000
72697  -20.110  -13.110  40.030 0.0000000000
74046  -19.799  -12.682  40.327 0.0000000000
72677  -20.065  -13.722  40.681 0.0000000000
72658  -20.013  -14.282  41.245 0.0000000000
78141  -36.932  -9.550  32.486 0.0000000000
78129  -36.538  -9.488  32.775 0.0000000000
79331  -24.501  -8.943  36.705 0.0000000000
79348  -24.524  -9.177  35.924 0.0000000000
78076  -25.233  -9.186  36.083 0.0000000000
78077  -26.012  -9.168  36.440 0.0000000000
76766  -29.172  -10.477  37.233 0.0000000000
72736  -33.585  -13.205  37.066 0.0000000000
71403  -34.549  -14.058  35.239 0.0000000000
75478  -35.500  -11.519  34.228 0.0000000000
75489  -35.711  -11.308  33.747 0.0000000000
76811  -37.219  -10.468  32.961 0.0000000000
95232  -41.181  2.922  17.790 0.0000000000
95242  -42.342  3.592  16.982 0.0000000000
99124  -42.580  6.584  14.041 0.0000000000
97886  -43.092  6.038  14.609 0.0000000000
107134  -45.423  13.165  15.250 0.0000000000
107152  -44.665  12.087  14.480 0.0000000000
107153  -45.347  12.231  14.238 0.0000000000
107169  -45.709  11.837  13.645 0.0000000000
105936  -45.679  11.156  12.807 0.0000000000
103174  -48.045  9.302  11.229 0.0000000000
104571  -47.052  9.828  11.300 0.0000000000
101869  -47.737  8.884  11.335 0.0000000000
101854  -47.402  8.537  11.845 0.0000000000
97908  -55.887  5.352  11.367 0.0000000000
73838  -17.817  -12.023  52.016 0.0000000000
71192  -16.218  -14.586  52.570 0.0000000000
63303  -14.213  -20.620  56.438 0.0000000000
82035  -36.262  -7.003  33.017 0.0000000000
82048  -35.741  -6.641  32.842 0.0000000000
84701  -33.876  -5.058  29.247 0.0000000000
83309  -34.310  -5.324  29.767 0.0000000000
83319  -34.418  -5.317  28.897 0.0000000000
83333  -35.564  -5.497  28.991 0.0000000000
91246  -34.030  0.274  23.934 0.0000000000
89962  -34.109  -0.644  24.418 0.0000000000
89974  -34.239  -0.628  23.453 0.0000000000
87448  -36.029  -2.712  24.096 0.0000000000
87449  -37.264  -2.478  24.682 0.0000000000
87450  -38.061  -1.812  24.851 0.0000000000
89977  -36.873  -0.636  23.514 0.0000000000
93962  -35.419  2.489  20.025 0.0000000000
93963  -35.999  2.240  20.212 0.0000000000
93964  -36.554  2.152  20.520 0.0000000000
95185  -37.319  2.302  20.794 0.0000000000
95186  -37.950  2.474  21.270 0.0000000000
99080  -37.938  5.719  17.664 0.0000000000
75456  -26.496  -11.166  36.238 0.0000000000
75438  -26.244  -11.521  37.066 0.0000000000
77930  -18.359  -9.173  47.449 0.0000000000
76622  -18.260  -9.881  47.945 0.0000000000
72534  -17.482  -12.897  48.735 0.0000000000
71220  -16.940  -14.346  49.229 0.0000000000
68505  -16.715  -16.511  49.174 0.0000000000
76665  -18.845  -10.435  44.688 0.0000000000
75307  -18.584  -11.490  44.374 0.0000000000
71253  -17.841  -14.777  45.724 0.0000000000
83258  -39.810  -5.798  34.248 0.0000000000
83290  -38.907  -5.287  33.097 0.0000000000
72641  -21.840  -14.167  41.568 0.0000000000
72660  -22.229  -13.710  40.959 0.0000000000
74026  -22.810  -13.170  41.112 0.0000000000
74027  -23.488  -12.631  41.250 0.0000000000
74069  -22.709  -12.737  39.338 0.0000000000
72747  -38.035  -13.470  36.532 0.0000000000
72737  -38.402  -13.623  37.472 0.0000000000
85925  -21.646  -3.362  38.848 0.0000000000
83203  -21.497  -5.271  38.005 0.0000000000
84582  -21.272  -4.421  38.246 0.0000000000
85924  -21.061  -3.522  38.876 0.0000000000
83192  -20.344  -4.956  39.073 0.0000000000
81948  -20.054  -6.080  39.628 0.0000000000
80650  -19.941  -7.197  40.075 0.0000000000
78034  -20.044  -9.558  39.962 0.0000000000
75391  -20.205  -11.372  39.496 0.0000000000
74066  -20.256  -12.421  39.566 0.0000000000
72698  -20.589  -13.386  39.850 0.0000000000
72678  -21.037  -14.075  40.401 0.0000000000
78105  -36.303  -9.205  34.498 0.0000000000
74141  -34.586  -12.749  35.312 0.0000000000
75469  -35.408  -11.546  35.045 0.0000000000
76789  -35.661  -11.052  34.584 0.0000000000
96575  -40.464  4.692  15.523 0.0000000000
97865  -40.509  5.111  15.300 0.0000000000
97877  -40.975  5.508  14.916 0.0000000000
97884  -41.529  5.936  14.513 0.0000000000
100482  -41.153  7.649  14.389 0.0000000000
99123  -41.670  6.654  14.153 0.0000000000
105919  -47.802  11.982  13.060 0.0000000000
104573  -48.478  9.972  11.302 0.0000000000
100523  -50.266  7.069  12.127 0.0000000000
99172  -51.616  6.892  11.293 0.0000000000
99143  -52.561  5.945  13.073 0.0000000000
97895  -55.077  5.218  13.118 0.0000000000
99163  -55.103  6.054  10.928 0.0000000000
69809  -16.097  -15.815  51.240 0.0000000000
69797  -16.081  -15.373  51.787 0.0000000000
68477  -15.997  -16.195  51.456 0.0000000000
65932  -15.813  -18.442  52.471 0.0000000000
84641  -33.811  -4.924  33.965 0.0000000000
83266  -33.786  -5.242  32.812 0.0000000000
84655  -33.431  -4.629  32.396 0.0000000000
84670  -33.319  -4.628  31.424 0.0000000000
84685  -33.324  -4.510  30.475 0.0000000000
86048  -33.782  -3.322  30.656 0.0000000000
86060  -33.323  -3.882  30.059 0.0000000000
84700  -33.478  -4.523  29.428 0.0000000000
84718  -33.546  -4.258  28.822 0.0000000000
92573  -34.608  2.035  24.825 0.0000000000
95135  -34.745  3.296  24.477 0.0000000000
93893  -34.228  2.353  24.101 0.0000000000
92586  -33.912  1.255  23.495 0.0000000000
91270  -34.507  0.324  22.366 0.0000000000
92615  -34.256  1.525  21.582 0.0000000000
93947  -34.276  2.099  21.005 0.0000000000
95199  -34.343  3.308  20.486 0.0000000000
95184  -34.417  2.701  20.525 0.0000000000
95215  -35.262  3.402  19.504 0.0000000000
96539  -35.417  3.817  19.327 0.0000000000
96541  -36.607  4.149  18.350 0.0000000000
97837  -36.472  5.369  18.804 0.0000000000
99069  -37.064  5.919  18.826 0.0000000000
99058  -36.406  5.904  20.040 0.0000000000
72731  -28.969  -13.591  37.437 0.0000000000
81886  -18.575  -6.874  47.156 0.0000000000
83133  -18.179  -6.217  46.758 0.0000000000
79209  -18.556  -8.409  47.012 0.0000000000
76631  -18.323  -10.000  46.975 0.0000000000
75261  -17.939  -11.578  47.442 0.0000000000
73915  -17.698  -12.496  47.204 0.0000000000
68554  -19.294  -16.218  44.701 0.0000000000
69755  -15.491  -15.199  55.828 0.0000000000
69745  -15.391  -15.175  56.709 0.0000000000
71140  -15.689  -14.544  57.753 0.0000000000
68422  -14.620  -16.262  57.667 0.0000000000
71139  -15.263  -15.230  57.847 0.0000000000
72451  -16.233  -13.445  58.560 0.0000000000
71131  -15.751  -14.143  58.968 0.0000000000
72441  -15.680  -13.917  59.809 0.0000000000
108334  -45.273  13.733  16.405 0.0000000000
108342  -46.610  14.204  15.511 0.0000000000
107136  -46.985  13.764  14.925 0.0000000000
108343  -47.467  14.092  14.864 0.0000000000
86080  -40.484  -3.340  28.499 0.0000000000
69968  -33.468  -15.579  38.263 0.0000000000
69951  -35.282  -15.728  39.229 0.0000000000
72722  -38.717  -13.699  38.119 0.0000000000
88486  -17.596  -1.448  43.265 0.0000000000
87193  -17.192  -2.572  43.828 0.0000000000
84517  -17.924  -5.184  44.013 0.0000000000
80621  -19.381  -7.428  43.655 0.0000000000
80632  -19.526  -7.081  42.788 0.0000000000
79253  -19.512  -8.439  43.330 0.0000000000
76677  -19.082  -10.848  43.376 0.0000000000
75327  -18.675  -12.043  43.530 0.0000000000
73983  -18.485  -13.434  43.601 0.0000000000
78020  -19.798  -9.390  41.067 0.0000000000
76690  -19.661  -10.011  41.483 0.0000000000
74045  -19.514  -12.821  40.955 0.0000000000
75357  -19.402  -11.814  41.288 0.0000000000
76689  -19.404  -10.678  41.937 0.0000000000
72639  -18.728  -13.640  42.999 0.0000000000
71289  -18.763  -14.926  43.867 0.0000000000
78117  -38.971  -9.362  34.141 0.0000000000
79383  -38.641  -9.003  33.789 0.0000000000
79381  -37.392  -8.258  33.117 0.0000000000
79392  -37.145  -8.780  32.777 0.0000000000
83247  -35.625  -6.247  35.762 0.0000000000
82020  -35.594  -6.957  34.739 0.0000000000
82019  -35.234  -6.699  34.524 0.0000000000
83256  -34.567  -5.915  34.605 0.0000000000
86011  -33.982  -3.762  33.757 0.0000000000
85996  -35.007  -3.200  34.509 0.0000000000
76775  -22.798  -10.217  36.039 0.0000000000
75454  -23.241  -10.812  36.316 0.0000000000
76776  -23.617  -10.279  35.834 0.0000000000
76778  -25.601  -10.617  35.946 0.0000000000
78092  -25.001  -9.748  35.655 0.0000000000
78095  -27.679  -9.463  36.457 0.0000000000
75459  -29.019  -10.721  36.624 0.0000000000
71380  -32.720  -15.304  36.794 0.0000000000
70009  -36.280  -14.817  36.558 0.0000000000
71381  -36.627  -14.622  36.568 0.0000000000
72746  -37.398  -13.742  36.027 0.0000000000
72759  -34.567  -12.963  34.972 0.0000000000
72753  -35.840  -13.754  34.816 0.0000000000
72755  -37.616  -13.362  35.724 0.0000000000
74144  -38.198  -12.759  35.656 0.0000000000
75471  -38.574  -11.977  35.167 0.0000000000
75480  -38.286  -11.437  34.247 0.0000000000
75481  -39.023  -10.767  34.554 0.0000000000
76799  -39.134  -10.051  34.336 0.0000000000
81968  -22.213  -6.637  37.977 0.0000000000
80687  -22.297  -7.705  37.275 0.0000000000
80700  -22.255  -8.260  36.735 0.0000000000
79345  -22.060  -8.684  36.485 0.0000000000
95222  -41.925  3.220  18.790 0.0000000000
96576  -41.370  4.411  15.619 0.0000000000
95248  -42.185  3.939  16.254 0.0000000000
96566  -42.854  4.063  16.613 0.0000000000
105886  -43.164  11.388  15.907 0.0000000000
105896  -43.333  11.440  14.958 0.0000000000
104521  -42.950  10.851  14.401 0.0000000000
105897  -44.082  11.812  14.530 0.0000000000
104531  -42.893  9.937  13.395 0.0000000000
103139  -43.183  9.515  13.009 0.0000000000
101834  -43.767  8.665  12.817 0.0000000000
105918  -46.811  11.761  13.109 0.0000000000
105937  -46.350  11.163  12.525 0.0000000000
104552  -45.627  10.478  12.292 0.0000000000
103172  -46.706  9.633  11.356 0.0000000000
104551  -45.087  10.126  12.349 0.0000000000
101835  -44.851  8.703  12.532 0.0000000000
101820  -47.081  7.916  13.535 0.0000000000
99192  -58.936  6.068  9.565 0.0000000000
73814  -17.407  -12.376  53.995 0.0000000000
72491  -16.484  -13.666  54.461 0.0000000000
69787  -15.858  -15.374  52.780 0.0000000000
65916  -15.140  -18.488  54.051 0.0000000000
68459  -15.258  -16.798  53.637 0.0000000000
69778  -15.691  -15.327  53.761 0.0000000000
69767  -15.512  -15.405  54.770 0.0000000000
69766  -15.209  -15.918  55.281 0.0000000000
67215  -14.516  -17.209  56.202 0.0000000000
65887  -14.047  -18.626  56.828 0.0000000000
64560  -14.163  -19.514  56.354 0.0000000000
64555  -13.874  -19.590  57.071 0.0000000000
64551  -13.479  -19.607  57.864 0.0000000000
79369  -39.081  -8.516  34.360 0.0000000000
83289  -38.376  -5.282  32.684 0.0000000000
83310  -35.099  -5.517  30.240 0.0000000000
83300  -36.325  -5.639  31.493 0.0000000000
83301  -37.408  -5.244  31.765 0.0000000000
84672  -37.794  -4.949  31.654 0.0000000000
84673  -38.307  -4.887  31.971 0.0000000000
84705  -39.771  -4.122  29.833 0.0000000000
86063  -39.861  -3.966  29.459 0.0000000000
88657  -35.201  -1.722  27.214 0.0000000000
87404  -34.869  -2.198  27.402 0.0000000000
91232  -34.649  0.241  25.484 0.0000000000
89946  -34.544  -0.583  25.650 0.0000000000
88688  -34.203  -1.449  25.366 0.0000000000
87434  -34.141  -2.520  25.566 0.0000000000
84752  -34.386  -4.178  26.019 0.0000000000
84753  -34.867  -4.681  26.293 0.0000000000
84774  -35.382  -4.586  25.973 0.0000000000
86108  -36.275  -4.508  26.235 0.0000000000
86109  -37.008  -4.404  26.687 0.0000000000
86096  -40.200  -3.020  27.642 0.0000000000
88690  -38.757  -1.559  25.208 0.0000000000
91271  -35.320  0.360  22.164 0.0000000000
91272  -36.175  0.477  22.400 0.0000000000
91273  -36.677  0.542  22.779 0.0000000000
95231  -40.150  2.762  17.783 0.0000000000
96551  -37.181  4.051  17.798 0.0000000000
97849  -38.020  5.083  17.049 0.0000000000
97864  -39.816  5.419  15.595 0.0000000000
100465  -40.188  7.238  15.803 0.0000000000
100437  -40.068  7.253  17.011 0.0000000000
101785  -42.136  8.920  16.392 0.0000000000
75415  -24.817  -11.624  38.309 0.0000000000
72716  -28.342  -13.488  38.320 0.0000000000
74072  -27.939  -13.220  38.864 0.0000000000
72682  -29.117  -14.435  41.104 0.0000000000
72681  -28.439  -13.881  40.792 0.0000000000
72700  -27.721  -13.143  40.134 0.0000000000
74050  -27.316  -12.914  40.713 0.0000000000
75207  -18.584  -10.787  50.995 0.0000000000
72514  -17.116  -13.275  50.974 0.0000000000
79177  -18.398  -8.162  49.175 0.0000000000
77915  -18.253  -9.166  48.420 0.0000000000
75239  -18.299  -10.623  49.178 0.0000000000
76615  -18.541  -9.977  49.679 0.0000000000
72515  -17.416  -12.774  50.306 0.0000000000
69810  -16.297  -15.334  50.861 0.0000000000
68488  -16.134  -16.374  50.907 0.0000000000
65963  -16.780  -18.533  50.463 0.0000000000
83143  -18.186  -5.980  44.621 0.0000000000
79239  -19.069  -8.142  45.185 0.0000000000
76647  -18.478  -10.172  45.866 0.0000000000
75271  -17.933  -11.864  46.488 0.0000000000
69866  -18.260  -15.797  45.395 0.0000000000
69855  -17.355  -15.730  46.887 0.0000000000
68534  -17.414  -16.661  47.343 0.0000000000
69844  -17.105  -15.640  47.746 0.0000000000
100570  -57.640  7.434  7.566 0.0000000000
65861  -12.747  -18.790  60.283 0.0000000000
67189  -13.148  -17.661  60.246 0.0000000000
65851  -12.181  -18.391  61.231 0.0000000000
68404  -13.520  -16.725  60.369 0.0000000000
68405  -13.919  -16.519  59.902 0.0000000000
69715  -14.274  -15.688  60.384 0.0000000000
71114  -15.127  -14.415  60.663 0.0000000000
69701  -13.233  -15.379  61.956 0.0000000000
71105  -12.835  -14.526  62.473 0.0000000000
71107  -14.337  -13.910  62.221 0.0000000000
62113  -13.581  -21.614  57.743 0.0000000000
63311  -14.352  -20.067  56.009 0.0000000000
64567  -14.409  -19.526  55.741 0.0000000000
65852  -12.628  -18.231  60.710 0.0000000000
67180  -12.143  -17.400  61.555 0.0000000000
67190  -13.533  -17.098  59.959 0.0000000000
67197  -13.276  -18.080  59.622 0.0000000000
67214  -14.292  -17.718  56.455 0.0000000000
67221  -14.378  -18.169  55.909 0.0000000000
67241  -15.167  -17.557  53.840 0.0000000000
67253  -15.704  -17.368  52.194 0.0000000000
68421  -14.259  -16.856  57.957 0.0000000000
68428  -14.673  -16.358  56.959 0.0000000000
68433  -14.749  -16.623  56.203 0.0000000000
68448  -15.371  -16.069  53.918 0.0000000000
68489  -16.354  -16.421  50.105 0.0000000000
68548  -19.703  -16.648  45.229 0.0000000000
69702  -13.789  -15.152  61.796 0.0000000000
69706  -13.565  -15.533  61.523 0.0000000000
69707  -14.032  -15.403  61.233 0.0000000000
69732  -14.969  -15.657  58.162 0.0000000000
69739  -15.266  -15.289  57.301 0.0000000000
69798  -16.294  -14.866  51.488 0.0000000000
69879  -19.509  -15.737  43.871 0.0000000000
69954  -38.540  -14.982  39.291 0.0000000000
71123  -15.712  -13.988  59.536 0.0000000000
71150  -15.862  -14.459  56.626 0.0000000000
71184  -16.485  -13.921  53.064 0.0000000000
71252  -17.507  -15.066  46.464 0.0000000000
71306  -18.930  -14.624  43.272 0.0000000000
71307  -19.174  -14.694  42.884 0.0000000000
71346  -20.639  -14.205  40.779 0.0000000000
71370  -37.632  -14.437  37.639 0.0000000000
72442  -16.039  -13.440  59.738 0.0000000000
72558  -17.491  -13.537  46.946 0.0000000000
72613  -18.336  -14.069  44.116 0.0000000000
72626  -18.674  -14.072  43.305 0.0000000000
72627  -18.926  -14.339  42.997 0.0000000000
72659  -21.663  -14.031  40.848 0.0000000000
73848  -17.362  -12.649  51.716 0.0000000000
74003  -18.630  -13.533  43.207 0.0000000000
74089  -20.800  -12.104  38.739 0.0000000000
75253  -18.217  -10.462  48.415 0.0000000000
75358  -19.620  -11.261  40.953 0.0000000000
75372  -19.605  -12.237  40.722 0.0000000000
75411  -20.912  -11.514  38.235 0.0000000000
75455  -25.823  -11.200  36.484 0.0000000000
76617  -18.325  -9.869  48.826 0.0000000000
76782  -28.928  -10.258  36.813 0.0000000000
76824  -37.317  -9.842  32.698 0.0000000000
77899  -18.451  -9.176  49.330 0.0000000000
78089  -22.389  -9.399  36.176 0.0000000000
78132  -38.597  -9.385  33.723 0.0000000000
78142  -37.316  -9.287  32.673 0.0000000000
78143  -37.666  -9.274  32.938 0.0000000000
79176  -18.297  -8.582  48.875 0.0000000000
79333  -27.036  -9.061  37.579 0.0000000000
79368  -38.698  -8.065  34.077 0.0000000000
79391  -36.860  -9.106  32.622 0.0000000000
80582  -18.442  -7.882  48.435 0.0000000000
80622  -19.599  -7.778  42.861 0.0000000000
80688  -22.783  -8.163  37.288 0.0000000000
80720  -35.520  -7.043  34.337 0.0000000000
81967  -21.758  -6.213  37.753 0.0000000000
82018  -34.828  -6.377  34.412 0.0000000000
83257  -34.998  -6.160  35.013 0.0000000000
83302  -37.916  -5.221  32.225 0.0000000000
83332  -35.076  -5.498  28.640 0.0000000000
84508  -16.973  -4.713  45.437 0.0000000000
84570  -20.595  -4.015  39.091 0.0000000000
84581  -20.820  -4.290  38.553 0.0000000000
84601  -35.466  -4.746  36.382 0.0000000000
84616  -34.603  -5.036  35.479 0.0000000000
84640  -33.597  -4.626  33.143 0.0000000000
84656  -38.609  -4.990  32.500 0.0000000000
84671  -33.421  -4.995  30.820 0.0000000000
84739  -37.684  -4.686  28.268 0.0000000000
84754  -35.826  -4.780  26.483 0.0000000000
84773  -34.948  -4.411  25.677 0.0000000000
85864  -17.451  -4.714  44.278 0.0000000000
85878  -18.063  -2.933  42.952 0.0000000000
85938  -21.129  -3.940  38.405 0.0000000000
85939  -21.471  -3.802  38.426 0.0000000000
85940  -21.805  -3.683  38.493 0.0000000000
86010  -33.652  -4.322  33.499 0.0000000000
86050  -40.851  -3.807  30.249 0.0000000000
86062  -34.588  -2.836  29.522 0.0000000000
86078  -38.612  -4.301  28.513 0.0000000000
86139  -34.637  -3.356  24.712 0.0000000000
86142  -37.242  -3.060  25.084 0.0000000000
87201  -18.253  -2.621  42.650 0.0000000000
87241  -20.991  -3.052  39.426 0.0000000000
87419  -34.112  -2.858  26.199 0.0000000000
87455  -35.340  -2.320  23.688 0.0000000000
88704  -34.870  -2.166  23.671 0.0000000000
88715  -36.200  -1.445  23.428 0.0000000000
89984  -35.749  -0.067  22.521 0.0000000000
91262  -37.169  0.499  23.246 0.0000000000
95134  -34.356  2.950  24.051 0.0000000000
95200  -34.852  3.053  19.953 0.0000000000
96589  -42.251  4.783  15.434 0.0000000000
96590  -42.810  4.751  15.750 0.0000000000
99158  -50.793  6.745  11.976 0.0000000000
100538  -51.906  7.314  11.175 0.0000000000
101851  -45.096  9.269  12.225 0.0000000000
103122  -41.519  9.104  15.188 0.0000000000
103173  -47.272  9.271  11.234 0.0000000000
104514  -42.835  10.905  15.407 0.0000000000
104576  -51.002  9.841  11.697 0.0000000000
107135  -46.446  13.514  15.001 0.0000000000
