#!ascii label  , from subject  vox2ras=TkReg coords=orig
373
89410  -20.878  -1.950  -40.128 0.5555555820
89434  -20.878  -1.692  -40.898 0.6666666865
89453  -20.984  -1.442  -41.591 0.7777777910
89463  -21.096  -1.367  -42.159 0.7777777910
90772  -20.964  0.001  -42.885 0.8888888955
89469  -21.641  -1.255  -43.623 0.8888888955
90722  -21.076  -0.939  -40.826 0.5555555820
90744  -20.991  -0.657  -41.540 0.6666666865
89464  -21.299  -1.309  -42.772 0.8888888955
92086  -21.061  0.621  -43.954 1.0000000000
89485  -21.725  -0.763  -44.211 0.8888888955
92100  -21.797  0.073  -45.126 1.0000000000
92027  -21.112  0.161  -41.527 0.7777777910
93379  -20.972  1.343  -42.176 1.0000000000
94566  -20.696  2.557  -42.737 1.0000000000
93413  -20.674  1.592  -42.798 1.0000000000
93434  -20.508  1.834  -43.591 1.0000000000
94594  -20.368  2.741  -43.232 1.0000000000
93445  -20.472  2.249  -44.129 1.0000000000
94625  -20.221  2.999  -43.667 1.0000000000
94640  -20.293  2.826  -44.044 1.0000000000
92112  -21.564  1.051  -45.358 1.0000000000
94641  -20.571  2.731  -44.537 1.0000000000
93455  -21.681  1.552  -45.728 1.0000000000
94661  -21.269  3.048  -45.928 1.0000000000
94662  -21.636  2.546  -46.174 0.7777777910
95853  -20.317  3.710  -43.114 0.8888888955
95883  -20.092  3.825  -43.518 1.0000000000
95908  -20.052  3.839  -44.054 1.0000000000
95922  -20.154  4.083  -44.698 1.0000000000
95923  -20.545  3.631  -45.133 1.0000000000
97272  -20.598  4.173  -45.694 1.0000000000
95933  -20.993  3.655  -45.879 1.0000000000
94669  -22.356  2.623  -47.099 0.8888888955
95944  -21.782  3.575  -46.865 1.0000000000
94679  -22.529  3.172  -47.568 0.7777777910
94681  -23.582  2.538  -48.037 0.7777777910
98456  -19.668  5.298  -43.201 0.5555555820
99759  -18.552  6.822  -43.582 0.7777777910
98472  -18.942  6.025  -43.440 0.8888888955
98473  -19.007  5.704  -43.862 1.0000000000
98496  -18.801  6.162  -43.888 0.8888888955
98497  -19.142  5.729  -44.362 1.0000000000
97253  -19.739  4.809  -44.556 1.0000000000
97282  -20.339  5.179  -46.023 1.0000000000
97283  -20.739  4.683  -46.285 0.8888888955
97295  -21.436  4.661  -47.168 0.8888888955
95963  -23.109  3.810  -48.430 0.7777777910
95955  -25.066  3.482  -48.519 0.6666666865
95965  -24.415  3.661  -48.660 0.6666666865
101083  -18.117  7.617  -43.181 0.7777777910
102441  -17.886  8.678  -43.426 0.6666666865
101093  -18.350  7.757  -43.927 0.7777777910
99778  -18.744  6.827  -44.384 0.8888888955
99779  -19.130  6.381  -44.990 0.8888888955
98520  -19.591  5.646  -45.164 1.0000000000
99802  -18.976  7.242  -45.212 1.0000000000
99803  -19.535  6.643  -45.722 1.0000000000
98528  -20.441  5.617  -46.428 1.0000000000
99813  -20.518  6.056  -46.830 0.8888888955
97307  -21.600  5.139  -47.715 0.7777777910
97320  -22.682  4.424  -48.458 0.7777777910
97310  -25.223  4.213  -48.649 0.5555555820
98561  -23.382  5.312  -49.284 0.7777777910
97324  -25.305  5.141  -48.790 0.6666666865
103755  -17.983  9.791  -43.871 0.6666666865
102450  -18.318  8.826  -44.306 0.7777777910
101106  -18.624  7.940  -44.748 0.8888888955
101115  -18.939  8.110  -45.371 1.0000000000
101116  -19.337  7.727  -45.810 1.0000000000
101122  -19.751  7.366  -46.274 1.0000000000
99825  -20.726  6.582  -47.294 0.8888888955
98559  -22.137  5.645  -48.593 0.8888888955
97319  -22.383  4.999  -48.542 0.7777777910
101130  -20.163  7.596  -46.745 0.8888888955
99839  -21.283  6.555  -48.013 0.7777777910
98572  -23.038  5.976  -49.431 0.7777777910
98562  -24.086  5.462  -49.384 0.7777777910
98564  -25.767  5.994  -48.741 0.6666666865
103754  -17.393  9.738  -43.142 0.5555555820
103767  -18.395  9.850  -44.670 0.7777777910
102459  -18.746  9.005  -45.144 0.8888888955
102460  -19.253  8.694  -45.759 1.0000000000
99851  -22.315  6.692  -49.214 0.7777777910
99866  -23.705  7.026  -49.820 0.7777777910
99853  -25.340  6.930  -49.192 0.6666666865
101162  -26.182  7.591  -48.768 0.5555555820
99841  -26.501  6.634  -48.420 0.5555555820
105168  -18.544  10.707  -44.997 0.6666666865
103777  -18.731  9.975  -45.265 0.8888888955
103778  -19.138  9.650  -45.714 1.0000000000
103793  -19.537  9.288  -46.172 1.0000000000
102481  -20.263  8.525  -47.049 0.8888888955
101131  -20.524  7.664  -47.313 0.8888888955
101159  -21.334  7.999  -48.579 0.8888888955
101147  -21.423  7.282  -48.441 0.8888888955
99864  -22.517  7.355  -49.618 0.7777777910
101176  -23.995  7.942  -50.207 0.7777777910
101177  -24.900  7.866  -49.654 0.7777777910
101161  -25.495  7.669  -49.218 0.5555555820
101187  -22.925  8.448  -50.339 0.7777777910
102529  -25.717  9.005  -49.387 0.5555555820
102514  -27.017  8.939  -48.765 0.5555555820
103850  -25.816  9.788  -49.645 0.6666666865
105169  -19.027  10.583  -45.588 0.7777777910
103808  -19.972  9.393  -46.714 1.0000000000
103809  -20.356  9.481  -47.468 0.8888888955
102482  -20.627  8.594  -47.768 0.8888888955
102495  -20.995  8.682  -48.463 0.8888888955
101173  -22.191  7.868  -49.556 0.8888888955
102527  -24.376  8.980  -50.196 0.6666666865
103829  -26.513  9.728  -49.336 0.5555555820
105196  -20.179  10.313  -47.052 0.7777777910
105197  -20.522  10.403  -47.893 0.7777777910
103814  -20.671  9.557  -48.255 0.7777777910
103827  -21.021  9.622  -49.049 0.7777777910
103846  -21.765  9.737  -49.958 0.7777777910
103828  -21.417  9.341  -49.477 0.7777777910
102526  -22.549  8.954  -50.292 0.6666666865
105242  -22.841  10.831  -50.623 0.6666666865
105244  -24.153  10.908  -50.510 0.6666666865
103868  -23.922  9.878  -50.463 0.6666666865
102542  -23.893  9.183  -50.438 0.5555555820
107861  -25.415  12.639  -50.773 0.6666666865
106605  -24.714  11.663  -50.589 0.5555555820
106595  -26.284  11.407  -50.113 0.5555555820
105216  -26.679  10.541  -49.627 0.4444444478
107848  -25.904  12.063  -50.489 0.5555555820
105208  -20.828  10.509  -48.698 0.7777777910
106592  -21.418  11.512  -49.684 0.6666666865
105215  -21.155  10.637  -49.375 0.6666666865
105228  -21.513  10.700  -49.879 0.6666666865
105241  -22.313  10.822  -50.498 0.6666666865
106603  -23.135  11.760  -50.759 0.6666666865
109038  -24.983  13.311  -51.096 0.6666666865
107849  -26.469  12.528  -50.499 0.5555555820
109041  -27.286  14.140  -50.887 0.5555555820
107862  -26.014  13.151  -50.827 0.6666666865
106583  -21.186  11.435  -49.073 0.5555555820
106602  -22.543  11.680  -50.667 0.6666666865
107859  -23.486  12.759  -51.063 0.6666666865
110181  -26.587  14.895  -51.539 0.6666666865
110182  -27.094  14.870  -51.374 0.5555555820
107846  -21.600  12.397  -49.990 0.6666666865
107847  -21.849  12.397  -50.426 0.6666666865
106593  -21.694  11.553  -50.165 0.6666666865
109048  -24.688  13.957  -51.316 0.6666666865
90760  -20.992  -0.429  -42.259 0.8888888955
92049  -20.918  0.443  -42.191 1.0000000000
92085  -20.843  0.681  -43.405 1.0000000000
92099  -21.431  0.609  -44.812 1.0000000000
99812  -20.195  6.575  -46.527 0.8888888955
101160  -21.726  7.677  -49.012 0.8888888955
103849  -24.890  9.756  -50.008 0.6666666865
106584  -26.717  11.118  -49.844 0.4444444478
107837  -21.561  12.377  -49.434 0.6666666865
109026  -21.735  13.239  -50.243 0.6666666865
86925  -20.799  -3.531  -40.636 0.5555555820
88177  -20.868  -2.437  -41.092 0.5555555820
88178  -21.055  -2.630  -41.457 0.5555555820
89470  -22.050  -1.811  -43.886 0.8888888955
88184  -21.292  -2.340  -42.130 0.6666666865
89486  -22.105  -1.297  -44.485 0.7777777910
89500  -22.598  -1.424  -45.283 0.7777777910
90798  -22.659  -0.817  -45.825 0.8888888955
92113  -21.969  0.572  -45.668 1.0000000000
92123  -22.741  0.586  -46.538 0.8888888955
92133  -23.053  1.089  -46.972 0.6666666865
93485  -23.412  2.164  -47.733 0.7777777910
93487  -24.454  1.845  -47.851 0.6666666865
94682  -24.130  2.426  -48.174 0.6666666865
95956  -25.761  3.486  -48.185 0.5555555820
97311  -26.104  4.899  -48.358 0.5555555820
109020  -21.708  13.385  -49.726 0.6666666865
109027  -21.963  13.232  -50.634 0.6666666865
107857  -22.240  12.464  -50.730 0.6666666865
109037  -23.549  13.502  -51.285 0.6666666865
110179  -25.036  14.969  -51.650 0.6666666865
111413  -26.380  15.609  -51.920 0.6666666865
110180  -25.783  14.837  -51.610 0.6666666865
112686  -27.646  16.023  -51.735 0.6666666865
112687  -27.994  16.121  -51.659 0.4444444478
88167  -20.706  -2.718  -40.302 0.6666666865
88183  -21.047  -2.038  -41.663 0.7777777910
92072  -20.778  0.681  -42.855 1.0000000000
90761  -21.129  -0.665  -42.652 0.8888888955
90787  -21.454  -0.225  -44.091 1.0000000000
90773  -21.198  -0.288  -43.321 0.8888888955
90788  -21.759  -0.342  -44.681 1.0000000000
93435  -20.756  1.193  -43.825 1.0000000000
90797  -22.166  -0.488  -45.309 1.0000000000
93446  -20.848  1.666  -44.399 1.0000000000
93454  -21.320  1.579  -45.196 1.0000000000
95909  -20.302  3.412  -44.455 1.0000000000
94649  -21.092  2.624  -45.328 1.0000000000
94650  -21.438  2.074  -45.600 1.0000000000
93465  -22.188  1.571  -46.374 0.8888888955
93473  -22.740  1.604  -46.964 0.7777777910
97207  -19.901  4.713  -43.357 0.8888888955
97227  -19.532  4.936  -43.787 1.0000000000
97271  -20.198  4.733  -45.432 1.0000000000
95953  -22.241  3.631  -47.450 0.8888888955
94690  -23.050  3.361  -48.165 0.7777777910
94693  -24.298  2.939  -48.408 0.6666666865
98455  -19.239  5.946  -43.197 0.6666666865
97206  -19.385  5.422  -43.406 0.7777777910
97226  -18.857  5.606  -43.868 1.0000000000
98527  -20.080  5.737  -45.864 1.0000000000
98539  -20.810  5.524  -46.967 0.8888888955
97308  -22.115  4.593  -47.948 0.8888888955
95962  -22.820  3.681  -48.133 0.7777777910
97322  -23.873  4.540  -49.055 0.6666666865
98550  -21.227  5.671  -47.571 0.7777777910
98560  -22.693  5.438  -49.033 0.7777777910
98552  -26.336  5.796  -48.392 0.5555555820
98574  -24.210  6.368  -49.554 0.7777777910
98573  -23.548  6.155  -49.536 0.7777777910
99854  -25.934  6.778  -48.770 0.6666666865
102470  -19.754  8.371  -46.364 1.0000000000
99868  -24.825  7.137  -49.518 0.6666666865
101163  -26.875  8.341  -48.652 0.5555555820
101146  -21.005  7.624  -47.979 0.8888888955
101174  -22.621  7.991  -49.984 0.8888888955
102512  -25.614  8.333  -49.271 0.6666666865
102511  -21.747  8.675  -49.538 0.8888888955
103830  -27.246  9.633  -49.030 0.5555555820
105180  -19.594  10.261  -46.262 1.0000000000
103845  -21.338  10.008  -49.591 0.6666666865
103847  -22.208  9.504  -50.237 0.6666666865
103866  -22.578  9.910  -50.453 0.6666666865
106604  -23.854  11.809  -50.756 0.6666666865
105243  -23.482  10.859  -50.606 0.6666666865
105245  -24.639  10.914  -50.400 0.5555555820
105231  -25.280  10.769  -50.184 0.5555555820
106585  -27.205  11.409  -49.778 0.4444444478
109028  -27.128  13.042  -50.506 0.5555555820
110168  -26.295  14.316  -51.301 0.6666666865
107858  -22.779  12.584  -50.945 0.6666666865
107867  -23.882  13.305  -51.247 0.6666666865
90807  -22.494  -0.143  -45.964 0.7777777910
93474  -23.242  1.642  -47.376 0.6666666865
112697  -27.247  16.234  -51.973 0.6666666865
85614  -20.542  -4.356  -40.118 0.4444444478
85604  -20.569  -5.006  -40.112 0.4444444478
86926  -21.079  -3.974  -40.902 0.4444444478
84286  -22.202  -5.016  -41.814 0.4444444478
86933  -21.212  -3.399  -41.389 0.4444444478
85628  -21.646  -4.019  -41.717 0.4444444478
86939  -21.657  -3.354  -42.180 0.4444444478
89502  -23.726  -1.838  -46.079 0.6666666865
89513  -23.424  -0.979  -46.423 0.6666666865
90809  -23.515  -0.643  -46.661 0.6666666865
92124  -23.096  0.093  -46.767 0.6666666865
92136  -24.887  0.483  -47.371 0.5555555820
92134  -23.388  0.572  -47.047 0.5555555820
94671  -26.223  2.699  -47.680 0.5555555820
93476  -25.531  1.449  -47.521 0.4444444478
95945  -26.434  3.423  -47.811 0.4444444478
109036  -23.030  13.559  -51.237 0.5555555820
109035  -22.394  13.386  -50.957 0.5555555820
109046  -23.477  14.027  -51.380 0.5555555820
110178  -24.360  14.842  -51.532 0.5555555820
112696  -26.115  16.516  -52.429 0.5555555820
84266  -21.453  -5.520  -40.701 0.4444444478
89514  -24.002  -1.275  -46.541 0.6666666865
89515  -24.897  -1.447  -46.600 0.4444444478
110167  -23.145  14.538  -51.354 0.5555555820
111409  -23.349  15.456  -51.498 0.5555555820
86932  -20.936  -2.994  -41.136 0.4444444478
113986  -27.394  17.149  -52.401 0.5555555820
110158  -21.838  13.765  -50.416 0.5555555820
110159  -22.046  14.287  -50.608 0.5555555820
111411  -24.720  15.856  -51.985 0.5555555820
112706  -25.775  17.068  -52.786 0.5555555820
113996  -26.372  17.513  -52.901 0.5555555820
110147  -21.863  14.857  -50.255 0.5555555820
88185  -21.705  -2.684  -42.680 0.5555555820
92135  -24.131  0.707  -47.388 0.5555555820
92146  -24.643  1.181  -47.583 0.5555555820
93488  -25.094  1.813  -47.766 0.4444444478
84272  -21.814  -5.327  -41.181 0.4444444478
84273  -22.422  -5.580  -41.667 0.4444444478
85615  -20.922  -4.564  -40.573 0.4444444478
84265  -21.034  -5.513  -40.350 0.4444444478
84271  -21.299  -5.080  -40.785 0.4444444478
85620  -21.386  -4.430  -41.153 0.4444444478
85621  -21.844  -4.621  -41.624 0.4444444478
88245  -24.054  -2.097  -46.076 0.4444444478
88246  -24.608  -2.083  -46.205 0.4444444478
90820  -23.865  -0.267  -46.976 0.5555555820
89526  -24.692  -0.847  -46.857 0.5555555820
92147  -25.126  1.104  -47.515 0.5555555820
110177  -23.728  14.714  -51.458 0.5555555820
110166  -22.583  14.348  -51.070 0.5555555820
112695  -25.624  16.364  -52.380 0.5555555820
110146  -21.763  14.387  -50.008 0.4444444478
111420  -24.921  16.360  -52.306 0.4444444478
112694  -24.180  16.291  -52.002 0.4444444478
113995  -25.324  17.543  -53.151 0.4444444478
116542  -26.058  18.902  -53.718 0.4444444478
115248  -26.600  18.476  -53.374 0.4444444478
116543  -26.631  19.200  -53.725 0.4444444478
111396  -21.991  15.311  -50.380 0.4444444478
88195  -21.527  -2.005  -42.917 0.8888888955
95934  -21.396  3.368  -46.283 1.0000000000
95943  -21.290  4.002  -46.496 1.0000000000
94670  -22.820  2.156  -47.337 0.7777777910
94680  -22.956  2.801  -47.788 0.7777777910
97296  -21.925  4.125  -47.359 0.8888888955
95954  -22.555  3.660  -47.831 0.7777777910
93486  -23.852  1.700  -47.721 0.6666666865
94691  -23.348  3.204  -48.265 0.7777777910
94692  -23.871  3.050  -48.426 0.6666666865
98442  -20.118  5.240  -42.878 0.5555555820
95964  -23.619  3.776  -48.635 0.7777777910
97321  -23.198  4.514  -48.867 0.7777777910
94683  -24.839  2.722  -48.271 0.6666666865
97323  -24.626  4.789  -48.998 0.6666666865
98551  -21.659  5.675  -48.100 0.7777777910
97309  -22.557  4.085  -48.091 0.7777777910
98563  -24.872  5.881  -49.208 0.7777777910
99824  -20.405  7.096  -46.975 0.8888888955
99840  -21.744  6.574  -48.583 0.7777777910
99852  -22.733  6.231  -49.363 0.7777777910
99865  -22.942  6.876  -49.686 0.7777777910
99867  -24.381  7.149  -49.721 0.6666666865
101175  -23.239  7.763  -50.147 0.8888888955
98575  -24.716  6.675  -49.453 0.6666666865
101148  -26.611  7.223  -48.457 0.5555555820
102513  -26.331  8.945  -49.032 0.5555555820
102510  -21.349  8.663  -49.052 0.8888888955
101188  -23.393  8.519  -50.409 0.7777777910
101189  -23.822  8.741  -50.415 0.6666666865
102528  -25.183  8.953  -49.662 0.6666666865
102540  -22.994  9.153  -50.489 0.6666666865
105232  -26.005  10.626  -49.894 0.4444444478
102525  -22.155  8.782  -49.968 0.8888888955
103848  -24.406  9.718  -50.266 0.5555555820
105229  -21.875  10.757  -50.275 0.6666666865
103865  -22.120  10.146  -50.326 0.6666666865
103867  -23.192  9.968  -50.537 0.6666666865
105230  -24.520  10.318  -50.305 0.6666666865
102541  -23.512  9.223  -50.477 0.5555555820
106594  -25.500  11.708  -50.442 0.5555555820
107860  -24.366  12.868  -51.034 0.6666666865
109039  -25.607  13.782  -51.168 0.6666666865
106596  -26.868  11.937  -50.127 0.5555555820
106601  -22.059  11.605  -50.502 0.6666666865
109040  -26.680  13.626  -50.877 0.6666666865
110169  -26.933  14.448  -51.181 0.6666666865
111414  -27.123  15.348  -51.601 0.6666666865
111403  -27.699  15.702  -51.556 0.5555555820
107868  -24.193  13.513  -51.275 0.6666666865
109047  -23.965  13.959  -51.398 0.6666666865
109049  -25.247  14.395  -51.434 0.6666666865
88224  -22.591  -2.025  -44.742 0.7777777910
89501  -23.232  -1.480  -45.971 0.6666666865
90808  -23.032  -0.468  -46.413 0.7777777910
92145  -24.268  1.334  -47.628 0.5555555820
94684  -25.515  2.520  -47.944 0.5555555820
103815  -27.876  9.507  -48.671 0.4444444478
111412  -25.498  15.873  -52.128 0.5555555820
93475  -23.660  1.134  -47.380 0.5555555820
113985  -26.775  16.859  -52.437 0.5555555820
90819  -23.354  -0.167  -46.815 0.6666666865
89527  -25.129  -0.979  -46.754 0.5555555820
90821  -24.528  -0.192  -47.119 0.5555555820
93489  -25.707  2.006  -47.677 0.4444444478
111410  -24.001  15.584  -51.715 0.4444444478
112705  -25.275  16.674  -52.560 0.5555555820
89525  -24.273  -0.657  -46.897 0.5555555820
111421  -25.114  16.192  -52.253 0.5555555820
112704  -24.512  16.709  -52.379 0.4444444478
