#!ascii label  , from subject colin27 vox2ras=TkReg
777
14289  -49.290  -62.823  -16.412 0.0000000000
7229  -31.519  -72.855  -21.862 0.0000000000
18143  -46.125  -59.181  -13.936 0.0000000000
11036  -40.795  -67.902  -21.699 0.0000000000
18221  -45.316  -59.542  -18.469 0.0000000000
19113  -51.587  -58.803  -9.349 0.0000000000
19106  -43.253  -58.929  -9.578 0.0000000000
23048  -46.010  -54.385  -5.176 0.0000000000
22100  -43.607  -55.246  -13.146 0.0000000000
21128  -47.911  -57.362  -16.005 0.0000000000
24366  -45.902  -53.775  -13.669 0.0000000000
18063  -47.252  -59.027  -9.119 0.0000000000
21007  -48.575  -56.874  -6.501 0.0000000000
23101  -45.541  -53.748  -8.242 0.0000000000
24287  -42.412  -53.742  -9.450 0.0000000000
12551  -43.086  -65.587  -18.101 0.0000000000
6501  -36.953  -72.841  -20.632 0.0000000000
5880  -36.702  -74.297  -22.826 0.0000000000
5889  -30.569  -74.755  -23.584 0.0000000000
18172  -49.779  -60.161  -15.707 0.0000000000
14342  -47.253  -63.046  -19.322 0.0000000000
14352  -42.187  -63.837  -19.776 0.0000000000
10249  -37.164  -68.278  -20.291 0.0000000000
17078  -48.218  -60.068  -11.429 0.0000000000
18117  -43.261  -59.483  -11.624 0.0000000000
23160  -40.518  -54.681  -12.287 0.0000000000
23007  -48.149  -54.759  -3.330 0.0000000000
22033  -44.758  -56.192  -8.086 0.0000000000
24307  -39.986  -53.523  -10.166 0.0000000000
29962  -39.824  -48.555  -13.363 0.0000000000
9498  -41.988  -69.489  -22.300 0.0000000000
7852  -32.277  -71.032  -17.869 0.0000000000
6498  -27.328  -73.149  -19.824 0.0000000000
6507  -23.190  -72.906  -21.279 0.0000000000
25514  -41.808  -52.877  -13.804 0.0000000000
23180  -44.401  -54.579  -13.478 0.0000000000
13375  -47.569  -63.550  -17.344 0.0000000000
7212  -34.595  -72.958  -21.342 0.0000000000
6545  -33.163  -73.377  -23.390 0.0000000000
6542  -30.422  -73.973  -22.782 0.0000000000
4605  -28.219  -76.028  -20.873 0.0000000000
5220  -27.906  -74.946  -20.287 0.0000000000
18170  -48.311  -59.974  -15.389 0.0000000000
19191  -48.236  -58.938  -15.889 0.0000000000
20242  -47.143  -57.500  -18.589 0.0000000000
18223  -46.752  -59.085  -19.384 0.0000000000
16157  -44.194  -61.431  -18.842 0.0000000000
11780  -38.970  -66.461  -20.353 0.0000000000
14337  -41.178  -63.461  -19.237 0.0000000000
18134  -50.312  -59.969  -12.642 0.0000000000
18104  -50.099  -59.047  -10.735 0.0000000000
19108  -45.111  -59.176  -9.148 0.0000000000
17044  -45.462  -60.296  -10.078 0.0000000000
18098  -43.324  -59.736  -10.506 0.0000000000
21080  -41.541  -57.164  -11.876 0.0000000000
20144  -41.143  -57.482  -10.717 0.0000000000
23030  -47.047  -54.522  -4.361 0.0000000000
22000  -46.773  -56.162  -6.011 0.0000000000
21999  -45.927  -55.670  -6.278 0.0000000000
27606  -40.679  -50.370  -10.239 0.0000000000
25425  -41.029  -53.084  -9.556 0.0000000000
26516  -39.915  -51.386  -10.459 0.0000000000
26543  -39.456  -51.320  -11.451 0.0000000000
13418  -44.366  -64.285  -19.717 0.0000000000
11785  -42.653  -66.468  -19.351 0.0000000000
10297  -41.656  -68.870  -22.290 0.0000000000
5894  -37.084  -74.867  -22.991 0.0000000000
8599  -31.331  -70.825  -17.651 0.0000000000
7884  -29.919  -71.810  -20.324 0.0000000000
7203  -23.356  -71.970  -21.142 0.0000000000
20162  -45.442  -57.555  -12.786 0.0000000000
19164  -47.080  -58.010  -14.355 0.0000000000
22088  -45.500  -56.063  -12.820 0.0000000000
22104  -47.004  -55.739  -13.140 0.0000000000
22117  -47.531  -55.345  -14.376 0.0000000000
19089  -49.706  -58.219  -8.822 0.0000000000
20098  -48.579  -57.465  -7.438 0.0000000000
20112  -46.247  -57.925  -8.410 0.0000000000
23067  -45.497  -54.246  -6.621 0.0000000000
23099  -44.395  -54.784  -8.213 0.0000000000
24288  -43.466  -53.564  -9.414 0.0000000000
26518  -42.247  -51.495  -9.900 0.0000000000
29901  -40.967  -48.587  -10.438 0.0000000000
8661  -38.494  -70.331  -21.953 0.0000000000
8682  -39.492  -70.635  -22.733 0.0000000000
6513  -37.817  -72.949  -21.480 0.0000000000
6563  -32.304  -74.003  -24.288 0.0000000000
5254  -30.303  -75.813  -23.876 0.0000000000
3983  -28.145  -76.990  -21.017 0.0000000000
4549  -24.478  -76.392  -17.692 0.0000000000
5207  -22.112  -75.499  -19.060 0.0000000000
16148  -50.422  -61.079  -16.966 0.0000000000
14326  -48.684  -62.506  -18.275 0.0000000000
16194  -47.710  -61.613  -20.159 0.0000000000
14354  -44.114  -63.676  -20.038 0.0000000000
20259  -48.332  -57.957  -19.190 0.0000000000
16174  -45.568  -61.587  -19.833 0.0000000000
11799  -40.578  -67.092  -20.947 0.0000000000
11034  -38.982  -67.897  -21.134 0.0000000000
7875  -36.940  -71.299  -20.213 0.0000000000
7152  -35.814  -72.274  -19.344 0.0000000000
18147  -50.487  -60.375  -14.081 0.0000000000
18145  -49.369  -60.287  -13.461 0.0000000000
17102  -47.040  -60.500  -13.464 0.0000000000
18101  -47.409  -59.891  -10.207 0.0000000000
17076  -46.525  -60.618  -11.696 0.0000000000
18130  -44.534  -59.334  -12.659 0.0000000000
20160  -43.272  -57.720  -12.415 0.0000000000
23162  -41.913  -55.184  -12.858 0.0000000000
25513  -40.797  -52.872  -13.309 0.0000000000
20971  -49.048  -55.971  -4.785 0.0000000000
21026  -46.189  -56.737  -7.470 0.0000000000
21056  -43.625  -57.312  -8.962 0.0000000000
22055  -43.534  -55.047  -8.911 0.0000000000
22053  -41.564  -55.574  -9.464 0.0000000000
21053  -40.978  -56.323  -9.691 0.0000000000
23149  -39.652  -53.928  -11.496 0.0000000000
26565  -39.743  -51.961  -12.578 0.0000000000
13389  -45.696  -64.252  -18.266 0.0000000000
10252  -42.893  -68.813  -20.395 0.0000000000
7929  -40.041  -71.450  -22.850 0.0000000000
6531  -39.855  -72.871  -22.058 0.0000000000
12560  -38.084  -65.631  -19.679 0.0000000000
9453  -36.092  -69.468  -19.459 0.0000000000
7188  -33.040  -72.180  -20.409 0.0000000000
7899  -30.368  -72.290  -20.841 0.0000000000
6509  -28.780  -73.558  -20.873 0.0000000000
5851  -26.215  -74.250  -18.721 0.0000000000
6478  -23.265  -73.777  -18.048 0.0000000000
26603  -41.723  -51.278  -14.311 0.0000000000
25515  -42.912  -52.639  -14.164 0.0000000000
13348  -48.091  -63.635  -16.017 0.0000000000
14288  -48.559  -63.142  -16.856 0.0000000000
7231  -33.320  -72.802  -21.810 0.0000000000
7250  -32.233  -73.172  -22.610 0.0000000000
6523  -30.169  -73.737  -22.340 0.0000000000
5878  -29.531  -74.405  -22.042 0.0000000000
6522  -29.829  -73.704  -21.965 0.0000000000
18156  -47.071  -59.653  -14.698 0.0000000000
19190  -47.744  -59.397  -15.390 0.0000000000
19177  -47.333  -58.744  -14.938 0.0000000000
19233  -45.811  -58.586  -18.578 0.0000000000
17168  -45.503  -60.283  -18.935 0.0000000000
17167  -44.583  -60.677  -18.471 0.0000000000
15254  -42.401  -62.719  -19.208 0.0000000000
15238  -42.739  -62.214  -18.771 0.0000000000
18084  -51.875  -59.397  -9.596 0.0000000000
18083  -51.468  -59.087  -10.034 0.0000000000
18105  -50.934  -59.148  -10.696 0.0000000000
19133  -50.467  -58.796  -10.128 0.0000000000
19107  -44.278  -58.912  -9.193 0.0000000000
18076  -43.876  -59.606  -9.763 0.0000000000
19129  -42.029  -58.637  -10.555 0.0000000000
19104  -41.795  -58.079  -9.934 0.0000000000
24192  -46.193  -53.735  -4.589 0.0000000000
24171  -46.272  -53.853  -3.556 0.0000000000
24193  -46.630  -54.029  -4.218 0.0000000000
23006  -47.302  -54.323  -3.527 0.0000000000
23049  -46.569  -54.628  -4.810 0.0000000000
21977  -46.770  -55.347  -5.182 0.0000000000
21976  -45.758  -55.007  -5.705 0.0000000000
28780  -40.438  -49.343  -10.476 0.0000000000
27605  -40.000  -50.102  -10.576 0.0000000000
28801  -39.471  -49.391  -11.559 0.0000000000
31056  -39.726  -47.765  -11.504 0.0000000000
12576  -42.443  -65.553  -19.614 0.0000000000
11784  -42.058  -66.864  -20.296 0.0000000000
11054  -40.915  -68.329  -22.116 0.0000000000
7205  -25.849  -71.471  -19.404 0.0000000000
7185  -24.412  -71.517  -19.293 0.0000000000
7893  -23.762  -71.275  -21.211 0.0000000000
21088  -43.940  -56.753  -12.651 0.0000000000
21089  -44.981  -56.794  -12.685 0.0000000000
22087  -44.497  -55.971  -12.866 0.0000000000
24365  -44.833  -53.763  -13.801 0.0000000000
23181  -45.461  -54.568  -13.399 0.0000000000
23182  -46.479  -54.641  -13.349 0.0000000000
22105  -47.495  -55.527  -13.806 0.0000000000
24367  -46.882  -53.804  -13.636 0.0000000000
20113  -46.964  -57.993  -8.228 0.0000000000
21028  -47.819  -57.091  -7.118 0.0000000000
24206  -46.055  -53.418  -5.489 0.0000000000
23077  -45.251  -54.095  -7.524 0.0000000000
23100  -44.841  -54.259  -8.233 0.0000000000
24289  -44.480  -53.437  -9.255 0.0000000000
27607  -41.716  -50.473  -10.119 0.0000000000
10234  -43.177  -68.572  -19.403 0.0000000000
7902  -37.961  -71.002  -21.479 0.0000000000
7903  -38.421  -71.327  -21.955 0.0000000000
6512  -36.771  -73.501  -21.430 0.0000000000
6562  -31.492  -74.022  -23.965 0.0000000000
5253  -29.893  -75.524  -23.105 0.0000000000
5209  -26.088  -75.493  -18.582 0.0000000000
4587  -26.856  -76.546  -19.231 0.0000000000
4568  -25.600  -76.250  -18.146 0.0000000000
4548  -23.152  -76.518  -17.839 0.0000000000
5196  -23.362  -75.512  -17.635 0.0000000000
18210  -50.474  -60.269  -16.726 0.0000000000
16147  -50.209  -61.047  -17.745 0.0000000000
16193  -46.969  -61.654  -20.190 0.0000000000
16192  -46.223  -61.968  -20.169 0.0000000000
20186  -47.407  -57.425  -14.426 0.0000000000
20187  -47.596  -57.908  -15.087 0.0000000000
20214  -48.416  -57.766  -16.385 0.0000000000
17178  -46.047  -60.641  -19.515 0.0000000000
15256  -44.221  -62.299  -19.757 0.0000000000
14353  -43.103  -63.603  -19.960 0.0000000000
12574  -40.857  -65.589  -20.185 0.0000000000
11035  -39.659  -67.644  -21.197 0.0000000000
11779  -38.280  -66.791  -20.312 0.0000000000
9460  -37.392  -69.320  -20.802 0.0000000000
8646  -36.994  -70.335  -20.449 0.0000000000
7171  -36.333  -72.270  -19.732 0.0000000000
8631  -36.609  -70.775  -19.891 0.0000000000
18133  -49.586  -59.934  -12.312 0.0000000000
18144  -48.684  -60.333  -12.958 0.0000000000
17103  -47.786  -60.473  -13.301 0.0000000000
17091  -47.210  -60.588  -12.537 0.0000000000
18065  -48.562  -58.731  -9.243 0.0000000000
18081  -48.649  -58.969  -9.694 0.0000000000
18080  -47.762  -59.393  -9.663 0.0000000000
17056  -43.965  -60.240  -10.896 0.0000000000
17058  -45.879  -60.568  -10.820 0.0000000000
17074  -44.310  -60.168  -11.753 0.0000000000
17089  -45.255  -60.019  -12.799 0.0000000000
18118  -44.032  -59.692  -12.199 0.0000000000
19149  -44.045  -58.537  -12.531 0.0000000000
19148  -43.233  -58.710  -12.253 0.0000000000
22077  -40.996  -56.252  -11.903 0.0000000000
21086  -42.030  -56.776  -12.316 0.0000000000
23161  -41.217  -54.831  -12.676 0.0000000000
24362  -41.336  -53.925  -13.217 0.0000000000
24340  -40.463  -53.685  -12.718 0.0000000000
21960  -48.659  -55.302  -4.067 0.0000000000
22019  -45.755  -56.148  -7.065 0.0000000000
21005  -46.463  -56.424  -6.737 0.0000000000
21025  -45.412  -56.441  -7.703 0.0000000000
21038  -45.048  -56.983  -8.354 0.0000000000
21037  -44.245  -56.691  -8.577 0.0000000000
23126  -43.088  -54.536  -9.228 0.0000000000
24285  -40.632  -53.693  -9.672 0.0000000000
23124  -41.038  -54.623  -9.477 0.0000000000
21054  -41.920  -56.601  -9.426 0.0000000000
22052  -40.644  -55.415  -9.698 0.0000000000
21052  -40.421  -55.980  -10.043 0.0000000000
23141  -39.764  -54.339  -10.732 0.0000000000
28825  -39.437  -49.468  -12.300 0.0000000000
26564  -39.526  -51.260  -12.419 0.0000000000
27669  -39.557  -50.304  -12.694 0.0000000000
27670  -40.030  -50.398  -13.403 0.0000000000
14325  -47.964  -62.891  -18.775 0.0000000000
14303  -46.962  -63.662  -18.272 0.0000000000
14323  -46.632  -63.786  -18.775 0.0000000000
10275  -42.454  -68.748  -21.429 0.0000000000
11018  -42.678  -67.830  -20.031 0.0000000000
10276  -42.661  -69.059  -21.197 0.0000000000
8664  -42.790  -70.051  -20.954 0.0000000000
8684  -42.135  -70.276  -21.971 0.0000000000
6514  -38.437  -72.745  -21.993 0.0000000000
7913  -39.304  -71.397  -22.733 0.0000000000
6529  -38.396  -73.368  -22.030 0.0000000000
5255  -36.578  -75.232  -23.541 0.0000000000
5882  -38.376  -74.180  -22.016 0.0000000000
14322  -40.637  -63.217  -18.699 0.0000000000
14335  -39.405  -63.998  -18.978 0.0000000000
8617  -35.581  -70.668  -18.647 0.0000000000
7151  -35.271  -72.172  -19.049 0.0000000000
7168  -33.863  -72.105  -19.166 0.0000000000
7207  -28.607  -72.627  -20.463 0.0000000000
7885  -30.716  -71.840  -20.449 0.0000000000
7208  -29.322  -72.694  -20.857 0.0000000000
7910  -30.045  -72.737  -21.219 0.0000000000
6508  -28.046  -73.239  -20.327 0.0000000000
5869  -27.860  -73.815  -20.263 0.0000000000
6489  -25.929  -73.124  -18.894 0.0000000000
7164  -22.745  -72.908  -19.504 0.0000000000
6486  -22.732  -73.415  -18.911 0.0000000000
6495  -22.720  -73.337  -20.156 0.0000000000
24363  -42.534  -53.783  -13.669 0.0000000000
22101  -44.051  -55.265  -13.161 0.0000000000
24364  -43.695  -53.767  -13.857 0.0000000000
25516  -44.194  -52.910  -14.194 0.0000000000
24309  -44.717  -52.790  -9.624 0.0000000000
13372  -45.091  -64.249  -17.381 0.0000000000
6500  -36.033  -73.184  -20.737 0.0000000000
6510  -34.965  -73.308  -21.992 0.0000000000
6524  -33.584  -73.078  -22.495 0.0000000000
6544  -31.916  -73.575  -23.417 0.0000000000
5888  -29.987  -74.639  -22.751 0.0000000000
5240  -29.120  -75.237  -21.769 0.0000000000
5219  -27.389  -75.433  -19.792 0.0000000000
5210  -26.743  -75.157  -19.138 0.0000000000
18171  -48.993  -59.936  -15.754 0.0000000000
19207  -49.637  -59.295  -16.885 0.0000000000
19219  -49.644  -58.645  -17.587 0.0000000000
19237  -49.715  -58.506  -18.576 0.0000000000
21157  -48.012  -57.107  -17.205 0.0000000000
20258  -47.751  -57.744  -19.051 0.0000000000
19234  -46.724  -58.429  -19.111 0.0000000000
14339  -42.578  -63.150  -19.672 0.0000000000
11781  -39.653  -66.372  -20.446 0.0000000000
14351  -41.593  -63.813  -19.653 0.0000000000
12562  -39.666  -65.229  -19.921 0.0000000000
11767  -38.402  -66.174  -20.058 0.0000000000
18121  -50.323  -59.501  -11.595 0.0000000000
18119  -48.734  -59.632  -11.078 0.0000000000
18062  -46.478  -59.180  -9.102 0.0000000000
18079  -46.819  -59.728  -9.700 0.0000000000
18078  -45.799  -59.685  -9.423 0.0000000000
18099  -44.075  -60.118  -10.258 0.0000000000
17073  -43.635  -60.024  -11.219 0.0000000000
19142  -42.596  -58.663  -11.842 0.0000000000
19141  -41.953  -58.396  -11.380 0.0000000000
20151  -41.487  -57.670  -11.407 0.0000000000
21079  -40.913  -56.771  -11.410 0.0000000000
23031  -47.810  -54.730  -3.980 0.0000000000
21959  -47.687  -55.103  -4.506 0.0000000000
26502  -41.657  -52.133  -9.698 0.0000000000
25426  -41.779  -52.921  -9.581 0.0000000000
26501  -41.136  -52.444  -9.653 0.0000000000
25447  -40.432  -52.610  -9.905 0.0000000000
25446  -39.826  -52.643  -10.434 0.0000000000
25474  -39.506  -52.357  -11.033 0.0000000000
27629  -39.556  -50.279  -11.090 0.0000000000
29961  -39.502  -48.621  -12.611 0.0000000000
14340  -45.595  -64.003  -19.697 0.0000000000
13403  -43.701  -64.869  -19.254 0.0000000000
12577  -42.967  -65.324  -19.301 0.0000000000
11017  -42.331  -67.836  -20.768 0.0000000000
9497  -41.246  -69.514  -22.661 0.0000000000
5893  -36.469  -74.710  -23.494 0.0000000000
8614  -30.100  -70.849  -18.362 0.0000000000
8628  -30.173  -71.165  -19.258 0.0000000000
8643  -30.346  -71.473  -19.968 0.0000000000
7897  -28.511  -71.755  -19.957 0.0000000000
7206  -27.166  -72.196  -19.679 0.0000000000
7187  -26.588  -72.384  -19.429 0.0000000000
7167  -25.028  -72.349  -18.779 0.0000000000
7184  -23.300  -71.901  -20.103 0.0000000000
19151  -45.775  -58.090  -13.039 0.0000000000
19163  -46.820  -58.083  -13.912 0.0000000000
20163  -46.319  -57.505  -12.988 0.0000000000
20164  -46.775  -57.167  -12.970 0.0000000000
22090  -46.836  -56.381  -12.909 0.0000000000
22102  -45.003  -55.289  -13.092 0.0000000000
22103  -46.017  -55.397  -13.043 0.0000000000
21115  -47.523  -56.406  -14.359 0.0000000000
21127  -47.508  -56.515  -15.186 0.0000000000
21156  -47.396  -56.773  -16.826 0.0000000000
20241  -46.171  -57.668  -18.447 0.0000000000
19090  -50.601  -58.165  -8.832 0.0000000000
19074  -49.168  -57.928  -8.103 0.0000000000
19073  -48.337  -57.993  -8.113 0.0000000000
19087  -47.663  -58.371  -8.536 0.0000000000
19086  -46.732  -58.554  -8.675 0.0000000000
19085  -45.817  -58.725  -8.823 0.0000000000
19084  -45.015  -58.490  -8.890 0.0000000000
23068  -45.800  -53.950  -5.923 0.0000000000
23047  -45.634  -54.552  -5.919 0.0000000000
21998  -45.524  -54.941  -6.286 0.0000000000
23076  -44.725  -54.687  -7.781 0.0000000000
23127  -44.091  -54.359  -8.783 0.0000000000
25427  -42.708  -52.937  -9.659 0.0000000000
24308  -44.020  -52.978  -9.570 0.0000000000
25449  -42.993  -52.192  -9.793 0.0000000000
25448  -42.255  -52.329  -9.702 0.0000000000
28781  -41.315  -49.478  -10.295 0.0000000000
31038  -40.648  -47.931  -10.660 0.0000000000
10273  -39.998  -68.575  -22.058 0.0000000000
9495  -39.715  -69.461  -22.516 0.0000000000
8662  -39.076  -69.740  -22.317 0.0000000000
7214  -38.451  -72.161  -21.939 0.0000000000
6528  -37.327  -73.837  -22.037 0.0000000000
6546  -34.531  -73.852  -23.977 0.0000000000
5902  -32.695  -75.025  -25.177 0.0000000000
4604  -27.803  -76.334  -20.332 0.0000000000
4569  -26.490  -76.927  -18.820 0.0000000000
3940  -24.780  -77.604  -17.999 0.0000000000
3938  -22.960  -77.133  -18.337 0.0000000000
4567  -22.201  -76.415  -19.019 0.0000000000
15196  -50.046  -62.135  -16.378 0.0000000000
14306  -48.945  -62.683  -17.394 0.0000000000
15218  -49.839  -61.816  -17.426 0.0000000000
15240  -49.071  -61.940  -18.859 0.0000000000
15260  -48.207  -62.171  -19.498 0.0000000000
16176  -48.651  -61.452  -19.758 0.0000000000
15259  -47.386  -62.638  -19.659 0.0000000000
14356  -46.008  -63.188  -20.105 0.0000000000
13417  -43.315  -64.540  -19.665 0.0000000000
19178  -47.740  -58.548  -15.440 0.0000000000
20244  -49.231  -58.000  -18.155 0.0000000000
19256  -47.631  -58.549  -19.479 0.0000000000
18239  -47.090  -59.562  -19.707 0.0000000000
15269  -44.667  -62.888  -20.133 0.0000000000
12575  -41.729  -65.622  -20.007 0.0000000000
11783  -41.196  -66.456  -20.529 0.0000000000
9473  -38.682  -69.300  -21.820 0.0000000000
8660  -37.716  -70.264  -21.160 0.0000000000
11015  -38.698  -67.435  -20.788 0.0000000000
10250  -38.084  -68.372  -21.026 0.0000000000
7193  -37.288  -72.037  -20.506 0.0000000000
6490  -36.318  -72.780  -20.180 0.0000000000
7190  -34.699  -72.787  -20.508 0.0000000000
7211  -33.878  -72.677  -21.126 0.0000000000
16099  -50.739  -61.335  -15.393 0.0000000000
17117  -50.685  -60.797  -15.931 0.0000000000
18173  -50.335  -60.395  -15.755 0.0000000000
18146  -50.077  -60.211  -13.776 0.0000000000
18158  -49.106  -60.293  -14.642 0.0000000000
17110  -47.119  -60.264  -14.205 0.0000000000
17101  -46.326  -60.032  -13.755 0.0000000000
19131  -49.392  -58.807  -9.978 0.0000000000
18103  -49.217  -59.095  -10.411 0.0000000000
17061  -48.262  -59.843  -10.925 0.0000000000
17046  -46.704  -60.104  -10.129 0.0000000000
17059  -46.869  -60.306  -10.667 0.0000000000
17077  -47.461  -60.401  -11.574 0.0000000000
17090  -46.284  -60.503  -12.725 0.0000000000
18131  -45.295  -59.199  -13.158 0.0000000000
19150  -45.034  -58.449  -12.857 0.0000000000
20161  -44.462  -57.644  -12.623 0.0000000000
21087  -42.953  -56.679  -12.504 0.0000000000
20159  -42.610  -57.254  -12.328 0.0000000000
22085  -42.393  -55.905  -12.665 0.0000000000
23163  -42.658  -55.238  -13.022 0.0000000000
23178  -42.223  -54.611  -13.252 0.0000000000
21978  -48.102  -55.740  -4.929 0.0000000000
20985  -47.699  -56.265  -5.713 0.0000000000
21027  -46.999  -56.992  -7.245 0.0000000000
21039  -45.854  -57.166  -8.125 0.0000000000
20110  -44.472  -57.775  -8.789 0.0000000000
20129  -43.700  -58.192  -9.108 0.0000000000
22018  -45.083  -55.318  -7.339 0.0000000000
22032  -44.071  -55.545  -8.496 0.0000000000
22031  -43.516  -55.866  -8.861 0.0000000000
23125  -42.061  -54.673  -9.389 0.0000000000
22054  -42.915  -55.695  -9.150 0.0000000000
21036  -43.535  -56.343  -8.871 0.0000000000
21055  -42.825  -56.930  -9.144 0.0000000000
20127  -42.151  -57.594  -9.490 0.0000000000
20126  -41.298  -57.343  -9.879 0.0000000000
21078  -40.361  -56.160  -11.018 0.0000000000
23150  -40.025  -54.718  -11.555 0.0000000000
24323  -39.559  -53.163  -11.390 0.0000000000
24339  -39.758  -53.329  -12.086 0.0000000000
23159  -39.953  -54.120  -12.093 0.0000000000
26589  -40.166  -51.600  -13.200 0.0000000000
27671  -40.699  -50.898  -13.856 0.0000000000
14305  -48.295  -63.028  -17.746 0.0000000000
13390  -46.469  -64.005  -18.222 0.0000000000
13388  -44.732  -64.502  -18.359 0.0000000000
12563  -43.060  -65.534  -18.849 0.0000000000
13387  -43.827  -64.978  -18.565 0.0000000000
11768  -42.890  -66.514  -18.488 0.0000000000
9496  -40.375  -69.765  -22.842 0.0000000000
9519  -40.445  -70.262  -22.993 0.0000000000
8710  -41.008  -70.663  -22.739 0.0000000000
5881  -37.601  -74.345  -22.350 0.0000000000
6550  -39.800  -72.326  -22.407 0.0000000000
7931  -41.152  -71.041  -22.496 0.0000000000
25537  -43.714  -52.067  -14.472 0.0000000000
23184  -47.833  -54.535  -13.968 0.0000000000
21155  -46.671  -56.456  -17.033 0.0000000000
21169  -46.458  -56.973  -17.823 0.0000000000
17166  -43.792  -60.758  -17.925 0.0000000000
15237  -42.078  -62.408  -18.606 0.0000000000
14336  -40.288  -63.852  -19.086 0.0000000000
11766  -37.699  -66.520  -19.921 0.0000000000
11765  -36.956  -66.670  -19.554 0.0000000000
10997  -36.824  -67.545  -19.732 0.0000000000
9459  -36.717  -69.328  -20.124 0.0000000000
7866  -35.870  -71.589  -19.077 0.0000000000
7169  -34.587  -72.434  -19.534 0.0000000000
7209  -32.048  -72.424  -21.323 0.0000000000
7871  -31.822  -71.392  -19.440 0.0000000000
7872  -32.655  -71.581  -19.089 0.0000000000
7888  -33.230  -71.925  -19.452 0.0000000000
7901  -32.066  -72.097  -20.760 0.0000000000
7911  -30.744  -72.693  -21.410 0.0000000000
6521  -29.320  -73.733  -21.424 0.0000000000
5870  -28.411  -74.091  -20.679 0.0000000000
5852  -26.930  -74.568  -19.367 0.0000000000
5850  -25.397  -74.456  -18.088 0.0000000000
6479  -24.169  -73.761  -17.823 0.0000000000
5844  -23.672  -74.520  -17.648 0.0000000000
5843  -22.600  -74.615  -18.234 0.0000000000
3939  -23.732  -77.370  -17.992 0.0000000000
3982  -27.676  -77.289  -20.190 0.0000000000
4546  -22.263  -76.321  -18.644 0.0000000000
4547  -22.490  -76.531  -18.425 0.0000000000
4550  -25.484  -77.051  -18.096 0.0000000000
4566  -22.150  -76.264  -18.846 0.0000000000
4586  -22.109  -76.106  -19.753 0.0000000000
4588  -27.187  -76.663  -19.596 0.0000000000
4633  -29.757  -76.623  -23.388 0.0000000000
5194  -22.305  -76.193  -18.437 0.0000000000
5195  -22.462  -75.843  -18.202 0.0000000000
5197  -24.274  -75.253  -17.607 0.0000000000
5206  -22.159  -76.094  -18.665 0.0000000000
5218  -26.804  -76.039  -19.231 0.0000000000
5229  -27.985  -75.574  -20.458 0.0000000000
5230  -28.489  -75.112  -20.887 0.0000000000
5241  -29.568  -75.194  -22.437 0.0000000000
5265  -30.894  -75.943  -24.494 0.0000000000
5845  -24.629  -74.525  -17.693 0.0000000000
5859  -26.683  -73.835  -19.244 0.0000000000
5860  -27.395  -74.161  -19.838 0.0000000000
5861  -28.050  -74.428  -20.408 0.0000000000
5877  -28.996  -74.364  -21.271 0.0000000000
5879  -36.187  -74.322  -23.341 0.0000000000
5890  -31.059  -74.308  -23.905 0.0000000000
5895  -37.715  -74.876  -22.461 0.0000000000
5906  -36.153  -74.964  -23.996 0.0000000000
6480  -24.848  -73.956  -17.870 0.0000000000
6487  -23.611  -73.013  -18.308 0.0000000000
6491  -36.607  -72.598  -20.157 0.0000000000
6496  -22.924  -72.617  -20.372 0.0000000000
6497  -26.662  -73.110  -19.374 0.0000000000
6499  -35.264  -73.136  -21.130 0.0000000000
6502  -37.523  -72.476  -20.952 0.0000000000
6506  -23.010  -73.812  -21.019 0.0000000000
6511  -35.850  -73.523  -21.737 0.0000000000
6527  -36.460  -73.849  -22.221 0.0000000000
6530  -39.089  -73.297  -22.085 0.0000000000
6541  -29.965  -74.065  -22.421 0.0000000000
6543  -31.051  -73.880  -23.345 0.0000000000
6547  -35.327  -74.075  -23.800 0.0000000000
6548  -39.053  -72.751  -22.316 0.0000000000
6549  -39.468  -72.535  -22.342 0.0000000000
7149  -33.910  -71.842  -18.555 0.0000000000
7150  -34.502  -72.019  -18.720 0.0000000000
7170  -35.571  -72.695  -19.897 0.0000000000
7172  -36.823  -71.920  -19.989 0.0000000000
7183  -22.850  -72.585  -19.857 0.0000000000
7186  -25.678  -72.098  -19.146 0.0000000000
7189  -33.600  -72.318  -20.146 0.0000000000
7191  -35.395  -72.984  -20.544 0.0000000000
7192  -36.816  -72.377  -20.168 0.0000000000
7210  -32.884  -72.375  -20.954 0.0000000000
7213  -37.904  -71.893  -21.280 0.0000000000
7224  -23.594  -72.048  -21.861 0.0000000000
7226  -29.092  -73.261  -21.020 0.0000000000
7227  -29.551  -73.097  -21.275 0.0000000000
7228  -30.495  -73.301  -22.055 0.0000000000
7230  -32.492  -72.752  -21.853 0.0000000000
7232  -34.131  -72.957  -21.955 0.0000000000
7233  -38.868  -72.374  -22.339 0.0000000000
7234  -40.414  -72.225  -22.136 0.0000000000
7248  -30.845  -73.657  -22.712 0.0000000000
7249  -31.351  -73.416  -22.670 0.0000000000
7251  -32.957  -73.059  -22.426 0.0000000000
7252  -39.323  -72.158  -22.572 0.0000000000
7253  -39.722  -71.996  -22.647 0.0000000000
7254  -40.166  -72.003  -22.514 0.0000000000
7255  -40.665  -71.803  -22.369 0.0000000000
7851  -31.888  -70.989  -17.990 0.0000000000
7861  -32.004  -71.148  -18.464 0.0000000000
7874  -36.486  -71.437  -19.661 0.0000000000
7880  -23.952  -71.085  -20.080 0.0000000000
7886  -31.487  -71.714  -20.270 0.0000000000
7887  -32.608  -71.920  -20.082 0.0000000000
7889  -37.482  -71.152  -20.829 0.0000000000
7898  -29.459  -72.300  -20.617 0.0000000000
7900  -31.280  -72.286  -20.990 0.0000000000
7909  -29.606  -72.713  -21.012 0.0000000000
7912  -38.910  -71.540  -22.500 0.0000000000
7914  -41.019  -71.464  -22.347 0.0000000000
7915  -41.535  -71.142  -22.045 0.0000000000
7927  -39.209  -71.804  -22.656 0.0000000000
7928  -39.563  -71.517  -22.804 0.0000000000
7930  -40.622  -71.301  -22.656 0.0000000000
8615  -31.076  -71.086  -18.832 0.0000000000
8629  -30.972  -71.343  -19.690 0.0000000000
8630  -36.138  -70.594  -19.338 0.0000000000
8642  -29.405  -71.403  -19.658 0.0000000000
8644  -30.884  -71.554  -20.135 0.0000000000
8645  -36.476  -70.114  -19.871 0.0000000000
8659  -29.211  -71.726  -20.113 0.0000000000
8681  -38.810  -70.970  -22.354 0.0000000000
8683  -40.168  -70.351  -22.996 0.0000000000
8685  -42.594  -69.908  -21.462 0.0000000000
8708  -39.851  -71.099  -22.958 0.0000000000
8709  -40.328  -70.753  -23.007 0.0000000000
8711  -41.474  -70.628  -22.394 0.0000000000
9445  -35.726  -69.968  -18.946 0.0000000000
9461  -42.872  -69.497  -20.734 0.0000000000
9472  -38.119  -69.413  -21.367 0.0000000000
9474  -39.258  -69.082  -22.090 0.0000000000
9475  -42.684  -69.556  -21.256 0.0000000000
9499  -42.455  -69.419  -21.704 0.0000000000
9520  -40.843  -70.173  -22.886 0.0000000000
9521  -41.508  -70.118  -22.587 0.0000000000
10233  -36.449  -68.456  -19.687 0.0000000000
10251  -38.658  -68.031  -21.119 0.0000000000
10271  -38.436  -68.879  -21.438 0.0000000000
10272  -38.943  -68.450  -21.515 0.0000000000
10274  -40.643  -68.389  -22.098 0.0000000000
10295  -40.229  -69.137  -22.512 0.0000000000
10296  -40.818  -68.817  -22.424 0.0000000000
10298  -42.252  -68.859  -21.865 0.0000000000
10299  -42.436  -68.878  -21.656 0.0000000000
10998  -37.274  -67.145  -19.931 0.0000000000
10999  -43.000  -67.589  -18.921 0.0000000000
11013  -37.243  -67.598  -20.068 0.0000000000
11014  -37.745  -67.431  -20.360 0.0000000000
11037  -41.676  -67.930  -21.602 0.0000000000
11038  -42.244  -68.259  -21.417 0.0000000000
11039  -42.566  -68.453  -20.907 0.0000000000
11055  -41.335  -68.333  -22.073 0.0000000000
11056  -41.911  -68.410  -21.922 0.0000000000
11798  -39.931  -66.894  -20.723 0.0000000000
11800  -41.417  -67.307  -21.049 0.0000000000
11801  -41.981  -67.653  -21.050 0.0000000000
12559  -37.309  -65.887  -19.475 0.0000000000
12561  -39.084  -65.546  -19.924 0.0000000000
12572  -39.394  -65.990  -20.236 0.0000000000
12573  -39.918  -65.621  -20.171 0.0000000000
13360  -47.630  -63.687  -16.718 0.0000000000
13361  -48.192  -63.439  -16.534 0.0000000000
13371  -43.779  -64.732  -17.388 0.0000000000
13373  -46.155  -64.099  -17.419 0.0000000000
13374  -47.045  -63.788  -17.521 0.0000000000
13399  -38.584  -64.674  -19.263 0.0000000000
13400  -39.766  -64.703  -19.571 0.0000000000
13401  -40.718  -64.245  -19.584 0.0000000000
13402  -41.221  -63.998  -19.649 0.0000000000
13404  -44.564  -64.572  -19.174 0.0000000000
13405  -45.495  -64.267  -19.143 0.0000000000
13406  -46.179  -64.087  -18.853 0.0000000000
13413  -39.939  -65.110  -19.925 0.0000000000
13414  -40.436  -64.957  -19.922 0.0000000000
13415  -41.407  -64.578  -19.857 0.0000000000
13416  -42.388  -64.618  -19.825 0.0000000000
13419  -45.084  -64.207  -19.638 0.0000000000
14287  -47.982  -63.397  -17.188 0.0000000000
14304  -47.575  -63.400  -17.956 0.0000000000
14324  -47.117  -63.392  -18.789 0.0000000000
14338  -41.948  -63.281  -19.490 0.0000000000
14341  -46.356  -63.583  -19.531 0.0000000000
14343  -47.708  -62.693  -19.334 0.0000000000
14355  -45.253  -63.610  -20.023 0.0000000000
15195  -49.488  -62.348  -17.118 0.0000000000
15197  -50.510  -61.820  -15.663 0.0000000000
15217  -49.297  -62.158  -17.919 0.0000000000
15239  -48.498  -62.382  -18.869 0.0000000000
15241  -49.640  -61.558  -18.285 0.0000000000
15253  -41.773  -62.869  -19.024 0.0000000000
15255  -43.275  -62.494  -19.460 0.0000000000
15257  -44.933  -62.164  -19.953 0.0000000000
15258  -46.930  -63.012  -19.684 0.0000000000
15261  -48.840  -61.707  -19.398 0.0000000000
15268  -43.858  -62.961  -20.039 0.0000000000
15270  -45.617  -62.595  -20.198 0.0000000000
15271  -46.658  -62.658  -20.055 0.0000000000
15272  -47.503  -62.143  -19.963 0.0000000000
15273  -47.938  -61.921  -19.968 0.0000000000
16122  -50.194  -61.502  -16.969 0.0000000000
16123  -50.521  -61.383  -16.291 0.0000000000
16156  -43.475  -61.523  -18.436 0.0000000000
16172  -43.953  -61.831  -19.214 0.0000000000
16177  -49.308  -61.173  -19.333 0.0000000000
16195  -48.203  -61.618  -20.013 0.0000000000
17045  -46.255  -60.224  -10.073 0.0000000000
17057  -44.791  -60.440  -10.734 0.0000000000
17060  -47.767  -60.065  -10.842 0.0000000000
17075  -45.462  -60.548  -11.797 0.0000000000
17088  -44.506  -59.864  -12.385 0.0000000000
17092  -48.071  -60.354  -12.294 0.0000000000
17100  -45.738  -59.538  -13.495 0.0000000000
17109  -46.754  -59.932  -14.360 0.0000000000
17111  -47.513  -60.425  -13.898 0.0000000000
17112  -50.712  -60.816  -15.077 0.0000000000
17137  -50.603  -60.744  -16.578 0.0000000000
17158  -50.531  -60.593  -17.169 0.0000000000
17177  -45.265  -60.945  -19.232 0.0000000000
17203  -48.420  -61.214  -20.021 0.0000000000
18064  -48.102  -58.850  -9.152 0.0000000000
18077  -44.726  -59.891  -9.676 0.0000000000
18082  -49.147  -58.838  -9.909 0.0000000000
18097  -42.669  -59.282  -10.831 0.0000000000
18100  -46.942  -60.036  -10.155 0.0000000000
18102  -48.272  -59.573  -10.386 0.0000000000
18116  -42.431  -58.974  -11.271 0.0000000000
18120  -49.518  -59.492  -11.345 0.0000000000
18129  -43.770  -59.218  -12.330 0.0000000000
18132  -48.855  -59.983  -11.898 0.0000000000
18142  -45.763  -58.969  -13.553 0.0000000000
18155  -46.592  -59.415  -14.323 0.0000000000
18157  -47.992  -60.246  -14.425 0.0000000000
18159  -49.803  -60.320  -14.823 0.0000000000
18160  -50.367  -60.447  -14.908 0.0000000000
18192  -49.416  -59.703  -16.348 0.0000000000
18193  -50.045  -59.933  -16.534 0.0000000000
18194  -50.454  -60.376  -16.310 0.0000000000
18222  -46.211  -59.520  -19.172 0.0000000000
18238  -46.545  -60.095  -19.595 0.0000000000
19088  -48.715  -58.450  -8.828 0.0000000000
19105  -42.419  -58.436  -9.771 0.0000000000
19109  -48.807  -58.682  -9.320 0.0000000000
19110  -49.317  -58.633  -9.517 0.0000000000
19111  -50.197  -58.494  -9.513 0.0000000000
19112  -51.004  -58.665  -9.620 0.0000000000
19128  -41.507  -57.975  -10.372 0.0000000000
19130  -42.671  -59.086  -10.201 0.0000000000
19132  -49.816  -58.762  -10.063 0.0000000000
19140  -41.535  -58.106  -10.888 0.0000000000
19161  -45.642  -58.616  -13.224 0.0000000000
19162  -46.273  -58.262  -13.489 0.0000000000
19175  -46.529  -58.719  -14.097 0.0000000000
19176  -46.848  -58.742  -14.509 0.0000000000
19206  -49.008  -58.911  -16.637 0.0000000000
19235  -47.292  -57.985  -19.161 0.0000000000
19255  -47.033  -58.880  -19.466 0.0000000000
20096  -46.648  -57.380  -7.899 0.0000000000
20097  -47.567  -57.622  -7.783 0.0000000000
20111  -45.412  -57.838  -8.562 0.0000000000
20128  -42.949  -57.941  -9.236 0.0000000000
20152  -42.218  -57.796  -12.058 0.0000000000
20153  -42.794  -58.259  -12.196 0.0000000000
20173  -46.504  -57.762  -13.228 0.0000000000
20174  -46.758  -57.545  -13.311 0.0000000000
20175  -47.175  -57.389  -13.741 0.0000000000
20198  -47.621  -57.182  -14.914 0.0000000000
20199  -47.894  -57.740  -15.573 0.0000000000
20213  -48.292  -57.417  -16.608 0.0000000000
20227  -48.388  -57.401  -17.030 0.0000000000
20228  -48.989  -57.890  -17.310 0.0000000000
20243  -48.282  -57.419  -18.146 0.0000000000
21006  -47.370  -56.657  -6.535 0.0000000000
21070  -40.267  -55.933  -10.515 0.0000000000
21071  -40.643  -56.653  -10.426 0.0000000000
21085  -41.326  -56.594  -12.004 0.0000000000
21090  -45.923  -56.816  -12.747 0.0000000000
21091  -46.620  -56.806  -12.843 0.0000000000
21102  -47.073  -56.799  -13.104 0.0000000000
21103  -47.397  -56.536  -13.686 0.0000000000
21126  -47.259  -56.172  -15.211 0.0000000000
21141  -47.212  -56.375  -15.690 0.0000000000
21142  -47.886  -57.183  -16.384 0.0000000000
21143  -48.131  -57.399  -16.269 0.0000000000
21170  -47.324  -56.966  -17.709 0.0000000000
21171  -47.796  -57.027  -17.508 0.0000000000
21975  -45.560  -54.826  -5.935 0.0000000000
22017  -44.519  -55.090  -7.924 0.0000000000
22051  -40.176  -55.289  -10.274 0.0000000000
22068  -40.077  -55.400  -10.965 0.0000000000
22076  -40.575  -55.674  -11.745 0.0000000000
22083  -40.884  -55.278  -12.290 0.0000000000
22084  -41.383  -55.835  -12.346 0.0000000000
22086  -43.434  -55.716  -12.904 0.0000000000
22089  -46.378  -56.193  -12.842 0.0000000000
22126  -47.406  -55.586  -14.688 0.0000000000
22988  -48.370  -54.940  -2.753 0.0000000000
23005  -46.967  -54.199  -2.983 0.0000000000
23029  -46.481  -54.264  -4.602 0.0000000000
23123  -40.259  -54.503  -9.906 0.0000000000
23128  -45.055  -53.716  -8.760 0.0000000000
23140  -39.553  -53.698  -11.082 0.0000000000
23177  -41.658  -54.645  -13.032 0.0000000000
23179  -43.325  -54.780  -13.344 0.0000000000
23183  -47.299  -54.667  -13.572 0.0000000000
24172  -46.883  -54.086  -3.928 0.0000000000
24286  -41.457  -53.792  -9.471 0.0000000000
24306  -39.621  -53.296  -10.776 0.0000000000
24341  -40.849  -54.296  -12.756 0.0000000000
24361  -40.828  -53.512  -13.118 0.0000000000
24368  -47.684  -53.805  -13.770 0.0000000000
25428  -43.432  -52.791  -9.670 0.0000000000
25492  -39.536  -52.305  -11.955 0.0000000000
25493  -40.025  -52.635  -12.659 0.0000000000
25517  -45.301  -52.971  -14.082 0.0000000000
26517  -41.041  -51.529  -9.867 0.0000000000
26588  -39.713  -50.905  -12.983 0.0000000000
26591  -42.067  -52.221  -14.172 0.0000000000
27651  -39.402  -50.334  -11.909 0.0000000000
28838  -39.662  -49.460  -13.059 0.0000000000
29915  -39.645  -48.403  -11.332 0.0000000000
