#!ascii label  , from subject colin27 vox2ras=TkReg
1043
79995  21.763  -5.967  45.121 0.0000000000
74551  37.302  -9.794  46.961 0.0000000000
96820  41.972  6.657  17.330 0.0000000000
87050  33.470  -0.703  31.142 0.0000000000
81461  40.713  -4.317  38.830 0.0000000000
113650  52.754  19.974  14.097 0.0000000000
91668  41.537  1.994  19.815 0.0000000000
90185  37.543  0.976  21.266 0.0000000000
69371  21.157  -13.429  43.612 0.0000000000
75957  28.352  -8.962  46.373 0.0000000000
73174  31.538  -10.214  42.588 0.0000000000
78599  25.995  -6.553  41.099 0.0000000000
104809  47.643  13.678  14.817 0.0000000000
79951  26.007  -5.474  50.031 0.0000000000
73110  22.773  -10.117  48.196 0.0000000000
102300  46.951  10.677  17.990 0.0000000000
69314  18.128  -13.906  47.539 0.0000000000
70614  12.697  -12.487  47.447 0.0000000000
88596  36.975  0.542  26.486 0.0000000000
85574  36.850  -1.347  35.025 0.0000000000
77353  38.299  -7.249  36.802 0.0000000000
73249  35.304  -10.180  39.008 0.0000000000
90181  41.402  1.059  21.325 0.0000000000
90200  39.365  1.736  20.162 0.0000000000
88696  39.098  0.324  22.523 0.0000000000
91666  43.701  2.330  20.346 0.0000000000
78591  20.540  -6.893  42.449 0.0000000000
71913  20.897  -11.713  41.779 0.0000000000
73162  21.481  -10.039  44.235 0.0000000000
77228  25.027  -7.209  45.438 0.0000000000
77245  27.247  -7.889  43.939 0.0000000000
78574  23.548  -6.380  43.329 0.0000000000
78618  22.541  -6.030  40.553 0.0000000000
99703  42.042  8.670  16.576 0.0000000000
96810  44.446  6.521  18.157 0.0000000000
99689  44.802  8.698  17.990 0.0000000000
102325  44.732  10.364  15.744 0.0000000000
70586  22.084  -12.166  49.228 0.0000000000
69312  20.144  -13.679  47.591 0.0000000000
69274  19.268  -13.460  49.498 0.0000000000
70498  12.677  -12.457  53.496 0.0000000000
70548  13.414  -12.529  50.428 0.0000000000
70531  10.748  -12.854  51.020 0.0000000000
67921  8.009  -14.323  50.445 0.0000000000
67908  7.523  -15.188  53.270 0.0000000000
88429  37.677  0.138  36.127 0.0000000000
84134  39.147  -2.838  37.119 0.0000000000
81482  38.404  -4.469  35.438 0.0000000000
78657  39.117  -6.251  37.108 0.0000000000
74672  29.702  -9.123  39.819 0.0000000000
73230  32.841  -10.772  40.310 0.0000000000
73295  30.308  -10.255  37.728 0.0000000000
73309  32.529  -10.049  35.931 0.0000000000
88548  34.726  0.049  28.683 0.0000000000
88616  34.539  0.683  25.246 0.0000000000
87116  32.083  -0.188  27.049 0.0000000000
111210  57.981  17.895  8.211 0.0000000000
112374  54.733  18.127  9.963 0.0000000000
92969  41.851  3.765  17.930 0.0000000000
91696  39.398  3.088  18.374 0.0000000000
92966  44.882  3.871  18.623 0.0000000000
73108  32.693  -10.130  46.814 0.0000000000
73136  34.354  -10.515  45.490 0.0000000000
74570  30.450  -9.540  44.975 0.0000000000
76028  28.719  -7.970  41.350 0.0000000000
77328  27.892  -7.514  38.360 0.0000000000
106093  50.729  14.394  16.111 0.0000000000
109933  50.630  16.415  16.228 0.0000000000
112277  49.721  18.642  16.584 0.0000000000
113638  50.273  20.078  15.057 0.0000000000
81346  23.369  -4.778  48.414 0.0000000000
75949  21.944  -8.100  47.483 0.0000000000
78495  23.107  -6.117  50.795 0.0000000000
75938  27.077  -8.039  48.394 0.0000000000
103584  47.596  12.309  16.588 0.0000000000
70649  21.795  -12.599  45.334 0.0000000000
67992  20.301  -14.265  45.239 0.0000000000
67995  17.157  -14.334  44.551 0.0000000000
70565  16.327  -12.949  49.736 0.0000000000
69317  15.640  -13.119  46.770 0.0000000000
63926  5.196  -17.770  55.077 0.0000000000
87172  39.526  -0.050  24.946 0.0000000000
87047  35.943  -0.003  32.014 0.0000000000
88446  36.750  0.133  34.571 0.0000000000
85610  35.181  -1.289  33.736 0.0000000000
82814  36.269  -3.293  33.415 0.0000000000
78710  37.792  -6.139  34.364 0.0000000000
76124  35.779  -8.053  34.762 0.0000000000
73187  36.789  -10.267  43.481 0.0000000000
74628  37.359  -9.773  41.342 0.0000000000
76060  39.125  -8.168  39.877 0.0000000000
74689  36.598  -9.105  38.379 0.0000000000
74724  34.323  -9.067  35.633 0.0000000000
88671  37.776  0.413  23.603 0.0000000000
88722  35.045  0.443  21.727 0.0000000000
88693  42.297  0.633  22.503 0.0000000000
88716  40.790  0.830  21.481 0.0000000000
88668  40.952  0.102  23.137 0.0000000000
90164  43.236  1.288  22.045 0.0000000000
78576  21.010  -6.254  43.734 0.0000000000
75990  20.827  -8.374  44.026 0.0000000000
77230  21.176  -7.160  45.531 0.0000000000
78538  23.591  -6.104  45.902 0.0000000000
77248  24.687  -7.032  44.673 0.0000000000
80000  22.422  -5.985  44.481 0.0000000000
80021  22.103  -5.951  42.611 0.0000000000
98281  41.725  7.469  17.048 0.0000000000
96811  43.639  6.587  17.864 0.0000000000
99679  44.486  8.082  18.132 0.0000000000
98279  43.354  7.403  17.750 0.0000000000
101047  43.095  8.914  17.020 0.0000000000
70500  10.810  -12.808  53.051 0.0000000000
70512  11.686  -12.735  52.224 0.0000000000
69248  10.071  -13.075  51.758 0.0000000000
69263  9.432  -13.208  50.282 0.0000000000
69240  8.669  -13.748  52.002 0.0000000000
67907  8.079  -14.374  52.611 0.0000000000
85555  39.054  -1.406  37.580 0.0000000000
82785  39.998  -3.461  37.904 0.0000000000
81475  39.425  -4.395  37.073 0.0000000000
80090  40.061  -4.777  37.991 0.0000000000
74550  38.156  -9.438  46.402 0.0000000000
74694  28.714  -8.749  38.166 0.0000000000
74692  29.887  -9.901  38.345 0.0000000000
73312  29.561  -10.000  36.827 0.0000000000
73311  30.312  -10.199  36.430 0.0000000000
87063  34.287  -0.296  30.490 0.0000000000
87097  34.012  -0.121  28.762 0.0000000000
116540  52.132  21.392  15.788 0.0000000000
115091  53.796  20.889  15.024 0.0000000000
113665  53.709  19.621  13.716 0.0000000000
112338  54.633  18.614  11.735 0.0000000000
112320  53.834  18.699  12.320 0.0000000000
91694  41.701  3.084  18.440 0.0000000000
92970  40.972  3.647  18.052 0.0000000000
91682  40.537  2.477  19.192 0.0000000000
90201  38.321  1.498  20.353 0.0000000000
90214  38.217  1.937  19.396 0.0000000000
90215  37.350  1.468  19.784 0.0000000000
91667  42.532  2.171  19.882 0.0000000000
91680  42.833  2.725  18.985 0.0000000000
92968  42.927  3.626  18.172 0.0000000000
70675  21.090  -12.552  42.693 0.0000000000
68031  20.339  -14.888  43.354 0.0000000000
74539  30.284  -9.685  47.089 0.0000000000
74553  31.352  -9.860  46.288 0.0000000000
74571  29.601  -9.242  45.439 0.0000000000
77285  26.641  -7.176  42.449 0.0000000000
77265  28.014  -7.679  42.512 0.0000000000
77301  27.340  -6.989  41.082 0.0000000000
77300  28.028  -7.398  40.630 0.0000000000
77316  27.122  -6.678  39.894 0.0000000000
78630  25.887  -5.896  38.976 0.0000000000
81510  35.740  -4.504  32.148 0.0000000000
106095  49.223  13.936  15.644 0.0000000000
108701  51.040  15.616  16.217 0.0000000000
106103  49.541  14.690  15.324 0.0000000000
109950  49.186  16.480  15.116 0.0000000000
111120  49.017  17.917  14.964 0.0000000000
113624  49.805  19.656  16.168 0.0000000000
79952  25.348  -5.223  49.534 0.0000000000
79939  22.610  -5.254  49.904 0.0000000000
81319  25.347  -4.543  50.718 0.0000000000
77185  26.414  -6.893  49.123 0.0000000000
78514  25.307  -6.219  48.390 0.0000000000
103575  49.080  12.123  16.968 0.0000000000
102309  47.697  11.702  17.201 0.0000000000
102340  45.245  10.945  15.150 0.0000000000
74531  22.340  -8.736  47.948 0.0000000000
73126  22.453  -10.331  46.539 0.0000000000
71865  22.540  -11.358  46.993 0.0000000000
69313  19.053  -13.909  47.689 0.0000000000
69333  20.313  -13.870  46.629 0.0000000000
67976  19.230  -14.306  46.314 0.0000000000
67994  18.245  -14.598  44.888 0.0000000000
67978  17.564  -14.288  45.535 0.0000000000
70546  15.406  -12.655  50.625 0.0000000000
70591  13.022  -12.449  48.394 0.0000000000
70590  14.094  -12.511  48.438 0.0000000000
70613  13.739  -12.526  47.420 0.0000000000
69337  15.305  -13.251  45.881 0.0000000000
88529  36.636  0.286  30.104 0.0000000000
86981  37.379  -0.753  35.913 0.0000000000
88445  37.286  0.340  35.185 0.0000000000
86995  36.583  -0.488  34.998 0.0000000000
87013  35.517  -0.654  33.962 0.0000000000
85590  35.751  -1.279  34.133 0.0000000000
84171  35.638  -2.277  33.622 0.0000000000
84155  36.795  -2.313  34.489 0.0000000000
78679  38.583  -6.351  36.106 0.0000000000
81489  38.220  -5.017  34.920 0.0000000000
77365  37.865  -7.083  35.577 0.0000000000
77383  37.689  -7.060  34.935 0.0000000000
76108  36.619  -8.028  36.184 0.0000000000
73155  33.313  -10.565  44.178 0.0000000000
73169  36.068  -10.483  44.004 0.0000000000
73171  34.127  -10.761  43.360 0.0000000000
73228  34.931  -10.617  40.123 0.0000000000
73206  35.710  -10.560  41.259 0.0000000000
74648  36.627  -10.125  40.629 0.0000000000
76042  38.726  -8.606  40.423 0.0000000000
74669  36.424  -9.732  39.368 0.0000000000
76062  37.949  -8.720  38.946 0.0000000000
73270  35.178  -9.876  38.359 0.0000000000
73342  31.604  -9.326  34.098 0.0000000000
73308  33.630  -9.480  35.761 0.0000000000
88612  38.719  0.197  25.862 0.0000000000
88640  38.695  0.158  24.745 0.0000000000
88641  37.287  0.477  24.589 0.0000000000
88644  34.099  0.700  24.360 0.0000000000
88673  35.529  0.709  23.541 0.0000000000
111230  59.075  17.222  6.703 0.0000000000
90198  41.495  1.568  20.526 0.0000000000
91669  40.586  1.921  19.877 0.0000000000
90182  40.263  1.192  21.006 0.0000000000
90183  39.289  1.155  20.983 0.0000000000
88719  38.283  0.670  21.826 0.0000000000
90178  44.553  1.871  21.692 0.0000000000
90179  43.453  1.830  21.301 0.0000000000
74600  20.594  -9.495  42.760 0.0000000000
73181  21.099  -10.309  43.345 0.0000000000
70666  21.589  -12.270  44.225 0.0000000000
75974  26.937  -8.208  45.727 0.0000000000
75988  27.660  -8.313  44.687 0.0000000000
77246  26.595  -7.908  44.626 0.0000000000
77287  25.312  -7.069  43.229 0.0000000000
78600  25.464  -6.586  41.589 0.0000000000
78616  24.666  -5.952  40.418 0.0000000000
78602  23.070  -5.983  41.369 0.0000000000
78604  21.212  -6.361  41.762 0.0000000000
104821  46.969  13.450  13.664 0.0000000000
81318  26.063  -4.563  51.143 0.0000000000
99677  46.149  8.396  18.919 0.0000000000
101034  45.666  9.134  18.350 0.0000000000
101044  45.904  9.822  17.994 0.0000000000
102311  46.308  10.859  16.954 0.0000000000
101055  44.864  9.837  16.755 0.0000000000
101056  44.159  9.781  16.416 0.0000000000
71843  22.654  -11.305  48.785 0.0000000000
70610  22.127  -12.193  47.898 0.0000000000
70587  21.523  -12.655  48.683 0.0000000000
69291  20.158  -13.385  48.766 0.0000000000
69293  18.270  -13.668  48.449 0.0000000000
70527  14.500  -12.564  51.533 0.0000000000
70529  12.548  -12.620  51.337 0.0000000000
70549  12.430  -12.552  50.316 0.0000000000
70570  11.306  -12.574  49.167 0.0000000000
70571  10.483  -12.749  48.920 0.0000000000
85556  38.563  -1.467  36.993 0.0000000000
84136  38.115  -2.175  36.053 0.0000000000
84154  37.390  -2.704  34.854 0.0000000000
82798  38.582  -3.544  36.076 0.0000000000
80104  39.235  -5.274  36.758 0.0000000000
77352  38.809  -6.866  37.085 0.0000000000
73212  30.835  -9.927  41.161 0.0000000000
73209  32.474  -10.712  41.244 0.0000000000
73254  30.725  -10.086  39.965 0.0000000000
73252  32.159  -10.655  39.432 0.0000000000
73273  32.292  -10.643  38.317 0.0000000000
73272  33.363  -10.497  38.107 0.0000000000
73310  31.391  -10.297  36.150 0.0000000000
73327  30.344  -9.983  35.139 0.0000000000
88562  36.368  0.456  28.274 0.0000000000
88597  35.929  0.587  26.335 0.0000000000
88581  35.177  0.453  27.138 0.0000000000
88599  33.896  0.594  26.020 0.0000000000
112354  56.453  18.843  10.709 0.0000000000
111195  55.699  18.056  9.099 0.0000000000
94202  41.816  5.289  17.454 0.0000000000
95480  40.577  5.767  17.014 0.0000000000
92981  40.388  4.257  17.667 0.0000000000
91683  39.498  2.222  19.381 0.0000000000
91697  38.572  2.458  18.750 0.0000000000
92944  45.793  3.074  19.899 0.0000000000
94180  45.955  4.187  18.877 0.0000000000
95465  46.401  5.698  18.790 0.0000000000
95467  44.916  5.627  18.219 0.0000000000
95469  43.073  5.292  17.583 0.0000000000
73120  35.262  -10.307  46.833 0.0000000000
73134  36.076  -10.315  46.125 0.0000000000
73122  33.507  -10.335  46.190 0.0000000000
73138  32.473  -10.309  44.928 0.0000000000
74582  30.921  -9.792  43.858 0.0000000000
75986  29.095  -8.734  43.906 0.0000000000
76001  29.164  -8.594  42.995 0.0000000000
74612  30.441  -9.503  42.404 0.0000000000
76043  29.391  -8.652  40.286 0.0000000000
76064  28.486  -8.042  39.032 0.0000000000
76083  28.309  -8.219  37.960 0.0000000000
113614  51.261  19.029  18.195 0.0000000000
108710  49.598  15.799  15.298 0.0000000000
111118  50.100  17.061  16.343 0.0000000000
113615  50.596  19.532  17.847 0.0000000000
115072  50.512  20.569  17.076 0.0000000000
115080  50.743  20.839  16.028 0.0000000000
113651  51.438  20.159  14.331 0.0000000000
112309  52.260  18.988  13.035 0.0000000000
81359  22.525  -4.921  47.234 0.0000000000
77216  21.294  -6.805  46.616 0.0000000000
79955  21.800  -5.512  48.563 0.0000000000
77196  22.078  -7.288  48.910 0.0000000000
75930  22.669  -8.058  49.478 0.0000000000
79926  24.177  -5.390  51.709 0.0000000000
74519  23.063  -9.109  49.480 0.0000000000
71836  23.036  -10.940  50.427 0.0000000000
74536  36.191  -9.943  48.003 0.0000000000
73094  33.480  -10.161  48.096 0.0000000000
73089  31.902  -9.994  48.134 0.0000000000
74527  29.860  -9.557  47.971 0.0000000000
74518  28.566  -9.049  48.334 0.0000000000
75947  27.268  -8.429  47.404 0.0000000000
77213  25.908  -7.650  46.901 0.0000000000
78526  24.414  -6.148  47.281 0.0000000000
104786  50.518  13.190  16.546 0.0000000000
104787  49.770  12.916  16.402 0.0000000000
104799  47.572  12.815  15.925 0.0000000000
102323  46.575  11.384  16.383 0.0000000000
103598  46.558  12.148  15.458 0.0000000000
104811  46.129  12.287  14.323 0.0000000000
74558  21.657  -8.640  45.572 0.0000000000
71878  22.144  -10.841  45.101 0.0000000000
69352  21.321  -13.232  45.066 0.0000000000
69332  21.165  -13.380  46.488 0.0000000000
67991  20.847  -13.774  45.463 0.0000000000
68009  20.796  -14.067  44.427 0.0000000000
68011  19.027  -14.957  44.070 0.0000000000
68012  17.973  -14.856  43.594 0.0000000000
69276  17.404  -13.338  49.238 0.0000000000
69294  17.356  -13.544  48.286 0.0000000000
70589  15.270  -12.757  48.522 0.0000000000
69316  16.434  -13.421  47.075 0.0000000000
69336  16.276  -13.560  46.093 0.0000000000
65136  6.872  -16.311  54.408 0.0000000000
88638  40.637  -0.134  24.025 0.0000000000
88561  37.361  0.568  28.413 0.0000000000
88546  36.521  0.375  29.208 0.0000000000
87062  35.115  -0.130  30.668 0.0000000000
87049  34.359  -0.372  31.348 0.0000000000
87037  35.916  0.010  32.790 0.0000000000
87038  35.145  -0.169  32.536 0.0000000000
85627  34.092  -1.244  32.865 0.0000000000
84189  34.458  -2.099  32.844 0.0000000000
82824  35.648  -3.266  32.861 0.0000000000
81500  36.839  -4.482  33.353 0.0000000000
82806  37.315  -3.342  34.417 0.0000000000
81499  37.437  -5.059  33.814 0.0000000000
80131  37.278  -5.661  33.513 0.0000000000
78711  37.355  -6.762  33.857 0.0000000000
76123  36.624  -7.852  34.897 0.0000000000
80058  40.861  -5.202  39.527 0.0000000000
73151  36.836  -10.198  45.455 0.0000000000
74580  38.225  -9.532  44.211 0.0000000000
74592  38.105  -9.459  43.118 0.0000000000
73189  34.948  -10.785  42.415 0.0000000000
74609  37.218  -10.022  42.560 0.0000000000
76012  39.353  -8.353  42.043 0.0000000000
77299  39.825  -7.703  41.497 0.0000000000
78613  40.200  -7.041  40.082 0.0000000000
78627  40.309  -6.025  39.066 0.0000000000
77326  39.198  -7.686  38.933 0.0000000000
77340  38.270  -7.929  38.026 0.0000000000
76093  37.262  -8.331  37.579 0.0000000000
73291  34.333  -9.580  36.718 0.0000000000
74707  36.042  -8.928  37.507 0.0000000000
76095  36.171  -8.503  36.668 0.0000000000
74738  34.865  -8.561  35.131 0.0000000000
88669  39.917  0.046  23.272 0.0000000000
88697  38.078  0.476  22.642 0.0000000000
88720  37.366  0.783  21.871 0.0000000000
88642  36.138  0.662  24.493 0.0000000000
88699  35.887  0.711  22.596 0.0000000000
88721  36.290  0.816  21.541 0.0000000000
111185  53.281  17.891  10.340 0.0000000000
88667  41.980  0.257  23.157 0.0000000000
78562  21.149  -6.486  44.715 0.0000000000
78550  21.342  -6.250  45.787 0.0000000000
79994  22.366  -5.748  45.469 0.0000000000
79999  22.879  -6.024  45.070 0.0000000000
80001  21.655  -6.012  44.128 0.0000000000
96821  40.929  6.702  16.876 0.0000000000
96819  42.851  6.644  17.592 0.0000000000
98280  42.559  7.457  17.404 0.0000000000
69229  10.107  -12.995  53.701 0.0000000000
69238  10.101  -13.051  52.735 0.0000000000
69239  9.369  -13.315  52.408 0.0000000000
69230  9.442  -13.269  53.426 0.0000000000
69231  8.707  -13.713  53.056 0.0000000000
82784  40.444  -3.459  38.489 0.0000000000
84125  40.132  -2.793  38.215 0.0000000000
81469  39.849  -4.291  37.685 0.0000000000
81468  40.246  -4.260  38.208 0.0000000000
75956  38.799  -8.875  46.869 0.0000000000
74711  28.578  -8.951  37.369 0.0000000000
74710  29.360  -9.693  37.550 0.0000000000
74725  28.731  -9.557  36.453 0.0000000000
87064  33.480  -0.490  30.210 0.0000000000
115110  52.307  20.485  14.654 0.0000000000
115092  52.780  20.906  15.137 0.0000000000
115109  53.362  20.256  14.441 0.0000000000
113649  53.277  19.920  14.111 0.0000000000
113679  53.335  18.999  12.984 0.0000000000
91681  41.629  2.501  19.096 0.0000000000
90202  37.483  1.263  20.592 0.0000000000
90216  36.667  1.122  20.129 0.0000000000
90203  36.808  1.063  20.896 0.0000000000
91693  42.325  3.230  18.333 0.0000000000
69387  20.900  -13.602  42.251 0.0000000000
68030  20.597  -14.536  43.024 0.0000000000
66622  20.454  -15.002  42.718 0.0000000000
74555  29.673  -9.437  46.426 0.0000000000
74572  29.064  -9.110  46.061 0.0000000000
77302  26.485  -6.754  41.426 0.0000000000
77284  27.360  -7.258  42.055 0.0000000000
77317  26.764  -6.638  40.691 0.0000000000
78614  26.431  -6.243  39.482 0.0000000000
78615  25.998  -6.274  40.319 0.0000000000
106104  48.789  14.454  15.074 0.0000000000
111133  48.965  18.063  14.189 0.0000000000
81331  25.046  -4.610  50.057 0.0000000000
78504  26.229  -6.169  49.553 0.0000000000
78505  25.582  -5.922  49.065 0.0000000000
102291  47.261  10.375  18.711 0.0000000000
102299  48.034  11.381  17.772 0.0000000000
103567  48.712  11.742  17.492 0.0000000000
74542  22.620  -9.821  47.873 0.0000000000
73111  22.645  -10.433  47.571 0.0000000000
67962  18.793  -14.151  46.953 0.0000000000
67963  18.286  -14.138  46.926 0.0000000000
67977  18.325  -14.335  46.192 0.0000000000
69334  17.841  -14.049  46.924 0.0000000000
70526  15.483  -12.609  51.594 0.0000000000
70633  14.363  -12.839  46.340 0.0000000000
85573  37.304  -1.456  35.494 0.0000000000
86994  37.039  -0.633  35.452 0.0000000000
85589  36.325  -1.269  34.562 0.0000000000
84156  36.142  -1.942  34.168 0.0000000000
77366  37.301  -7.657  36.037 0.0000000000
73173  32.267  -10.462  42.898 0.0000000000
73172  33.141  -10.657  43.143 0.0000000000
73250  34.211  -10.548  39.102 0.0000000000
73227  35.857  -10.294  39.934 0.0000000000
74647  37.359  -9.547  40.189 0.0000000000
73248  35.866  -10.028  39.337 0.0000000000
88595  38.007  0.419  26.644 0.0000000000
88613  37.739  0.384  25.641 0.0000000000
88695  40.124  0.337  22.366 0.0000000000
88717  40.172  0.744  21.587 0.0000000000
88718  39.233  0.669  21.702 0.0000000000
90165  42.420  0.996  21.947 0.0000000000
90180  42.424  1.410  21.282 0.0000000000
90197  42.420  1.816  20.564 0.0000000000
74585  21.045  -9.402  43.772 0.0000000000
71904  21.211  -11.392  43.014 0.0000000000
71893  21.720  -11.032  44.298 0.0000000000
77227  25.907  -7.794  45.773 0.0000000000
77247  25.497  -7.438  44.672 0.0000000000
78573  24.197  -6.721  43.961 0.0000000000
77269  25.008  -7.120  43.816 0.0000000000
78587  24.684  -6.711  42.724 0.0000000000
78586  25.299  -6.799  42.313 0.0000000000
78601  24.140  -6.236  41.443 0.0000000000
78588  23.479  -6.231  42.301 0.0000000000
80009  21.548  -5.947  43.213 0.0000000000
80034  22.172  -6.042  42.055 0.0000000000
96809  45.265  6.546  18.476 0.0000000000
98268  45.650  7.436  18.711 0.0000000000
99678  45.249  8.312  18.406 0.0000000000
101035  45.167  8.920  18.085 0.0000000000
101045  44.948  9.438  17.483 0.0000000000
102302  45.604  9.960  17.449 0.0000000000
99702  42.671  8.722  16.947 0.0000000000
101046  43.733  9.094  17.098 0.0000000000
101057  42.849  9.299  16.385 0.0000000000
69292  19.235  -13.640  48.559 0.0000000000
69275  18.389  -13.493  49.305 0.0000000000
70510  13.597  -12.520  52.483 0.0000000000
70530  11.625  -12.727  51.188 0.0000000000
70550  11.468  -12.608  50.182 0.0000000000
70569  12.258  -12.517  49.305 0.0000000000
70551  10.456  -12.782  50.006 0.0000000000
69250  8.657  -13.725  50.941 0.0000000000
84127  39.006  -2.137  37.183 0.0000000000
85563  38.158  -1.531  36.421 0.0000000000
84135  38.610  -2.517  36.568 0.0000000000
84143  38.255  -2.830  35.919 0.0000000000
81476  38.968  -4.429  36.327 0.0000000000
78678  38.988  -5.828  36.484 0.0000000000
74649  30.329  -9.598  40.362 0.0000000000
73233  30.811  -9.965  40.797 0.0000000000
74671  30.096  -9.694  39.350 0.0000000000
73275  30.601  -10.212  38.953 0.0000000000
73274  31.334  -10.519  38.587 0.0000000000
73294  31.329  -10.502  37.387 0.0000000000
73293  32.411  -10.488  37.120 0.0000000000
88563  35.392  0.322  28.084 0.0000000000
87115  32.850  -0.043  27.550 0.0000000000
88565  33.560  0.140  27.509 0.0000000000
88583  33.123  0.309  26.757 0.0000000000
112355  55.262  18.480  10.656 0.0000000000
111196  55.007  17.920  9.116 0.0000000000
111212  55.830  17.788  8.554 0.0000000000
111213  54.874  17.519  8.350 0.0000000000
94193  41.605  4.364  17.685 0.0000000000
94203  41.127  4.928  17.478 0.0000000000
92980  41.178  4.174  17.749 0.0000000000
92971  40.117  3.637  18.039 0.0000000000
91670  39.982  1.888  19.989 0.0000000000
90226  37.855  1.918  18.304 0.0000000000
91654  44.724  2.259  21.071 0.0000000000
91664  46.078  2.811  20.645 0.0000000000
91665  44.977  2.697  20.174 0.0000000000
92955  44.393  3.294  18.995 0.0000000000
92954  45.207  3.282  19.304 0.0000000000
94188  46.060  5.182  18.651 0.0000000000
94189  45.529  4.701  18.553 0.0000000000
95466  45.710  5.721  18.541 0.0000000000
94190  44.472  4.668  18.166 0.0000000000
94191  43.469  4.564  17.854 0.0000000000
94192  42.287  4.666  17.639 0.0000000000
73107  33.530  -10.196  47.143 0.0000000000
73121  34.389  -10.363  46.500 0.0000000000
73125  31.038  -9.791  45.242 0.0000000000
73124  31.649  -9.975  45.660 0.0000000000
73139  31.465  -10.029  44.581 0.0000000000
74569  30.821  -9.726  44.506 0.0000000000
75987  28.442  -8.516  44.297 0.0000000000
76003  27.841  -8.131  43.855 0.0000000000
76015  28.630  -8.044  42.332 0.0000000000
76014  29.280  -8.519  42.056 0.0000000000
74613  29.812  -9.042  42.701 0.0000000000
74632  29.894  -9.066  41.757 0.0000000000
76027  29.352  -8.531  41.092 0.0000000000
77315  27.978  -7.387  39.470 0.0000000000
76044  28.759  -8.047  40.202 0.0000000000
78617  23.519  -5.872  40.452 0.0000000000
78632  23.866  -5.743  39.475 0.0000000000
106086  50.891  13.886  16.637 0.0000000000
109916  51.457  16.406  16.583 0.0000000000
111090  51.597  17.702  17.340 0.0000000000
111103  50.869  17.341  16.836 0.0000000000
106118  48.386  14.836  14.329 0.0000000000
107420  49.297  15.197  15.017 0.0000000000
111119  49.456  17.667  15.913 0.0000000000
109934  49.757  16.555  15.743 0.0000000000
111104  49.984  17.698  16.660 0.0000000000
112276  50.269  18.135  17.085 0.0000000000
112266  50.202  18.842  17.316 0.0000000000
113616  49.977  19.593  17.036 0.0000000000
115081  50.224  20.347  16.118 0.0000000000
115095  50.544  20.489  15.613 0.0000000000
115094  51.062  20.615  15.182 0.0000000000
113637  50.886  20.342  14.830 0.0000000000
81358  23.038  -4.902  47.760 0.0000000000
79970  21.675  -5.295  47.905 0.0000000000
81334  22.676  -4.798  48.819 0.0000000000
79938  23.118  -5.292  50.522 0.0000000000
78506  22.146  -6.016  49.574 0.0000000000
77187  22.359  -7.009  49.669 0.0000000000
75931  22.343  -7.648  49.171 0.0000000000
77186  22.808  -7.461  50.143 0.0000000000
81311  25.410  -4.497  51.510 0.0000000000
77169  23.791  -7.212  51.652 0.0000000000
75921  23.112  -8.215  50.278 0.0000000000
74507  23.352  -9.192  50.574 0.0000000000
73090  23.223  -10.107  49.967 0.0000000000
73105  35.272  -10.137  47.891 0.0000000000
74526  30.969  -9.811  47.916 0.0000000000
75929  27.438  -7.766  49.312 0.0000000000
75937  27.896  -8.769  48.065 0.0000000000
75948  26.558  -7.925  47.525 0.0000000000
77203  25.986  -7.457  47.706 0.0000000000
79967  24.360  -5.306  48.364 0.0000000000
78525  25.015  -6.517  47.638 0.0000000000
79978  24.033  -5.564  47.616 0.0000000000
79979  23.310  -5.236  47.245 0.0000000000
94204  39.824  4.996  16.981 0.0000000000
104789  47.957  12.524  16.563 0.0000000000
104788  48.540  12.683  16.468 0.0000000000
104798  48.640  13.563  15.744 0.0000000000
102312  45.418  10.209  16.776 0.0000000000
102324  45.816  10.913  15.944 0.0000000000
103600  45.308  11.449  14.440 0.0000000000
103587  45.805  11.319  15.173 0.0000000000
103599  46.110  11.902  14.835 0.0000000000
103612  45.738  12.009  14.125 0.0000000000
75950  21.537  -7.463  47.021 0.0000000000
75961  21.587  -8.027  46.279 0.0000000000
71877  22.396  -11.257  45.803 0.0000000000
73143  22.216  -10.276  45.607 0.0000000000
70648  22.130  -11.998  45.201 0.0000000000
70665  21.931  -11.695  44.676 0.0000000000
69331  21.653  -12.755  47.306 0.0000000000
67975  19.938  -14.226  46.096 0.0000000000
67974  20.535  -13.902  45.998 0.0000000000
68010  20.080  -14.839  43.965 0.0000000000
67993  19.342  -14.576  45.291 0.0000000000
68013  16.929  -14.531  43.447 0.0000000000
70545  16.364  -12.803  50.724 0.0000000000
70564  17.055  -13.047  50.059 0.0000000000
69277  16.695  -13.242  48.883 0.0000000000
70547  14.412  -12.555  50.532 0.0000000000
70567  14.304  -12.526  49.498 0.0000000000
70612  14.870  -12.756  47.381 0.0000000000
69296  15.736  -13.045  47.581 0.0000000000
69295  16.392  -13.259  48.117 0.0000000000
66475  6.964  -16.118  54.786 0.0000000000
66456  6.814  -16.013  55.503 0.0000000000
65121  5.357  -17.230  55.767 0.0000000000
65138  5.615  -17.473  55.009 0.0000000000
88594  39.062  0.243  26.782 0.0000000000
88511  36.546  0.150  31.124 0.0000000000
88512  35.896  0.038  30.681 0.0000000000
87048  35.323  -0.094  31.533 0.0000000000
88464  36.748  0.193  33.821 0.0000000000
87028  35.117  -0.444  33.414 0.0000000000
87029  34.579  -0.664  32.954 0.0000000000
85611  34.625  -1.259  33.315 0.0000000000
84172  34.966  -1.896  33.347 0.0000000000
84170  36.335  -2.620  33.922 0.0000000000
84188  35.102  -2.545  32.984 0.0000000000
81501  36.182  -3.859  32.903 0.0000000000
82799  38.160  -3.436  35.463 0.0000000000
82805  37.771  -3.381  34.918 0.0000000000
81483  38.076  -3.932  35.030 0.0000000000
80121  38.047  -5.567  34.632 0.0000000000
81490  37.734  -4.477  34.442 0.0000000000
80122  37.664  -5.627  34.078 0.0000000000
78698  37.597  -7.007  34.588 0.0000000000
77385  37.001  -7.718  35.294 0.0000000000
73135  35.245  -10.476  45.801 0.0000000000
73152  36.076  -10.459  45.091 0.0000000000
73168  36.836  -10.263  44.429 0.0000000000
74593  37.484  -9.937  43.763 0.0000000000
76000  38.836  -9.018  43.636 0.0000000000
73208  33.402  -10.867  41.253 0.0000000000
73190  33.840  -10.836  42.276 0.0000000000
73207  34.473  -10.836  41.260 0.0000000000
74629  36.672  -10.239  41.800 0.0000000000
74608  38.071  -9.390  41.992 0.0000000000
76026  38.740  -8.814  41.492 0.0000000000
76041  39.239  -8.175  40.414 0.0000000000
77314  39.738  -7.591  40.299 0.0000000000
78628  40.028  -6.914  39.460 0.0000000000
78640  40.102  -5.853  38.512 0.0000000000
74688  37.132  -8.864  38.454 0.0000000000
76079  38.194  -8.415  38.669 0.0000000000
76080  37.605  -8.547  38.324 0.0000000000
77341  37.690  -8.196  37.792 0.0000000000
76081  36.945  -8.671  37.987 0.0000000000
73292  33.481  -10.077  36.931 0.0000000000
73324  33.418  -9.232  34.995 0.0000000000
73307  34.279  -9.301  36.092 0.0000000000
74723  34.866  -9.069  36.165 0.0000000000
74722  35.597  -8.778  36.546 0.0000000000
74737  35.407  -8.533  35.694 0.0000000000
87171  40.292  -0.206  24.842 0.0000000000
88639  39.678  -0.057  24.214 0.0000000000
88670  38.884  0.160  23.488 0.0000000000
88698  37.011  0.688  22.629 0.0000000000
88615  35.559  0.656  25.363 0.0000000000
88700  34.877  0.586  22.703 0.0000000000
111229  59.771  17.540  6.493 0.0000000000
111228  60.142  17.676  5.893 0.0000000000
112321  52.612  18.747  12.597 0.0000000000
112358  52.525  17.960  11.150 0.0000000000
90166  41.873  0.765  21.962 0.0000000000
88694  41.234  0.514  22.152 0.0000000000
75991  20.446  -7.961  43.502 0.0000000000
78563  20.727  -6.815  44.069 0.0000000000
77249  20.914  -7.386  44.563 0.0000000000
75975  21.284  -8.124  45.145 0.0000000000
78548  24.036  -6.520  45.601 0.0000000000
78559  24.001  -6.654  44.865 0.0000000000
78560  23.322  -6.306  44.384 0.0000000000
78575  22.807  -6.095  42.924 0.0000000000
78561  22.853  -6.144  43.721 0.0000000000
99692  42.291  8.152  17.065 0.0000000000
98269  44.851  7.384  18.381 0.0000000000
98270  44.091  7.339  18.079 0.0000000000
99680  43.843  7.981  17.876 0.0000000000
99690  44.174  8.617  17.682 0.0000000000
99691  43.204  8.321  17.403 0.0000000000
70561  21.953  -12.161  50.357 0.0000000000
70562  21.203  -12.764  49.862 0.0000000000
70563  20.610  -13.044  50.041 0.0000000000
70513  10.848  -12.917  52.006 0.0000000000
69262  10.020  -13.061  50.906 0.0000000000
69249  9.365  -13.337  51.398 0.0000000000
67898  8.166  -14.323  53.703 0.0000000000
84119  40.046  -2.092  38.297 0.0000000000
84126  39.565  -2.455  37.722 0.0000000000
82792  39.062  -3.539  36.741 0.0000000000
82791  39.492  -3.505  37.382 0.0000000000
80091  39.750  -5.305  37.680 0.0000000000
74693  29.276  -9.172  38.601 0.0000000000
74709  29.803  -10.044  37.788 0.0000000000
73296  29.735  -10.063  37.475 0.0000000000
73328  29.040  -9.978  35.395 0.0000000000
87079  34.341  -0.190  29.511 0.0000000000
87098  33.241  -0.164  28.327 0.0000000000
116526  51.296  21.386  16.468 0.0000000000
116525  52.427  22.082  16.759 0.0000000000
113693  55.375  18.974  12.007 0.0000000000
113678  54.567  19.008  12.608 0.0000000000
112319  54.364  18.725  12.239 0.0000000000
112356  54.032  18.153  10.585 0.0000000000
91695  40.702  3.093  18.563 0.0000000000
91678  44.642  2.997  19.493 0.0000000000
92956  43.636  3.204  18.774 0.0000000000
92967  43.974  3.821  18.381 0.0000000000
66623  20.132  -15.184  42.967 0.0000000000
66602  19.970  -15.126  43.466 0.0000000000
73096  31.889  -9.994  47.345 0.0000000000
73109  31.905  -9.980  46.502 0.0000000000
74554  30.647  -9.703  46.019 0.0000000000
77266  27.467  -7.649  43.090 0.0000000000
77283  28.044  -7.524  41.677 0.0000000000
77329  27.349  -6.849  38.626 0.0000000000
78629  26.628  -6.286  38.743 0.0000000000
81511  34.948  -3.951  31.688 0.0000000000
106094  49.985  14.090  15.799 0.0000000000
107413  50.634  14.910  15.840 0.0000000000
108702  50.321  15.697  15.759 0.0000000000
108711  48.945  15.975  14.676 0.0000000000
108718  48.562  16.066  13.532 0.0000000000
112289  49.366  18.920  15.394 0.0000000000
112299  49.771  19.259  14.288 0.0000000000
81345  24.054  -4.721  48.896 0.0000000000
81333  23.422  -4.602  49.213 0.0000000000
81332  24.349  -4.586  49.581 0.0000000000
81320  24.372  -4.513  50.404 0.0000000000
79927  23.602  -5.319  51.153 0.0000000000
77193  26.791  -7.435  49.005 0.0000000000
77194  26.178  -7.177  48.458 0.0000000000
78513  25.937  -6.497  48.935 0.0000000000
79966  25.063  -5.509  48.879 0.0000000000
103576  48.155  12.050  17.013 0.0000000000
103577  47.470  11.946  16.891 0.0000000000
75960  22.038  -8.667  46.767 0.0000000000
74543  22.377  -9.339  47.320 0.0000000000
70630  22.044  -12.380  46.353 0.0000000000
67961  19.605  -14.039  46.894 0.0000000000
70568  13.259  -12.489  49.402 0.0000000000
70632  15.057  -12.979  46.601 0.0000000000
88528  37.541  0.456  30.281 0.0000000000
88495  36.759  0.157  32.040 0.0000000000
86980  37.742  -0.870  36.292 0.0000000000
88430  37.229  -0.184  35.760 0.0000000000
87027  35.939  -0.082  33.630 0.0000000000
87012  36.069  -0.398  34.391 0.0000000000
80113  38.399  -5.555  35.320 0.0000000000
78697  37.991  -6.489  34.899 0.0000000000
77367  36.852  -7.784  35.604 0.0000000000
73154  34.278  -10.642  44.444 0.0000000000
73153  35.215  -10.588  44.744 0.0000000000
73170  35.160  -10.675  43.614 0.0000000000
73229  33.851  -10.813  40.216 0.0000000000
74627  38.081  -9.228  40.884 0.0000000000
74646  38.033  -9.012  39.874 0.0000000000
76061  38.503  -8.507  39.341 0.0000000000
74667  37.977  -8.852  39.319 0.0000000000
74668  37.400  -9.086  39.099 0.0000000000
74690  35.707  -9.588  38.396 0.0000000000
73326  31.510  -9.868  34.999 0.0000000000
73325  32.645  -9.413  34.762 0.0000000000
74740  33.367  -8.998  34.491 0.0000000000
74739  34.008  -8.898  34.915 0.0000000000
74754  32.856  -8.830  33.799 0.0000000000
88643  35.082  0.740  24.420 0.0000000000
88674  34.536  0.664  23.546 0.0000000000
111222  57.176  17.442  7.639 0.0000000000
111221  58.099  17.503  7.511 0.0000000000
90199  40.516  1.547  20.470 0.0000000000
90184  38.359  1.037  21.105 0.0000000000
91655  44.095  2.115  21.145 0.0000000000
90196  43.020  2.053  20.553 0.0000000000
76004  20.662  -8.953  43.406 0.0000000000
75958  27.479  -8.564  46.505 0.0000000000
75973  27.701  -8.544  45.630 0.0000000000
75989  27.229  -8.253  45.169 0.0000000000
77267  26.585  -7.535  43.405 0.0000000000
77268  25.786  -7.390  43.724 0.0000000000
77286  25.738  -7.046  42.668 0.0000000000
77303  26.103  -6.871  42.036 0.0000000000
78589  22.627  -6.049  42.109 0.0000000000
106105  48.104  14.190  14.808 0.0000000000
104820  47.441  13.893  14.063 0.0000000000
79936  26.345  -5.166  50.626 0.0000000000
79925  26.679  -4.879  51.291 0.0000000000
99668  46.756  8.028  19.229 0.0000000000
99676  46.789  8.700  19.236 0.0000000000
101033  46.695  9.653  18.847 0.0000000000
101043  46.397  10.189  18.142 0.0000000000
102301  46.088  10.331  17.568 0.0000000000
102313  44.831  9.995  16.391 0.0000000000
101070  43.325  9.920  15.620 0.0000000000
73097  23.020  -10.240  48.909 0.0000000000
71854  22.604  -11.225  47.890 0.0000000000
70611  21.626  -12.652  48.079 0.0000000000
69311  21.171  -13.106  47.989 0.0000000000
69290  20.851  -13.064  49.136 0.0000000000
70528  13.514  -12.559  51.452 0.0000000000
70592  12.034  -12.500  48.326 0.0000000000
70594  10.387  -12.858  48.029 0.0000000000
70552  9.870  -12.979  49.434 0.0000000000
86971  38.545  -0.509  37.359 0.0000000000
86972  38.088  -0.642  36.735 0.0000000000
85564  37.741  -1.534  35.937 0.0000000000
84145  37.212  -2.051  35.069 0.0000000000
84144  37.743  -2.451  35.464 0.0000000000
80105  38.845  -5.336  36.030 0.0000000000
78658  38.732  -6.711  36.769 0.0000000000
74630  30.993  -10.029  41.684 0.0000000000
73192  32.043  -10.502  42.011 0.0000000000
73210  31.703  -10.450  41.239 0.0000000000
73232  31.266  -10.317  40.570 0.0000000000
73231  31.969  -10.599  40.420 0.0000000000
73253  31.342  -10.442  39.664 0.0000000000
73251  33.131  -10.720  39.250 0.0000000000
88580  36.193  0.543  27.308 0.0000000000
88598  34.903  0.573  26.178 0.0000000000
88564  34.340  0.170  27.932 0.0000000000
88582  34.182  0.402  26.934 0.0000000000
88617  33.585  0.614  25.123 0.0000000000
112394  56.626  18.190  9.096 0.0000000000
112337  55.753  18.839  11.289 0.0000000000
112373  55.891  18.324  9.697 0.0000000000
111233  56.393  17.046  7.037 0.0000000000
95478  42.388  5.759  17.460 0.0000000000
95479  41.458  5.854  17.304 0.0000000000
90213  38.944  2.023  19.534 0.0000000000
91684  38.774  2.186  19.262 0.0000000000
92953  46.116  3.653  19.320 0.0000000000
96808  46.033  6.551  18.778 0.0000000000
95468  43.911  5.602  17.857 0.0000000000
95477  43.187  5.977  17.632 0.0000000000
73119  36.124  -10.123  47.175 0.0000000000
73133  36.794  -10.102  46.424 0.0000000000
73123  32.612  -10.215  45.904 0.0000000000
73137  33.429  -10.462  45.206 0.0000000000
73156  32.379  -10.388  43.891 0.0000000000
73157  31.583  -10.159  43.492 0.0000000000
75972  28.565  -8.796  45.320 0.0000000000
75971  29.088  -8.889  44.699 0.0000000000
74584  29.709  -9.179  44.474 0.0000000000
76002  28.395  -8.174  43.295 0.0000000000
74596  29.730  -9.107  43.599 0.0000000000
74595  30.372  -9.455  43.302 0.0000000000
74594  30.981  -9.837  42.989 0.0000000000
74611  30.975  -9.947  42.171 0.0000000000
74631  30.598  -9.686  41.391 0.0000000000
74650  29.902  -9.090  40.799 0.0000000000
76063  29.099  -8.577  39.444 0.0000000000
76082  28.767  -8.569  38.664 0.0000000000
78631  24.938  -5.703  39.277 0.0000000000
85639  33.264  -1.382  31.785 0.0000000000
112265  50.934  18.390  17.563 0.0000000000
113606  51.160  19.687  18.529 0.0000000000
115065  51.040  20.607  18.446 0.0000000000
116514  51.238  21.571  17.558 0.0000000000
115073  50.019  20.091  16.645 0.0000000000
116541  51.381  21.085  15.715 0.0000000000
115093  51.869  20.900  15.184 0.0000000000
113666  52.427  19.335  13.373 0.0000000000
81371  22.117  -5.155  46.457 0.0000000000
78539  21.360  -5.920  46.589 0.0000000000
79981  21.583  -5.369  47.037 0.0000000000
78527  21.318  -6.014  47.355 0.0000000000
77206  21.483  -6.959  47.668 0.0000000000
79954  22.204  -5.290  49.152 0.0000000000
78507  21.790  -6.020  48.918 0.0000000000
77205  21.862  -7.468  48.258 0.0000000000
75941  22.315  -8.174  48.587 0.0000000000
74530  22.667  -9.294  48.408 0.0000000000
81312  24.436  -4.672  51.209 0.0000000000
78485  24.205  -6.262  52.035 0.0000000000
78486  23.600  -6.221  51.437 0.0000000000
77177  23.207  -7.180  50.857 0.0000000000
71842  23.017  -10.875  49.562 0.0000000000
71837  22.551  -11.512  49.855 0.0000000000
74534  37.969  -9.226  47.653 0.0000000000
74552  36.700  -9.942  47.420 0.0000000000
73104  35.835  -10.083  47.783 0.0000000000
73106  34.388  -10.213  47.508 0.0000000000
73095  32.675  -10.115  47.704 0.0000000000
74541  28.685  -9.259  47.196 0.0000000000
74528  29.005  -9.385  47.898 0.0000000000
74529  28.407  -9.143  47.763 0.0000000000
75946  27.973  -8.946  47.225 0.0000000000
75959  26.679  -8.113  46.645 0.0000000000
77214  25.094  -7.132  46.393 0.0000000000
77195  25.561  -6.925  47.914 0.0000000000
78536  24.810  -6.675  47.019 0.0000000000
77215  24.557  -6.839  45.835 0.0000000000
78537  24.215  -6.344  46.439 0.0000000000
79987  23.325  -5.628  46.463 0.0000000000
104779  50.196  12.343  16.985 0.0000000000
106087  50.362  13.453  16.251 0.0000000000
104797  49.429  13.602  15.873 0.0000000000
102310  47.083  11.466  17.036 0.0000000000
102322  46.847  11.611  16.573 0.0000000000
103585  46.956  11.992  16.267 0.0000000000
103586  46.332  11.582  15.653 0.0000000000
104800  46.898  12.464  15.647 0.0000000000
104810  46.704  12.687  14.789 0.0000000000
104822  46.031  12.470  13.509 0.0000000000
74574  21.528  -9.227  44.887 0.0000000000
74557  22.088  -9.251  46.011 0.0000000000
74573  21.982  -9.734  45.340 0.0000000000
73144  21.899  -10.193  44.897 0.0000000000
70631  21.650  -12.946  45.817 0.0000000000
66603  19.576  -15.187  43.353 0.0000000000
66604  18.812  -15.277  43.183 0.0000000000
70566  15.304  -12.679  49.649 0.0000000000
70588  16.001  -12.988  48.987 0.0000000000
69315  17.235  -13.699  47.409 0.0000000000
69335  17.224  -13.929  46.412 0.0000000000
69353  16.866  -13.989  45.506 0.0000000000
69354  16.080  -13.774  44.870 0.0000000000
67996  16.450  -14.124  44.026 0.0000000000
67899  7.698  -14.930  54.381 0.0000000000
66474  7.217  -15.773  54.177 0.0000000000
65150  6.850  -16.434  53.908 0.0000000000
65151  6.421  -17.023  53.520 0.0000000000
65137  6.300  -16.883  54.729 0.0000000000
88637  41.620  -0.082  23.969 0.0000000000
88579  37.205  0.553  27.462 0.0000000000
88547  35.459  0.151  29.103 0.0000000000
88530  35.788  0.076  29.954 0.0000000000
87078  35.008  -0.103  29.951 0.0000000000
87040  33.767  -0.792  31.828 0.0000000000
87039  34.341  -0.550  32.259 0.0000000000
85628  33.707  -1.283  32.315 0.0000000000
84190  33.925  -1.861  32.513 0.0000000000
82825  34.780  -3.217  32.208 0.0000000000
81509  36.492  -5.118  32.647 0.0000000000
82813  36.832  -3.310  33.901 0.0000000000
81491  37.222  -3.891  33.999 0.0000000000
80132  36.840  -5.696  32.954 0.0000000000
78723  37.101  -6.256  33.261 0.0000000000
77384  37.332  -7.606  34.657 0.0000000000
76122  36.909  -7.628  34.227 0.0000000000
74568  37.510  -9.866  45.884 0.0000000000
74567  38.256  -9.547  45.292 0.0000000000
74581  37.556  -9.926  44.828 0.0000000000
75985  38.920  -9.112  44.701 0.0000000000
75999  39.391  -8.432  43.103 0.0000000000
73191  32.866  -10.734  42.155 0.0000000000
73188  36.183  -10.431  42.684 0.0000000000
74610  36.719  -10.256  42.346 0.0000000000
76013  38.766  -8.922  42.563 0.0000000000
77282  39.883  -7.790  42.576 0.0000000000
76025  39.289  -8.229  41.033 0.0000000000
77298  40.315  -7.086  40.971 0.0000000000
78612  40.576  -6.391  40.221 0.0000000000
80073  40.276  -5.196  38.490 0.0000000000
78641  39.731  -6.396  38.311 0.0000000000
77327  38.569  -8.181  38.732 0.0000000000
77339  38.955  -7.117  37.691 0.0000000000
77354  37.633  -7.903  37.203 0.0000000000
73271  34.549  -10.040  37.943 0.0000000000
74691  35.146  -9.710  38.031 0.0000000000
74708  35.187  -9.410  37.335 0.0000000000
76094  36.653  -8.481  37.241 0.0000000000
76107  37.087  -8.099  36.856 0.0000000000
76109  36.012  -8.276  35.799 0.0000000000
74752  34.586  -8.427  34.341 0.0000000000
90186  36.989  0.966  21.388 0.0000000000
88614  36.629  0.572  25.489 0.0000000000
88672  36.619  0.634  23.568 0.0000000000
113680  52.792  18.977  13.023 0.0000000000
112339  53.411  18.369  11.647 0.0000000000
111184  53.738  18.004  10.187 0.0000000000
111197  53.884  17.844  9.696 0.0000000000
69310  21.648  -12.668  47.809 0.0000000000
71892  22.142  -11.388  44.995 0.0000000000
73098  22.786  -10.689  48.257 0.0000000000
73118  36.759  -10.047  46.991 0.0000000000
73140  30.944  -9.774  44.851 0.0000000000
73193  31.389  -10.230  41.842 0.0000000000
73211  31.074  -10.120  41.256 0.0000000000
74535  37.020  -9.650  47.990 0.0000000000
74537  35.699  -10.050  48.088 0.0000000000
74538  31.177  -9.849  46.880 0.0000000000
74540  29.415  -9.488  47.218 0.0000000000
74556  29.037  -9.275  46.661 0.0000000000
74583  30.332  -9.471  44.139 0.0000000000
74601  20.386  -9.015  42.416 0.0000000000
74670  35.826  -9.871  39.039 0.0000000000
74706  36.545  -8.792  37.797 0.0000000000
75939  26.449  -7.676  48.033 0.0000000000
75940  22.709  -8.668  48.978 0.0000000000
77178  22.785  -6.766  50.361 0.0000000000
77188  21.990  -6.619  49.143 0.0000000000
77197  21.719  -6.744  48.547 0.0000000000
77204  25.389  -7.088  47.273 0.0000000000
77229  24.462  -6.860  45.283 0.0000000000
77250  20.530  -7.455  43.809 0.0000000000
77313  40.248  -7.068  40.392 0.0000000000
78494  26.529  -5.874  50.171 0.0000000000
78496  22.587  -6.051  50.221 0.0000000000
78515  24.628  -5.947  47.868 0.0000000000
78516  21.487  -6.062  48.205 0.0000000000
78549  23.439  -6.261  45.267 0.0000000000
78577  20.554  -6.780  43.345 0.0000000000
78590  20.969  -6.247  42.818 0.0000000000
78603  22.139  -6.029  41.489 0.0000000000
79937  25.616  -4.971  50.204 0.0000000000
79953  24.646  -5.017  49.052 0.0000000000
79968  23.603  -5.141  47.901 0.0000000000
79969  22.096  -5.068  48.521 0.0000000000
79980  22.789  -5.159  46.759 0.0000000000
79986  23.850  -5.773  47.017 0.0000000000
79988  22.506  -5.378  46.242 0.0000000000
79989  21.815  -5.521  46.173 0.0000000000
79993  23.007  -5.798  45.721 0.0000000000
80008  22.227  -5.958  43.509 0.0000000000
80022  21.509  -6.033  42.479 0.0000000000
80035  21.820  -6.044  42.063 0.0000000000
80074  40.006  -5.714  38.223 0.0000000000
81304  24.804  -4.821  51.849 0.0000000000
81313  23.735  -4.770  50.714 0.0000000000
81321  23.409  -4.628  50.032 0.0000000000
81322  22.803  -4.803  49.460 0.0000000000
81347  22.431  -4.846  48.020 0.0000000000
81348  21.953  -4.951  47.406 0.0000000000
81360  21.972  -5.010  46.806 0.0000000000
81370  22.348  -5.046  46.692 0.0000000000
87080  33.339  -0.359  29.328 0.0000000000
87151  39.269  0.045  25.346 0.0000000000
87173  39.191  0.049  25.014 0.0000000000
92965  45.570  3.871  18.850 0.0000000000
104808  48.263  14.014  15.167 0.0000000000
106120  47.385  13.976  13.704 0.0000000000
107419  49.985  15.036  15.402 0.0000000000
111211  56.947  17.813  8.377 0.0000000000
111223  56.202  17.412  7.722 0.0000000000
112336  56.237  18.968  11.155 0.0000000000
112357  52.982  18.035  11.022 0.0000000000
112375  54.223  18.080  10.061 0.0000000000
112395  56.024  18.112  9.095 0.0000000000
113694  54.885  18.803  12.139 0.0000000000
115111  51.657  20.571  14.826 0.0000000000
