#!ascii label  , from subject colin27 vox2ras=TkReg
1296
79882  14.011  -4.988  56.663 0.0000000000
74622  1.609  -10.402  43.629 0.0000000000
73032  3.175  -10.040  59.739 0.0000000000
82655  0.486  -3.474  55.105 0.0000000000
82734  2.348  -2.714  45.804 0.0000000000
79859  8.675  -5.606  58.412 0.0000000000
83976  5.950  -2.441  59.446 0.0000000000
75882  17.936  -8.471  55.665 0.0000000000
77119  12.358  -8.292  56.908 0.0000000000
71779  6.987  -12.007  60.013 0.0000000000
92582  6.626  3.813  55.735 0.0000000000
84030  2.220  -1.780  50.701 0.0000000000
89765  7.852  1.716  50.828 0.0000000000
69220  1.158  -13.214  55.468 0.0000000000
74493  -0.029  -9.689  52.455 0.0000000000
79874  1.389  -5.548  57.927 0.0000000000
91140  5.879  1.634  58.157 0.0000000000
78522  2.047  -6.838  49.038 0.0000000000
78542  6.966  -7.301  46.884 0.0000000000
81443  8.936  -4.592  41.104 0.0000000000
81457  2.220  -3.805  39.755 0.0000000000
79894  10.865  -4.607  55.426 0.0000000000
84003  9.864  -2.833  56.869 0.0000000000
79879  16.417  -5.857  56.432 0.0000000000
77141  15.142  -7.712  55.448 0.0000000000
78463  13.261  -6.014  54.948 0.0000000000
78437  10.181  -6.415  57.270 0.0000000000
91198  7.014  2.454  53.238 0.0000000000
71786  2.166  -11.323  57.941 0.0000000000
74469  1.300  -9.544  56.550 0.0000000000
77110  1.999  -7.478  58.870 0.0000000000
86808  9.432  0.279  59.890 0.0000000000
86820  6.060  -0.436  59.133 0.0000000000
71774  4.950  -11.203  60.458 0.0000000000
67843  5.101  -14.248  58.851 0.0000000000
69208  2.799  -13.368  58.075 0.0000000000
67890  1.901  -14.802  56.276 0.0000000000
78466  0.685  -6.317  54.760 0.0000000000
75908  0.484  -8.084  51.189 0.0000000000
78478  1.662  -5.513  52.383 0.0000000000
84049  2.579  -2.349  48.330 0.0000000000
79956  6.997  -5.017  49.607 0.0000000000
81384  7.016  -3.879  46.161 0.0000000000
78578  9.275  -6.152  43.856 0.0000000000
81405  6.590  -3.734  43.873 0.0000000000
78405  5.806  -6.699  60.622 0.0000000000
79830  4.605  -5.718  60.518 0.0000000000
82618  7.201  -3.508  58.942 0.0000000000
85407  10.135  -1.351  59.075 0.0000000000
71807  18.930  -11.456  54.406 0.0000000000
70524  17.469  -12.701  51.691 0.0000000000
71797  16.443  -11.057  55.078 0.0000000000
71800  13.780  -11.026  55.787 0.0000000000
75849  10.073  -9.260  59.032 0.0000000000
77096  8.097  -7.857  60.154 0.0000000000
89725  0.891  0.744  55.327 0.0000000000
82674  0.974  -2.605  52.962 0.0000000000
91221  1.229  1.383  52.887 0.0000000000
91254  2.747  2.042  50.611 0.0000000000
91292  4.454  2.397  48.351 0.0000000000
81229  17.944  -4.790  59.851 0.0000000000
71829  22.780  -11.007  52.392 0.0000000000
77136  24.827  -7.988  55.945 0.0000000000
77127  21.027  -7.848  57.169 0.0000000000
78420  19.565  -5.944  58.461 0.0000000000
67909  0.262  -14.195  53.429 0.0000000000
69241  -0.153  -13.146  51.846 0.0000000000
71814  0.511  -10.977  54.329 0.0000000000
75887  0.730  -8.406  55.469 0.0000000000
81270  0.732  -4.485  56.154 0.0000000000
82622  3.375  -3.661  59.893 0.0000000000
85414  2.286  -1.631  58.759 0.0000000000
86840  0.868  -0.890  57.253 0.0000000000
92571  5.642  2.675  57.201 0.0000000000
71838  0.047  -11.721  49.331 0.0000000000
74544  1.292  -9.959  47.620 0.0000000000
77237  2.384  -8.685  46.139 0.0000000000
79929  3.489  -4.829  51.511 0.0000000000
78531  4.937  -6.825  48.021 0.0000000000
77255  3.878  -8.149  44.643 0.0000000000
77273  6.149  -8.277  43.451 0.0000000000
78607  8.661  -7.309  41.845 0.0000000000
89813  8.538  1.430  48.143 0.0000000000
91353  4.126  1.910  45.643 0.0000000000
91383  3.769  1.391  42.518 0.0000000000
82750  2.634  -2.630  42.991 0.0000000000
80050  5.302  -5.213  40.431 0.0000000000
81275  12.266  -4.234  55.211 0.0000000000
82645  11.955  -3.786  55.800 0.0000000000
81248  14.087  -4.856  58.658 0.0000000000
79880  15.457  -5.578  56.435 0.0000000000
79890  14.967  -5.753  55.561 0.0000000000
79892  13.534  -5.138  55.234 0.0000000000
78465  11.912  -5.345  54.797 0.0000000000
73221  2.233  -11.351  42.515 0.0000000000
76020  2.191  -8.976  43.078 0.0000000000
73042  2.338  -10.665  58.409 0.0000000000
74453  2.059  -9.266  58.444 0.0000000000
75852  2.691  -8.421  59.537 0.0000000000
69258  19.716  -13.176  50.481 0.0000000000
73031  3.715  -10.387  60.127 0.0000000000
70453  3.973  -12.146  59.714 0.0000000000
71781  2.991  -11.407  59.127 0.0000000000
70467  2.503  -12.667  57.878 0.0000000000
79903  0.733  -5.273  54.557 0.0000000000
78468  0.798  -6.115  53.740 0.0000000000
81294  0.990  -4.109  53.493 0.0000000000
84056  2.339  -2.546  47.288 0.0000000000
81364  5.122  -3.549  47.462 0.0000000000
81376  4.035  -3.698  46.250 0.0000000000
81393  6.865  -3.738  45.023 0.0000000000
81395  4.666  -3.934  44.488 0.0000000000
79827  7.066  -6.065  60.039 0.0000000000
79843  6.884  -5.257  59.782 0.0000000000
79860  8.039  -4.861  58.729 0.0000000000
85429  9.745  -2.213  57.605 0.0000000000
85391  10.987  -1.236  60.821 0.0000000000
74477  18.655  -9.433  55.710 0.0000000000
73071  17.319  -11.027  55.012 0.0000000000
74479  16.714  -9.502  55.513 0.0000000000
77131  13.473  -8.205  56.195 0.0000000000
74466  14.048  -9.527  56.215 0.0000000000
74468  12.776  -9.645  56.887 0.0000000000
75854  11.178  -8.892  58.036 0.0000000000
79858  9.281  -6.029  58.042 0.0000000000
77103  8.897  -7.720  59.532 0.0000000000
78411  8.094  -6.464  59.438 0.0000000000
77097  7.023  -7.792  60.623 0.0000000000
91167  3.393  1.756  55.281 0.0000000000
91204  1.817  1.320  53.945 0.0000000000
91183  4.764  2.379  54.447 0.0000000000
91214  7.342  2.189  52.449 0.0000000000
91216  5.286  2.234  52.130 0.0000000000
89768  5.661  2.153  50.996 0.0000000000
91273  3.659  2.164  49.425 0.0000000000
91250  5.602  2.233  49.627 0.0000000000
74463  21.658  -9.158  56.260 0.0000000000
67901  0.568  -14.168  54.155 0.0000000000
69225  0.338  -13.157  53.818 0.0000000000
70479  0.929  -12.178  55.159 0.0000000000
77123  1.362  -7.376  57.506 0.0000000000
75876  0.954  -8.274  56.314 0.0000000000
77134  1.003  -7.369  56.817 0.0000000000
78458  0.745  -6.408  55.714 0.0000000000
79875  1.030  -5.501  57.196 0.0000000000
82620  5.362  -3.494  59.951 0.0000000000
82607  3.910  -4.177  60.174 0.0000000000
83977  4.989  -2.424  59.741 0.0000000000
89675  6.089  1.166  58.572 0.0000000000
86822  4.199  -0.562  59.129 0.0000000000
88225  3.963  0.252  58.608 0.0000000000
86834  2.297  -0.663  58.371 0.0000000000
89681  3.944  1.066  57.906 0.0000000000
89694  2.651  1.053  57.015 0.0000000000
92566  6.009  2.526  57.602 0.0000000000
70508  15.569  -12.479  52.542 0.0000000000
70545  16.364  -12.803  50.724 0.0000000000
70448  8.376  -12.209  58.983 0.0000000000
69215  8.086  -14.049  56.797 0.0000000000
67841  6.957  -14.223  58.107 0.0000000000
66429  3.988  -15.245  57.869 0.0000000000
65109  5.470  -16.307  56.797 0.0000000000
67891  1.520  -14.266  55.899 0.0000000000
67900  0.921  -14.270  54.968 0.0000000000
71828  -0.107  -11.361  51.952 0.0000000000
70532  -0.184  -12.366  50.975 0.0000000000
73083  -0.081  -10.608  51.349 0.0000000000
77190  1.110  -7.701  49.341 0.0000000000
75932  0.735  -8.576  49.220 0.0000000000
77200  1.230  -8.154  48.450 0.0000000000
75963  1.771  -9.585  46.944 0.0000000000
77209  1.874  -8.117  47.587 0.0000000000
84026  1.119  -1.783  52.199 0.0000000000
81316  2.267  -4.015  52.307 0.0000000000
82677  3.602  -3.828  51.579 0.0000000000
78529  7.349  -6.201  47.981 0.0000000000
78519  5.495  -6.344  48.855 0.0000000000
78543  5.632  -7.264  47.332 0.0000000000
77219  4.151  -7.645  46.350 0.0000000000
77217  6.394  -7.819  45.899 0.0000000000
77253  5.879  -8.266  44.365 0.0000000000
77231  7.704  -7.760  44.902 0.0000000000
80023  9.291  -5.132  43.093 0.0000000000
78579  8.773  -7.069  43.410 0.0000000000
78606  9.274  -6.467  41.702 0.0000000000
89879  8.746  1.503  45.534 0.0000000000
91331  6.579  1.906  46.341 0.0000000000
91350  6.979  1.673  45.329 0.0000000000
85540  2.227  -1.243  39.902 0.0000000000
86928  2.462  -0.454  41.305 0.0000000000
88365  3.060  0.263  43.323 0.0000000000
81437  2.452  -3.248  41.608 0.0000000000
80025  3.729  -4.801  42.135 0.0000000000
80053  2.809  -4.836  40.387 0.0000000000
79873  8.986  -4.771  57.616 0.0000000000
81250  8.431  -4.436  58.068 0.0000000000
81269  9.844  -3.884  56.369 0.0000000000
78451  17.433  -6.826  55.821 0.0000000000
77140  16.218  -7.589  55.346 0.0000000000
78453  15.439  -6.649  55.264 0.0000000000
78454  14.472  -6.902  55.290 0.0000000000
78445  12.462  -7.122  56.091 0.0000000000
77121  11.116  -7.423  57.268 0.0000000000
78446  11.629  -6.637  56.037 0.0000000000
79871  10.357  -6.033  56.685 0.0000000000
93879  8.173  4.507  55.161 0.0000000000
91181  6.682  2.827  54.059 0.0000000000
93893  8.738  4.185  53.906 0.0000000000
92620  9.346  3.665  52.603 0.0000000000
92632  9.497  3.059  51.730 0.0000000000
70473  1.754  -12.216  56.635 0.0000000000
71796  1.098  -11.244  55.682 0.0000000000
73047  1.577  -10.136  57.014 0.0000000000
75857  1.859  -8.351  58.311 0.0000000000
78424  1.873  -6.544  58.739 0.0000000000
86818  8.028  -0.101  58.911 0.0000000000
85410  5.559  -1.439  59.368 0.0000000000
88220  8.263  0.733  59.330 0.0000000000
89673  7.608  1.548  59.218 0.0000000000
91137  7.766  2.449  59.348 0.0000000000
92559  7.353  3.118  58.765 0.0000000000
71773  5.832  -11.290  60.495 0.0000000000
69178  5.905  -13.297  59.371 0.0000000000
70452  4.705  -12.520  59.801 0.0000000000
67845  3.762  -13.893  58.638 0.0000000000
66430  2.997  -15.226  57.271 0.0000000000
66443  2.364  -15.303  56.537 0.0000000000
67862  2.621  -14.224  57.470 0.0000000000
69216  1.892  -13.157  56.803 0.0000000000
75894  0.340  -8.127  53.303 0.0000000000
75909  0.091  -8.887  51.861 0.0000000000
77158  0.756  -6.998  52.761 0.0000000000
77170  0.885  -7.264  51.586 0.0000000000
78498  2.102  -6.286  50.737 0.0000000000
84038  2.447  -1.760  49.598 0.0000000000
82690  4.986  -3.376  50.340 0.0000000000
82701  4.950  -3.104  49.379 0.0000000000
81372  7.638  -4.621  47.726 0.0000000000
78540  8.725  -5.761  46.548 0.0000000000
78552  8.301  -7.023  45.796 0.0000000000
80002  9.020  -5.208  45.410 0.0000000000
81419  8.693  -4.252  43.574 0.0000000000
81420  7.508  -3.788  42.871 0.0000000000
81470  1.981  -4.021  38.045 0.0000000000
80082  3.133  -5.493  38.771 0.0000000000
78703  2.970  -5.324  36.726 0.0000000000
75847  3.898  -8.472  60.506 0.0000000000
77101  3.614  -7.548  60.384 0.0000000000
79829  5.490  -5.772  60.451 0.0000000000
81237  5.936  -4.171  59.929 0.0000000000
83975  6.849  -2.507  59.048 0.0000000000
82631  8.388  -3.403  57.880 0.0000000000
83987  8.239  -2.547  58.084 0.0000000000
85422  8.165  -1.663  58.318 0.0000000000
86816  9.933  -0.696  59.642 0.0000000000
70491  19.477  -12.142  53.265 0.0000000000
70523  18.423  -12.732  51.733 0.0000000000
70493  17.761  -12.262  53.335 0.0000000000
74480  15.721  -9.563  55.712 0.0000000000
71811  14.798  -11.548  54.940 0.0000000000
70483  13.856  -12.140  54.329 0.0000000000
71776  9.239  -11.260  59.040 0.0000000000
73026  8.424  -10.800  60.037 0.0000000000
75856  9.934  -8.246  58.967 0.0000000000
75843  8.642  -8.864  60.129 0.0000000000
73027  7.445  -10.644  60.483 0.0000000000
74439  6.280  -9.436  60.966 0.0000000000
75841  5.361  -8.576  60.875 0.0000000000
86845  0.263  -0.975  55.702 0.0000000000
84011  0.407  -2.360  54.145 0.0000000000
85442  0.180  -1.342  53.900 0.0000000000
86863  0.315  -0.769  52.795 0.0000000000
88296  0.821  0.192  51.508 0.0000000000
91200  4.968  2.310  53.336 0.0000000000
91236  2.530  2.046  51.711 0.0000000000
88303  1.362  0.018  50.611 0.0000000000
86869  2.209  -0.770  49.332 0.0000000000
88329  2.232  -0.127  47.797 0.0000000000
89861  2.498  0.705  47.120 0.0000000000
81246  15.659  -5.294  58.592 0.0000000000
70519  21.672  -11.860  51.806 0.0000000000
79896  26.366  -5.385  54.772 0.0000000000
78450  25.959  -6.617  55.565 0.0000000000
75888  25.120  -7.801  54.513 0.0000000000
74489  23.657  -9.792  53.685 0.0000000000
73080  22.595  -10.960  53.202 0.0000000000
71827  20.812  -11.947  52.838 0.0000000000
74476  19.660  -9.530  55.879 0.0000000000
75872  19.280  -7.967  56.324 0.0000000000
78432  20.410  -6.660  57.930 0.0000000000
78442  18.716  -6.723  56.914 0.0000000000
79866  17.685  -5.920  57.522 0.0000000000
79855  17.142  -5.521  58.325 0.0000000000
70489  0.122  -12.157  53.339 0.0000000000
73074  0.132  -10.238  53.577 0.0000000000
73053  0.856  -10.309  55.436 0.0000000000
74482  0.620  -9.430  55.073 0.0000000000
75890  0.434  -8.568  54.380 0.0000000000
77146  0.640  -7.399  55.059 0.0000000000
79895  0.720  -5.399  55.477 0.0000000000
82649  0.604  -3.541  55.941 0.0000000000
79832  3.098  -5.830  60.135 0.0000000000
79844  2.658  -5.790  59.727 0.0000000000
81240  2.035  -4.723  59.097 0.0000000000
85411  4.591  -1.471  59.472 0.0000000000
83979  3.090  -2.524  59.485 0.0000000000
82634  1.656  -3.556  58.502 0.0000000000
83990  1.350  -2.570  58.051 0.0000000000
83997  0.892  -2.629  57.309 0.0000000000
85433  0.393  -1.827  56.215 0.0000000000
88256  0.967  0.520  56.060 0.0000000000
91157  2.972  1.436  56.051 0.0000000000
92575  6.404  3.910  56.317 0.0000000000
93861  6.952  3.678  57.875 0.0000000000
95150  7.926  4.871  57.141 0.0000000000
95156  8.595  5.069  56.401 0.0000000000
66455  7.307  -15.470  55.025 0.0000000000
67859  6.323  -14.917  57.911 0.0000000000
74520  0.158  -10.026  49.760 0.0000000000
74533  0.441  -10.224  48.896 0.0000000000
75993  2.045  -9.230  44.729 0.0000000000
81305  1.414  -4.186  52.985 0.0000000000
79943  2.474  -5.712  51.381 0.0000000000
78509  3.128  -6.161  49.810 0.0000000000
79958  5.412  -5.216  50.435 0.0000000000
79975  4.225  -6.004  49.611 0.0000000000
78533  2.818  -6.933  48.005 0.0000000000
77220  3.198  -7.718  46.610 0.0000000000
77235  3.573  -8.052  45.615 0.0000000000
75992  2.392  -8.760  44.427 0.0000000000
77275  4.116  -8.111  43.608 0.0000000000
77251  7.947  -7.764  43.881 0.0000000000
77271  8.043  -7.731  42.941 0.0000000000
91248  10.253  2.480  50.045 0.0000000000
91268  10.469  2.107  48.989 0.0000000000
89794  8.296  1.476  49.038 0.0000000000
89815  6.887  1.929  48.236 0.0000000000
91314  4.579  2.394  47.433 0.0000000000
88346  2.538  -0.004  45.717 0.0000000000
89916  3.948  1.497  44.289 0.0000000000
88356  2.804  0.051  44.656 0.0000000000
84078  2.412  -2.079  44.895 0.0000000000
81407  4.353  -4.264  43.491 0.0000000000
81435  5.543  -4.510  41.983 0.0000000000
81445  6.986  -4.311  41.063 0.0000000000
80062  6.581  -4.954  39.528 0.0000000000
81266  13.443  -4.662  56.315 0.0000000000
81267  12.646  -4.174  56.055 0.0000000000
81257  13.757  -4.776  57.483 0.0000000000
79881  14.563  -5.298  56.375 0.0000000000
79891  14.117  -5.356  55.550 0.0000000000
81265  13.970  -5.032  56.071 0.0000000000
81274  13.070  -4.648  55.356 0.0000000000
73202  1.889  -11.146  43.335 0.0000000000
73201  1.774  -10.622  42.696 0.0000000000
74621  1.774  -9.689  43.055 0.0000000000
73037  2.709  -10.361  59.097 0.0000000000
74452  2.443  -9.302  59.066 0.0000000000
74449  2.919  -9.326  59.637 0.0000000000
70540  21.148  -12.460  51.008 0.0000000000
70541  20.244  -12.930  50.728 0.0000000000
70521  20.300  -12.468  51.772 0.0000000000
74448  3.494  -9.358  60.154 0.0000000000
71785  2.589  -11.348  58.508 0.0000000000
81284  0.708  -4.284  54.400 0.0000000000
82658  0.600  -3.321  54.266 0.0000000000
82725  2.281  -2.774  46.363 0.0000000000
82723  3.121  -3.423  46.661 0.0000000000
81377  3.410  -3.627  45.836 0.0000000000
81386  4.888  -3.805  45.483 0.0000000000
81388  3.337  -3.624  45.152 0.0000000000
79842  7.743  -5.717  59.339 0.0000000000
74478  17.680  -9.416  55.528 0.0000000000
75883  16.949  -8.511  55.461 0.0000000000
77132  12.824  -8.060  56.453 0.0000000000
75875  13.060  -8.933  56.698 0.0000000000
75862  12.417  -8.781  57.091 0.0000000000
75863  11.750  -8.897  57.587 0.0000000000
74458  11.439  -9.556  57.816 0.0000000000
77107  11.410  -8.464  57.657 0.0000000000
78410  8.670  -6.631  59.078 0.0000000000
79841  8.296  -6.093  59.089 0.0000000000
78403  7.579  -6.800  60.007 0.0000000000
91165  5.076  2.566  55.162 0.0000000000
91184  3.748  2.034  54.439 0.0000000000
92596  5.462  2.720  54.912 0.0000000000
91232  7.621  1.952  51.656 0.0000000000
89753  6.771  1.910  51.717 0.0000000000
89766  6.983  1.818  50.903 0.0000000000
91251  5.277  2.257  50.141 0.0000000000
89779  7.191  1.742  50.019 0.0000000000
69224  0.742  -13.171  54.644 0.0000000000
78438  1.516  -6.494  58.065 0.0000000000
78439  1.180  -6.457  57.357 0.0000000000
88224  4.748  0.293  58.873 0.0000000000
89677  4.523  0.807  58.383 0.0000000000
88235  3.263  0.318  58.251 0.0000000000
89680  4.752  1.271  57.993 0.0000000000
91145  4.639  1.576  57.528 0.0000000000
91143  6.088  2.173  57.927 0.0000000000
70449  7.764  -12.502  59.149 0.0000000000
69176  7.442  -13.143  58.768 0.0000000000
69177  6.828  -13.143  59.161 0.0000000000
65100  3.709  -16.022  57.112 0.0000000000
65110  4.379  -16.863  56.537 0.0000000000
73081  -0.068  -10.518  52.202 0.0000000000
77189  1.617  -7.022  49.471 0.0000000000
77199  1.878  -7.293  48.488 0.0000000000
84025  1.753  -1.964  51.647 0.0000000000
82678  2.966  -3.323  51.606 0.0000000000
84024  2.522  -2.410  51.276 0.0000000000
78530  6.207  -6.774  48.029 0.0000000000
77218  5.413  -7.691  46.364 0.0000000000
77232  6.644  -8.041  45.088 0.0000000000
78553  7.256  -7.689  45.752 0.0000000000
80036  9.299  -5.274  41.928 0.0000000000
78592  9.269  -6.199  42.749 0.0000000000
89878  9.610  1.577  45.504 0.0000000000
89901  8.401  1.564  44.775 0.0000000000
89880  7.905  1.548  45.439 0.0000000000
91366  7.639  1.592  44.256 0.0000000000
84112  2.156  -1.932  40.258 0.0000000000
85530  2.310  -1.250  40.718 0.0000000000
84105  2.178  -2.041  40.998 0.0000000000
85520  2.372  -1.282  41.665 0.0000000000
81448  2.312  -3.428  40.742 0.0000000000
80041  2.622  -4.142  41.073 0.0000000000
81456  2.401  -4.209  40.024 0.0000000000
79885  9.872  -4.678  56.429 0.0000000000
81259  9.382  -4.369  56.950 0.0000000000
81268  10.346  -4.295  55.881 0.0000000000
82637  12.132  -3.725  56.759 0.0000000000
78444  17.115  -6.302  56.160 0.0000000000
78452  16.570  -6.590  55.567 0.0000000000
79889  15.811  -5.996  55.739 0.0000000000
78462  14.026  -6.208  55.103 0.0000000000
78461  14.667  -6.244  55.212 0.0000000000
78455  13.587  -6.740  55.423 0.0000000000
77143  13.099  -7.221  55.869 0.0000000000
78456  12.609  -6.491  55.422 0.0000000000
79893  11.329  -5.173  55.186 0.0000000000
79883  11.164  -5.858  55.645 0.0000000000
79884  10.479  -5.306  56.009 0.0000000000
79872  9.612  -5.547  57.236 0.0000000000
93886  8.302  4.193  54.432 0.0000000000
93891  9.885  4.703  53.135 0.0000000000
93898  10.114  4.296  52.323 0.0000000000
91212  8.894  2.780  52.044 0.0000000000
92631  10.036  3.631  51.683 0.0000000000
71795  1.504  -11.232  56.427 0.0000000000
71790  1.822  -11.258  57.232 0.0000000000
75853  2.194  -8.399  58.980 0.0000000000
74456  1.760  -9.230  57.726 0.0000000000
77122  1.671  -7.425  58.196 0.0000000000
88219  8.956  0.754  59.808 0.0000000000
89672  8.346  1.639  59.774 0.0000000000
91136  8.310  2.611  59.964 0.0000000000
92557  8.561  3.490  60.059 0.0000000000
70441  5.268  -11.941  60.188 0.0000000000
70442  4.579  -11.842  60.116 0.0000000000
70454  3.403  -12.187  59.184 0.0000000000
69181  3.734  -12.620  59.241 0.0000000000
69197  3.489  -13.182  58.784 0.0000000000
67861  3.411  -14.306  58.152 0.0000000000
70468  2.137  -12.283  57.403 0.0000000000
69209  2.312  -13.330  57.397 0.0000000000
69217  1.583  -13.133  56.174 0.0000000000
77149  0.550  -7.256  54.002 0.0000000000
78479  1.273  -5.716  52.718 0.0000000000
78488  1.358  -6.471  51.802 0.0000000000
78499  1.326  -6.789  51.125 0.0000000000
78487  1.925  -5.731  51.931 0.0000000000
84050  2.422  -1.699  48.948 0.0000000000
82692  3.562  -2.856  49.189 0.0000000000
82703  3.311  -3.024  48.472 0.0000000000
81374  6.072  -3.722  46.884 0.0000000000
81363  6.092  -3.592  48.135 0.0000000000
81373  7.052  -3.970  47.327 0.0000000000
79991  8.306  -5.236  47.151 0.0000000000
81382  8.487  -4.782  46.328 0.0000000000
81391  8.533  -4.650  45.811 0.0000000000
81404  7.792  -3.812  44.257 0.0000000000
84128  2.029  -2.260  38.763 0.0000000000
81477  2.230  -4.245  37.175 0.0000000000
80098  2.253  -4.639  37.845 0.0000000000
80116  2.517  -4.734  36.773 0.0000000000
77099  5.288  -7.649  60.802 0.0000000000
78406  4.926  -6.658  60.679 0.0000000000
81236  6.608  -4.335  59.534 0.0000000000
81218  6.099  -5.000  60.123 0.0000000000
82619  6.312  -3.407  59.472 0.0000000000
81260  8.868  -3.928  57.411 0.0000000000
82640  8.951  -3.169  57.369 0.0000000000
85430  9.315  -2.055  57.751 0.0000000000
85431  8.726  -1.983  57.928 0.0000000000
85421  9.223  -1.292  58.251 0.0000000000
86830  9.141  -0.788  58.713 0.0000000000
85408  9.450  -0.922  58.817 0.0000000000
71820  18.755  -11.910  53.892 0.0000000000
70492  18.644  -12.238  53.265 0.0000000000
71809  16.802  -11.448  54.636 0.0000000000
71822  17.276  -12.044  53.950 0.0000000000
70480  16.203  -11.745  54.346 0.0000000000
75884  15.938  -8.584  55.548 0.0000000000
75885  14.874  -8.690  55.839 0.0000000000
73062  14.248  -10.323  56.010 0.0000000000
71812  13.881  -11.777  55.018 0.0000000000
70482  14.751  -12.034  54.265 0.0000000000
71813  13.330  -12.024  54.974 0.0000000000
70476  11.832  -11.946  55.758 0.0000000000
74455  10.345  -9.644  58.746 0.0000000000
73034  9.431  -10.673  59.215 0.0000000000
73035  8.875  -10.931  59.622 0.0000000000
74451  9.402  -9.728  59.536 0.0000000000
78421  10.480  -7.133  57.634 0.0000000000
77108  10.992  -8.005  57.926 0.0000000000
77109  10.074  -7.661  58.463 0.0000000000
75851  8.946  -8.373  59.797 0.0000000000
77095  8.662  -8.183  59.952 0.0000000000
74443  8.033  -9.795  60.499 0.0000000000
75844  7.442  -8.760  60.658 0.0000000000
74444  6.977  -9.675  60.808 0.0000000000
75838  6.959  -9.094  60.838 0.0000000000
77098  6.162  -7.525  60.740 0.0000000000
77094  5.831  -8.128  60.854 0.0000000000
75846  4.665  -8.466  60.756 0.0000000000
88265  0.581  0.197  55.391 0.0000000000
86849  0.172  -0.629  54.688 0.0000000000
88273  0.453  0.238  54.359 0.0000000000
89756  1.246  1.361  53.113 0.0000000000
88281  0.421  0.366  53.421 0.0000000000
89757  0.862  1.096  52.967 0.0000000000
86862  0.593  -0.502  52.121 0.0000000000
89769  0.858  0.930  51.934 0.0000000000
91199  6.017  2.309  53.285 0.0000000000
91234  4.271  2.385  51.301 0.0000000000
91235  3.366  2.300  51.497 0.0000000000
91255  1.986  1.621  50.823 0.0000000000
89783  1.189  0.698  50.981 0.0000000000
89782  1.567  1.076  50.577 0.0000000000
89798  1.775  0.421  49.959 0.0000000000
89797  2.034  1.062  49.791 0.0000000000
91294  3.257  1.837  48.576 0.0000000000
91295  2.867  1.474  48.703 0.0000000000
89839  2.423  0.554  47.849 0.0000000000
91317  3.021  1.512  47.740 0.0000000000
79840  16.747  -5.291  59.018 0.0000000000
81230  17.015  -4.904  59.750 0.0000000000
81212  18.399  -4.044  60.256 0.0000000000
73082  23.311  -10.312  52.018 0.0000000000
71833  22.939  -11.001  51.427 0.0000000000
78441  25.859  -6.543  56.386 0.0000000000
77135  25.396  -7.338  55.938 0.0000000000
77145  25.544  -7.247  55.026 0.0000000000
75877  25.051  -7.955  55.288 0.0000000000
74488  24.213  -9.117  54.224 0.0000000000
75889  24.640  -8.465  54.743 0.0000000000
73077  21.741  -11.118  53.870 0.0000000000
71816  21.918  -11.179  53.575 0.0000000000
71817  21.379  -11.342  53.650 0.0000000000
75870  20.994  -8.455  56.710 0.0000000000
74475  20.602  -9.730  55.825 0.0000000000
74465  20.096  -9.166  56.124 0.0000000000
75880  19.640  -8.911  56.134 0.0000000000
75871  19.912  -8.407  56.406 0.0000000000
78418  21.017  -6.228  58.547 0.0000000000
78433  19.337  -6.387  57.700 0.0000000000
78434  18.405  -6.303  57.301 0.0000000000
79865  18.458  -5.999  57.922 0.0000000000
79838  18.414  -5.223  59.262 0.0000000000
79839  17.531  -5.277  59.145 0.0000000000
79856  16.216  -5.426  58.323 0.0000000000
66507  0.171  -15.631  52.068 0.0000000000
67916  -0.005  -14.348  52.526 0.0000000000
70488  0.538  -11.989  54.267 0.0000000000
71815  0.221  -11.061  53.640 0.0000000000
73052  1.218  -10.306  56.179 0.0000000000
74486  0.392  -9.602  54.372 0.0000000000
79886  0.816  -5.463  56.366 0.0000000000
81278  0.642  -4.415  55.280 0.0000000000
78407  4.074  -6.637  60.571 0.0000000000
78408  3.349  -6.652  60.258 0.0000000000
79831  3.767  -5.753  60.397 0.0000000000
82608  3.476  -4.269  60.075 0.0000000000
81221  3.407  -4.902  60.151 0.0000000000
81239  2.742  -4.736  59.721 0.0000000000
85413  2.866  -1.614  59.112 0.0000000000
85412  3.656  -1.519  59.345 0.0000000000
83980  2.389  -2.445  59.100 0.0000000000
82633  1.980  -2.986  58.989 0.0000000000
83989  1.861  -2.447  58.663 0.0000000000
86835  1.453  -0.754  57.819 0.0000000000
85425  1.107  -1.687  57.675 0.0000000000
85432  0.684  -1.771  56.975 0.0000000000
86841  0.533  -1.000  56.606 0.0000000000
88257  0.624  -0.210  56.334 0.0000000000
88250  1.219  0.127  57.051 0.0000000000
91147  4.966  2.105  57.062 0.0000000000
91149  3.403  1.452  56.694 0.0000000000
91155  4.598  2.232  56.401 0.0000000000
92584  4.973  2.576  56.045 0.0000000000
92577  5.293  2.707  56.535 0.0000000000
93855  7.655  4.056  58.539 0.0000000000
70543  18.354  -13.048  50.942 0.0000000000
67876  7.195  -15.028  56.759 0.0000000000
67875  7.838  -14.422  56.281 0.0000000000
67832  5.397  -13.733  59.171 0.0000000000
67842  6.120  -14.285  58.598 0.0000000000
66418  5.464  -14.972  58.231 0.0000000000
66494  0.372  -15.437  53.269 0.0000000000
71835  -0.103  -11.604  50.264 0.0000000000
70553  -0.117  -12.515  50.053 0.0000000000
70573  0.120  -12.589  49.119 0.0000000000
71844  0.451  -11.804  48.478 0.0000000000
75923  0.119  -8.967  50.887 0.0000000000
75933  0.291  -9.161  49.948 0.0000000000
74532  0.866  -9.681  48.292 0.0000000000
75943  0.536  -9.413  49.079 0.0000000000
74545  0.857  -10.424  48.144 0.0000000000
73112  0.878  -11.116  47.928 0.0000000000
74559  1.528  -10.325  47.026 0.0000000000
75962  2.105  -9.062  46.480 0.0000000000
75977  2.067  -9.623  46.005 0.0000000000
75976  2.221  -9.154  45.622 0.0000000000
75994  1.990  -9.573  45.285 0.0000000000
84017  0.596  -2.145  53.418 0.0000000000
82667  0.843  -3.098  53.461 0.0000000000
82673  1.449  -3.285  52.790 0.0000000000
79930  2.669  -5.088  51.857 0.0000000000
79942  3.139  -5.550  50.932 0.0000000000
78497  2.891  -5.954  50.436 0.0000000000
79960  3.286  -5.858  50.339 0.0000000000
82689  5.860  -3.709  50.175 0.0000000000
81337  5.436  -4.186  50.795 0.0000000000
79957  6.526  -5.165  49.864 0.0000000000
78520  4.101  -6.309  48.976 0.0000000000
78532  3.580  -6.953  47.795 0.0000000000
77207  3.255  -7.304  47.213 0.0000000000
78545  3.731  -7.351  47.005 0.0000000000
77234  4.560  -7.983  45.464 0.0000000000
77256  2.981  -8.363  44.758 0.0000000000
77276  3.344  -8.188  43.972 0.0000000000
77291  6.426  -8.219  42.638 0.0000000000
78564  9.138  -6.147  45.026 0.0000000000
78565  8.655  -7.073  44.501 0.0000000000
78593  8.742  -7.109  42.477 0.0000000000
77289  8.030  -7.674  42.147 0.0000000000
91289  10.988  2.054  47.979 0.0000000000
89812  9.357  1.410  48.072 0.0000000000
89793  9.112  1.457  48.913 0.0000000000
89795  7.451  1.665  49.113 0.0000000000
89814  7.709  1.615  48.201 0.0000000000
91332  5.661  2.166  46.374 0.0000000000
91333  4.755  2.229  46.479 0.0000000000
89859  3.222  1.380  46.437 0.0000000000
91354  3.703  1.777  46.042 0.0000000000
91384  3.401  1.349  42.003 0.0000000000
91396  4.494  1.810  41.957 0.0000000000
91381  4.888  1.686  43.163 0.0000000000
91368  5.394  1.778  44.294 0.0000000000
91382  4.135  1.531  43.161 0.0000000000
84091  2.504  -2.028  42.910 0.0000000000
86911  2.720  -0.583  43.621 0.0000000000
85505  2.579  -1.341  43.804 0.0000000000
86904  2.586  -0.652  44.771 0.0000000000
82744  2.694  -2.735  43.875 0.0000000000
81398  3.032  -3.399  43.987 0.0000000000
81409  3.272  -3.773  43.182 0.0000000000
80038  4.002  -5.181  41.306 0.0000000000
80024  4.588  -4.863  42.053 0.0000000000
81446  5.952  -4.645  41.144 0.0000000000
81434  6.627  -4.144  41.917 0.0000000000
80081  3.918  -5.745  38.880 0.0000000000
81276  11.562  -4.376  55.078 0.0000000000
81277  10.906  -3.956  55.519 0.0000000000
82652  11.802  -3.959  55.304 0.0000000000
81258  12.881  -4.278  57.179 0.0000000000
81249  13.172  -4.314  58.556 0.0000000000
79899  13.724  -5.612  55.107 0.0000000000
78464  12.489  -5.668  54.894 0.0000000000
79900  13.033  -5.227  54.857 0.0000000000
79902  11.796  -4.835  54.757 0.0000000000
74620  2.224  -9.329  42.432 0.0000000000
76019  2.827  -8.737  42.603 0.0000000000
73043  1.965  -10.279  57.921 0.0000000000
73038  2.302  -9.979  58.583 0.0000000000
77106  2.492  -7.510  59.418 0.0000000000
73030  4.558  -10.401  60.529 0.0000000000
71775  4.172  -11.249  60.163 0.0000000000
71780  3.555  -11.358  59.652 0.0000000000
70462  2.858  -12.322  58.522 0.0000000000
79909  0.919  -5.057  53.662 0.0000000000
79921  1.277  -4.765  53.112 0.0000000000
82714  2.666  -2.960  47.415 0.0000000000
82712  4.097  -3.367  47.842 0.0000000000
82722  3.716  -3.534  47.069 0.0000000000
81365  4.381  -3.634  47.019 0.0000000000
81392  7.862  -4.107  45.427 0.0000000000
81385  5.955  -3.735  45.777 0.0000000000
81394  5.733  -3.797  44.708 0.0000000000
78404  6.656  -6.788  60.409 0.0000000000
79828  6.332  -5.917  60.271 0.0000000000
81235  7.379  -4.615  59.138 0.0000000000
83995  9.466  -2.624  57.307 0.0000000000
83974  10.680  -1.988  58.985 0.0000000000
85406  10.852  -1.984  59.431 0.0000000000
85399  10.831  -1.656  60.000 0.0000000000
83959  11.229  -1.872  60.445 0.0000000000
73058  18.424  -10.249  55.344 0.0000000000
71808  17.978  -11.468  54.479 0.0000000000
73070  18.216  -10.964  54.975 0.0000000000
73059  17.474  -10.308  55.298 0.0000000000
73060  16.520  -10.613  55.267 0.0000000000
77142  13.926  -7.863  55.847 0.0000000000
75886  14.206  -8.561  56.035 0.0000000000
73048  13.773  -9.949  56.278 0.0000000000
73049  13.347  -10.366  56.320 0.0000000000
74454  10.876  -9.750  58.270 0.0000000000
75855  10.387  -8.769  58.635 0.0000000000
78422  9.727  -6.604  58.002 0.0000000000
78409  9.341  -7.137  58.789 0.0000000000
78423  9.117  -6.404  58.462 0.0000000000
77104  8.254  -7.091  59.650 0.0000000000
91168  2.446  1.334  55.159 0.0000000000
89736  1.363  1.127  54.399 0.0000000000
91186  2.280  1.366  54.350 0.0000000000
91203  2.329  1.603  53.672 0.0000000000
91202  3.062  1.942  53.548 0.0000000000
91215  6.407  2.106  52.448 0.0000000000
89755  5.500  2.184  51.473 0.0000000000
91253  3.517  2.261  50.439 0.0000000000
91274  3.034  1.913  49.571 0.0000000000
91252  4.337  2.327  50.280 0.0000000000
91272  4.402  2.321  49.295 0.0000000000
91271  5.120  2.349  49.139 0.0000000000
74492  23.764  -9.695  52.657 0.0000000000
73055  21.306  -10.224  55.298 0.0000000000
75869  21.923  -8.589  56.710 0.0000000000
77116  21.658  -7.543  57.541 0.0000000000
79853  18.982  -5.671  58.599 0.0000000000
74459  1.452  -9.052  57.073 0.0000000000
74460  1.183  -8.887  56.576 0.0000000000
75865  1.228  -8.216  56.996 0.0000000000
77144  0.804  -7.390  56.000 0.0000000000
78448  0.894  -6.437  56.586 0.0000000000
81262  0.906  -4.523  57.010 0.0000000000
81219  5.199  -4.715  60.281 0.0000000000
81220  4.242  -4.877  60.356 0.0000000000
82606  4.621  -4.104  60.223 0.0000000000
82621  4.380  -3.362  60.039 0.0000000000
88223  5.597  0.393  58.944 0.0000000000
86821  5.118  -0.516  59.216 0.0000000000
86824  2.658  -1.109  58.801 0.0000000000
85424  1.692  -1.604  58.283 0.0000000000
86833  2.817  -0.125  58.380 0.0000000000
88237  1.876  -0.049  57.758 0.0000000000
88249  2.001  0.511  57.356 0.0000000000
89682  3.172  0.807  57.674 0.0000000000
70525  16.477  -12.658  51.638 0.0000000000
69191  8.329  -13.044  58.063 0.0000000000
69192  7.801  -13.406  58.140 0.0000000000
67840  7.487  -14.115  57.632 0.0000000000
67858  7.044  -14.715  57.485 0.0000000000
66428  4.912  -15.488  57.814 0.0000000000
66457  1.810  -15.369  55.880 0.0000000000
66458  1.283  -15.329  55.179 0.0000000000
66476  0.729  -15.358  54.244 0.0000000000
66477  0.432  -14.802  53.796 0.0000000000
70514  -0.151  -12.105  51.689 0.0000000000
71832  -0.144  -11.456  51.133 0.0000000000
73085  -0.057  -10.729  50.465 0.0000000000
75922  0.589  -8.257  50.158 0.0000000000
75942  0.907  -8.906  48.396 0.0000000000
75952  1.344  -9.241  47.742 0.0000000000
75951  1.759  -8.842  47.253 0.0000000000
77222  2.110  -8.566  46.853 0.0000000000
77221  2.474  -8.131  46.765 0.0000000000
84020  1.382  -2.404  52.445 0.0000000000
82679  2.083  -2.882  52.070 0.0000000000
81315  3.121  -4.246  51.786 0.0000000000
79928  3.938  -4.585  51.489 0.0000000000
79983  7.331  -5.722  48.466 0.0000000000
79973  6.091  -5.845  49.564 0.0000000000
78518  6.608  -6.132  48.726 0.0000000000
78544  4.570  -7.270  47.133 0.0000000000
77254  4.848  -8.164  44.494 0.0000000000
77233  5.616  -8.037  45.291 0.0000000000
77252  6.928  -8.144  44.175 0.0000000000
89855  10.091  1.544  46.311 0.0000000000
89835  8.836  1.394  47.257 0.0000000000
89836  7.991  1.542  47.286 0.0000000000
89858  7.473  1.658  46.354 0.0000000000
91351  5.991  1.918  45.333 0.0000000000
89931  2.777  1.053  41.327 0.0000000000
89919  3.080  0.730  42.292 0.0000000000
89918  3.501  0.923  43.044 0.0000000000
86919  2.616  -0.506  42.417 0.0000000000
84097  2.317  -2.042  41.942 0.0000000000
81426  2.611  -3.075  42.317 0.0000000000
81424  3.048  -3.786  42.473 0.0000000000
80027  2.871  -4.110  41.759 0.0000000000
80039  3.250  -4.901  41.231 0.0000000000
80051  4.305  -5.433  40.487 0.0000000000
82648  9.975  -3.259  56.513 0.0000000000
82654  11.026  -3.553  55.786 0.0000000000
83993  10.925  -2.893  57.005 0.0000000000
77139  17.228  -7.553  55.502 0.0000000000
77133  12.055  -7.400  56.521 0.0000000000
77120  11.832  -8.046  57.155 0.0000000000
78435  11.495  -7.233  56.774 0.0000000000
78436  10.851  -6.721  56.831 0.0000000000
78447  10.822  -6.156  56.172 0.0000000000
92581  7.130  3.983  55.288 0.0000000000
92595  6.232  3.127  54.898 0.0000000000
92594  7.422  3.723  54.653 0.0000000000
92593  8.025  3.919  54.211 0.0000000000
92608  7.497  3.095  53.738 0.0000000000
95174  9.596  4.789  53.820 0.0000000000
92606  8.981  3.890  53.198 0.0000000000
91197  7.851  2.815  53.027 0.0000000000
91213  8.166  2.431  52.286 0.0000000000
91231  8.452  2.112  51.513 0.0000000000
70474  1.365  -12.209  55.908 0.0000000000
75864  1.575  -8.276  57.624 0.0000000000
86832  7.624  -0.979  58.719 0.0000000000
85409  6.633  -1.401  59.067 0.0000000000
86819  7.017  -0.269  58.934 0.0000000000
88221  7.363  0.663  59.046 0.0000000000
89671  8.957  1.357  60.204 0.0000000000
88222  6.473  0.510  58.931 0.0000000000
89674  6.856  1.387  58.826 0.0000000000
91138  7.174  2.236  58.817 0.0000000000
92560  6.987  2.688  58.372 0.0000000000
92558  7.945  3.369  59.392 0.0000000000
71772  6.817  -11.600  60.249 0.0000000000
70450  6.657  -12.372  59.794 0.0000000000
70440  6.100  -12.005  60.162 0.0000000000
70451  5.574  -12.635  59.839 0.0000000000
69179  4.906  -13.408  59.335 0.0000000000
69180  4.119  -12.947  59.336 0.0000000000
69196  4.109  -13.669  59.008 0.0000000000
67844  4.167  -14.334  58.568 0.0000000000
67860  3.898  -14.693  58.218 0.0000000000
65101  3.077  -15.975  56.873 0.0000000000
66442  2.780  -15.678  56.773 0.0000000000
66431  2.461  -14.763  57.028 0.0000000000
67877  2.025  -14.218  56.765 0.0000000000
67878  1.755  -13.699  56.398 0.0000000000
75898  0.124  -8.904  52.791 0.0000000000
75897  0.430  -8.048  52.248 0.0000000000
77180  1.128  -7.205  50.430 0.0000000000
77179  1.732  -6.772  50.054 0.0000000000
85459  2.165  -1.387  50.260 0.0000000000
82683  3.127  -2.735  50.899 0.0000000000
84028  3.412  -2.644  50.155 0.0000000000
82691  4.085  -2.892  49.802 0.0000000000
81351  6.341  -3.776  49.324 0.0000000000
82711  5.014  -3.320  48.451 0.0000000000
81362  7.042  -4.121  48.440 0.0000000000
81361  7.410  -4.781  48.584 0.0000000000
79982  7.633  -5.359  48.191 0.0000000000
78541  8.315  -6.202  46.946 0.0000000000
78551  8.872  -5.964  46.051 0.0000000000
80010  9.193  -5.151  44.300 0.0000000000
81403  8.643  -4.420  44.800 0.0000000000
81432  8.618  -4.324  42.193 0.0000000000
84120  2.079  -2.137  39.565 0.0000000000
82778  2.036  -3.064  39.235 0.0000000000
80067  2.386  -4.555  39.533 0.0000000000
80084  2.163  -4.428  38.628 0.0000000000
80114  3.269  -5.337  35.715 0.0000000000
75848  3.206  -8.449  60.091 0.0000000000
77100  4.379  -7.565  60.691 0.0000000000
81251  7.881  -3.998  58.530 0.0000000000
83996  8.792  -2.585  57.618 0.0000000000
82632  7.840  -3.193  58.370 0.0000000000
83988  7.561  -2.527  58.502 0.0000000000
85423  7.359  -1.803  58.711 0.0000000000
86831  8.583  -0.783  58.610 0.0000000000
86817  9.233  -0.253  59.244 0.0000000000
86807  9.949  -0.187  60.182 0.0000000000
85400  10.346  -1.007  60.076 0.0000000000
70504  19.452  -12.386  52.541 0.0000000000
70522  19.372  -12.704  51.719 0.0000000000
70505  18.537  -12.472  52.524 0.0000000000
70506  17.570  -12.488  52.594 0.0000000000
71821  17.872  -11.959  53.962 0.0000000000
70507  16.565  -12.479  52.603 0.0000000000
70496  14.680  -12.305  53.438 0.0000000000
71798  15.974  -11.002  55.157 0.0000000000
74481  14.793  -9.593  56.012 0.0000000000
73061  15.370  -10.351  55.600 0.0000000000
71810  15.724  -11.425  54.778 0.0000000000
70481  15.630  -11.879  54.256 0.0000000000
71801  12.728  -11.635  55.625 0.0000000000
71789  10.010  -11.619  57.909 0.0000000000
71784  9.000  -11.871  58.765 0.0000000000
71777  8.607  -11.580  59.316 0.0000000000
71771  7.879  -11.351  60.048 0.0000000000
77102  9.576  -7.880  59.086 0.0000000000
75850  9.504  -8.793  59.398 0.0000000000
75842  9.139  -9.333  59.796 0.0000000000
74442  8.919  -9.979  59.948 0.0000000000
73028  6.440  -10.514  60.737 0.0000000000
73029  5.499  -10.308  60.774 0.0000000000
77092  6.759  -8.259  60.807 0.0000000000
74440  5.532  -9.387  60.914 0.0000000000
74446  4.938  -9.735  60.755 0.0000000000
74441  4.935  -9.119  60.805 0.0000000000
74447  4.273  -9.429  60.587 0.0000000000
85436  0.241  -1.932  55.515 0.0000000000
85439  0.170  -1.634  54.836 0.0000000000
86854  0.096  -0.800  53.555 0.0000000000
85447  0.416  -1.474  53.197 0.0000000000
85451  0.631  -1.265  52.534 0.0000000000
85456  1.186  -1.239  51.606 0.0000000000
86865  1.178  -0.525  51.131 0.0000000000
91182  5.698  2.571  54.198 0.0000000000
91201  3.958  2.229  53.463 0.0000000000
91219  2.390  1.896  52.768 0.0000000000
91217  4.158  2.345  52.385 0.0000000000
91218  3.211  2.183  52.562 0.0000000000
91237  1.811  1.679  52.032 0.0000000000
91256  1.372  1.287  51.447 0.0000000000
85460  1.735  -1.061  50.702 0.0000000000
86867  1.799  -0.605  50.280 0.0000000000
85472  2.338  -1.401  48.669 0.0000000000
91275  2.490  1.545  49.722 0.0000000000
89817  2.234  0.450  48.856 0.0000000000
86876  2.252  -0.961  48.430 0.0000000000
86883  2.146  -0.852  47.710 0.0000000000
85486  1.926  -1.485  46.780 0.0000000000
86891  2.047  -0.723  46.785 0.0000000000
79869  15.028  -5.324  57.388 0.0000000000
81256  14.429  -5.093  57.853 0.0000000000
81231  15.902  -5.071  59.390 0.0000000000
81214  16.508  -4.315  60.350 0.0000000000
70520  21.163  -12.089  51.976 0.0000000000
78459  26.289  -5.935  55.337 0.0000000000
74491  24.250  -9.015  53.229 0.0000000000
74484  23.298  -9.694  54.786 0.0000000000
73079  23.085  -10.564  53.103 0.0000000000
71825  22.182  -11.267  53.017 0.0000000000
71826  21.360  -11.751  52.675 0.0000000000
70502  20.939  -12.006  52.539 0.0000000000
70490  20.003  -12.018  53.311 0.0000000000
73056  20.410  -10.350  55.349 0.0000000000
73057  19.404  -10.295  55.401 0.0000000000
75881  18.981  -8.495  56.071 0.0000000000
77137  18.871  -7.671  56.263 0.0000000000
78430  22.266  -6.912  58.092 0.0000000000
77117  20.766  -7.292  57.500 0.0000000000
78431  21.313  -6.856  58.075 0.0000000000
77129  19.385  -7.353  56.738 0.0000000000
77130  18.616  -7.111  56.416 0.0000000000
77138  18.162  -7.482  55.940 0.0000000000
78443  17.944  -6.495  56.520 0.0000000000
79878  17.177  -6.010  56.784 0.0000000000
79854  18.011  -5.633  58.480 0.0000000000
79867  16.747  -5.672  57.442 0.0000000000
79868  15.899  -5.500  57.334 0.0000000000
69232  -0.010  -13.210  52.933 0.0000000000
70501  -0.092  -12.210  52.443 0.0000000000
71823  -0.047  -11.288  52.787 0.0000000000
73078  -0.031  -10.417  53.004 0.0000000000
71803  0.768  -11.175  54.932 0.0000000000
74470  0.935  -9.322  55.965 0.0000000000
73064  0.582  -10.311  54.713 0.0000000000
73073  0.317  -10.323  54.096 0.0000000000
74487  0.189  -9.690  53.843 0.0000000000
75895  0.215  -9.037  53.609 0.0000000000
77105  2.949  -7.539  59.996 0.0000000000
78412  2.785  -6.648  59.831 0.0000000000
78413  2.328  -6.601  59.311 0.0000000000
79845  2.194  -5.664  59.238 0.0000000000
79861  1.764  -5.605  58.603 0.0000000000
83978  4.009  -2.466  59.746 0.0000000000
82623  2.354  -3.579  59.280 0.0000000000
82624  1.884  -4.123  58.884 0.0000000000
81252  1.662  -4.680  58.479 0.0000000000
81261  1.262  -4.559  57.810 0.0000000000
82641  1.092  -3.563  57.615 0.0000000000
82642  0.776  -3.564  56.781 0.0000000000
83998  0.612  -2.659  56.515 0.0000000000
84004  0.423  -2.664  55.726 0.0000000000
88264  0.918  0.684  55.576 0.0000000000
89695  1.842  0.818  56.805 0.0000000000
89709  2.098  1.138  56.037 0.0000000000
89723  1.995  1.170  55.422 0.0000000000
91166  4.503  2.272  55.470 0.0000000000
92583  5.509  2.968  55.700 0.0000000000
92564  7.041  3.188  58.246 0.0000000000
93868  6.478  3.665  57.332 0.0000000000
93860  7.402  4.416  57.629 0.0000000000
93867  6.812  4.145  57.238 0.0000000000
93866  7.265  4.561  56.890 0.0000000000
93881  6.964  4.264  55.984 0.0000000000
93872  7.996  4.684  55.877 0.0000000000
70542  19.229  -13.059  51.011 0.0000000000
69260  18.394  -13.300  50.124 0.0000000000
70544  17.412  -12.960  50.718 0.0000000000
69194  6.297  -13.690  59.002 0.0000000000
66426  6.527  -15.361  57.210 0.0000000000
66440  6.613  -15.745  56.430 0.0000000000
69251  -0.173  -13.378  50.779 0.0000000000
74498  -0.034  -9.752  51.579 0.0000000000
74508  0.012  -9.863  50.667 0.0000000000
73091  0.065  -10.868  49.549 0.0000000000
73099  0.413  -11.013  48.683 0.0000000000
71855  0.872  -11.834  47.702 0.0000000000
74575  1.789  -10.198  46.354 0.0000000000
74602  1.690  -9.700  44.076 0.0000000000
81306  1.211  -4.369  53.199 0.0000000000
79920  1.811  -5.034  52.506 0.0000000000
78510  2.204  -6.624  49.625 0.0000000000
82682  3.908  -3.288  50.920 0.0000000000
81323  4.821  -4.351  51.274 0.0000000000
79941  4.284  -4.934  51.100 0.0000000000
79974  4.909  -5.963  49.651 0.0000000000
79959  4.035  -5.748  50.207 0.0000000000
78508  3.860  -6.030  49.632 0.0000000000
78521  2.739  -6.698  48.705 0.0000000000
77208  2.634  -7.374  47.537 0.0000000000
77236  2.835  -8.324  45.858 0.0000000000
77257  2.450  -8.744  45.235 0.0000000000
76008  2.009  -9.064  43.822 0.0000000000
76007  2.681  -8.572  43.684 0.0000000000
76006  3.293  -8.252  43.240 0.0000000000
77272  7.134  -8.107  43.262 0.0000000000
93904  10.701  4.181  51.395 0.0000000000
91229  9.938  2.811  50.994 0.0000000000
89764  8.712  1.802  50.686 0.0000000000
91269  9.697  1.843  49.513 0.0000000000
89777  8.932  1.576  49.797 0.0000000000
89778  8.071  1.536  49.946 0.0000000000
89796  6.608  1.982  49.148 0.0000000000
91291  5.232  2.402  48.277 0.0000000000
91312  6.297  2.114  47.316 0.0000000000
91313  5.421  2.337  47.356 0.0000000000
91315  3.856  2.208  47.535 0.0000000000
91336  3.131  1.562  47.058 0.0000000000
88337  2.582  0.506  46.441 0.0000000000
85493  2.189  -1.411  45.844 0.0000000000
89902  3.909  1.653  44.969 0.0000000000
88364  3.352  0.704  43.939 0.0000000000
89904  3.509  1.051  44.580 0.0000000000
89881  3.744  1.648  45.461 0.0000000000
88345  2.844  0.566  45.693 0.0000000000
85499  2.443  -1.372  44.858 0.0000000000
82741  2.550  -2.670  44.954 0.0000000000
82740  2.781  -3.149  44.930 0.0000000000
81396  3.830  -3.882  44.357 0.0000000000
81406  5.402  -3.989  43.678 0.0000000000
80011  3.845  -4.475  42.894 0.0000000000
81422  5.047  -4.440  42.799 0.0000000000
81421  6.103  -3.972  42.811 0.0000000000
81433  7.601  -4.090  41.809 0.0000000000
81444  8.039  -4.213  41.091 0.0000000000
80066  2.893  -5.185  39.542 0.0000000000
80065  3.652  -5.544  39.645 0.0000000000
80049  6.291  -4.792  40.325 0.0000000000
81455  7.335  -4.482  40.264 0.0000000000
65098  5.170  -15.877  57.375 0.0000000000
66420  4.144  -14.805  58.242 0.0000000000
67831  5.758  -13.898  59.052 0.0000000000
67857  7.623  -14.375  57.066 0.0000000000
69193  6.896  -13.662  58.643 0.0000000000
69195  4.538  -13.961  58.990 0.0000000000
69206  8.471  -13.208  57.615 0.0000000000
69207  8.061  -13.813  57.318 0.0000000000
70439  6.519  -12.012  60.100 0.0000000000
70460  8.688  -12.441  58.361 0.0000000000
70461  7.928  -12.894  58.629 0.0000000000
70463  2.463  -11.991  58.031 0.0000000000
70465  9.820  -12.041  57.590 0.0000000000
70475  12.469  -11.964  55.401 0.0000000000
70503  20.348  -12.138  52.710 0.0000000000
70619  0.865  -12.574  47.516 0.0000000000
71770  8.314  -11.254  59.831 0.0000000000
71778  7.470  -11.943  59.822 0.0000000000
71783  9.597  -11.462  58.467 0.0000000000
71791  13.327  -10.785  56.156 0.0000000000
71799  14.986  -10.972  55.406 0.0000000000
71802  12.063  -11.627  56.036 0.0000000000
71804  21.152  -11.213  54.078 0.0000000000
71818  20.527  -11.751  53.426 0.0000000000
71824  22.706  -11.001  52.923 0.0000000000
71830  22.120  -11.557  51.935 0.0000000000
71831  21.587  -11.813  52.077 0.0000000000
73023  6.086  -10.005  60.914 0.0000000000
73024  5.834  -9.790  60.929 0.0000000000
73025  8.924  -10.597  59.734 0.0000000000
73033  9.919  -10.385  58.977 0.0000000000
73036  3.203  -10.721  59.563 0.0000000000
73063  13.792  -10.576  56.057 0.0000000000
73069  19.167  -10.946  54.920 0.0000000000
73072  16.858  -11.082  55.032 0.0000000000
73076  22.287  -10.882  53.784 0.0000000000
74438  6.723  -9.231  60.893 0.0000000000
74445  6.439  -9.911  60.884 0.0000000000
74450  9.918  -9.874  59.137 0.0000000000
74464  20.762  -9.141  56.230 0.0000000000
74467  13.449  -9.529  56.464 0.0000000000
74474  21.425  -9.698  55.784 0.0000000000
74490  0.049  -9.665  53.229 0.0000000000
75839  6.690  -8.749  60.876 0.0000000000
75840  6.005  -8.730  61.004 0.0000000000
75845  6.979  -8.377  60.777 0.0000000000
75861  21.543  -8.127  57.072 0.0000000000
75866  24.291  -8.255  56.260 0.0000000000
75873  14.329  -9.014  56.116 0.0000000000
75874  13.670  -8.706  56.276 0.0000000000
75891  0.292  -9.232  54.061 0.0000000000
77093  6.403  -8.187  60.840 0.0000000000
77118  20.029  -7.069  57.337 0.0000000000
77128  20.316  -7.757  56.993 0.0000000000
77198  2.455  -6.993  48.143 0.0000000000
77210  1.385  -8.625  47.874 0.0000000000
78449  26.344  -5.960  56.019 0.0000000000
78457  11.817  -5.896  55.222 0.0000000000
78517  7.128  -5.884  48.579 0.0000000000
78528  8.004  -5.772  47.621 0.0000000000
78688  3.220  -5.595  36.977 0.0000000000
78689  2.875  -5.306  37.233 0.0000000000
78702  3.347  -5.586  36.255 0.0000000000
78716  3.573  -5.713  35.572 0.0000000000
79857  15.554  -5.354  58.042 0.0000000000
79870  14.347  -5.117  57.149 0.0000000000
79898  14.325  -5.807  55.221 0.0000000000
79901  12.316  -5.047  54.648 0.0000000000
79940  5.069  -4.721  51.037 0.0000000000
79971  7.404  -5.127  48.721 0.0000000000
79972  7.086  -5.418  49.059 0.0000000000
79990  8.599  -5.612  46.765 0.0000000000
79996  8.705  -5.245  46.337 0.0000000000
79997  8.448  -4.896  46.604 0.0000000000
80012  3.448  -4.304  42.633 0.0000000000
80013  3.169  -4.106  42.344 0.0000000000
80026  3.152  -4.499  41.875 0.0000000000
80028  2.696  -3.926  41.502 0.0000000000
80037  4.967  -5.071  41.258 0.0000000000
80040  2.820  -4.509  41.124 0.0000000000
80052  3.416  -5.256  40.449 0.0000000000
80054  2.563  -4.386  40.420 0.0000000000
80068  2.164  -4.204  39.159 0.0000000000
80083  2.537  -5.035  38.462 0.0000000000
80097  2.592  -5.043  37.598 0.0000000000
80106  2.678  -5.058  36.961 0.0000000000
80107  2.420  -4.777  37.261 0.0000000000
80115  2.828  -5.058  36.219 0.0000000000
81222  2.941  -5.301  59.983 0.0000000000
81238  3.230  -4.377  60.006 0.0000000000
81247  15.036  -5.170  58.525 0.0000000000
81272  26.812  -4.740  55.040 0.0000000000
81273  13.657  -4.925  55.643 0.0000000000
81281  12.572  -4.701  54.856 0.0000000000
81282  12.057  -4.579  54.768 0.0000000000
81283  11.809  -4.591  54.827 0.0000000000
81293  1.191  -4.030  53.239 0.0000000000
81314  3.682  -4.336  51.634 0.0000000000
81324  4.212  -4.124  51.503 0.0000000000
81335  6.782  -4.806  49.787 0.0000000000
81336  6.342  -4.457  50.116 0.0000000000
81349  7.362  -4.982  48.994 0.0000000000
81350  7.027  -4.622  49.304 0.0000000000
81375  5.069  -3.713  46.471 0.0000000000
81383  7.982  -4.470  46.567 0.0000000000
81387  3.974  -3.811  45.257 0.0000000000
81397  3.259  -3.591  44.334 0.0000000000
81408  3.656  -4.036  43.461 0.0000000000
81410  2.962  -3.356  43.230 0.0000000000
81411  2.780  -3.093  42.878 0.0000000000
81423  4.283  -4.649  42.695 0.0000000000
81425  2.771  -3.566  42.082 0.0000000000
81436  2.534  -3.750  41.225 0.0000000000
81447  2.431  -3.984  40.514 0.0000000000
81462  2.018  -3.850  38.846 0.0000000000
82639  9.448  -3.415  56.931 0.0000000000
82653  11.423  -3.783  55.567 0.0000000000
82666  1.180  -3.753  53.208 0.0000000000
82681  4.727  -3.787  51.066 0.0000000000
82700  5.618  -3.353  49.695 0.0000000000
82702  4.151  -3.065  48.851 0.0000000000
82704  2.839  -2.895  48.053 0.0000000000
82710  5.632  -3.389  49.015 0.0000000000
82713  3.219  -3.248  47.583 0.0000000000
82724  2.491  -3.029  46.598 0.0000000000
82732  2.914  -3.386  45.884 0.0000000000
82733  2.576  -3.087  45.815 0.0000000000
82739  2.949  -3.365  45.238 0.0000000000
82743  2.817  -3.086  44.211 0.0000000000
82757  2.434  -2.666  42.155 0.0000000000
82764  2.251  -2.748  41.264 0.0000000000
82771  2.112  -2.788  40.240 0.0000000000
82786  1.979  -3.201  38.380 0.0000000000
83986  10.544  -2.126  58.414 0.0000000000
83994  10.259  -2.454  57.444 0.0000000000
84002  10.389  -2.961  56.696 0.0000000000
84007  0.324  -2.570  54.947 0.0000000000
84021  0.808  -1.970  52.780 0.0000000000
84029  2.798  -2.201  50.325 0.0000000000
84036  3.472  -2.740  49.600 0.0000000000
84037  3.008  -2.507  49.243 0.0000000000
84039  2.398  -1.483  49.520 0.0000000000
84048  2.880  -2.691  48.493 0.0000000000
84057  2.213  -1.997  47.949 0.0000000000
84063  2.244  -2.666  46.756 0.0000000000
84064  2.038  -2.284  46.819 0.0000000000
84071  2.186  -2.126  45.856 0.0000000000
84085  2.578  -2.047  43.898 0.0000000000
85392  10.451  -0.688  60.523 0.0000000000
85443  0.125  -0.914  53.680 0.0000000000
85448  0.181  -1.048  53.457 0.0000000000
85452  0.277  -1.065  53.056 0.0000000000
85455  1.797  -1.447  51.001 0.0000000000
85463  2.357  -1.470  49.781 0.0000000000
85464  2.292  -1.250  49.738 0.0000000000
85479  2.081  -1.513  47.715 0.0000000000
85513  2.518  -1.309  42.717 0.0000000000
86823  3.193  -0.586  58.832 0.0000000000
86853  0.134  -0.483  53.752 0.0000000000
86858  0.202  -0.266  52.961 0.0000000000
86859  0.132  -0.741  53.272 0.0000000000
86897  2.324  -0.676  45.815 0.0000000000
86938  2.315  -0.385  40.375 0.0000000000
88236  2.560  0.316  57.885 0.0000000000
88251  0.743  -0.453  56.872 0.0000000000
88289  0.508  0.358  52.471 0.0000000000
88309  1.880  -0.212  49.841 0.0000000000
88320  2.148  -0.276  48.846 0.0000000000
88338  2.301  0.060  46.791 0.0000000000
88355  3.147  0.610  44.684 0.0000000000
88373  2.720  0.279  41.917 0.0000000000
89676  5.258  1.085  58.416 0.0000000000
89693  3.464  1.198  57.246 0.0000000000
89710  1.481  0.784  56.301 0.0000000000
89724  1.420  1.000  55.402 0.0000000000
89737  0.856  0.791  54.831 0.0000000000
89745  1.302  1.258  53.559 0.0000000000
89746  0.813  0.903  53.940 0.0000000000
89754  5.973  2.021  51.649 0.0000000000
89767  6.247  1.978  51.001 0.0000000000
89780  6.199  2.025  50.077 0.0000000000
89781  5.855  2.105  50.567 0.0000000000
89792  9.777  1.627  48.735 0.0000000000
89811  10.185  1.587  48.058 0.0000000000
89816  2.480  1.044  48.797 0.0000000000
89837  7.153  1.811  47.300 0.0000000000
89838  2.692  1.097  47.809 0.0000000000
89856  9.202  1.442  46.372 0.0000000000
89857  8.338  1.498  46.382 0.0000000000
89860  2.841  1.106  46.754 0.0000000000
89882  3.530  1.436  45.727 0.0000000000
89883  3.193  1.036  45.696 0.0000000000
89903  3.748  1.422  44.855 0.0000000000
89917  3.802  1.265  43.784 0.0000000000
89930  2.946  0.979  42.005 0.0000000000
91139  6.541  2.017  58.335 0.0000000000
91144  5.385  1.896  57.759 0.0000000000
91148  4.076  1.720  57.042 0.0000000000
91156  3.801  1.870  56.176 0.0000000000
91169  1.957  1.177  55.153 0.0000000000
91185  2.873  1.639  54.395 0.0000000000
91187  1.898  1.207  54.715 0.0000000000
91220  1.640  1.503  53.050 0.0000000000
91230  9.223  2.382  51.288 0.0000000000
91233  5.053  2.299  51.062 0.0000000000
91238  1.253  1.370  52.390 0.0000000000
91249  9.512  2.076  50.435 0.0000000000
91270  5.810  2.235  49.100 0.0000000000
91290  6.051  2.214  48.250 0.0000000000
91293  3.766  2.179  48.456 0.0000000000
91316  3.365  1.859  47.663 0.0000000000
91334  3.994  2.118  46.640 0.0000000000
91335  3.469  1.777  46.732 0.0000000000
91352  5.004  2.015  45.432 0.0000000000
91369  4.404  1.724  44.447 0.0000000000
92565  6.530  2.874  57.947 0.0000000000
92570  6.167  3.153  57.448 0.0000000000
92576  6.090  3.509  56.672 0.0000000000
92607  8.407  3.685  53.603 0.0000000000
92619  9.840  3.870  52.207 0.0000000000
92621  8.559  3.064  52.736 0.0000000000
93856  7.262  3.525  58.346 0.0000000000
93862  6.548  3.345  57.635 0.0000000000
93873  7.309  4.528  56.211 0.0000000000
93874  6.685  4.165  56.517 0.0000000000
93875  6.449  3.948  56.974 0.0000000000
93880  7.414  4.257  55.483 0.0000000000
93885  9.022  4.536  54.169 0.0000000000
93887  7.817  4.208  54.927 0.0000000000
93892  9.213  4.227  53.419 0.0000000000
93899  9.646  4.239  52.873 0.0000000000
95145  8.038  4.894  57.978 0.0000000000
95162  8.766  4.858  55.447 0.0000000000
95169  8.791  4.590  54.802 0.0000000000
