#!ascii label  , from subject colin27 vox2ras=TkReg
340
23228  47.808  -50.708  -3.582 0.0000000000
16481  40.248  -56.723  -11.607 0.0000000000
17331  43.395  -55.454  -0.318 0.0000000000
16371  38.002  -56.351  -2.224 0.0000000000
11924  40.009  -61.557  -6.745 0.0000000000
12756  39.118  -60.989  -2.795 0.0000000000
9429  39.674  -64.669  -5.870 0.0000000000
16390  39.087  -56.513  -5.987 0.0000000000
19594  37.075  -53.534  -4.347 0.0000000000
21919  44.996  -51.563  -0.193 0.0000000000
16356  40.282  -56.463  -1.306 0.0000000000
13651  37.964  -59.429  -4.381 0.0000000000
15498  41.272  -57.109  -7.300 0.0000000000
14616  44.057  -58.619  -9.336 0.0000000000
25644  54.583  -48.227  -7.577 0.0000000000
23207  51.563  -51.104  -3.070 0.0000000000
21914  49.524  -52.453  -0.604 0.0000000000
21941  38.704  -51.288  -1.748 0.0000000000
10223  39.890  -62.851  -2.752 0.0000000000
16446  39.066  -56.430  -9.281 0.0000000000
17457  38.182  -55.509  -8.026 0.0000000000
20697  43.792  -53.017  0.615 0.0000000000
17332  42.353  -55.423  -0.671 0.0000000000
11916  38.821  -62.228  -5.561 0.0000000000
12767  38.267  -60.550  -4.221 0.0000000000
12785  39.390  -60.496  -6.499 0.0000000000
14577  40.333  -58.302  -6.559 0.0000000000
13681  40.924  -59.291  -6.762 0.0000000000
14639  43.887  -58.932  -11.074 0.0000000000
24422  54.110  -50.171  -3.038 0.0000000000
21930  50.673  -52.076  -1.792 0.0000000000
21928  52.980  -51.535  -1.502 0.0000000000
18395  39.853  -54.517  -0.894 0.0000000000
19548  38.446  -53.316  -1.401 0.0000000000
20775  36.618  -52.564  -6.035 0.0000000000
21976  37.009  -51.637  -4.409 0.0000000000
15444  42.548  -57.366  -1.741 0.0000000000
14533  41.261  -58.650  -2.175 0.0000000000
12737  40.853  -60.619  -2.351 0.0000000000
10252  38.799  -62.952  -4.009 0.0000000000
10273  40.187  -63.620  -6.466 0.0000000000
15472  37.595  -57.129  -4.252 0.0000000000
17364  37.469  -55.326  -3.270 0.0000000000
18448  37.758  -54.840  -5.660 0.0000000000
18483  37.181  -54.485  -7.402 0.0000000000
17536  41.155  -55.353  -12.399 0.0000000000
23191  46.604  -51.101  -1.722 0.0000000000
18383  40.896  -54.428  -0.735 0.0000000000
16357  39.315  -56.496  -1.484 0.0000000000
14534  40.217  -58.790  -2.108 0.0000000000
14536  38.489  -58.634  -2.654 0.0000000000
15465  37.681  -57.605  -3.186 0.0000000000
14565  38.277  -58.055  -5.626 0.0000000000
16419  40.147  -56.487  -7.357 0.0000000000
15515  40.723  -57.315  -9.530 0.0000000000
13698  43.077  -58.887  -7.358 0.0000000000
14607  42.985  -58.021  -8.444 0.0000000000
15525  41.791  -58.015  -10.297 0.0000000000
15551  41.443  -57.321  -12.090 0.0000000000
24493  52.628  -49.643  -7.215 0.0000000000
24458  52.040  -49.941  -4.990 0.0000000000
24444  53.516  -49.652  -4.720 0.0000000000
21958  50.471  -51.061  -3.335 0.0000000000
21950  48.839  -51.609  -2.200 0.0000000000
21917  46.965  -51.706  -0.393 0.0000000000
20695  45.868  -52.383  1.035 0.0000000000
20693  47.978  -52.395  1.023 0.0000000000
18367  44.591  -54.602  0.879 0.0000000000
20734  37.191  -52.435  -2.990 0.0000000000
23247  49.621  -50.608  -4.545 0.0000000000
23248  48.568  -50.674  -4.493 0.0000000000
16462  39.314  -56.637  -10.531 0.0000000000
16463  38.753  -56.352  -10.093 0.0000000000
19523  43.996  -53.635  0.874 0.0000000000
18381  42.853  -54.481  -0.092 0.0000000000
16354  42.172  -56.494  -1.250 0.0000000000
11925  39.011  -61.621  -6.045 0.0000000000
13682  39.826  -59.382  -6.581 0.0000000000
12784  40.470  -60.433  -6.876 0.0000000000
14651  44.694  -58.735  -12.252 0.0000000000
23205  53.094  -51.082  -2.474 0.0000000000
17351  38.294  -55.318  -1.726 0.0000000000
18396  38.783  -54.398  -1.277 0.0000000000
22012  36.932  -51.538  -6.658 0.0000000000
13621  41.544  -59.721  -2.350 0.0000000000
9408  39.212  -64.720  -4.600 0.0000000000
10237  39.257  -63.204  -3.402 0.0000000000
10262  39.021  -63.756  -5.151 0.0000000000
10274  39.570  -64.079  -5.869 0.0000000000
16382  38.134  -56.412  -5.293 0.0000000000
17381  37.862  -55.554  -5.088 0.0000000000
17397  38.485  -55.528  -5.948 0.0000000000
18497  37.552  -54.996  -7.887 0.0000000000
18498  36.968  -54.606  -8.371 0.0000000000
19646  36.696  -54.033  -7.712 0.0000000000
21935  45.998  -51.243  -0.980 0.0000000000
23185  44.992  -50.925  -0.962 0.0000000000
23184  45.574  -51.204  -0.807 0.0000000000
17349  39.961  -55.607  -1.082 0.0000000000
13622  40.545  -59.670  -2.316 0.0000000000
15455  40.693  -58.026  -1.912 0.0000000000
13623  39.631  -59.627  -2.406 0.0000000000
12775  38.231  -60.402  -5.131 0.0000000000
13639  38.273  -59.571  -3.441 0.0000000000
14547  37.853  -58.436  -3.457 0.0000000000
14555  37.742  -58.145  -4.519 0.0000000000
13664  38.195  -59.266  -5.448 0.0000000000
15486  40.729  -57.503  -6.760 0.0000000000
15487  40.007  -57.154  -6.513 0.0000000000
15499  40.629  -56.873  -6.990 0.0000000000
16433  40.250  -56.725  -8.413 0.0000000000
15508  41.190  -57.128  -8.471 0.0000000000
11975  45.775  -60.899  -10.907 0.0000000000
14626  44.920  -59.371  -10.124 0.0000000000
13723  44.905  -59.684  -9.634 0.0000000000
13710  44.553  -59.517  -8.887 0.0000000000
13697  43.612  -59.153  -7.727 0.0000000000
14590  43.269  -58.467  -7.840 0.0000000000
14617  43.276  -58.280  -9.296 0.0000000000
14652  43.317  -58.446  -11.955 0.0000000000
15524  42.681  -58.340  -10.187 0.0000000000
15536  42.163  -58.306  -11.185 0.0000000000
15537  41.218  -57.697  -11.424 0.0000000000
15550  42.275  -57.690  -12.244 0.0000000000
24491  53.928  -48.681  -8.122 0.0000000000
24472  53.291  -49.167  -6.786 0.0000000000
24474  51.993  -49.845  -5.754 0.0000000000
24431  53.430  -50.185  -3.765 0.0000000000
24443  54.284  -49.058  -5.165 0.0000000000
24432  52.791  -50.361  -3.889 0.0000000000
24445  52.588  -50.096  -4.469 0.0000000000
23224  51.947  -50.732  -3.549 0.0000000000
21960  49.285  -51.304  -2.808 0.0000000000
21948  50.870  -51.444  -2.726 0.0000000000
21931  49.675  -52.273  -1.210 0.0000000000
21932  48.410  -51.955  -1.237 0.0000000000
21916  47.910  -52.034  -0.434 0.0000000000
21904  46.459  -51.916  0.376 0.0000000000
21903  47.433  -52.063  0.332 0.0000000000
20664  46.501  -53.414  2.364 0.0000000000
20679  46.333  -52.938  1.913 0.0000000000
18353  44.985  -54.038  1.538 0.0000000000
18414  37.317  -54.431  -3.740 0.0000000000
19574  37.140  -53.400  -3.315 0.0000000000
23238  37.667  -50.840  -3.665 0.0000000000
16420  39.602  -56.083  -7.227 0.0000000000
17441  38.680  -55.545  -7.203 0.0000000000
21918  46.011  -51.510  -0.380 0.0000000000
20708  43.410  -52.414  0.133 0.0000000000
19532  43.322  -53.581  0.382 0.0000000000
16355  41.175  -56.538  -1.282 0.0000000000
11909  38.482  -61.559  -3.994 0.0000000000
12757  38.659  -60.629  -3.289 0.0000000000
11917  38.458  -61.590  -5.054 0.0000000000
11926  38.516  -61.021  -5.567 0.0000000000
12786  38.593  -60.404  -5.899 0.0000000000
13683  38.852  -59.451  -6.224 0.0000000000
14576  41.324  -58.176  -6.770 0.0000000000
14628  43.539  -58.636  -10.138 0.0000000000
23206  52.255  -51.124  -2.900 0.0000000000
21947  51.760  -51.445  -2.565 0.0000000000
21946  52.383  -51.486  -2.274 0.0000000000
21929  51.752  -51.934  -1.803 0.0000000000
20718  50.727  -52.444  -1.086 0.0000000000
20721  39.181  -52.250  -1.139 0.0000000000
20722  38.030  -52.267  -1.808 0.0000000000
20760  36.799  -52.579  -4.918 0.0000000000
21992  36.944  -51.619  -5.421 0.0000000000
21991  37.661  -50.929  -5.727 0.0000000000
16353  43.001  -56.725  -1.358 0.0000000000
16342  42.939  -56.098  -0.929 0.0000000000
14523  42.102  -58.087  -2.074 0.0000000000
11901  39.497  -61.560  -2.705 0.0000000000
11051  39.339  -62.345  -2.985 0.0000000000
11061  38.704  -62.330  -3.782 0.0000000000
11068  38.754  -62.695  -5.145 0.0000000000
11080  39.260  -62.947  -5.856 0.0000000000
15466  37.543  -57.106  -3.526 0.0000000000
17363  37.703  -55.218  -2.391 0.0000000000
16380  37.529  -56.280  -3.792 0.0000000000
17372  37.552  -55.426  -4.193 0.0000000000
18426  37.484  -54.563  -4.749 0.0000000000
18467  38.080  -55.069  -6.281 0.0000000000
18468  37.441  -54.469  -6.485 0.0000000000
19614  37.086  -53.727  -5.573 0.0000000000
19628  36.739  -53.539  -6.892 0.0000000000
19629  36.386  -53.032  -7.322 0.0000000000
16497  40.737  -56.052  -12.219 0.0000000000
23210  46.962  -50.891  -2.451 0.0000000000
23192  45.922  -50.902  -1.546 0.0000000000
17350  39.109  -55.426  -1.286 0.0000000000
16358  38.616  -56.111  -1.667 0.0000000000
15446  40.569  -57.281  -1.604 0.0000000000
13624  38.866  -59.603  -2.746 0.0000000000
14535  39.322  -58.737  -2.232 0.0000000000
15447  39.813  -57.191  -1.597 0.0000000000
15457  39.005  -57.689  -1.897 0.0000000000
15458  38.090  -57.552  -2.517 0.0000000000
15459  37.682  -56.998  -2.834 0.0000000000
14556  37.537  -57.568  -4.006 0.0000000000
15471  37.880  -57.216  -5.034 0.0000000000
15478  39.015  -56.861  -5.896 0.0000000000
14578  39.199  -58.255  -6.231 0.0000000000
15488  39.302  -57.252  -6.126 0.0000000000
16404  39.899  -56.414  -6.779 0.0000000000
16445  39.989  -56.961  -9.537 0.0000000000
16461  40.200  -57.283  -10.451 0.0000000000
11078  40.608  -62.625  -6.901 0.0000000000
12817  45.406  -60.218  -10.243 0.0000000000
12795  42.275  -60.758  -7.486 0.0000000000
12783  41.714  -60.279  -7.154 0.0000000000
13680  41.833  -59.120  -6.859 0.0000000000
14575  42.089  -58.371  -6.929 0.0000000000
15497  41.884  -57.408  -7.725 0.0000000000
15513  42.423  -57.930  -9.332 0.0000000000
15514  41.552  -57.581  -9.405 0.0000000000
15526  40.954  -57.690  -10.351 0.0000000000
15538  40.551  -57.500  -11.021 0.0000000000
16480  41.021  -57.133  -11.970 0.0000000000
16496  41.459  -56.510  -12.367 0.0000000000
23288  52.098  -50.154  -7.134 0.0000000000
23289  51.590  -50.342  -6.534 0.0000000000
23269  51.246  -50.163  -5.423 0.0000000000
23246  50.642  -50.430  -4.540 0.0000000000
25614  54.825  -48.426  -5.808 0.0000000000
24455  54.096  -48.821  -6.246 0.0000000000
24457  52.676  -49.690  -5.341 0.0000000000
23245  51.737  -50.298  -4.397 0.0000000000
23227  49.028  -50.916  -3.523 0.0000000000
23208  48.825  -51.201  -2.834 0.0000000000
21951  47.787  -51.444  -1.950 0.0000000000
21934  46.552  -51.341  -1.135 0.0000000000
21949  49.858  -51.722  -2.355 0.0000000000
21933  47.425  -51.647  -1.158 0.0000000000
21905  45.576  -51.919  0.363 0.0000000000
20696  44.648  -52.602  0.729 0.0000000000
20694  46.928  -52.298  1.144 0.0000000000
19522  44.601  -53.543  1.248 0.0000000000
17315  44.127  -55.222  0.170 0.0000000000
18406  37.643  -54.609  -2.284 0.0000000000
19549  37.761  -53.253  -1.903 0.0000000000
20728  37.748  -51.934  -2.174 0.0000000000
21962  37.311  -51.537  -3.413 0.0000000000
21953  37.846  -51.383  -2.513 0.0000000000
9418  39.430  -64.696  -5.446 0.0000000000
9428  40.071  -64.693  -6.196 0.0000000000
10238  38.905  -62.753  -3.653 0.0000000000
10251  38.933  -63.781  -4.180 0.0000000000
10263  38.776  -63.129  -4.601 0.0000000000
11052  38.976  -62.484  -3.406 0.0000000000
11069  38.601  -62.393  -4.444 0.0000000000
11079  39.781  -62.496  -6.455 0.0000000000
11888  40.262  -61.469  -2.441 0.0000000000
11902  38.899  -61.717  -3.252 0.0000000000
11958  45.438  -60.559  -10.500 0.0000000000
12738  39.831  -60.617  -2.463 0.0000000000
12739  39.160  -60.309  -2.685 0.0000000000
12782  42.262  -59.600  -7.064 0.0000000000
12794  42.841  -59.990  -7.453 0.0000000000
12803  44.582  -60.115  -9.182 0.0000000000
12818  44.976  -60.120  -9.776 0.0000000000
12828  45.849  -60.408  -10.646 0.0000000000
13679  42.517  -58.986  -7.062 0.0000000000
13711  44.168  -59.327  -8.251 0.0000000000
13722  45.327  -59.925  -10.017 0.0000000000
14548  37.600  -57.798  -3.730 0.0000000000
14564  38.814  -57.522  -5.929 0.0000000000
14579  38.539  -58.776  -5.959 0.0000000000
14591  42.615  -58.031  -7.482 0.0000000000
14592  41.881  -57.747  -7.145 0.0000000000
14605  44.345  -58.931  -8.789 0.0000000000
14606  43.766  -58.565  -8.460 0.0000000000
14615  44.588  -59.121  -9.426 0.0000000000
14627  44.325  -58.947  -10.125 0.0000000000
14640  42.994  -58.621  -11.040 0.0000000000
14653  42.626  -58.383  -11.679 0.0000000000
15456  39.926  -57.965  -1.856 0.0000000000
15479  38.474  -57.087  -5.588 0.0000000000
15507  42.155  -57.587  -8.458 0.0000000000
15509  40.558  -56.993  -9.004 0.0000000000
16370  38.541  -56.869  -1.871 0.0000000000
16372  37.574  -56.233  -2.972 0.0000000000
16383  37.733  -56.353  -4.604 0.0000000000
16391  38.749  -56.309  -5.821 0.0000000000
16405  39.352  -56.360  -6.370 0.0000000000
16406  38.904  -55.831  -6.241 0.0000000000
16418  40.672  -56.716  -7.588 0.0000000000
16432  40.897  -56.810  -7.945 0.0000000000
16434  39.475  -56.243  -8.095 0.0000000000
16447  38.501  -56.116  -9.834 0.0000000000
17347  41.623  -55.847  -0.969 0.0000000000
17380  38.255  -55.855  -5.562 0.0000000000
17398  38.101  -55.398  -5.623 0.0000000000
17420  39.034  -55.706  -6.663 0.0000000000
17421  38.559  -55.427  -6.582 0.0000000000
17440  39.255  -55.772  -7.032 0.0000000000
17456  38.995  -55.853  -7.695 0.0000000000
18368  43.686  -54.511  0.351 0.0000000000
18394  40.396  -55.045  -0.895 0.0000000000
18397  37.854  -54.291  -1.872 0.0000000000
18398  37.578  -53.754  -2.190 0.0000000000
18407  37.465  -54.285  -2.661 0.0000000000
18447  38.120  -55.204  -5.875 0.0000000000
18482  37.959  -55.070  -7.131 0.0000000000
19512  46.143  -53.602  2.256 0.0000000000
19513  45.537  -53.676  1.931 0.0000000000
19514  45.036  -53.433  1.548 0.0000000000
19561  37.415  -53.158  -2.463 0.0000000000
19647  36.415  -53.436  -7.743 0.0000000000
19665  36.466  -53.966  -8.228 0.0000000000
20678  47.506  -52.667  1.907 0.0000000000
20680  45.364  -52.972  1.452 0.0000000000
20681  44.879  -53.098  1.287 0.0000000000
20707  44.250  -51.911  0.051 0.0000000000
20717  51.206  -52.267  -1.388 0.0000000000
20719  50.295  -52.540  -0.756 0.0000000000
20723  37.638  -52.724  -2.088 0.0000000000
20729  37.549  -52.237  -2.357 0.0000000000
20747  36.958  -52.502  -3.868 0.0000000000
20776  36.448  -52.530  -6.964 0.0000000000
20799  36.293  -52.607  -7.780 0.0000000000
21915  48.984  -52.402  -0.295 0.0000000000
21952  47.048  -51.285  -1.698 0.0000000000
21954  37.411  -51.869  -2.782 0.0000000000
21959  49.921  -51.237  -3.131 0.0000000000
21961  37.701  -50.996  -3.201 0.0000000000
23199  39.352  -50.642  -1.924 0.0000000000
23209  48.192  -51.116  -2.783 0.0000000000
23222  53.507  -50.591  -2.986 0.0000000000
23223  52.779  -50.685  -3.375 0.0000000000
23225  51.036  -50.811  -3.634 0.0000000000
23226  50.106  -50.805  -3.805 0.0000000000
23244  52.362  -50.424  -3.933 0.0000000000
23259  37.382  -51.008  -4.115 0.0000000000
24446  52.120  -50.115  -4.636 0.0000000000
24456  53.392  -49.259  -5.758 0.0000000000
24471  53.950  -48.707  -7.223 0.0000000000
24473  52.497  -49.610  -6.388 0.0000000000
24492  53.096  -49.316  -7.744 0.0000000000
24510  53.914  -48.625  -8.619 0.0000000000
