#!ascii label  , from subject colin27 vox2ras=TkReg
832
81076  21.298  -5.787  -37.709 0.1428571492
81057  20.678  -5.624  -36.902 0.1428571492
83788  21.089  -3.482  -37.908 0.1428571492
78311  22.181  -7.012  -37.856 0.1428571492
81075  21.634  -5.209  -38.495 0.2857142985
82445  21.174  -4.688  -37.840 0.1428571492
79731  22.447  -6.133  -38.876 0.1428571492
83799  21.425  -3.526  -39.067 0.5714285970
81095  22.761  -5.560  -39.547 0.1428571492
81129  23.679  -5.203  -40.569 0.2857142985
81113  23.208  -5.373  -40.018 0.2857142985
81110  25.473  -5.621  -40.838 0.1428571492
81128  24.059  -5.129  -40.998 0.2857142985
83871  25.491  -3.539  -43.451 0.2857142985
82534  25.315  -4.085  -42.849 0.1428571492
83850  24.615  -3.773  -42.640 0.2857142985
83907  27.254  -2.717  -44.911 0.2857142985
82544  26.682  -3.568  -43.832 0.2857142985
85339  27.082  -1.680  -45.547 0.2857142985
86708  26.348  -1.825  -45.170 0.2857142985
89567  27.207  -0.064  -46.382 0.2857142985
91035  27.314  1.642  -46.910 0.8571428657
89588  27.516  0.650  -46.777 0.4285714328
86730  28.051  -1.030  -46.384 0.2857142985
93719  27.566  3.363  -47.318 0.7142857313
92443  28.342  2.501  -47.415 0.7142857313
95002  28.981  4.165  -48.048 0.8571428657
93736  29.130  3.357  -48.053 0.5714285970
94991  27.037  4.348  -47.536 0.8571428657
92444  26.910  2.564  -46.994 0.7142857313
96260  29.756  5.248  -49.352 0.4285714328
96245  28.683  5.010  -48.003 0.7142857313
96236  27.992  4.702  -47.614 0.8571428657
97673  30.190  6.206  -50.829 0.2857142985
99063  29.787  7.220  -49.429 0.5714285970
97637  29.328  6.238  -48.710 0.8571428657
96246  27.413  5.396  -47.800 0.8571428657
99103  30.730  7.465  -51.738 0.1428571492
97682  30.411  6.665  -51.357 0.1428571492
99085  30.361  7.189  -50.624 0.4285714328
99046  29.284  7.318  -48.804 0.5714285970
99047  28.693  7.224  -48.493 0.8571428657
100532  31.061  8.810  -52.347 0.1428571492
97715  31.320  7.695  -53.601 0.1428571492
100524  30.797  8.706  -51.170 0.1428571492
100513  29.969  7.753  -49.946 0.4285714328
99048  27.696  7.480  -48.408 0.8571428657
100547  30.985  9.235  -54.455 0.1428571492
100540  31.094  8.995  -53.544 0.1428571492
101795  31.080  9.793  -52.236 0.1428571492
100523  31.019  9.227  -51.361 0.1428571492
101778  30.507  9.146  -51.166 0.4285714328
100501  28.809  8.837  -48.800 0.7142857313
100491  27.129  8.114  -48.673 0.8571428657
103034  31.029  10.627  -52.848 0.1428571492
104291  31.035  11.347  -52.533 0.1428571492
103023  30.861  11.038  -51.244 0.1428571492
103010  30.203  10.281  -50.573 0.5714285970
101765  28.305  9.761  -49.055 0.8571428657
100490  27.695  8.382  -48.650 0.8571428657
101752  27.551  8.848  -48.852 0.8571428657
103048  30.487  10.653  -54.602 0.1428571492
104298  30.783  11.630  -53.305 0.2857142985
103033  31.036  10.718  -52.016 0.1428571492
104278  30.573  12.043  -51.031 0.8571428657
102996  28.995  10.138  -50.121 0.8571428657
101764  29.065  9.907  -49.353 0.7142857313
102997  28.702  10.599  -49.601 0.8571428657
105557  30.436  12.624  -53.969 0.1428571492
105564  29.943  12.653  -55.072 0.1428571492
105548  30.862  12.751  -52.324 0.4285714328
105519  29.297  13.113  -50.089 0.8571428657
105534  29.212  12.533  -49.993 0.8571428657
104252  28.238  11.788  -49.919 0.8571428657
104254  27.271  11.088  -49.662 0.8571428657
105556  30.758  12.699  -53.084 0.4285714328
105520  28.843  12.687  -50.040 0.8571428657
105513  27.980  12.078  -49.777 0.8571428657
105521  27.283  12.483  -49.994 0.8571428657
106832  30.551  13.607  -53.571 0.1428571492
108118  30.368  14.599  -53.993 0.2857142985
106822  30.754  13.622  -52.761 0.5714285970
108101  30.348  14.732  -51.564 0.8571428657
106810  30.738  13.806  -52.042 0.8571428657
106802  28.810  13.771  -50.252 0.8571428657
106803  27.729  13.496  -50.151 0.8571428657
105522  26.208  12.476  -50.183 0.8571428657
108126  29.955  14.715  -54.842 0.2857142985
109422  30.457  15.520  -53.410 0.7142857313
108117  30.612  14.464  -53.148 0.5714285970
109416  30.601  14.968  -52.381 0.8571428657
108092  28.939  14.764  -50.428 0.8571428657
109398  27.400  14.969  -50.385 0.8571428657
106804  26.704  13.307  -50.256 0.8571428657
109417  30.396  15.575  -52.312 0.8571428657
109405  29.187  16.253  -51.007 0.8571428657
109397  28.174  15.339  -50.413 0.8571428657
110624  27.290  16.312  -50.665 0.7142857313
109406  27.472  15.563  -50.487 0.7142857313
110645  30.234  16.674  -53.109 0.8571428657
110635  29.855  16.804  -52.166 0.8571428657
111775  28.646  17.388  -51.344 0.8571428657
111784  29.243  17.972  -52.052 0.8571428657
111776  27.782  17.320  -51.042 0.7142857313
113070  29.852  18.131  -54.252 0.7142857313
113052  29.688  18.650  -53.752 0.8571428657
114486  29.377  19.176  -53.246 0.8571428657
115943  28.946  20.494  -54.297 0.7142857313
110622  29.253  16.827  -51.413 0.8571428657
113037  29.386  18.758  -52.851 0.8571428657
111849  25.886  17.870  -59.338 0.1428571492
113053  29.522  19.205  -54.277 0.8571428657
114511  29.044  19.519  -55.448 0.7142857313
115967  28.742  20.038  -55.811 0.7142857313
114487  29.286  19.667  -53.792 0.8571428657
111850  25.258  18.317  -59.761 0.1428571492
114522  28.147  19.530  -56.842 0.5714285970
115978  27.696  20.470  -57.054 0.5714285970
117410  27.293  21.502  -57.170 0.5714285970
114538  25.719  19.331  -58.634 0.1428571492
113162  24.071  19.613  -62.178 0.1428571492
117411  26.511  21.386  -57.770 0.5714285970
114579  23.208  19.978  -61.060 0.1428571492
114614  23.185  20.514  -62.395 0.1428571492
114539  24.729  19.654  -59.298 0.1428571492
116073  22.636  20.922  -62.505 0.1428571492
115980  26.086  20.384  -58.126 0.5714285970
114606  22.851  20.431  -61.930 0.1428571492
114580  22.606  20.622  -60.793 0.1428571492
116075  21.109  21.509  -62.890 0.1428571492
116039  22.154  20.809  -61.150 0.1428571492
79690  21.065  -6.557  -37.099 0.1428571492
81096  22.307  -5.501  -39.180 0.2857142985
79743  23.889  -6.149  -39.813 0.2857142985
82478  22.534  -4.765  -39.830 0.2857142985
82510  26.621  -4.608  -42.386 0.2857142985
82511  25.696  -4.538  -42.575 0.2857142985
81144  25.205  -4.923  -41.882 0.1428571492
88113  27.352  -0.611  -46.237 0.2857142985
86731  26.851  -1.301  -45.645 0.2857142985
89587  28.619  0.565  -47.325 0.4285714328
95001  29.561  4.263  -48.748 0.2857142985
91036  26.154  1.825  -46.836 0.7142857313
96272  29.996  5.312  -50.374 0.1428571492
96247  26.312  5.650  -48.106 0.8571428657
100488  29.015  7.717  -48.649 0.7142857313
101801  30.853  9.831  -54.110 0.1428571492
103024  30.479  11.284  -50.932 0.8571428657
103011  29.548  11.026  -50.121 0.8571428657
102998  27.711  10.479  -49.391 0.8571428657
104265  26.597  11.499  -49.890 0.8571428657
109425  30.159  15.633  -54.449 0.8571428657
111805  30.022  17.587  -53.794 0.8571428657
113082  29.105  18.591  -55.798 0.8571428657
114512  28.683  19.476  -56.156 0.7142857313
114524  26.616  19.431  -57.993 0.2857142985
113141  23.828  19.455  -60.785 0.1428571492
117497  23.523  21.234  -62.903 0.1428571492
81058  20.492  -6.494  -36.462 0.1428571492
82495  23.489  -4.646  -40.848 0.2857142985
83818  22.295  -3.644  -40.330 0.2857142985
82493  24.493  -4.440  -41.877 0.1428571492
82532  26.750  -4.042  -43.261 0.2857142985
83891  27.609  -3.258  -44.400 0.2857142985
85302  25.493  -2.713  -44.197 0.2857142985
83894  25.172  -3.080  -43.724 0.2857142985
83909  26.239  -2.808  -44.405 0.2857142985
89589  26.398  1.052  -46.599 0.7142857313
97732  31.404  8.318  -54.688 0.1428571492
100548  30.981  9.425  -55.106 0.1428571492
104303  30.391  11.583  -54.312 0.1428571492
105533  29.753  12.817  -51.116 0.8571428657
101766  27.237  9.414  -49.100 0.8571428657
106833  30.179  13.673  -54.458 0.1428571492
106843  29.774  13.897  -55.269 0.1428571492
109430  29.722  15.695  -55.286 0.2857142985
109407  26.608  15.200  -50.553 0.8571428657
110651  30.215  16.620  -54.072 0.5714285970
111815  29.542  17.633  -55.389 0.5714285970
111825  29.017  17.623  -56.184 0.5714285970
113097  27.215  18.516  -57.800 0.4285714328
111838  27.788  17.584  -57.534 0.2857142985
111839  27.111  17.586  -58.137 0.2857142985
113098  26.486  18.478  -58.365 0.1428571492
113114  25.942  18.401  -58.876 0.1428571492
113115  25.337  18.742  -59.320 0.1428571492
117420  24.885  21.396  -58.651 0.2857142985
113140  24.423  18.917  -60.535 0.1428571492
114557  23.408  20.148  -60.256 0.1428571492
115991  23.618  20.752  -59.561 0.1428571492
115999  22.899  20.952  -59.963 0.1428571492
114605  23.674  19.979  -62.278 0.1428571492
116068  21.273  21.448  -62.730 0.1428571492
116040  21.605  21.215  -61.202 0.1428571492
116083  20.572  21.508  -63.953 0.1428571492
109431  29.252  15.717  -56.033 0.4285714328
110655  29.419  16.661  -55.756 0.4285714328
110661  28.863  16.651  -56.476 0.4285714328
111826  28.440  17.605  -56.902 0.4285714328
113096  27.958  18.556  -57.240 0.5714285970
79713  21.947  -6.350  -38.199 0.1428571492
81047  20.219  -5.220  -36.122 0.1428571492
82444  21.467  -4.379  -38.612 0.4285714328
82460  21.897  -4.511  -39.278 0.5714285970
79729  23.699  -6.550  -39.186 0.1428571492
82477  22.883  -4.311  -40.534 0.1428571492
82494  24.006  -4.282  -41.598 0.1428571492
82545  26.238  -3.690  -43.562 0.2857142985
93720  26.344  3.431  -47.355 0.7142857313
96244  29.374  5.176  -48.663 0.8571428657
97654  29.931  6.229  -49.858 0.5714285970
100500  29.325  7.897  -49.077 0.5714285970
101789  30.996  9.772  -51.421 0.2857142985
99116  31.093  8.046  -52.964 0.1428571492
104290  30.979  11.770  -51.918 0.5714285970
104279  29.852  11.803  -50.410 0.8571428657
106811  30.576  14.001  -51.752 0.8571428657
108091  29.631  15.139  -50.858 0.8571428657
108094  26.872  14.264  -50.370 0.8571428657
109404  29.740  15.860  -51.305 0.8571428657
111796  29.819  17.769  -52.944 0.8571428657
115979  26.964  20.454  -57.662 0.5714285970
113176  24.362  19.719  -62.906 0.1428571492
115989  25.186  20.418  -58.611 0.4285714328
114556  24.138  19.635  -59.887 0.1428571492
116080  23.014  20.960  -62.848 0.1428571492
114629  24.117  20.461  -63.126 0.1428571492
114540  24.023  20.129  -59.640 0.1428571492
116058  22.159  20.818  -61.602 0.1428571492
110654  29.887  16.639  -54.954 0.5714285970
85324  25.294  -2.017  -44.621 0.5714285970
117421  24.093  21.468  -59.105 0.1428571492
86691  23.686  -1.608  -43.994 0.5714285970
86675  22.131  -0.669  -42.929 0.5714285970
88050  21.387  0.109  -41.740 0.2857142985
88076  23.493  -0.740  -44.428 0.5714285970
88061  22.016  0.019  -43.118 0.5714285970
88042  21.497  -0.580  -41.595 0.4285714328
86692  23.031  -0.922  -43.947 0.5714285970
89507  21.289  0.606  -41.349 0.2857142985
89521  21.440  0.762  -42.317 0.4285714328
88115  25.583  -0.238  -45.717 0.4285714328
88094  23.822  -0.088  -45.064 0.5714285970
88078  22.346  0.307  -43.841 0.5714285970
89529  21.550  1.380  -42.918 0.4285714328
88116  24.665  0.204  -45.675 0.5714285970
88117  24.074  0.558  -45.648 0.5714285970
89539  22.692  0.641  -44.598 0.4285714328
89571  23.805  1.169  -45.940 0.7142857313
91004  22.671  1.902  -45.415 0.4285714328
91017  24.994  1.290  -46.446 0.4285714328
89520  21.722  0.357  -42.750 0.4285714328
90951  21.369  1.413  -41.611 0.2857142985
89540  22.166  1.109  -44.119 0.4285714328
89569  25.440  0.692  -46.204 0.7142857313
91038  24.342  2.237  -46.914 0.7142857313
93705  22.392  3.279  -45.805 0.4285714328
93724  23.216  3.734  -47.000 0.7142857313
94981  22.636  4.351  -46.693 0.5714285970
94982  22.270  4.912  -46.443 0.2857142985
91037  25.121  1.911  -46.838 0.5714285970
92446  24.863  2.708  -47.229 0.5714285970
92448  23.683  3.079  -47.049 0.7142857313
93739  24.420  4.230  -47.826 0.7142857313
96237  22.784  5.545  -47.610 0.7142857313
96251  23.193  5.631  -48.023 0.7142857313
97624  22.630  6.099  -47.793 0.7142857313
96238  22.372  5.632  -47.088 0.4285714328
97625  22.217  6.601  -47.465 0.4285714328
93722  24.616  3.472  -47.515 0.5714285970
94992  26.223  4.076  -47.568 0.5714285970
95006  24.192  4.922  -48.178 0.5714285970
96250  23.869  5.706  -48.394 0.7142857313
97642  23.430  6.339  -48.498 0.7142857313
99068  23.138  7.374  -48.755 0.7142857313
99051  22.320  7.229  -47.983 0.7142857313
100493  22.114  8.407  -48.182 0.5714285970
97638  28.177  6.346  -48.118 0.7142857313
97641  25.146  6.270  -48.749 0.5714285970
96248  25.302  5.641  -48.435 0.5714285970
97640  25.773  6.640  -48.672 0.7142857313
96262  24.297  6.239  -48.715 0.7142857313
99066  24.312  7.842  -49.338 0.8571428657
99030  21.743  7.471  -47.215 0.4285714328
99086  24.021  8.339  -49.542 0.7142857313
100507  22.891  8.455  -49.014 0.7142857313
100516  23.602  8.708  -49.543 0.7142857313
100508  22.354  9.272  -48.785 0.5714285970
97639  26.991  6.513  -48.237 0.5714285970
97657  24.045  6.963  -49.020 0.7142857313
100504  25.457  8.527  -49.419 0.8571428657
100514  24.953  8.878  -49.685 0.8571428657
101781  23.984  9.713  -50.092 0.7142857313
101769  22.680  9.827  -49.348 0.5714285970
103000  22.608  10.885  -49.599 0.2857142985
100503  26.466  8.491  -49.032 0.7142857313
101780  24.922  9.695  -49.979 0.7142857313
104282  23.573  11.784  -50.525 0.7142857313
101767  25.914  9.569  -49.575 0.7142857313
103016  22.984  10.431  -49.847 0.8571428657
105523  25.405  12.584  -50.515 0.8571428657
103014  24.307  10.819  -50.398 0.8571428657
104268  23.307  11.388  -50.298 0.5714285970
104281  24.318  11.810  -50.633 0.8571428657
105535  24.687  12.673  -50.740 0.8571428657
104283  23.084  12.413  -50.505 0.7142857313
103013  25.162  10.698  -50.238 0.8571428657
104280  24.950  12.001  -50.578 0.8571428657
106813  24.414  13.527  -50.965 0.8571428657
106812  25.192  13.463  -50.707 0.8571428657
108103  25.943  14.298  -50.551 0.8571428657
108104  24.938  14.392  -50.917 0.7142857313
111786  27.225  18.088  -51.334 0.7142857313
111785  28.252  18.139  -51.599 0.5714285970
111787  26.182  17.914  -51.245 0.7142857313
113024  28.673  18.899  -52.282 0.7142857313
114475  28.941  19.481  -52.859 0.8571428657
115918  27.566  20.356  -52.442 0.7142857313
113026  26.713  18.849  -51.579 0.7142857313
115933  27.047  21.033  -52.622 0.7142857313
117367  27.349  21.511  -53.216 0.7142857313
115934  26.484  21.020  -52.380 0.5714285970
117365  28.459  20.968  -53.689 0.7142857313
118735  27.710  21.784  -53.796 0.7142857313
117368  26.285  21.624  -52.787 0.5714285970
118746  27.690  22.123  -54.402 0.4285714328
118736  27.014  22.186  -53.661 0.5714285970
117377  28.213  21.532  -54.230 0.5714285970
117356  25.870  21.370  -52.367 0.5714285970
118757  27.696  22.323  -55.261 0.5714285970
118747  26.900  22.838  -54.529 0.5714285970
118737  25.996  22.650  -53.590 0.5714285970
117369  25.655  22.144  -52.961 0.4285714328
117357  25.450  21.598  -52.303 0.5714285970
120103  25.164  23.385  -53.938 0.5714285970
118758  27.170  22.944  -55.604 0.5714285970
118726  24.878  22.216  -52.195 0.4285714328
115912  24.402  20.247  -50.824 0.4285714328
118738  25.092  22.682  -53.013 0.5714285970
120104  24.352  23.689  -53.358 0.4285714328
91034  28.444  1.397  -47.327 0.2857142985
120113  24.627  24.150  -54.170 0.2857142985
120105  24.031  23.713  -52.663 0.2857142985
86674  22.732  -1.477  -43.130 0.5714285970
85270  22.155  -1.864  -41.900 0.5714285970
86709  25.763  -1.564  -45.098 0.2857142985
86710  24.722  -1.532  -44.654 0.4285714328
86659  22.008  -1.130  -42.258 0.5714285970
86732  26.019  -0.893  -45.523 0.2857142985
88093  24.677  -0.583  -45.180 0.5714285970
88043  21.204  -0.099  -41.049 0.2857142985
90996  22.516  1.307  -44.822 0.4285714328
91020  23.077  2.271  -46.193 0.5714285970
91055  30.017  1.889  -48.565 0.2857142985
94971  21.595  4.837  -45.036 0.2857142985
94995  22.563  4.934  -46.916 0.7142857313
101779  25.443  10.159  -49.917 0.8571428657
103015  23.512  10.824  -50.230 0.7142857313
110625  26.134  16.228  -50.831 0.7142857313
111777  26.698  17.187  -50.955 0.7142857313
110626  25.161  16.265  -51.036 0.7142857313
115919  26.734  20.457  -52.191 0.7142857313
115920  25.959  20.789  -52.032 0.5714285970
117358  24.853  21.238  -51.469 0.2857142985
115954  28.771  20.545  -55.255 0.5714285970
117388  28.289  21.552  -55.066 0.5714285970
115955  28.406  21.096  -55.660 0.5714285970
118748  25.957  23.313  -54.386 0.5714285970
90997  22.099  1.973  -44.580 0.4285714328
95003  26.646  5.020  -47.783 0.7142857313
92445  25.755  2.596  -47.132 0.5714285970
99064  25.769  7.666  -49.007 0.7142857313
99049  26.631  7.482  -48.669 0.7142857313
104266  25.561  11.610  -50.270 0.7142857313
114476  28.284  20.228  -52.778 0.8571428657
89590  25.592  1.345  -46.586 0.5714285970
108105  24.109  14.439  -51.157 0.7142857313
93737  25.745  3.894  -47.600 0.5714285970
88060  22.505  -0.499  -43.581 0.5714285970
88049  21.701  -0.160  -42.392 0.5714285970
86711  24.057  -0.910  -44.677 0.5714285970
88077  22.961  -0.167  -44.398 0.5714285970
89528  21.822  0.804  -43.230 0.4285714328
86647  21.678  -1.433  -41.334 0.5714285970
88095  23.212  0.386  -44.982 0.5714285970
90990  21.482  1.934  -43.040 0.4285714328
89572  23.264  1.640  -45.910 0.5714285970
91005  22.277  2.456  -45.171 0.4285714328
91019  23.723  1.956  -46.512 0.5714285970
92431  23.442  2.603  -46.733 0.7142857313
92449  23.338  3.062  -46.867 0.5714285970
93712  22.273  4.210  -46.087 0.4285714328
93706  22.108  3.533  -45.428 0.4285714328
92425  22.207  2.886  -45.289 0.4285714328
92447  24.214  2.949  -47.178 0.7142857313
93723  23.923  3.721  -47.504 0.7142857313
94970  21.864  4.795  -45.611 0.2857142985
94993  23.533  4.448  -47.607 0.7142857313
95005  24.871  4.810  -48.151 0.7142857313
95007  23.678  4.997  -48.018 0.7142857313
97644  22.499  6.638  -47.928 0.7142857313
95004  25.873  4.681  -47.852 0.5714285970
99050  22.647  7.701  -48.501 0.7142857313
97655  25.345  7.189  -49.013 0.5714285970
99067  23.591  7.815  -49.161 0.7142857313
103001  22.340  10.592  -49.194 0.5714285970
102976  21.455  10.682  -47.895 0.2857142985
103027  23.830  11.195  -50.461 0.8571428657
113025  27.722  18.901  -51.833 0.7142857313
114462  28.187  19.600  -52.331 0.7142857313
115932  27.863  20.875  -52.988 0.8571428657
120111  26.380  23.503  -55.155 0.7142857313
120094  24.496  23.045  -52.497 0.4285714328
92385  21.505  2.490  -42.816 0.1428571492
92411  21.643  2.669  -44.071 0.4285714328
83905  28.755  -2.766  -45.028 0.1428571492
85321  27.738  -2.286  -45.475 0.1428571492
85320  28.556  -2.364  -45.545 0.1428571492
88134  27.998  -0.205  -46.861 0.1428571492
88133  28.951  -0.081  -47.395 0.1428571492
85336  29.134  -1.829  -46.001 0.1428571492
85319  29.383  -2.258  -45.284 0.1428571492
88132  29.643  -0.236  -47.377 0.1428571492
86744  28.936  -0.730  -47.016 0.1428571492
86728  29.695  -1.245  -46.425 0.1428571492
88149  29.334  0.605  -47.709 0.1428571492
91066  30.399  2.536  -49.236 0.2857142985
93757  29.997  3.521  -49.589 0.1428571492
109408  25.530  15.295  -50.825 0.5714285970
120166  21.345  23.092  -62.359 0.1428571492
106815  23.191  13.530  -50.913 0.4285714328
121398  21.426  24.072  -61.336 0.1428571492
116000  22.253  21.227  -60.456 0.1428571492
110627  24.398  16.224  -51.203 0.4285714328
111778  25.711  17.026  -51.028 0.5714285970
111788  25.134  17.544  -51.198 0.4285714328
122507  24.198  25.096  -59.086 0.2857142985
120136  26.273  24.034  -56.659 0.2857142985
120123  26.693  23.463  -56.114 0.2857142985
120143  26.039  23.405  -57.748 0.2857142985
110618  22.026  16.261  -50.006 0.1428571492
113027  25.745  18.692  -51.391 0.5714285970
114463  27.199  19.675  -51.991 0.5714285970
121369  25.330  25.269  -56.443 0.2857142985
118772  27.181  22.561  -56.585 0.4285714328
113029  24.107  18.073  -51.021 0.4285714328
114465  25.423  19.604  -51.439 0.5714285970
121360  25.684  24.732  -56.130 0.2857142985
113019  23.653  18.389  -50.704 0.4285714328
114466  24.528  19.356  -51.022 0.2857142985
121361  25.092  25.254  -55.645 0.1428571492
120112  25.437  24.031  -54.770 0.1428571492
121352  25.374  24.643  -55.374 0.1428571492
114457  23.223  18.542  -50.318 0.1428571492
115922  24.771  20.336  -51.187 0.4285714328
121353  24.698  24.942  -54.752 0.1428571492
122489  24.909  25.888  -56.135 0.1428571492
114456  23.765  19.309  -50.433 0.2857142985
121345  24.115  24.852  -53.687 0.2857142985
121336  23.938  25.029  -52.701 0.1428571492
122475  24.440  25.822  -54.177 0.1428571492
122482  24.699  25.909  -55.161 0.1428571492
123643  24.888  26.727  -54.603 0.1428571492
83800  21.205  -2.825  -38.644 0.4285714328
86623  21.129  -1.413  -39.318 0.2857142985
83890  28.448  -3.151  -44.489 0.1428571492
86742  30.125  -0.760  -46.746 0.1428571492
89603  29.918  1.090  -48.103 0.1428571492
109410  23.840  15.427  -51.251 0.2857142985
115968  28.348  20.530  -56.231 0.4285714328
118783  26.196  22.277  -57.881 0.2857142985
122495  25.106  25.549  -57.234 0.2857142985
121383  25.002  23.789  -58.647 0.2857142985
123653  24.738  26.594  -56.733 0.2857142985
86589  21.194  -1.635  -38.423 0.2857142985
81143  25.644  -4.883  -42.042 0.1428571492
81126  25.651  -5.244  -41.442 0.1428571492
82531  27.598  -3.708  -43.600 0.1428571492
82530  28.282  -3.557  -43.549 0.1428571492
93735  29.691  3.418  -48.798 0.1428571492
91056  29.257  2.018  -47.970 0.1428571492
113015  22.652  18.140  -50.097 0.1428571492
108106  23.276  14.440  -51.121 0.4285714328
111772  22.333  17.190  -50.259 0.2857142985
122500  24.749  25.503  -58.318 0.2857142985
121384  24.607  24.317  -58.835 0.2857142985
118790  25.509  22.334  -58.367 0.2857142985
120148  24.554  23.224  -58.878 0.2857142985
121385  23.622  24.303  -59.344 0.2857142985
120154  22.178  23.420  -59.909 0.1428571492
121391  22.067  24.324  -60.014 0.1428571492
116001  21.828  21.615  -60.579 0.1428571492
123659  24.691  26.251  -57.569 0.2857142985
118797  21.790  22.609  -60.246 0.1428571492
118801  21.446  22.644  -60.548 0.1428571492
117428  23.324  21.574  -59.529 0.1428571492
117429  22.593  21.723  -59.934 0.1428571492
93767  30.418  3.579  -50.815 0.2857142985
117419  25.710  21.359  -58.218 0.4285714328
122501  24.150  25.858  -58.925 0.2857142985
118791  24.694  22.326  -58.775 0.2857142985
118792  23.903  22.370  -59.163 0.1428571492
85232  21.287  -2.645  -39.218 0.4285714328
92466  29.220  2.610  -48.015 0.4285714328
117399  28.025  21.605  -55.946 0.4285714328
118782  26.751  22.302  -57.371 0.2857142985
110637  24.392  16.965  -51.187 0.4285714328
120135  26.647  23.148  -57.042 0.2857142985
121346  23.844  24.306  -53.000 0.2857142985
109409  24.629  15.341  -51.096 0.5714285970
114464  26.278  19.704  -51.744 0.5714285970
120124  26.045  24.153  -55.655 0.2857142985
85318  30.153  -1.807  -45.146 0.1428571492
88147  30.279  0.311  -47.637 0.1428571492
109399  22.600  15.729  -50.801 0.2857142985
122499  25.187  25.063  -57.953 0.2857142985
121368  25.702  24.678  -57.162 0.2857142985
111781  22.718  17.067  -50.738 0.2857142985
113028  24.867  18.471  -51.209 0.4285714328
113020  22.935  17.805  -50.563 0.2857142985
85219  21.148  -2.407  -38.138 0.2857142985
89602  30.407  0.973  -48.014 0.1428571492
108097  22.337  14.272  -50.256 0.2857142985
120149  23.792  23.328  -59.256 0.2857142985
120153  22.925  23.379  -59.580 0.2857142985
120155  21.669  23.427  -60.254 0.1428571492
100479  21.516  8.395  -47.315 0.4285714328
101770  22.230  10.010  -48.903 0.2857142985
125880  24.097  28.313  -58.064 0.1428571492
123660  24.235  26.567  -58.198 0.1428571492
126825  24.122  28.812  -58.699 0.1428571492
124784  25.351  27.430  -55.386 0.1428571492
126823  25.219  29.259  -58.015 0.1428571492
124794  24.196  27.461  -57.685 0.1428571492
124801  23.913  27.417  -58.561 0.1428571492
124788  24.942  27.402  -56.275 0.1428571492
125859  25.426  27.893  -56.220 0.1428571492
124789  24.637  27.440  -57.027 0.1428571492
125878  25.525  28.835  -57.340 0.1428571492
126839  24.950  29.572  -58.677 0.1428571492
123654  24.484  26.879  -57.411 0.1428571492
125879  24.749  28.673  -57.575 0.1428571492
126821  27.008  29.287  -58.039 0.1428571492
126838  25.707  29.698  -58.619 0.1428571492
101753  21.902  9.739  -48.348 0.2857142985
125868  25.832  28.396  -56.699 0.1428571492
126837  26.602  29.771  -58.640 0.1428571492
126850  24.337  29.265  -59.562 0.1428571492
89568  26.460  0.282  -46.242 0.2857142985
123666  23.716  26.470  -59.195 0.1428571492
124802  23.611  27.261  -59.424 0.1428571492
126822  26.073  29.308  -57.969 0.1428571492
125877  26.405  28.822  -57.353 0.1428571492
88114  26.590  -0.454  -45.930 0.4285714328
83852  23.425  -3.075  -42.091 0.2857142985
83851  24.072  -3.521  -42.338 0.1428571492
85286  23.164  -2.099  -43.011 0.2857142985
85268  23.535  -2.888  -42.483 0.1428571492
85285  23.808  -2.544  -43.212 0.2857142985
83835  22.523  -3.152  -41.067 0.2857142985
115921  25.192  20.513  -51.517 0.4285714328
86690  24.331  -1.974  -44.153 0.2857142985
85254  22.095  -2.485  -41.088 0.4285714328
85284  24.459  -2.928  -43.393 0.1428571492
83873  24.312  -3.103  -43.045 0.1428571492
83833  23.749  -3.776  -41.754 0.1428571492
85304  24.144  -2.181  -43.870 0.2857142985
86658  22.401  -1.742  -42.412 0.4285714328
85269  22.891  -2.458  -42.229 0.2857142985
111790  23.900  17.344  -51.162 0.2857142985
85253  22.648  -2.911  -41.443 0.2857142985
86622  21.260  -2.105  -39.534 0.2857142985
86637  21.362  -1.704  -40.301 0.2857142985
92419  21.973  2.800  -44.817 0.2857142985
93699  21.634  3.378  -44.440 0.2857142985
96225  21.902  5.586  -46.238 0.1428571492
97605  21.380  6.676  -46.125 0.1428571492
97604  21.738  6.584  -46.646 0.2857142985
99031  21.362  7.999  -46.902 0.1428571492
102977  21.007  10.395  -47.175 0.1428571492
104233  21.355  11.487  -47.870 0.1428571492
104270  22.442  12.364  -49.845 0.1428571492
104242  21.685  11.539  -48.418 0.1428571492
105514  22.138  12.800  -49.472 0.1428571492
105503  21.769  12.542  -48.751 0.1428571492
109400  22.225  15.349  -50.256 0.1428571492
110628  23.713  16.567  -51.218 0.1428571492
109392  21.875  15.408  -49.553 0.1428571492
117350  24.422  21.237  -50.786 0.1428571492
114451  23.566  19.513  -50.160 0.1428571492
118727  24.548  22.390  -51.574 0.1428571492
85242  21.595  -2.672  -39.925 0.1428571492
105538  23.001  13.075  -50.664 0.2857142985
106789  21.864  13.590  -49.133 0.1428571492
110617  22.418  16.358  -50.545 0.1428571492
85197  21.059  -2.655  -37.384 0.2857142985
90989  21.714  1.743  -43.620 0.2857142985
100480  21.027  8.699  -46.694 0.1428571492
101742  20.385  9.463  -46.197 0.1428571492
101744  21.398  9.431  -47.499 0.1428571492
102973  20.386  10.625  -46.489 0.1428571492
104234  20.928  11.480  -47.240 0.1428571492
105491  21.386  12.212  -47.941 0.1428571492
106798  22.181  13.625  -49.789 0.1428571492
115908  23.806  20.121  -50.188 0.1428571492
93677  21.519  3.126  -44.030 0.2857142985
99013  21.204  7.442  -46.338 0.1428571492
104256  22.238  11.588  -49.331 0.1428571492
114452  23.162  19.180  -49.819 0.1428571492
92412  21.540  2.431  -43.417 0.1428571492
105525  22.372  13.032  -49.935 0.1428571492
108096  22.643  14.856  -50.781 0.1428571492
93700  21.451  4.045  -44.270 0.1428571492
104227  20.409  11.474  -46.603 0.1428571492
86520  21.129  -2.212  -37.118 0.1428571492
86552  21.214  -1.805  -37.607 0.1428571492
86519  21.440  -1.800  -36.799 0.1428571492
86638  21.084  -0.965  -40.035 0.1428571492
95023  29.980  4.412  -49.921 0.1428571492
93780  30.607  3.905  -51.252 0.1428571492
109443  28.756  15.689  -56.733 0.1428571492
83774  20.794  -3.447  -36.877 0.1428571492
87966  21.261  -0.856  -38.569 0.1428571492
88005  21.145  -0.592  -39.504 0.1428571492
88029  21.284  -0.834  -40.760 0.1428571492
89482  21.206  0.406  -40.540 0.1428571492
108136  29.171  14.813  -56.274 0.1428571492
109444  28.271  15.694  -57.428 0.1428571492
90919  21.331  1.094  -40.848 0.1428571492
108135  29.564  14.825  -55.604 0.1428571492
95038  30.068  4.571  -50.842 0.1428571492
88030  21.113  -0.316  -40.271 0.1428571492
90976  21.447  1.702  -42.436 0.1428571492
85233  21.200  -2.150  -38.878 0.1428571492
86551  21.361  -1.531  -37.341 0.1428571492
79730  22.918  -6.081  -39.321 0.1428571492
79744  23.396  -6.064  -39.619 0.1428571492
81111  24.704  -5.661  -40.716 0.2857142985
81112  23.985  -5.676  -40.419 0.2857142985
81114  22.684  -5.297  -39.648 0.2857142985
81127  24.758  -5.036  -41.536 0.1428571492
82512  24.877  -4.313  -42.334 0.1428571492
82513  24.375  -4.116  -42.015 0.1428571492
82533  25.819  -3.963  -43.220 0.2857142985
82543  27.136  -3.469  -44.098 0.2857142985
83787  21.282  -4.004  -38.358 0.4285714328
83870  28.147  -3.452  -43.983 0.1428571492
83872  24.940  -3.489  -43.216 0.1428571492
83892  26.737  -3.098  -44.348 0.2857142985
83893  25.765  -3.172  -43.886 0.2857142985
83906  28.044  -2.841  -45.052 0.1428571492
83908  26.597  -2.611  -44.721 0.2857142985
85303  24.868  -2.580  -44.018 0.2857142985
85322  26.909  -2.051  -45.229 0.2857142985
85323  25.900  -2.382  -44.627 0.5714285970
85338  27.484  -1.701  -45.741 0.2857142985
86673  23.314  -1.939  -43.372 0.2857142985
86729  28.944  -1.314  -46.552 0.2857142985
86743  29.603  -0.786  -46.920 0.1428571492
86745  28.482  -0.545  -46.955 0.1428571492
87936  21.249  -1.311  -38.051 0.2857142985
88092  25.333  -0.959  -45.247 0.2857142985
88148  29.766  0.406  -47.751 0.1428571492
89552  23.597  0.609  -45.400 0.5714285970
89553  23.090  1.062  -45.323 0.5714285970
89570  24.549  0.921  -46.075 0.7142857313
89604  29.308  1.223  -47.835 0.1428571492
91018  24.400  1.559  -46.497 0.5714285970
91039  23.876  2.532  -46.925 0.7142857313
92424  22.519  2.827  -45.767 0.4285714328
92432  22.987  2.959  -46.528 0.4285714328
92465  29.819  2.744  -48.770 0.2857142985
92489  30.318  3.378  -50.291 0.2857142985
93678  21.477  3.370  -43.600 0.2857142985
93711  22.562  3.530  -46.215 0.5714285970
93718  28.375  3.302  -47.547 0.7142857313
93721  25.365  3.328  -47.457 0.5714285970
93738  25.110  4.038  -47.780 0.5714285970
93740  23.946  4.448  -47.848 0.7142857313
93768  30.099  3.926  -50.444 0.2857142985
93781  30.264  4.060  -51.048 0.1428571492
94990  28.297  4.092  -47.663 0.8571428657
94994  22.959  4.887  -47.377 0.7142857313
95008  23.364  4.979  -47.780 0.7142857313
95052  30.491  4.683  -51.514 0.1428571492
96235  28.345  4.588  -47.730 0.8571428657
96249  24.523  5.545  -48.460 0.5714285970
96261  24.788  6.082  -48.701 0.7142857313
96263  23.834  6.413  -48.690 0.7142857313
97584  21.524  6.086  -45.912 0.1428571492
97643  22.862  6.691  -48.328 0.7142857313
97656  24.830  6.826  -49.004 0.7142857313
97658  23.547  6.921  -48.810 0.7142857313
97659  23.250  6.804  -48.621 0.7142857313
97672  30.392  6.677  -51.148 0.2857142985
97683  30.464  6.496  -51.595 0.1428571492
97696  30.875  7.033  -52.532 0.1428571492
97759  31.146  8.738  -55.950 0.1428571492
99012  21.572  7.172  -46.732 0.1428571492
99065  25.075  7.705  -49.256 0.7142857313
99084  30.487  6.937  -51.273 0.4285714328
99087  23.869  8.150  -49.420 0.7142857313
99102  30.532  6.832  -51.493 0.4285714328
99128  31.199  8.525  -54.032 0.1428571492
99136  31.011  9.121  -55.250 0.1428571492
99144  31.149  9.079  -55.908 0.1428571492
99155  30.996  8.942  -55.985 0.1428571492
100489  28.514  8.138  -48.584 0.8571428657
100492  22.558  8.169  -48.583 0.5714285970
100502  27.212  8.658  -48.845 0.7142857313
100505  24.814  8.329  -49.494 0.8571428657
100506  23.363  8.306  -49.251 0.7142857313
100515  24.359  8.769  -49.690 0.8571428657
100517  23.098  9.291  -49.527 0.7142857313
100531  31.042  9.239  -51.674 0.2857142985
101751  28.035  8.925  -48.807 0.8571428657
101768  25.292  9.159  -49.679 0.8571428657
101777  30.671  10.115  -51.076 0.5714285970
101782  23.351  9.774  -49.868 0.7142857313
101783  23.012  9.808  -49.691 0.5714285970
101790  30.804  9.388  -51.323 0.4285714328
101796  31.073  9.749  -53.169 0.1428571492
102984  21.979  10.690  -48.686 0.2857142985
102999  26.752  10.458  -49.558 0.8571428657
103009  30.577  10.767  -51.040 0.5714285970
103012  25.876  10.672  -49.882 0.8571428657
103025  30.067  11.191  -50.491 0.8571428657
103026  23.989  11.390  -50.564 0.8571428657
103041  30.768  10.644  -53.750 0.1428571492
104253  27.979  11.380  -49.670 0.8571428657
104255  22.565  11.344  -49.686 0.5714285970
104263  28.790  11.859  -50.042 0.8571428657
104264  27.395  11.689  -49.798 0.8571428657
104267  24.848  11.375  -50.480 0.8571428657
104269  22.856  11.568  -50.082 0.5714285970
104277  30.847  11.866  -51.378 0.8571428657
104297  30.952  12.031  -52.618 0.2857142985
105512  28.544  12.151  -49.898 0.8571428657
105524  22.688  12.822  -50.297 0.1428571492
105532  30.698  12.693  -51.599 0.4285714328
105536  23.994  12.670  -50.912 0.8571428657
105537  23.411  12.843  -50.769 0.7142857313
106801  29.780  14.068  -50.756 0.8571428657
106805  25.936  13.321  -50.425 0.8571428657
106806  22.739  13.779  -50.672 0.1428571492
106807  22.446  13.512  -50.208 0.1428571492
106814  23.703  13.562  -51.051 0.7142857313
108093  27.976  14.441  -50.271 0.8571428657
108095  26.341  13.796  -50.400 0.8571428657
108100  30.664  14.458  -51.997 0.8571428657
108102  26.450  14.590  -50.493 0.8571428657
108110  30.689  14.449  -52.438 0.5714285970
108111  30.587  14.840  -52.104 0.5714285970
109395  29.516  15.588  -50.906 0.8571428657
109396  29.047  15.691  -50.721 0.8571428657
109411  23.097  15.580  -51.153 0.2857142985
109421  30.590  14.999  -52.729 0.8571428657
110615  28.425  15.880  -50.601 0.8571428657
110616  27.968  15.948  -50.528 0.8571428657
110623  28.482  16.497  -50.837 0.8571428657
110629  22.903  16.468  -51.020 0.1428571492
110636  24.817  16.785  -51.128 0.4285714328
110638  24.071  17.112  -51.232 0.4285714328
111779  25.169  16.913  -51.084 0.5714285970
111780  23.372  17.398  -50.978 0.2857142985
111789  24.390  17.575  -51.159 0.2857142985
111814  29.909  17.559  -54.573 0.8571428657
111840  26.464  17.674  -58.714 0.1428571492
113023  29.132  18.669  -52.446 0.8571428657
113038  29.080  18.979  -52.598 0.7142857313
113071  29.577  18.655  -54.813 0.8571428657
113083  28.579  18.571  -56.563 0.7142857313
113128  24.631  18.953  -59.890 0.1428571492
113129  24.076  19.424  -60.290 0.1428571492
113148  23.837  19.490  -61.459 0.1428571492
114461  28.629  19.345  -52.491 0.8571428657
114474  29.282  19.165  -52.983 0.8571428657
114500  29.238  19.710  -54.671 0.8571428657
114523  27.431  19.495  -57.461 0.5714285970
114558  22.764  20.739  -60.381 0.1428571492
114592  23.337  19.987  -61.726 0.1428571492
114593  22.670  20.442  -61.374 0.1428571492
114613  23.992  20.090  -62.782 0.1428571492
114618  24.220  19.980  -63.074 0.1428571492
114619  23.564  20.546  -62.773 0.1428571492
115931  28.608  20.542  -53.485 0.7142857313
115990  24.362  20.591  -59.104 0.1428571492
116018  22.078  20.963  -60.872 0.1428571492
116019  21.727  21.448  -60.766 0.1428571492
116041  21.344  21.470  -61.681 0.1428571492
116059  21.696  21.159  -61.878 0.1428571492
116060  21.354  21.475  -62.261 0.1428571492
116066  22.349  20.854  -62.126 0.1428571492
116067  21.824  21.203  -62.362 0.1428571492
116069  20.577  20.937  -62.802 0.1428571492
116070  19.858  21.143  -63.528 0.1428571492
116074  21.841  21.263  -62.590 0.1428571492
116076  20.335  21.397  -63.448 0.1428571492
116077  19.948  21.184  -63.907 0.1428571492
116082  21.161  21.597  -63.109 0.1428571492
116084  19.993  21.517  -64.004 0.1428571492
116094  23.002  21.120  -62.811 0.1428571492
117366  28.145  21.236  -53.603 0.8571428657
117376  28.573  21.045  -53.966 0.7142857313
117387  28.622  21.090  -54.575 0.5714285970
117400  27.599  21.860  -56.492 0.4285714328
117409  27.815  21.214  -56.616 0.4285714328
117430  22.015  21.913  -60.333 0.1428571492
117437  21.561  21.960  -60.582 0.1428571492
117438  21.292  22.190  -60.777 0.1428571492
117449  21.393  21.680  -60.844 0.1428571492
117487  23.103  21.619  -62.903 0.1428571492
117490  20.416  21.989  -63.969 0.1428571492
117498  22.912  21.240  -62.907 0.1428571492
118771  27.582  22.308  -56.002 0.5714285970
118795  23.110  22.450  -59.546 0.1428571492
118796  22.363  22.540  -59.901 0.1428571492
118802  21.263  22.590  -60.888 0.1428571492
118863  23.811  21.570  -62.896 0.1428571492
120142  26.431  22.799  -57.526 0.2857142985
120147  25.258  23.241  -58.502 0.2857142985
121375  25.369  24.319  -58.158 0.2857142985
121376  25.044  24.833  -58.355 0.2857142985
121402  21.437  23.964  -61.872 0.1428571492
122494  25.387  24.932  -57.633 0.2857142985
122508  23.449  25.344  -59.445 0.2857142985
125869  25.015  28.164  -56.842 0.1428571492
125870  24.448  28.054  -57.343 0.1428571492
126824  24.516  29.072  -58.276 0.1428571492
126840  24.449  29.338  -59.032 0.1428571492
127891  24.819  29.698  -59.144 0.1428571492
127904  24.759  29.776  -59.684 0.1428571492
