#!ascii label  , from subject colin27 vox2ras=TkReg coords=white
1370
89647  37.378  0.079  -54.077 0.0000000000
89651  37.546  0.505  -54.824 0.0000000000
91112  37.678  0.734  -55.128 0.0000000000
91113  37.235  1.274  -54.950 0.0000000000
91115  38.744  1.339  -55.812 0.0000000000
91116  37.975  1.206  -55.651 0.0000000000
91117  37.380  1.929  -55.983 0.0000000000
91118  38.443  1.761  -56.214 0.0000000000
91119  37.953  1.974  -56.380 0.0000000000
91120  37.509  2.212  -56.524 0.0000000000
92417  40.062  3.004  -43.999 0.0000000000
92526  39.638  1.989  -54.059 0.0000000000
92528  39.553  2.026  -54.916 0.0000000000
92530  39.303  2.098  -55.749 0.0000000000
92531  38.878  1.981  -56.247 0.0000000000
92532  36.693  2.427  -55.608 0.0000000000
92533  36.259  2.916  -56.191 0.0000000000
92534  39.055  2.508  -56.275 0.0000000000
92535  38.582  2.435  -56.758 0.0000000000
92536  37.774  2.424  -56.958 0.0000000000
92537  36.923  2.573  -56.673 0.0000000000
92538  36.075  3.164  -56.804 0.0000000000
92539  38.182  2.915  -57.318 0.0000000000
92540  37.466  3.045  -57.421 0.0000000000
92541  36.641  3.299  -57.351 0.0000000000
92542  36.029  3.605  -57.285 0.0000000000
93690  39.901  3.500  -44.408 0.0000000000
93704  39.561  3.422  -45.237 0.0000000000
93710  39.234  3.489  -46.330 0.0000000000
93717  39.134  3.397  -47.573 0.0000000000
93731  39.241  3.213  -48.780 0.0000000000
93751  39.316  2.945  -50.073 0.0000000000
93761  39.330  3.107  -51.343 0.0000000000
93775  39.423  2.853  -52.460 0.0000000000
93798  39.473  2.774  -53.356 0.0000000000
93813  39.495  2.810  -54.214 0.0000000000
93820  39.430  2.868  -55.074 0.0000000000
93823  39.271  2.983  -55.835 0.0000000000
93827  39.020  3.170  -56.473 0.0000000000
93828  38.703  3.398  -57.151 0.0000000000
93831  38.057  3.638  -57.616 0.0000000000
93832  37.160  3.937  -57.838 0.0000000000
93833  36.327  3.891  -57.657 0.0000000000
93834  35.657  4.118  -57.571 0.0000000000
93836  36.917  4.449  -58.041 0.0000000000
93837  36.491  4.328  -57.947 0.0000000000
93838  36.051  4.241  -57.807 0.0000000000
94940  39.776  4.011  -44.783 0.0000000000
94963  39.541  4.556  -45.399 0.0000000000
94975  38.916  4.667  -46.817 0.0000000000
94976  38.750  5.356  -47.098 0.0000000000
94986  38.865  4.221  -48.124 0.0000000000
94987  38.677  5.155  -47.670 0.0000000000
94999  38.915  4.015  -49.293 0.0000000000
95000  38.632  4.978  -48.676 0.0000000000
95018  38.928  3.928  -50.410 0.0000000000
95019  38.624  4.846  -49.760 0.0000000000
95032  38.935  3.982  -51.267 0.0000000000
95033  38.646  4.728  -50.807 0.0000000000
95043  39.127  3.667  -52.048 0.0000000000
95044  38.730  4.481  -51.804 0.0000000000
95062  39.276  3.397  -52.800 0.0000000000
95063  38.964  4.067  -52.717 0.0000000000
95082  39.268  3.511  -53.492 0.0000000000
95083  38.910  4.265  -53.582 0.0000000000
95096  39.267  3.598  -54.348 0.0000000000
95097  38.929  4.323  -54.521 0.0000000000
95103  39.222  3.643  -55.208 0.0000000000
95104  38.931  4.324  -55.439 0.0000000000
95107  39.121  3.658  -55.919 0.0000000000
95108  38.870  4.163  -56.445 0.0000000000
95111  38.466  4.295  -57.297 0.0000000000
95112  37.874  4.476  -57.783 0.0000000000
95113  35.489  4.472  -57.698 0.0000000000
95114  35.102  4.728  -57.481 0.0000000000
95116  37.270  4.731  -58.087 0.0000000000
95117  36.649  4.830  -58.191 0.0000000000
95118  35.794  4.722  -58.020 0.0000000000
95119  35.193  5.266  -57.972 0.0000000000
96217  39.329  5.559  -46.023 0.0000000000
96218  38.910  5.742  -46.693 0.0000000000
96229  38.662  5.874  -47.282 0.0000000000
96243  38.427  5.878  -48.102 0.0000000000
96259  38.309  5.767  -49.171 0.0000000000
96271  38.233  5.636  -50.270 0.0000000000
96276  38.267  5.404  -51.410 0.0000000000
96286  38.481  5.012  -52.665 0.0000000000
96303  38.521  4.992  -53.814 0.0000000000
96322  38.566  5.001  -54.751 0.0000000000
96330  38.581  5.048  -55.692 0.0000000000
96336  44.941  5.647  -56.192 0.0000000000
96337  38.383  5.104  -56.674 0.0000000000
96338  38.023  5.519  -57.159 0.0000000000
96342  38.145  4.955  -57.405 0.0000000000
96343  37.656  5.378  -57.762 0.0000000000
96344  34.857  5.496  -57.676 0.0000000000
96347  37.004  5.434  -58.224 0.0000000000
96348  36.313  5.485  -58.333 0.0000000000
96349  35.588  5.705  -58.274 0.0000000000
97598  38.829  6.291  -46.873 0.0000000000
97615  39.126  7.311  -46.927 0.0000000000
97616  38.615  6.826  -47.381 0.0000000000
97632  38.140  6.751  -48.601 0.0000000000
97653  37.933  6.568  -49.695 0.0000000000
97670  37.708  6.549  -50.848 0.0000000000
97671  37.417  7.234  -51.118 0.0000000000
97680  37.880  6.040  -52.147 0.0000000000
97681  37.435  6.954  -51.816 0.0000000000
97693  43.869  6.783  -52.479 0.0000000000
97694  38.057  5.754  -53.277 0.0000000000
97695  37.559  6.674  -52.931 0.0000000000
97708  43.961  6.613  -53.507 0.0000000000
97709  38.241  5.565  -54.144 0.0000000000
97710  37.790  6.269  -54.021 0.0000000000
97725  44.098  6.404  -54.738 0.0000000000
97726  38.212  5.727  -54.905 0.0000000000
97727  37.691  6.491  -55.008 0.0000000000
97738  44.486  5.856  -55.678 0.0000000000
97739  43.996  6.554  -55.914 0.0000000000
97740  38.148  5.810  -55.835 0.0000000000
97741  37.668  6.459  -56.063 0.0000000000
97750  45.324  6.048  -56.676 0.0000000000
97751  44.541  6.177  -56.693 0.0000000000
97752  43.857  6.745  -56.925 0.0000000000
97753  38.037  5.859  -56.598 0.0000000000
97754  37.599  6.238  -57.098 0.0000000000
97760  45.764  6.562  -56.927 0.0000000000
97761  45.169  6.567  -57.316 0.0000000000
97762  44.371  6.676  -57.604 0.0000000000
97763  43.739  6.907  -57.728 0.0000000000
97764  37.083  6.188  -57.886 0.0000000000
97765  36.575  6.533  -58.100 0.0000000000
97771  36.656  6.001  -58.268 0.0000000000
97772  36.099  6.387  -58.385 0.0000000000
97773  35.350  6.601  -58.340 0.0000000000
99024  38.977  7.819  -47.365 0.0000000000
99039  41.735  8.185  -47.903 0.0000000000
99040  38.365  7.862  -48.169 0.0000000000
99061  37.797  7.682  -49.339 0.0000000000
99062  37.578  8.184  -49.800 0.0000000000
99081  43.113  7.855  -50.518 0.0000000000
99082  37.664  7.112  -50.054 0.0000000000
99083  37.437  7.717  -50.418 0.0000000000
99099  43.476  7.573  -51.808 0.0000000000
99100  43.261  7.776  -51.149 0.0000000000
99101  37.190  7.766  -51.428 0.0000000000
99114  43.606  7.393  -52.889 0.0000000000
99115  37.142  7.590  -52.479 0.0000000000
99125  43.640  7.268  -53.978 0.0000000000
99126  37.147  7.474  -53.897 0.0000000000
99127  36.714  8.193  -54.136 0.0000000000
99132  43.664  7.242  -55.090 0.0000000000
99133  37.211  7.225  -55.340 0.0000000000
99134  36.736  7.997  -54.801 0.0000000000
99141  43.572  7.317  -56.138 0.0000000000
99142  37.160  7.055  -56.438 0.0000000000
99143  36.694  7.788  -55.817 0.0000000000
99150  46.244  6.848  -56.778 0.0000000000
99151  43.292  7.509  -57.191 0.0000000000
99152  42.917  8.026  -57.394 0.0000000000
99153  36.944  6.893  -57.375 0.0000000000
99154  36.626  7.636  -56.824 0.0000000000
99160  46.818  7.772  -57.104 0.0000000000
99161  46.018  7.325  -57.236 0.0000000000
99162  45.009  7.365  -58.110 0.0000000000
99163  44.049  7.025  -58.399 0.0000000000
99164  43.410  7.277  -58.229 0.0000000000
99165  42.966  7.807  -58.001 0.0000000000
99166  36.722  6.744  -57.849 0.0000000000
99167  36.186  7.396  -57.866 0.0000000000
99168  35.571  8.072  -58.023 0.0000000000
99174  44.908  7.918  -58.655 0.0000000000
99175  44.255  7.714  -59.076 0.0000000000
99176  43.558  7.363  -58.976 0.0000000000
99177  42.991  7.564  -58.850 0.0000000000
99178  35.736  7.004  -58.336 0.0000000000
99179  35.181  7.674  -58.359 0.0000000000
99183  43.885  7.972  -59.766 0.0000000000
99184  43.495  7.696  -59.624 0.0000000000
99185  43.158  7.529  -59.358 0.0000000000
100471  40.958  8.264  -47.392 0.0000000000
100472  40.391  8.410  -47.381 0.0000000000
100473  39.566  8.429  -47.522 0.0000000000
100474  38.908  8.418  -47.798 0.0000000000
100483  41.853  8.311  -48.215 0.0000000000
100484  41.230  8.655  -48.005 0.0000000000
100485  40.152  9.022  -47.878 0.0000000000
100486  39.298  8.969  -48.031 0.0000000000
100487  38.651  8.757  -48.310 0.0000000000
100496  42.100  8.563  -48.886 0.0000000000
100497  41.442  9.276  -48.880 0.0000000000
100498  38.169  8.639  -48.838 0.0000000000
100499  37.759  8.679  -49.458 0.0000000000
100511  42.607  8.573  -50.105 0.0000000000
100512  37.463  8.678  -50.055 0.0000000000
100520  43.295  8.036  -51.833 0.0000000000
100521  42.986  8.427  -51.434 0.0000000000
100522  37.137  8.645  -50.857 0.0000000000
100527  43.339  8.069  -52.298 0.0000000000
100528  43.021  8.791  -52.603 0.0000000000
100529  36.857  8.563  -51.947 0.0000000000
100530  36.633  8.852  -52.678 0.0000000000
100536  43.360  8.062  -53.290 0.0000000000
100537  43.081  8.785  -53.674 0.0000000000
100538  36.815  8.189  -52.892 0.0000000000
100539  36.581  8.601  -53.508 0.0000000000
100544  43.357  8.015  -54.343 0.0000000000
100545  43.117  8.757  -54.693 0.0000000000
100546  36.384  8.714  -54.349 0.0000000000
100552  43.326  7.994  -55.362 0.0000000000
100553  43.074  8.695  -55.693 0.0000000000
100554  36.241  8.604  -55.279 0.0000000000
100555  35.935  8.880  -55.788 0.0000000000
100562  43.221  7.981  -56.226 0.0000000000
100563  42.890  8.458  -56.744 0.0000000000
100564  36.265  8.325  -56.212 0.0000000000
100565  35.782  8.822  -56.474 0.0000000000
100572  47.608  8.188  -57.244 0.0000000000
100573  46.549  8.210  -57.481 0.0000000000
100574  45.812  7.941  -57.801 0.0000000000
100575  42.627  8.460  -57.640 0.0000000000
100576  36.128  8.163  -57.001 0.0000000000
100577  35.595  8.580  -57.450 0.0000000000
100585  46.114  8.506  -57.814 0.0000000000
100586  45.474  8.368  -58.261 0.0000000000
100587  44.832  8.487  -58.921 0.0000000000
100588  42.520  8.182  -58.593 0.0000000000
100589  35.181  8.644  -58.149 0.0000000000
100590  34.527  8.791  -58.551 0.0000000000
100595  44.187  8.582  -59.650 0.0000000000
100596  43.433  8.317  -60.385 0.0000000000
100597  42.621  7.929  -59.774 0.0000000000
100598  42.106  8.243  -60.022 0.0000000000
100603  43.046  8.557  -61.403 0.0000000000
100604  42.656  8.218  -60.927 0.0000000000
100605  42.112  8.284  -60.546 0.0000000000
100606  42.824  8.712  -61.937 0.0000000000
100607  42.513  8.513  -61.758 0.0000000000
100608  42.129  8.379  -61.338 0.0000000000
101747  40.643  9.505  -48.569 0.0000000000
101748  39.712  9.597  -48.413 0.0000000000
101749  38.879  9.425  -48.515 0.0000000000
101750  38.467  9.129  -48.710 0.0000000000
101755  41.931  9.390  -49.713 0.0000000000
101756  41.110  10.075  -49.428 0.0000000000
101757  40.125  10.260  -48.988 0.0000000000
101758  39.161  10.154  -48.833 0.0000000000
101759  38.208  9.676  -49.231 0.0000000000
101760  37.672  9.185  -49.705 0.0000000000
101773  42.312  9.417  -50.763 0.0000000000
101774  41.664  10.189  -50.423 0.0000000000
101775  37.907  10.249  -49.788 0.0000000000
101776  37.467  9.664  -50.217 0.0000000000
101786  42.444  9.760  -51.897 0.0000000000
101787  42.042  10.066  -51.102 0.0000000000
101788  36.927  9.545  -51.271 0.0000000000
101792  42.734  9.550  -53.097 0.0000000000
101793  36.634  9.489  -52.152 0.0000000000
101794  36.412  9.471  -52.924 0.0000000000
101799  42.842  9.492  -54.082 0.0000000000
101800  36.196  9.444  -53.728 0.0000000000
101804  42.856  9.474  -55.065 0.0000000000
101805  35.854  9.492  -54.656 0.0000000000
101806  35.454  10.007  -54.882 0.0000000000
101812  42.729  9.368  -56.073 0.0000000000
101813  35.876  9.124  -55.336 0.0000000000
101814  35.472  9.552  -55.605 0.0000000000
101819  42.483  9.234  -57.043 0.0000000000
101820  35.237  9.478  -56.699 0.0000000000
101827  47.143  8.851  -57.610 0.0000000000
101828  46.529  8.714  -57.707 0.0000000000
101829  42.071  9.139  -58.093 0.0000000000
101830  41.704  9.610  -58.363 0.0000000000
101831  34.901  9.503  -57.674 0.0000000000
101832  34.537  10.030  -57.942 0.0000000000
101841  46.361  9.243  -57.883 0.0000000000
101842  45.369  9.287  -58.463 0.0000000000
101843  44.700  9.340  -59.113 0.0000000000
101844  42.076  8.538  -59.175 0.0000000000
101845  41.678  9.272  -58.920 0.0000000000
101846  34.851  9.161  -58.274 0.0000000000
101847  34.527  9.682  -58.409 0.0000000000
101851  44.233  9.452  -59.661 0.0000000000
101852  43.838  9.205  -60.303 0.0000000000
101853  42.105  8.302  -59.740 0.0000000000
101854  41.697  8.750  -59.929 0.0000000000
101855  34.100  9.605  -59.052 0.0000000000
101860  43.515  9.047  -61.153 0.0000000000
101861  41.616  8.712  -61.058 0.0000000000
101865  43.095  9.078  -61.865 0.0000000000
101866  42.499  9.060  -62.393 0.0000000000
101867  41.856  8.765  -62.085 0.0000000000
101868  42.081  9.336  -62.812 0.0000000000
101869  41.982  9.050  -62.659 0.0000000000
102986  41.105  10.618  -50.099 0.0000000000
102987  40.452  10.849  -49.755 0.0000000000
102988  39.472  10.885  -49.490 0.0000000000
102989  38.781  10.460  -49.221 0.0000000000
103004  41.285  10.764  -50.625 0.0000000000
103005  40.849  11.055  -50.413 0.0000000000
103006  39.051  11.302  -49.824 0.0000000000
103007  38.455  10.823  -49.715 0.0000000000
103008  37.736  10.701  -50.229 0.0000000000
103019  42.112  10.494  -52.135 0.0000000000
103020  41.619  10.834  -51.390 0.0000000000
103021  41.129  11.091  -50.857 0.0000000000
103022  37.211  10.527  -50.928 0.0000000000
103029  42.352  10.313  -52.803 0.0000000000
103030  41.936  11.024  -52.507 0.0000000000
103031  36.751  10.376  -51.742 0.0000000000
103032  36.440  10.163  -52.426 0.0000000000
103037  42.567  10.104  -53.601 0.0000000000
103038  42.208  10.888  -53.656 0.0000000000
103039  36.152  10.341  -53.105 0.0000000000
103040  35.863  10.765  -53.583 0.0000000000
103044  42.569  10.198  -54.442 0.0000000000
103045  42.192  10.916  -54.863 0.0000000000
103046  35.874  10.101  -53.851 0.0000000000
103047  35.541  10.545  -54.278 0.0000000000
103052  42.501  10.159  -55.462 0.0000000000
103053  42.115  10.812  -55.934 0.0000000000
103054  35.156  10.549  -55.058 0.0000000000
103059  42.324  10.018  -56.442 0.0000000000
103060  41.896  10.558  -56.913 0.0000000000
103061  34.787  10.341  -55.988 0.0000000000
103062  34.434  10.636  -56.571 0.0000000000
103066  42.098  9.832  -57.267 0.0000000000
103067  41.688  10.124  -57.892 0.0000000000
103068  34.735  10.059  -56.870 0.0000000000
103069  34.378  10.460  -57.366 0.0000000000
103080  41.459  9.894  -58.611 0.0000000000
103081  34.234  10.497  -58.202 0.0000000000
103082  33.969  10.735  -58.736 0.0000000000
103088  41.212  9.783  -59.406 0.0000000000
103089  40.897  10.154  -60.042 0.0000000000
103090  34.198  10.209  -58.815 0.0000000000
103091  33.786  10.509  -59.358 0.0000000000
103095  43.524  10.033  -60.811 0.0000000000
103096  43.220  10.284  -61.530 0.0000000000
103097  41.179  9.430  -60.521 0.0000000000
103098  40.866  10.174  -60.940 0.0000000000
103099  33.327  10.545  -60.097 0.0000000000
103103  43.307  9.625  -61.560 0.0000000000
103104  42.913  9.926  -62.159 0.0000000000
103105  41.224  9.383  -61.659 0.0000000000
103106  40.861  10.230  -62.070 0.0000000000
103110  42.304  9.985  -62.893 0.0000000000
103111  41.490  9.611  -62.889 0.0000000000
103112  40.817  10.500  -63.021 0.0000000000
103113  41.848  10.410  -63.456 0.0000000000
103114  41.256  10.586  -63.533 0.0000000000
103115  40.810  10.940  -63.533 0.0000000000
104244  40.308  11.120  -49.915 0.0000000000
104245  40.068  11.204  -49.854 0.0000000000
104259  40.350  11.271  -50.182 0.0000000000
104260  39.637  11.601  -50.210 0.0000000000
104261  38.683  11.581  -50.229 0.0000000000
104262  38.117  11.287  -50.272 0.0000000000
104272  41.232  11.406  -51.470 0.0000000000
104273  40.685  11.651  -51.061 0.0000000000
104274  39.676  12.185  -50.904 0.0000000000
104275  38.202  11.705  -50.599 0.0000000000
104276  37.653  11.423  -50.812 0.0000000000
104286  41.302  11.664  -52.029 0.0000000000
104287  40.641  12.285  -51.990 0.0000000000
104288  37.063  11.336  -51.512 0.0000000000
104289  36.486  11.149  -52.313 0.0000000000
104294  41.626  11.720  -53.179 0.0000000000
104295  36.147  11.339  -53.069 0.0000000000
104296  35.690  11.493  -53.662 0.0000000000
104301  41.766  11.681  -54.314 0.0000000000
104302  35.208  11.491  -54.400 0.0000000000
104307  41.804  11.614  -55.437 0.0000000000
104308  34.689  11.453  -55.264 0.0000000000
104309  34.206  11.758  -55.783 0.0000000000
104313  41.705  11.409  -56.507 0.0000000000
104314  34.375  11.079  -56.021 0.0000000000
104315  34.016  11.386  -56.602 0.0000000000
104324  41.470  11.065  -57.516 0.0000000000
104325  33.838  11.271  -57.614 0.0000000000
104326  33.621  11.569  -58.104 0.0000000000
104336  41.173  10.679  -58.574 0.0000000000
104337  40.834  11.084  -59.102 0.0000000000
104338  33.867  11.082  -58.313 0.0000000000
104339  33.577  11.408  -58.815 0.0000000000
104344  40.890  10.527  -59.395 0.0000000000
104345  40.669  10.995  -59.980 0.0000000000
104346  33.393  11.384  -59.795 0.0000000000
104347  33.079  11.697  -60.305 0.0000000000
104351  43.146  11.060  -61.034 0.0000000000
104352  42.949  10.913  -61.861 0.0000000000
104353  40.571  11.073  -61.218 0.0000000000
104354  33.150  11.130  -60.431 0.0000000000
104358  42.694  10.879  -62.527 0.0000000000
104359  40.563  11.100  -62.323 0.0000000000
104364  42.296  11.224  -63.230 0.0000000000
104365  40.557  11.234  -63.121 0.0000000000
104366  41.651  11.241  -63.710 0.0000000000
104367  41.047  11.345  -63.819 0.0000000000
104368  40.727  11.464  -63.534 0.0000000000
105517  38.932  12.098  -50.666 0.0000000000
105518  38.480  11.913  -50.642 0.0000000000
105528  39.937  12.542  -51.604 0.0000000000
105529  39.035  12.619  -51.302 0.0000000000
105530  38.124  12.194  -51.130 0.0000000000
105531  37.478  11.886  -51.378 0.0000000000
105542  40.977  12.402  -52.825 0.0000000000
105543  40.140  12.968  -52.569 0.0000000000
105544  39.234  13.130  -52.083 0.0000000000
105545  38.286  12.966  -51.872 0.0000000000
105546  37.170  12.444  -52.187 0.0000000000
105547  36.459  11.859  -52.634 0.0000000000
105551  41.205  12.400  -53.863 0.0000000000
105552  40.553  12.986  -53.503 0.0000000000
105553  36.844  12.997  -52.973 0.0000000000
105554  36.294  12.363  -53.172 0.0000000000
105555  35.572  12.415  -53.840 0.0000000000
105561  41.351  12.397  -54.959 0.0000000000
105562  40.747  13.038  -54.478 0.0000000000
105563  34.990  12.513  -54.538 0.0000000000
105569  41.438  12.290  -56.092 0.0000000000
105570  40.841  13.126  -55.639 0.0000000000
105571  34.418  12.545  -55.260 0.0000000000
105572  33.887  12.480  -55.985 0.0000000000
105577  41.332  11.975  -57.172 0.0000000000
105578  40.960  12.818  -56.816 0.0000000000
105579  33.500  12.359  -57.026 0.0000000000
105580  33.173  12.897  -57.408 0.0000000000
105589  41.079  11.572  -58.125 0.0000000000
105590  40.849  12.413  -57.871 0.0000000000
105591  33.538  11.854  -57.693 0.0000000000
105592  33.218  12.308  -58.033 0.0000000000
105599  40.930  11.316  -58.681 0.0000000000
105600  40.694  11.883  -58.984 0.0000000000
105601  32.957  12.316  -59.178 0.0000000000
105602  32.547  12.923  -59.473 0.0000000000
105605  43.157  12.148  -60.470 0.0000000000
105606  40.304  12.157  -60.240 0.0000000000
105607  40.000  12.887  -60.303 0.0000000000
105608  33.117  11.982  -59.921 0.0000000000
105609  32.676  12.426  -60.195 0.0000000000
105612  42.838  12.033  -61.574 0.0000000000
105613  42.794  11.440  -62.146 0.0000000000
105614  40.297  11.924  -61.605 0.0000000000
105615  39.993  12.759  -61.037 0.0000000000
105619  42.722  12.491  -62.003 0.0000000000
105620  42.638  12.005  -62.466 0.0000000000
105621  40.358  11.863  -62.588 0.0000000000
105622  39.987  12.639  -62.070 0.0000000000
105628  42.364  12.267  -63.068 0.0000000000
105629  40.512  11.899  -63.236 0.0000000000
105630  40.227  12.522  -62.903 0.0000000000
105634  41.967  12.140  -63.544 0.0000000000
105635  41.344  12.127  -63.786 0.0000000000
105636  40.769  12.151  -63.616 0.0000000000
105637  40.503  12.386  -63.300 0.0000000000
106818  39.957  13.398  -53.326 0.0000000000
106819  39.358  13.521  -52.931 0.0000000000
106820  38.497  13.470  -52.645 0.0000000000
106821  37.849  13.215  -52.436 0.0000000000
106826  40.100  13.502  -54.047 0.0000000000
106827  39.466  13.750  -53.690 0.0000000000
106828  38.712  13.914  -53.517 0.0000000000
106829  37.557  13.674  -53.262 0.0000000000
106830  36.513  13.284  -53.475 0.0000000000
106831  36.013  12.926  -53.622 0.0000000000
106837  40.223  13.620  -54.928 0.0000000000
106838  39.461  13.957  -54.444 0.0000000000
106839  39.114  13.995  -53.960 0.0000000000
106840  37.318  14.125  -53.984 0.0000000000
106841  36.769  13.927  -53.952 0.0000000000
106842  35.810  13.500  -54.157 0.0000000000
106846  40.227  13.713  -55.718 0.0000000000
106847  39.686  14.036  -55.313 0.0000000000
106848  34.963  13.532  -54.906 0.0000000000
106849  34.292  13.525  -55.529 0.0000000000
106856  40.405  13.515  -56.519 0.0000000000
106857  39.815  14.067  -56.199 0.0000000000
106858  33.691  13.486  -56.217 0.0000000000
106859  33.275  13.532  -56.944 0.0000000000
106868  40.463  13.231  -57.542 0.0000000000
106869  39.913  13.905  -57.176 0.0000000000
106870  32.836  13.496  -57.728 0.0000000000
106871  32.592  14.024  -58.053 0.0000000000
106876  40.429  12.853  -58.580 0.0000000000
106877  39.956  13.618  -58.235 0.0000000000
106878  32.799  12.857  -58.388 0.0000000000
106879  32.461  13.511  -58.697 0.0000000000
106882  43.337  13.239  -59.938 0.0000000000
106883  40.352  12.536  -59.316 0.0000000000
106884  39.960  13.193  -59.467 0.0000000000
106885  32.114  13.544  -59.778 0.0000000000
106886  31.735  13.997  -60.072 0.0000000000
106889  43.095  13.201  -60.915 0.0000000000
106890  39.672  13.351  -60.445 0.0000000000
106891  32.142  13.049  -60.659 0.0000000000
106892  31.803  13.654  -60.414 0.0000000000
106895  42.835  13.086  -61.701 0.0000000000
106896  42.672  12.844  -62.193 0.0000000000
106897  39.522  13.453  -61.468 0.0000000000
106898  39.218  13.834  -62.111 0.0000000000
106904  42.529  12.992  -62.612 0.0000000000
106905  39.644  13.384  -62.631 0.0000000000
106906  39.286  13.858  -62.550 0.0000000000
106911  42.214  13.110  -63.148 0.0000000000
106912  41.643  13.098  -63.563 0.0000000000
106913  40.978  13.063  -63.771 0.0000000000
106914  40.374  13.078  -63.325 0.0000000000
108115  38.588  14.077  -53.853 0.0000000000
108116  38.299  14.105  -53.800 0.0000000000
108121  39.130  14.165  -54.516 0.0000000000
108122  38.763  14.191  -54.248 0.0000000000
108123  37.876  14.362  -54.272 0.0000000000
108124  37.108  14.434  -54.488 0.0000000000
108125  36.419  14.289  -54.504 0.0000000000
108129  39.136  14.270  -54.880 0.0000000000
108130  38.496  14.544  -55.087 0.0000000000
108131  37.599  14.765  -55.335 0.0000000000
108132  36.752  14.727  -55.070 0.0000000000
108133  35.795  14.515  -55.070 0.0000000000
108134  34.940  14.248  -55.408 0.0000000000
108143  39.146  14.411  -55.725 0.0000000000
108144  38.347  14.761  -56.152 0.0000000000
108145  37.786  14.909  -55.980 0.0000000000
108146  35.320  14.836  -55.708 0.0000000000
108147  34.460  14.637  -56.026 0.0000000000
108148  33.702  14.310  -56.536 0.0000000000
108157  39.220  14.392  -56.723 0.0000000000
108158  38.615  14.676  -57.267 0.0000000000
108159  34.092  15.028  -56.698 0.0000000000
108160  33.346  14.722  -57.179 0.0000000000
108161  32.827  14.418  -57.739 0.0000000000
108166  39.346  14.250  -57.767 0.0000000000
108167  38.754  14.533  -58.315 0.0000000000
108168  33.103  15.098  -57.797 0.0000000000
108169  32.561  14.741  -58.239 0.0000000000
108173  43.647  14.130  -59.440 0.0000000000
108174  39.397  14.003  -58.800 0.0000000000
108175  38.884  14.314  -59.188 0.0000000000
108176  32.106  14.581  -59.011 0.0000000000
108177  31.757  14.567  -59.721 0.0000000000
108181  43.575  14.382  -60.432 0.0000000000
108182  39.345  13.878  -59.760 0.0000000000
108183  38.803  14.365  -60.020 0.0000000000
108184  31.544  14.423  -60.425 0.0000000000
108187  43.277  14.204  -61.428 0.0000000000
108188  42.837  13.644  -62.109 0.0000000000
108189  39.286  13.906  -60.598 0.0000000000
108190  38.927  14.298  -61.227 0.0000000000
108195  43.155  14.552  -62.029 0.0000000000
108196  42.665  14.156  -62.606 0.0000000000
108197  39.354  13.906  -62.804 0.0000000000
108198  38.938  14.350  -62.480 0.0000000000
108204  42.107  14.173  -63.254 0.0000000000
108205  41.319  14.208  -63.708 0.0000000000
108206  40.526  13.958  -63.710 0.0000000000
108207  39.648  14.150  -63.317 0.0000000000
108208  38.917  14.943  -63.303 0.0000000000
108214  40.735  14.678  -63.880 0.0000000000
108215  40.143  14.762  -63.858 0.0000000000
108216  39.488  15.142  -63.753 0.0000000000
108217  38.910  15.515  -63.777 0.0000000000
109427  37.065  14.925  -55.545 0.0000000000
109428  36.575  15.053  -55.626 0.0000000000
109429  35.944  15.136  -55.786 0.0000000000
109438  37.842  14.925  -56.277 0.0000000000
109439  37.342  15.080  -56.126 0.0000000000
109440  36.548  15.328  -56.378 0.0000000000
109441  35.574  15.374  -56.419 0.0000000000
109442  34.808  15.380  -56.738 0.0000000000
109450  37.917  14.963  -56.794 0.0000000000
109451  37.303  15.281  -57.089 0.0000000000
109452  36.491  15.559  -57.291 0.0000000000
109453  35.561  15.707  -57.420 0.0000000000
109454  34.459  15.628  -57.425 0.0000000000
109455  33.701  15.553  -57.739 0.0000000000
109461  38.049  15.001  -57.782 0.0000000000
109462  37.350  15.371  -58.145 0.0000000000
109463  36.487  15.706  -58.354 0.0000000000
109464  35.488  15.988  -58.450 0.0000000000
109465  34.423  16.016  -58.293 0.0000000000
109466  33.379  15.830  -58.412 0.0000000000
109467  32.555  15.463  -58.731 0.0000000000
109472  38.175  14.809  -59.013 0.0000000000
109473  37.392  15.401  -59.307 0.0000000000
109474  36.524  15.879  -59.528 0.0000000000
109475  35.726  16.152  -59.357 0.0000000000
109476  33.004  16.094  -59.041 0.0000000000
109477  32.242  15.737  -59.442 0.0000000000
109478  31.677  15.290  -60.000 0.0000000000
109483  43.882  15.057  -61.078 0.0000000000
109484  38.206  14.936  -60.268 0.0000000000
109485  37.485  15.495  -60.501 0.0000000000
109486  36.797  15.927  -60.723 0.0000000000
109487  31.962  16.049  -60.095 0.0000000000
109488  31.489  15.628  -60.619 0.0000000000
109492  43.752  15.377  -61.675 0.0000000000
109493  38.259  14.999  -61.474 0.0000000000
109494  37.551  15.570  -61.648 0.0000000000
109495  36.886  16.060  -61.734 0.0000000000
109496  31.163  15.669  -61.335 0.0000000000
109499  43.280  15.351  -62.263 0.0000000000
109500  42.678  15.314  -62.779 0.0000000000
109501  38.275  15.196  -62.558 0.0000000000
109502  37.609  15.850  -62.712 0.0000000000
109503  36.973  16.305  -62.499 0.0000000000
109504  30.851  15.860  -61.898 0.0000000000
109507  41.989  15.297  -63.353 0.0000000000
109508  41.171  15.409  -63.737 0.0000000000
109509  40.634  15.812  -63.850 0.0000000000
109510  38.357  15.593  -63.405 0.0000000000
109511  37.875  16.138  -63.590 0.0000000000
109517  40.530  15.230  -63.923 0.0000000000
109518  40.017  15.663  -63.992 0.0000000000
109519  39.259  15.918  -64.060 0.0000000000
109520  38.504  16.110  -64.047 0.0000000000
109521  37.930  16.488  -64.099 0.0000000000
110674  35.096  16.233  -58.972 0.0000000000
110675  34.414  16.355  -59.045 0.0000000000
110676  33.718  16.391  -59.182 0.0000000000
110681  36.136  16.191  -60.042 0.0000000000
110682  35.366  16.464  -59.824 0.0000000000
110683  34.457  16.725  -59.874 0.0000000000
110684  33.357  16.647  -59.771 0.0000000000
110685  32.588  16.521  -60.041 0.0000000000
110691  36.157  16.345  -60.831 0.0000000000
110692  35.380  16.754  -60.852 0.0000000000
110693  34.394  17.120  -60.880 0.0000000000
110694  33.282  17.062  -60.527 0.0000000000
110695  32.305  16.753  -60.707 0.0000000000
110696  31.631  16.381  -61.090 0.0000000000
110702  43.960  16.137  -62.055 0.0000000000
110703  36.263  16.542  -61.821 0.0000000000
110704  35.510  17.134  -61.959 0.0000000000
110705  34.821  17.299  -61.614 0.0000000000
110706  32.088  16.939  -61.338 0.0000000000
110707  31.466  16.709  -61.676 0.0000000000
110711  44.630  16.925  -62.292 0.0000000000
110712  43.586  16.510  -62.488 0.0000000000
110713  42.658  16.414  -62.897 0.0000000000
110714  37.348  16.347  -63.130 0.0000000000
110715  36.657  16.784  -62.913 0.0000000000
110716  36.041  17.302  -63.160 0.0000000000
110717  31.080  16.747  -62.315 0.0000000000
110721  41.859  16.373  -63.340 0.0000000000
110722  41.105  16.428  -63.612 0.0000000000
110723  40.417  16.487  -63.824 0.0000000000
110724  37.404  16.651  -63.708 0.0000000000
110725  36.819  17.221  -63.849 0.0000000000
110726  36.285  17.475  -63.703 0.0000000000
110731  39.718  16.562  -64.060 0.0000000000
110732  38.973  16.759  -64.325 0.0000000000
110733  38.277  16.790  -64.372 0.0000000000
110734  37.591  17.062  -64.322 0.0000000000
110735  36.946  17.215  -64.168 0.0000000000
110741  38.553  17.244  -64.471 0.0000000000
110742  38.107  17.372  -64.567 0.0000000000
110743  37.707  17.586  -64.556 0.0000000000
111810  40.618  17.803  -55.815 0.0000000000
111811  39.698  17.707  -55.800 0.0000000000
111812  38.851  17.707  -55.887 0.0000000000
111813  38.391  17.750  -56.059 0.0000000000
111821  41.092  17.658  -56.583 0.0000000000
111822  40.173  17.587  -56.571 0.0000000000
111823  39.303  17.633  -56.543 0.0000000000
111824  38.638  17.735  -56.483 0.0000000000
111833  41.571  17.622  -57.342 0.0000000000
111834  40.674  17.564  -57.341 0.0000000000
111835  39.715  17.645  -57.441 0.0000000000
111836  38.856  17.750  -57.104 0.0000000000
111837  38.416  17.838  -56.856 0.0000000000
111845  42.017  17.650  -58.024 0.0000000000
111846  41.214  17.588  -58.084 0.0000000000
111847  40.330  17.665  -58.070 0.0000000000
111848  39.841  17.751  -58.027 0.0000000000
111859  33.834  17.264  -61.053 0.0000000000
111860  33.306  17.329  -61.165 0.0000000000
111861  32.693  17.284  -61.370 0.0000000000
111867  34.990  17.399  -61.947 0.0000000000
111868  34.315  17.457  -61.727 0.0000000000
111869  33.430  17.610  -61.907 0.0000000000
111870  32.428  17.489  -61.935 0.0000000000
111871  31.744  17.340  -62.279 0.0000000000
111876  44.513  17.723  -62.669 0.0000000000
111877  43.494  17.546  -62.790 0.0000000000
111878  42.538  17.416  -62.995 0.0000000000
111879  35.192  17.527  -62.554 0.0000000000
111880  34.435  17.904  -62.811 0.0000000000
111881  33.363  17.945  -62.583 0.0000000000
111882  32.481  17.882  -62.793 0.0000000000
111883  31.555  17.504  -62.870 0.0000000000
111887  41.686  17.299  -63.284 0.0000000000
111888  40.923  17.261  -63.507 0.0000000000
111889  40.216  17.319  -63.808 0.0000000000
111890  36.425  17.561  -63.939 0.0000000000
111891  35.685  17.847  -63.679 0.0000000000
111892  34.924  18.038  -63.494 0.0000000000
111893  32.119  18.058  -63.344 0.0000000000
111894  31.312  17.910  -63.625 0.0000000000
111899  39.536  17.392  -64.157 0.0000000000
111900  38.978  17.605  -64.459 0.0000000000
111901  37.341  17.538  -64.467 0.0000000000
111902  36.721  17.737  -64.366 0.0000000000
111903  36.062  18.293  -64.552 0.0000000000
111904  31.092  18.325  -64.369 0.0000000000
111909  38.484  17.816  -64.627 0.0000000000
111910  38.202  18.115  -64.812 0.0000000000
111911  37.387  18.075  -64.751 0.0000000000
111912  36.724  18.397  -64.873 0.0000000000
111913  36.258  18.656  -64.910 0.0000000000
111914  30.911  18.572  -64.875 0.0000000000
113033  39.120  18.953  -53.531 0.0000000000
113034  38.038  18.831  -53.439 0.0000000000
113035  37.017  18.915  -53.530 0.0000000000
113036  36.495  19.096  -53.629 0.0000000000
113045  41.350  19.029  -54.887 0.0000000000
113046  40.580  18.757  -54.556 0.0000000000
113047  39.653  18.452  -54.282 0.0000000000
113048  38.564  18.263  -54.266 0.0000000000
113049  37.420  18.386  -54.313 0.0000000000
113050  36.280  18.824  -54.213 0.0000000000
113051  35.606  19.012  -54.454 0.0000000000
113062  41.849  18.704  -55.479 0.0000000000
113063  41.033  18.332  -55.225 0.0000000000
113064  40.135  18.075  -55.069 0.0000000000
113065  39.152  17.881  -55.066 0.0000000000
113066  38.037  17.884  -55.434 0.0000000000
113067  36.773  18.288  -55.291 0.0000000000
113068  35.560  18.711  -55.188 0.0000000000
113069  34.917  18.797  -55.613 0.0000000000
113077  41.511  18.043  -55.934 0.0000000000
113078  38.128  17.846  -56.438 0.0000000000
113079  37.321  18.041  -56.379 0.0000000000
113080  36.204  18.350  -56.297 0.0000000000
113081  35.258  18.613  -56.208 0.0000000000
113090  39.596  17.798  -57.985 0.0000000000
113091  39.110  17.897  -57.857 0.0000000000
113092  38.112  18.060  -57.384 0.0000000000
113093  36.872  18.366  -57.372 0.0000000000
113094  35.620  18.631  -57.297 0.0000000000
113095  34.927  18.686  -56.739 0.0000000000
113107  41.860  17.807  -58.816 0.0000000000
113108  40.845  17.790  -58.881 0.0000000000
113109  39.763  17.928  -58.618 0.0000000000
113110  38.703  18.284  -58.590 0.0000000000
113111  37.601  18.556  -58.431 0.0000000000
113112  36.462  18.808  -58.351 0.0000000000
113113  35.653  18.903  -58.137 0.0000000000
113122  41.515  18.168  -59.743 0.0000000000
113123  40.441  18.213  -59.749 0.0000000000
113124  39.380  18.453  -59.645 0.0000000000
113125  38.275  18.802  -59.604 0.0000000000
113126  37.204  19.038  -59.268 0.0000000000
113127  36.425  19.204  -59.148 0.0000000000
113136  41.108  18.580  -60.705 0.0000000000
113137  40.053  18.677  -60.712 0.0000000000
113138  39.054  18.905  -60.531 0.0000000000
113139  38.346  19.163  -60.528 0.0000000000
113145  40.666  18.791  -61.261 0.0000000000
113146  40.183  18.965  -61.483 0.0000000000
113152  45.367  18.791  -63.030 0.0000000000
113153  44.320  18.618  -62.920 0.0000000000
113154  43.320  18.440  -62.882 0.0000000000
113155  42.283  18.283  -62.977 0.0000000000
113156  41.543  18.440  -62.999 0.0000000000
113157  33.930  18.146  -63.035 0.0000000000
113158  33.428  18.244  -63.204 0.0000000000
113159  32.808  18.301  -63.434 0.0000000000
113165  41.442  17.914  -63.236 0.0000000000
113166  40.792  18.079  -63.388 0.0000000000
113167  39.978  18.121  -63.800 0.0000000000
113168  39.447  18.584  -63.960 0.0000000000
113169  35.089  18.138  -63.769 0.0000000000
113170  34.402  18.297  -63.602 0.0000000000
113171  33.515  18.596  -63.846 0.0000000000
113172  32.480  18.564  -63.976 0.0000000000
113173  31.782  18.571  -64.345 0.0000000000
113177  39.378  18.048  -64.222 0.0000000000
113178  38.868  18.491  -64.455 0.0000000000
113179  38.322  18.847  -64.590 0.0000000000
113180  35.230  18.366  -64.195 0.0000000000
113181  34.433  18.770  -64.376 0.0000000000
113182  33.422  18.988  -64.540 0.0000000000
113183  32.462  18.998  -64.759 0.0000000000
113184  31.611  18.854  -64.903 0.0000000000
113187  38.314  18.354  -64.663 0.0000000000
113188  37.852  18.699  -64.822 0.0000000000
113189  37.207  18.855  -65.058 0.0000000000
113190  36.500  19.030  -65.157 0.0000000000
113191  35.529  18.976  -64.905 0.0000000000
113192  34.296  19.322  -64.995 0.0000000000
113193  33.221  19.430  -65.177 0.0000000000
113194  32.222  19.381  -65.427 0.0000000000
113195  31.233  19.035  -65.475 0.0000000000
113196  30.609  18.920  -65.761 0.0000000000
113201  31.834  19.526  -65.890 0.0000000000
113202  31.179  19.443  -66.116 0.0000000000
114459  38.357  20.144  -52.697 0.0000000000
114460  38.029  20.076  -52.638 0.0000000000
114469  39.401  19.624  -53.342 0.0000000000
114470  38.641  19.782  -52.910 0.0000000000
114471  37.488  19.547  -52.885 0.0000000000
114472  36.604  19.478  -53.208 0.0000000000
114473  35.978  19.783  -53.372 0.0000000000
114480  41.409  19.542  -54.852 0.0000000000
114481  40.943  19.531  -54.525 0.0000000000
114482  40.135  19.500  -53.832 0.0000000000
114483  36.147  19.298  -53.643 0.0000000000
114484  35.498  19.490  -53.918 0.0000000000
114485  34.849  19.654  -54.313 0.0000000000
114496  41.955  19.644  -55.288 0.0000000000
114497  35.177  19.179  -54.554 0.0000000000
114498  34.545  19.282  -55.017 0.0000000000
114499  33.832  19.473  -55.524 0.0000000000
114508  34.426  18.873  -56.084 0.0000000000
114509  33.389  19.246  -56.285 0.0000000000
114510  32.620  19.518  -56.688 0.0000000000
114517  35.205  18.871  -57.813 0.0000000000
114518  34.455  18.849  -57.325 0.0000000000
114519  33.208  19.127  -57.397 0.0000000000
114520  32.164  19.504  -57.408 0.0000000000
114521  31.458  19.766  -57.727 0.0000000000
114531  35.880  19.095  -58.730 0.0000000000
114532  35.074  19.087  -58.475 0.0000000000
114533  33.942  19.103  -58.379 0.0000000000
114534  32.838  19.215  -58.340 0.0000000000
114535  31.873  19.436  -58.355 0.0000000000
114536  30.987  19.780  -58.357 0.0000000000
114537  30.377  20.064  -58.663 0.0000000000
114546  37.634  19.274  -60.196 0.0000000000
114547  36.781  19.501  -59.913 0.0000000000
114548  35.764  19.519  -59.495 0.0000000000
114549  34.594  19.492  -59.330 0.0000000000
114550  33.489  19.437  -59.242 0.0000000000
114551  32.446  19.456  -59.187 0.0000000000
114552  31.481  19.547  -59.156 0.0000000000
114553  30.630  19.741  -59.171 0.0000000000
114554  29.902  20.160  -59.210 0.0000000000
114555  29.591  20.235  -59.636 0.0000000000
114565  41.686  18.895  -61.333 0.0000000000
114566  41.090  18.795  -61.341 0.0000000000
114567  39.496  19.093  -61.358 0.0000000000
114568  38.733  19.318  -61.242 0.0000000000
114569  37.994  19.545  -61.027 0.0000000000
114570  37.234  19.749  -60.748 0.0000000000
114571  36.372  20.151  -60.660 0.0000000000
114572  35.177  20.103  -60.188 0.0000000000
114573  34.074  19.978  -60.037 0.0000000000
114574  33.010  19.885  -59.952 0.0000000000
114575  31.990  19.775  -59.927 0.0000000000
114576  31.029  19.717  -59.893 0.0000000000
114577  30.183  19.832  -59.802 0.0000000000
114578  29.762  20.016  -59.716 0.0000000000
114585  41.967  19.145  -62.015 0.0000000000
114586  40.799  18.922  -61.905 0.0000000000
114587  39.798  19.256  -62.046 0.0000000000
114588  39.092  19.532  -61.937 0.0000000000
114589  38.368  19.788  -61.912 0.0000000000
114590  37.577  19.966  -61.482 0.0000000000
114591  37.043  20.112  -61.156 0.0000000000
114598  44.054  19.340  -62.882 0.0000000000
114599  43.190  19.130  -62.661 0.0000000000
114600  42.223  18.932  -62.573 0.0000000000
114601  40.944  18.684  -62.747 0.0000000000
114602  39.941  19.139  -62.768 0.0000000000
114603  39.123  19.646  -62.698 0.0000000000
114604  38.795  19.772  -62.319 0.0000000000
114609  40.413  18.446  -63.336 0.0000000000
114610  39.931  18.732  -63.376 0.0000000000
114611  38.966  19.361  -63.720 0.0000000000
114612  38.367  19.882  -64.011 0.0000000000
114615  38.572  19.104  -64.392 0.0000000000
114616  37.985  19.622  -64.545 0.0000000000
114617  37.375  20.191  -64.760 0.0000000000
114620  37.535  19.255  -64.943 0.0000000000
114621  36.987  19.866  -65.153 0.0000000000
114622  36.021  19.665  -65.391 0.0000000000
114623  35.006  19.717  -65.410 0.0000000000
114624  33.921  19.860  -65.482 0.0000000000
114625  32.889  19.824  -65.714 0.0000000000
114626  32.299  19.690  -65.889 0.0000000000
114630  36.605  20.389  -65.227 0.0000000000
114631  36.253  20.307  -65.387 0.0000000000
114632  35.465  20.274  -65.552 0.0000000000
114633  34.487  20.323  -65.685 0.0000000000
114634  33.435  20.298  -65.912 0.0000000000
114635  32.181  20.038  -66.304 0.0000000000
114636  31.289  19.795  -66.447 0.0000000000
114641  31.874  20.469  -66.604 0.0000000000
115914  38.372  20.616  -52.672 0.0000000000
115915  37.271  20.484  -52.563 0.0000000000
115916  36.281  20.914  -52.628 0.0000000000
115917  35.784  21.214  -52.742 0.0000000000
115925  39.589  20.373  -53.377 0.0000000000
115926  38.973  20.463  -52.928 0.0000000000
115927  36.906  19.866  -52.804 0.0000000000
115928  36.377  20.160  -52.929 0.0000000000
115929  35.360  20.608  -53.281 0.0000000000
115930  34.636  21.050  -53.604 0.0000000000
115937  41.372  20.038  -54.805 0.0000000000
115938  40.752  20.426  -54.420 0.0000000000
115939  40.220  20.361  -53.870 0.0000000000
115940  34.939  20.011  -53.899 0.0000000000
115941  34.255  20.467  -54.292 0.0000000000
115942  33.555  20.979  -54.676 0.0000000000
115949  41.707  20.530  -55.256 0.0000000000
115950  41.226  20.573  -54.879 0.0000000000
115951  33.900  19.866  -55.020 0.0000000000
115952  33.152  20.412  -55.403 0.0000000000
115953  32.430  20.990  -55.769 0.0000000000
115964  32.730  19.841  -56.151 0.0000000000
115965  32.013  20.459  -56.494 0.0000000000
115966  31.404  21.043  -56.872 0.0000000000
115975  31.608  20.024  -57.242 0.0000000000
115976  30.992  20.627  -57.554 0.0000000000
115977  30.420  21.198  -57.877 0.0000000000
115986  30.579  20.271  -58.249 0.0000000000
115987  30.037  20.793  -58.510 0.0000000000
115988  29.530  21.219  -58.823 0.0000000000
115996  29.725  20.535  -59.025 0.0000000000
115997  29.297  20.811  -59.387 0.0000000000
115998  28.633  21.236  -59.792 0.0000000000
116008  36.275  20.706  -61.251 0.0000000000
116009  35.614  20.745  -60.949 0.0000000000
116010  34.593  20.672  -60.705 0.0000000000
116011  33.536  20.543  -60.593 0.0000000000
116012  32.485  20.357  -60.597 0.0000000000
116013  31.462  20.088  -60.634 0.0000000000
116014  30.461  19.912  -60.559 0.0000000000
116015  29.506  20.198  -60.234 0.0000000000
116016  28.436  20.926  -60.383 0.0000000000
116017  27.778  21.137  -60.877 0.0000000000
116027  38.260  19.992  -62.272 0.0000000000
116028  37.881  20.163  -62.179 0.0000000000
116029  36.968  20.568  -61.716 0.0000000000
116030  36.082  21.237  -61.762 0.0000000000
116031  35.072  21.300  -61.396 0.0000000000
116032  34.035  21.218  -61.221 0.0000000000
116033  33.003  21.041  -61.183 0.0000000000
116034  31.915  20.813  -61.360 0.0000000000
116035  30.859  20.370  -61.299 0.0000000000
116036  29.843  20.233  -61.232 0.0000000000
116037  28.850  20.497  -61.142 0.0000000000
116038  28.009  20.867  -61.216 0.0000000000
116048  38.820  19.852  -62.847 0.0000000000
116049  38.463  20.001  -62.660 0.0000000000
116050  37.587  20.663  -62.890 0.0000000000
116051  36.674  21.180  -62.470 0.0000000000
116052  36.250  21.487  -62.315 0.0000000000
116053  31.152  20.932  -61.862 0.0000000000
116054  30.292  20.764  -61.900 0.0000000000
116055  29.298  20.772  -61.865 0.0000000000
116056  28.340  20.887  -61.821 0.0000000000
116057  27.732  21.032  -61.709 0.0000000000
116063  38.802  19.873  -63.115 0.0000000000
116064  38.334  20.160  -63.498 0.0000000000
116065  37.718  20.658  -63.743 0.0000000000
116071  38.059  20.254  -64.111 0.0000000000
116072  37.485  20.552  -64.369 0.0000000000
116078  36.973  20.659  -64.835 0.0000000000
116079  36.565  20.913  -64.997 0.0000000000
116085  36.720  20.553  -65.083 0.0000000000
116086  36.319  20.792  -65.231 0.0000000000
116087  35.728  20.779  -65.454 0.0000000000
116088  34.891  20.816  -65.680 0.0000000000
116089  33.934  20.832  -66.050 0.0000000000
116090  33.112  20.641  -66.259 0.0000000000
116095  33.349  21.025  -66.366 0.0000000000
116096  32.585  20.863  -66.531 0.0000000000
116097  31.720  20.842  -66.684 0.0000000000
116098  31.256  20.923  -66.706 0.0000000000
116102  31.080  20.534  -66.735 0.0000000000
117352  38.541  21.503  -52.784 0.0000000000
117353  37.842  21.417  -52.511 0.0000000000
117354  36.963  21.543  -52.436 0.0000000000
117355  36.157  21.723  -52.523 0.0000000000
117361  39.622  21.041  -53.543 0.0000000000
117362  39.124  21.122  -53.110 0.0000000000
117363  35.475  21.704  -52.800 0.0000000000
117364  34.827  21.659  -53.242 0.0000000000
117372  40.658  20.952  -54.553 0.0000000000
117373  40.163  21.122  -54.160 0.0000000000
117374  34.268  21.569  -53.773 0.0000000000
117375  33.752  21.543  -54.293 0.0000000000
117383  41.031  21.312  -55.109 0.0000000000
117384  40.259  21.947  -54.837 0.0000000000
117385  33.241  21.592  -54.868 0.0000000000
117386  32.694  21.609  -55.446 0.0000000000
117395  41.882  21.958  -55.890 0.0000000000
117396  41.142  22.331  -55.668 0.0000000000
117397  32.138  21.622  -56.022 0.0000000000
117398  31.622  21.588  -56.558 0.0000000000
117407  31.150  21.639  -57.069 0.0000000000
117408  30.643  21.754  -57.549 0.0000000000
117417  30.122  21.774  -58.028 0.0000000000
117418  29.668  21.733  -58.504 0.0000000000
117426  29.238  21.725  -58.973 0.0000000000
117427  28.725  21.719  -59.450 0.0000000000
117435  28.151  21.695  -59.959 0.0000000000
117436  27.597  21.626  -60.589 0.0000000000
117442  36.020  21.616  -62.234 0.0000000000
117443  35.494  21.730  -62.131 0.0000000000
117444  34.504  21.808  -61.930 0.0000000000
117445  33.474  21.668  -61.795 0.0000000000
117446  32.609  21.436  -61.764 0.0000000000
117447  27.238  21.416  -61.372 0.0000000000
117448  26.638  21.712  -61.916 0.0000000000
117453  37.375  20.922  -63.480 0.0000000000
117454  36.955  21.237  -63.256 0.0000000000
117455  36.110  21.703  -62.860 0.0000000000
117456  34.975  22.163  -62.882 0.0000000000
117457  33.861  22.125  -62.566 0.0000000000
117458  32.837  21.953  -62.443 0.0000000000
117459  31.846  21.538  -62.209 0.0000000000
117460  30.820  21.380  -62.438 0.0000000000
117461  29.805  21.291  -62.508 0.0000000000
117462  28.747  21.248  -62.519 0.0000000000
117463  27.535  21.314  -62.349 0.0000000000
117466  37.227  21.097  -63.890 0.0000000000
117467  36.560  21.569  -63.817 0.0000000000
117468  35.649  22.090  -63.809 0.0000000000
117469  34.791  22.364  -63.716 0.0000000000
117470  32.213  22.030  -62.842 0.0000000000
117471  31.427  21.973  -62.981 0.0000000000
117472  30.378  21.935  -63.067 0.0000000000
117473  29.320  21.853  -63.127 0.0000000000
117474  28.265  21.730  -63.188 0.0000000000
117475  27.268  21.717  -63.178 0.0000000000
117480  36.879  21.165  -64.409 0.0000000000
117481  36.185  21.636  -64.483 0.0000000000
117482  35.486  21.985  -64.456 0.0000000000
117484  36.573  21.164  -64.772 0.0000000000
117485  36.114  21.330  -65.013 0.0000000000
117486  35.597  21.381  -65.172 0.0000000000
117492  35.852  21.122  -65.270 0.0000000000
117493  35.166  21.245  -65.448 0.0000000000
117494  34.256  21.323  -65.844 0.0000000000
117495  33.701  21.260  -66.193 0.0000000000
117499  33.665  21.536  -66.115 0.0000000000
117500  33.213  21.428  -66.405 0.0000000000
117501  32.468  21.472  -66.545 0.0000000000
117502  31.748  21.458  -66.603 0.0000000000
117503  30.942  21.271  -66.594 0.0000000000
118722  38.252  22.084  -52.690 0.0000000000
118723  37.552  22.298  -52.508 0.0000000000
118724  36.698  22.477  -52.433 0.0000000000
118725  35.853  22.553  -52.525 0.0000000000
118730  39.515  21.534  -53.657 0.0000000000
118731  38.928  22.245  -53.336 0.0000000000
118732  35.071  22.567  -52.839 0.0000000000
118733  34.365  22.565  -53.415 0.0000000000
118734  33.863  22.889  -53.851 0.0000000000
118742  39.677  22.135  -54.237 0.0000000000
118743  39.207  23.035  -54.300 0.0000000000
118744  33.932  22.214  -53.937 0.0000000000
118745  33.521  22.545  -54.432 0.0000000000
118752  40.580  22.324  -55.366 0.0000000000
118753  39.817  22.895  -55.239 0.0000000000
118754  39.251  23.531  -55.027 0.0000000000
118755  33.029  22.545  -55.158 0.0000000000
118756  32.495  22.565  -55.784 0.0000000000
118766  41.599  22.939  -55.898 0.0000000000
118767  40.572  23.158  -55.892 0.0000000000
118768  39.819  23.620  -56.067 0.0000000000
118769  31.915  22.598  -56.429 0.0000000000
118770  31.440  22.285  -56.838 0.0000000000
118779  31.555  22.954  -56.952 0.0000000000
118780  31.081  22.656  -57.350 0.0000000000
118781  30.472  22.767  -57.889 0.0000000000
118788  29.945  22.573  -58.312 0.0000000000
118789  29.475  22.521  -58.702 0.0000000000
118793  28.956  22.572  -59.155 0.0000000000
118794  28.288  22.554  -59.621 0.0000000000
118798  27.549  22.502  -60.155 0.0000000000
118799  26.722  22.463  -60.919 0.0000000000
118800  26.107  23.039  -61.141 0.0000000000
118803  26.557  21.997  -61.493 0.0000000000
118807  34.079  22.383  -63.401 0.0000000000
118808  33.188  22.309  -63.150 0.0000000000
118809  32.644  22.177  -63.012 0.0000000000
118813  34.875  22.264  -64.303 0.0000000000
118814  34.128  22.487  -64.159 0.0000000000
118815  33.307  22.593  -63.924 0.0000000000
118816  32.256  22.426  -63.586 0.0000000000
118817  31.002  22.476  -63.692 0.0000000000
118818  29.905  22.452  -63.709 0.0000000000
118819  28.869  22.332  -63.737 0.0000000000
118820  27.926  22.128  -63.756 0.0000000000
118828  35.578  21.689  -64.808 0.0000000000
118829  34.863  22.010  -64.777 0.0000000000
118830  34.074  22.430  -64.829 0.0000000000
118831  33.396  22.680  -64.661 0.0000000000
118832  32.562  22.802  -64.512 0.0000000000
118833  31.545  22.848  -64.405 0.0000000000
118834  30.468  22.887  -64.336 0.0000000000
118835  29.425  22.806  -64.288 0.0000000000
118836  28.486  22.558  -64.254 0.0000000000
118846  35.618  21.541  -65.011 0.0000000000
118847  34.934  21.669  -65.202 0.0000000000
118848  34.147  22.141  -65.253 0.0000000000
118855  34.543  21.533  -65.558 0.0000000000
118856  33.755  21.877  -65.799 0.0000000000
118857  32.849  22.253  -66.114 0.0000000000
118858  32.384  22.394  -66.159 0.0000000000
118864  33.412  21.696  -66.195 0.0000000000
118865  33.037  21.863  -66.325 0.0000000000
118866  32.340  22.118  -66.388 0.0000000000
118867  31.561  21.974  -66.441 0.0000000000
118868  30.692  21.884  -66.351 0.0000000000
120090  38.178  22.900  -52.793 0.0000000000
120091  37.320  23.340  -52.545 0.0000000000
120092  36.360  23.404  -52.452 0.0000000000
120093  35.499  23.475  -52.589 0.0000000000
120098  38.553  23.517  -53.554 0.0000000000
120099  38.000  23.734  -52.885 0.0000000000
120100  34.696  23.524  -52.941 0.0000000000
120101  34.059  23.588  -53.488 0.0000000000
120102  33.590  23.566  -54.101 0.0000000000
120109  38.842  23.867  -54.482 0.0000000000
120110  33.251  23.491  -54.808 0.0000000000
120118  42.444  24.082  -55.504 0.0000000000
120119  39.392  23.785  -55.720 0.0000000000
120120  38.956  24.146  -55.295 0.0000000000
120121  32.839  23.492  -55.502 0.0000000000
120122  32.367  23.538  -56.169 0.0000000000
120129  42.223  23.654  -55.766 0.0000000000
120130  41.016  23.874  -56.122 0.0000000000
120131  40.004  24.194  -56.678 0.0000000000
120132  39.389  24.276  -56.481 0.0000000000
120133  39.063  24.355  -55.979 0.0000000000
120134  31.875  23.642  -56.802 0.0000000000
120137  39.618  24.673  -57.145 0.0000000000
120138  39.478  24.549  -56.986 0.0000000000
120139  31.436  23.604  -57.364 0.0000000000
120140  30.878  23.630  -57.879 0.0000000000
120141  30.541  23.343  -58.029 0.0000000000
120145  30.266  23.638  -58.348 0.0000000000
120146  29.772  23.063  -58.551 0.0000000000
120151  29.432  23.545  -58.898 0.0000000000
120152  28.692  23.486  -59.409 0.0000000000
120156  27.905  23.538  -59.890 0.0000000000
120157  27.076  23.446  -60.377 0.0000000000
120158  26.412  23.558  -60.794 0.0000000000
120173  33.345  22.632  -65.138 0.0000000000
120174  32.758  22.840  -65.142 0.0000000000
120175  31.945  23.056  -65.061 0.0000000000
120176  30.974  23.136  -64.941 0.0000000000
120177  29.956  23.024  -64.841 0.0000000000
120178  28.977  22.833  -64.751 0.0000000000
120188  33.543  22.438  -65.348 0.0000000000
120189  32.925  22.660  -65.535 0.0000000000
120190  32.246  22.849  -65.567 0.0000000000
120191  31.421  22.948  -65.447 0.0000000000
120192  30.464  22.936  -65.313 0.0000000000
120193  29.465  22.836  -65.198 0.0000000000
120201  33.644  22.238  -65.538 0.0000000000
120202  33.179  22.378  -65.744 0.0000000000
120203  32.486  22.569  -66.003 0.0000000000
120204  31.787  22.694  -65.882 0.0000000000
120205  30.914  22.691  -65.736 0.0000000000
120206  29.930  22.634  -65.610 0.0000000000
120213  32.259  22.473  -66.295 0.0000000000
120214  32.059  22.380  -66.177 0.0000000000
120215  31.278  22.381  -66.132 0.0000000000
120216  30.341  22.337  -66.028 0.0000000000
121333  37.521  24.263  -52.783 0.0000000000
121334  36.820  24.214  -52.541 0.0000000000
121339  42.454  24.817  -53.443 0.0000000000
121340  38.491  24.317  -53.980 0.0000000000
121341  38.046  24.463  -53.321 0.0000000000
121348  42.450  24.861  -54.283 0.0000000000
121349  38.607  24.734  -54.732 0.0000000000
121350  38.298  24.987  -53.943 0.0000000000
121357  38.744  24.835  -55.628 0.0000000000
121362  42.066  24.202  -55.574 0.0000000000
121365  39.158  24.702  -57.024 0.0000000000
121366  38.840  24.911  -56.534 0.0000000000
121371  39.320  24.949  -57.393 0.0000000000
121372  38.905  25.188  -57.307 0.0000000000
122455  37.633  24.813  -53.000 0.0000000000
122456  37.192  24.939  -52.725 0.0000000000
122465  42.168  25.653  -53.061 0.0000000000
122466  37.688  25.529  -53.348 0.0000000000
122476  42.068  25.585  -53.962 0.0000000000
122477  41.762  25.812  -54.496 0.0000000000
122478  38.579  25.278  -55.202 0.0000000000
122479  38.326  25.793  -54.580 0.0000000000
122483  42.019  25.276  -54.611 0.0000000000
122485  38.558  25.814  -55.827 0.0000000000
122492  38.615  25.799  -56.996 0.0000000000
123619  41.879  26.577  -53.670 0.0000000000
123620  41.700  27.041  -54.135 0.0000000000
123633  41.779  26.130  -54.180 0.0000000000
96345  34.253  6.251  -57.365 0.0000000000
96350  34.853  6.058  -58.050 0.0000000000
96351  34.371  6.588  -57.903 0.0000000000
97774  34.597  6.989  -58.227 0.0000000000
97775  33.755  7.220  -57.840 0.0000000000
99180  34.047  8.020  -58.561 0.0000000000
99181  33.225  8.169  -58.320 0.0000000000
99186  33.644  8.460  -58.872 0.0000000000
99187  33.515  8.317  -58.716 0.0000000000
100599  33.830  8.856  -59.017 0.0000000000
100600  33.117  8.767  -58.936 0.0000000000
101856  33.343  9.698  -59.624 0.0000000000
101857  32.621  9.500  -59.566 0.0000000000
101862  33.070  10.134  -60.222 0.0000000000
101863  32.671  9.899  -60.178 0.0000000000
101864  32.248  9.743  -59.995 0.0000000000
103100  32.777  10.557  -60.608 0.0000000000
103101  31.859  10.167  -60.425 0.0000000000
103107  32.245  10.912  -61.070 0.0000000000
104355  32.722  11.532  -60.850 0.0000000000
104360  32.051  11.681  -61.356 0.0000000000
105616  32.340  12.357  -61.054 0.0000000000
105623  31.749  12.515  -61.378 0.0000000000
105624  31.011  12.951  -61.652 0.0000000000
105631  30.772  13.540  -61.786 0.0000000000
106899  31.989  12.830  -61.105 0.0000000000
106900  31.538  13.442  -61.054 0.0000000000
106907  31.026  13.870  -61.631 0.0000000000
106908  30.551  14.025  -61.987 0.0000000000
108191  31.200  14.608  -61.127 0.0000000000
108199  30.798  14.818  -61.742 0.0000000000
108200  30.437  14.664  -62.060 0.0000000000
108209  30.534  15.240  -62.086 0.0000000000
108210  30.187  15.045  -62.320 0.0000000000
109512  30.556  15.943  -62.407 0.0000000000
109513  30.147  15.960  -62.898 0.0000000000
110727  30.808  16.859  -62.931 0.0000000000
110728  30.439  17.029  -63.469 0.0000000000
91108  36.833  1.669  -52.184 0.0000000000
91110  36.827  1.300  -53.637 0.0000000000
92527  36.527  2.525  -53.236 0.0000000000
92529  36.619  2.291  -54.453 0.0000000000
93814  36.204  3.255  -54.042 0.0000000000
93821  36.198  3.065  -55.127 0.0000000000
93822  35.779  3.810  -54.759 0.0000000000
93824  36.174  2.991  -55.755 0.0000000000
93825  35.596  3.649  -55.992 0.0000000000
93826  35.101  4.322  -56.326 0.0000000000
93829  35.538  3.681  -57.011 0.0000000000
93830  35.175  4.160  -56.821 0.0000000000
93835  35.329  4.115  -57.255 0.0000000000
95105  35.374  4.353  -55.156 0.0000000000
95106  34.979  4.768  -55.737 0.0000000000
95109  34.822  4.961  -56.591 0.0000000000
121355  42.244  24.586  -55.142 0.0000000000
121356  41.553  25.036  -55.504 0.0000000000
121363  41.366  24.596  -55.861 0.0000000000
121364  40.453  24.784  -56.609 0.0000000000
121370  39.829  25.105  -57.353 0.0000000000
122484  41.570  25.572  -55.118 0.0000000000
122490  41.126  25.513  -55.860 0.0000000000
122491  40.667  25.429  -56.504 0.0000000000
122496  40.292  25.586  -57.213 0.0000000000
123634  41.563  26.583  -54.642 0.0000000000
123644  41.138  26.424  -55.687 0.0000000000
123649  40.785  26.208  -56.489 0.0000000000
123650  40.524  26.039  -57.045 0.0000000000
95099  35.100  5.107  -54.800 0.0000000000
95110  34.646  5.439  -57.105 0.0000000000
95115  34.757  5.434  -57.434 0.0000000000
96323  34.609  5.791  -54.131 0.0000000000
96324  33.912  6.331  -54.352 0.0000000000
96331  34.574  5.722  -55.106 0.0000000000
96332  33.895  6.366  -55.337 0.0000000000
96333  33.401  6.806  -55.779 0.0000000000
96339  34.512  5.567  -55.893 0.0000000000
96340  34.214  6.046  -56.419 0.0000000000
96341  33.573  6.790  -56.598 0.0000000000
96346  33.646  6.837  -57.057 0.0000000000
97728  33.230  6.735  -54.443 0.0000000000
97742  33.169  6.896  -55.051 0.0000000000
97743  32.727  7.254  -55.142 0.0000000000
97744  32.241  7.662  -55.189 0.0000000000
97755  32.835  7.315  -55.943 0.0000000000
97756  32.275  7.839  -55.957 0.0000000000
97766  33.690  6.925  -57.302 0.0000000000
97767  33.012  7.443  -56.930 0.0000000000
97768  32.128  8.197  -56.535 0.0000000000
97776  33.036  7.829  -57.694 0.0000000000
99169  32.456  8.280  -57.410 0.0000000000
99170  31.859  8.708  -56.845 0.0000000000
99182  32.790  8.194  -57.926 0.0000000000
100578  32.333  8.547  -57.723 0.0000000000
100579  32.070  8.758  -57.566 0.0000000000
100580  31.599  9.212  -57.216 0.0000000000
100591  32.932  8.474  -58.545 0.0000000000
100592  32.490  8.634  -58.249 0.0000000000
100593  31.752  9.196  -58.115 0.0000000000
100594  31.456  9.468  -57.803 0.0000000000
100601  32.428  9.147  -59.023 0.0000000000
100602  32.035  9.228  -58.747 0.0000000000
101848  31.653  9.520  -58.787 0.0000000000
101849  31.237  9.795  -58.430 0.0000000000
101858  31.865  9.648  -59.491 0.0000000000
101859  31.452  9.780  -59.069 0.0000000000
103092  31.578  9.945  -59.862 0.0000000000
103093  31.101  10.171  -59.482 0.0000000000
103102  30.989  10.752  -60.603 0.0000000000
103108  31.554  11.070  -61.152 0.0000000000
103109  30.907  11.411  -61.179 0.0000000000
104348  30.512  10.908  -60.028 0.0000000000
104356  30.395  11.433  -60.692 0.0000000000
104361  31.301  11.925  -61.505 0.0000000000
104362  30.452  12.221  -61.353 0.0000000000
105625  30.407  12.950  -61.652 0.0000000000
105632  30.474  13.409  -61.814 0.0000000000
105633  30.163  13.264  -61.786 0.0000000000
106915  30.209  14.366  -62.160 0.0000000000
106916  29.981  14.469  -62.288 0.0000000000
109522  29.908  16.458  -63.437 0.0000000000
110736  30.025  17.207  -63.969 0.0000000000
110737  29.385  17.208  -64.053 0.0000000000
110744  29.879  17.776  -64.405 0.0000000000
110745  29.406  17.811  -64.601 0.0000000000
111895  30.622  17.743  -63.959 0.0000000000
111905  30.421  18.074  -64.416 0.0000000000
111915  30.237  18.411  -65.081 0.0000000000
111916  29.425  18.271  -65.244 0.0000000000
111922  30.024  18.635  -65.699 0.0000000000
111923  29.422  18.676  -65.893 0.0000000000
111927  29.157  18.894  -66.226 0.0000000000
113203  30.306  19.045  -66.210 0.0000000000
113204  29.734  18.881  -66.285 0.0000000000
113210  30.795  19.563  -66.472 0.0000000000
113211  30.174  19.419  -66.584 0.0000000000
113212  29.288  19.202  -66.552 0.0000000000
114642  31.006  20.078  -66.707 0.0000000000
114643  29.859  19.733  -66.776 0.0000000000
114644  28.929  19.546  -66.749 0.0000000000
114650  30.764  20.308  -66.754 0.0000000000
114651  30.286  20.146  -66.790 0.0000000000
114652  29.395  20.124  -66.960 0.0000000000
116103  30.678  20.571  -66.720 0.0000000000
116104  29.890  20.382  -66.790 0.0000000000
117464  26.511  21.774  -62.517 0.0000000000
117476  26.524  21.786  -62.973 0.0000000000
117504  30.074  21.319  -66.533 0.0000000000
117505  29.144  21.307  -66.597 0.0000000000
117511  30.259  20.826  -66.664 0.0000000000
117512  29.519  20.790  -66.739 0.0000000000
118804  25.809  22.575  -61.739 0.0000000000
118805  25.018  23.199  -61.950 0.0000000000
118810  25.807  22.133  -62.594 0.0000000000
118811  25.062  22.795  -62.231 0.0000000000
118821  27.065  21.943  -63.622 0.0000000000
118822  26.172  22.027  -62.962 0.0000000000
118823  25.185  22.349  -62.619 0.0000000000
118837  27.731  22.189  -64.078 0.0000000000
118838  26.835  21.988  -63.851 0.0000000000
118839  26.027  21.961  -63.310 0.0000000000
118869  29.734  21.857  -66.305 0.0000000000
118870  28.727  21.838  -66.341 0.0000000000
120161  25.761  23.721  -61.185 0.0000000000
120162  25.085  23.790  -61.659 0.0000000000
120164  24.422  23.738  -62.073 0.0000000000
120167  24.590  23.013  -62.312 0.0000000000
120179  28.143  22.474  -64.606 0.0000000000
120180  27.397  22.090  -64.326 0.0000000000
120181  26.595  21.939  -63.911 0.0000000000
120194  28.527  22.638  -65.063 0.0000000000
120195  27.745  22.252  -64.833 0.0000000000
120196  27.036  21.908  -64.422 0.0000000000
120207  28.936  22.525  -65.496 0.0000000000
120208  28.012  22.346  -65.343 0.0000000000
120209  27.218  21.952  -65.090 0.0000000000
120217  29.336  22.301  -65.966 0.0000000000
120218  28.326  22.243  -65.893 0.0000000000
