#!ascii label  , from subject colin27 vox2ras=TkReg coords=white
187
55711  12.304  -25.074  -21.702 0.0000000000
55712  11.365  -24.292  -21.601 0.0000000000
55713  10.250  -23.894  -21.333 0.0000000000
55714  9.708  -23.613  -21.285 0.0000000000
55731  12.596  -24.368  -22.461 0.0000000000
55732  11.802  -23.884  -22.263 0.0000000000
55754  13.018  -23.974  -23.071 0.0000000000
56985  8.696  -23.465  -20.724 0.0000000000
56996  10.609  -23.591  -21.831 0.0000000000
56997  9.927  -23.404  -21.678 0.0000000000
56998  9.148  -23.190  -21.376 0.0000000000
56999  8.165  -22.974  -21.039 0.0000000000
57000  7.485  -22.829  -20.715 0.0000000000
57007  11.976  -23.591  -22.643 0.0000000000
57008  11.183  -23.363  -22.413 0.0000000000
57009  10.226  -23.082  -22.223 0.0000000000
57010  9.592  -22.956  -21.969 0.0000000000
57029  12.460  -23.366  -23.203 0.0000000000
57030  11.699  -23.120  -23.001 0.0000000000
58238  6.968  -22.516  -20.697 0.0000000000
58249  9.103  -22.623  -21.942 0.0000000000
58250  8.429  -22.501  -21.635 0.0000000000
58251  7.367  -22.180  -21.316 0.0000000000
58252  6.721  -22.191  -20.877 0.0000000000
58257  11.164  -22.788  -23.052 0.0000000000
58258  10.496  -22.671  -22.793 0.0000000000
58259  9.552  -22.378  -22.563 0.0000000000
58260  8.701  -22.133  -22.226 0.0000000000
58261  8.007  -21.958  -21.971 0.0000000000
58269  12.419  -22.826  -23.687 0.0000000000
58270  11.701  -22.445  -23.631 0.0000000000
58271  10.754  -22.256  -23.335 0.0000000000
58272  10.061  -22.145  -23.163 0.0000000000
58297  11.935  -21.999  -24.165 0.0000000000
59560  6.108  -21.900  -20.638 0.0000000000
59561  5.843  -21.674  -20.420 0.0000000000
59579  6.938  -21.559  -21.540 0.0000000000
59580  6.383  -21.624  -21.036 0.0000000000
59581  5.993  -21.359  -20.809 0.0000000000
59593  8.845  -21.797  -22.776 0.0000000000
59594  8.208  -21.576  -22.491 0.0000000000
59595  7.388  -21.332  -22.087 0.0000000000
59596  6.731  -21.140  -21.651 0.0000000000
59604  10.863  -21.821  -23.796 0.0000000000
59605  10.170  -21.749  -23.651 0.0000000000
59606  9.352  -21.569  -23.378 0.0000000000
59607  8.470  -21.221  -23.109 0.0000000000
59608  7.858  -21.037  -22.740 0.0000000000
59623  12.102  -21.638  -24.509 0.0000000000
59624  11.302  -21.469  -24.291 0.0000000000
59625  10.337  -21.272  -24.137 0.0000000000
59626  9.714  -21.267  -23.912 0.0000000000
59645  12.262  -21.101  -24.961 0.0000000000
59646  11.638  -21.115  -24.755 0.0000000000
60916  8.287  -19.908  -20.155 0.0000000000
60917  6.294  -20.534  -20.555 0.0000000000
60918  5.943  -21.052  -20.675 0.0000000000
60937  14.988  -19.397  -21.971 0.0000000000
60941  10.441  -20.029  -20.868 0.0000000000
60942  6.392  -20.687  -21.293 0.0000000000
60943  6.086  -21.155  -21.003 0.0000000000
60962  12.710  -19.739  -22.476 0.0000000000
60963  7.447  -20.592  -22.588 0.0000000000
60964  6.909  -20.540  -22.089 0.0000000000
60975  9.312  -21.061  -23.883 0.0000000000
60976  8.799  -20.750  -23.752 0.0000000000
60977  7.975  -20.416  -23.248 0.0000000000
60991  11.204  -20.914  -24.730 0.0000000000
60992  10.556  -20.665  -24.648 0.0000000000
60993  9.487  -20.538  -24.307 0.0000000000
60994  8.834  -20.215  -24.129 0.0000000000
61002  12.455  -20.391  -25.431 0.0000000000
61003  11.340  -20.378  -25.126 0.0000000000
61004  10.393  -19.985  -25.030 0.0000000000
61005  9.893  -20.076  -24.756 0.0000000000
62220  7.914  -19.838  -20.205 0.0000000000
62221  7.339  -19.977  -20.034 0.0000000000
62222  6.833  -20.180  -19.945 0.0000000000
62233  14.906  -19.831  -20.536 0.0000000000
62236  10.042  -19.712  -20.813 0.0000000000
62237  9.348  -19.590  -20.608 0.0000000000
62238  8.376  -19.451  -20.540 0.0000000000
62239  7.625  -19.565  -20.511 0.0000000000
62240  6.902  -19.867  -20.523 0.0000000000
62251  15.212  -19.746  -20.944 0.0000000000
62252  14.555  -19.416  -20.986 0.0000000000
62253  13.680  -19.421  -19.814 0.0000000000
62254  12.096  -19.613  -22.270 0.0000000000
62255  11.419  -19.557  -21.859 0.0000000000
62256  10.560  -19.529  -21.303 0.0000000000
62257  9.761  -19.097  -21.074 0.0000000000
62258  8.979  -18.962  -20.893 0.0000000000
62259  6.685  -19.902  -21.211 0.0000000000
62273  14.348  -18.957  -22.019 0.0000000000
62274  13.401  -19.200  -22.619 0.0000000000
62275  12.279  -19.120  -22.524 0.0000000000
62276  11.767  -19.208  -22.254 0.0000000000
62277  7.339  -19.717  -22.656 0.0000000000
62278  6.774  -19.873  -21.895 0.0000000000
62299  8.408  -20.076  -23.894 0.0000000000
62300  7.982  -19.470  -23.633 0.0000000000
62321  9.431  -19.873  -24.675 0.0000000000
62322  8.761  -19.475  -24.410 0.0000000000
62323  8.185  -19.077  -24.040 0.0000000000
62328  12.810  -19.749  -25.891 0.0000000000
62329  11.648  -19.362  -25.836 0.0000000000
62330  10.615  -19.435  -25.422 0.0000000000
62331  9.682  -19.369  -25.027 0.0000000000
62332  9.115  -18.946  -24.881 0.0000000000
62345  12.427  -18.926  -26.231 0.0000000000
62346  11.779  -18.719  -26.237 0.0000000000
63506  12.889  -19.179  -18.531 0.0000000000
63507  7.887  -19.206  -20.779 0.0000000000
63508  7.474  -19.214  -20.953 0.0000000000
63509  7.063  -19.389  -21.212 0.0000000000
63517  14.214  -18.925  -21.269 0.0000000000
63518  13.615  -18.973  -20.340 0.0000000000
63519  10.875  -19.091  -21.771 0.0000000000
63520  10.269  -18.750  -21.653 0.0000000000
63521  9.204  -18.374  -21.537 0.0000000000
63522  8.173  -18.765  -21.174 0.0000000000
63523  7.476  -18.845  -21.587 0.0000000000
63524  6.993  -19.323  -21.743 0.0000000000
63532  14.050  -18.678  -21.539 0.0000000000
63533  13.652  -18.400  -22.343 0.0000000000
63534  12.442  -18.402  -22.596 0.0000000000
63535  11.223  -18.567  -22.263 0.0000000000
63536  9.964  -17.970  -22.035 0.0000000000
63537  9.204  -17.960  -21.866 0.0000000000
63538  7.374  -18.891  -22.335 0.0000000000
63539  7.029  -19.395  -22.180 0.0000000000
63548  8.102  -18.257  -23.571 0.0000000000
63549  7.689  -18.844  -23.155 0.0000000000
63560  8.285  -18.623  -24.177 0.0000000000
63561  7.985  -18.817  -23.745 0.0000000000
63568  10.740  -18.816  -25.790 0.0000000000
63569  10.077  -18.735  -25.510 0.0000000000
63570  9.383  -18.472  -25.182 0.0000000000
63571  8.787  -18.518  -24.675 0.0000000000
63579  11.952  -18.185  -26.507 0.0000000000
63580  11.170  -18.367  -26.160 0.0000000000
63581  10.376  -18.257  -25.851 0.0000000000
63582  9.838  -18.192  -25.589 0.0000000000
64716  12.335  -19.020  -16.253 0.0000000000
64719  12.661  -18.808  -17.315 0.0000000000
64720  8.871  -17.865  -22.026 0.0000000000
64721  8.367  -18.226  -21.802 0.0000000000
64722  7.920  -18.497  -21.659 0.0000000000
64725  12.810  -17.046  -18.673 0.0000000000
64726  12.325  -17.725  -23.273 0.0000000000
64727  11.502  -17.712  -22.794 0.0000000000
64728  10.409  -17.412  -22.674 0.0000000000
64729  9.272  -17.438  -22.582 0.0000000000
64730  8.432  -17.892  -22.426 0.0000000000
64731  7.863  -18.381  -22.106 0.0000000000
64734  12.871  -16.929  -22.331 0.0000000000
64735  11.676  -17.051  -23.131 0.0000000000
64736  11.419  -17.187  -23.110 0.0000000000
64737  10.991  -17.187  -22.895 0.0000000000
64738  9.040  -17.220  -23.099 0.0000000000
64739  8.605  -17.579  -23.229 0.0000000000
64740  7.938  -18.240  -22.810 0.0000000000
64744  9.164  -17.345  -24.506 0.0000000000
64745  8.579  -17.826  -24.169 0.0000000000
64750  9.500  -17.725  -25.287 0.0000000000
64751  8.981  -17.928  -24.851 0.0000000000
64758  12.284  -17.238  -26.748 0.0000000000
64759  11.386  -17.591  -26.482 0.0000000000
64760  10.603  -17.789  -26.107 0.0000000000
64761  10.035  -17.870  -25.784 0.0000000000
66067  10.037  -17.047  -22.916 0.0000000000
66068  9.753  -17.141  -22.852 0.0000000000
66070  13.165  -16.586  -22.486 0.0000000000
66071  11.592  -16.786  -23.403 0.0000000000
66072  11.313  -16.828  -23.346 0.0000000000
66073  10.505  -16.737  -23.215 0.0000000000
66074  9.475  -16.967  -23.209 0.0000000000
66075  9.012  -17.215  -23.349 0.0000000000
66080  10.187  -16.379  -23.633 0.0000000000
66081  9.626  -16.659  -23.943 0.0000000000
66082  9.026  -17.196  -23.751 0.0000000000
66086  9.342  -16.984  -24.875 0.0000000000
66092  10.874  -17.395  -26.369 0.0000000000
66093  10.015  -17.519  -25.784 0.0000000000
67497  11.423  -16.626  -23.369 0.0000000000
67498  11.041  -16.477  -23.404 0.0000000000
67499  10.571  -16.339  -23.554 0.0000000000
