#!ascii label  , from subject colin27 vox2ras=TkReg coords=white
1592
1436  14.471  -78.937  4.072 0.0000000000
1437  13.768  -78.819  3.976 0.0000000000
1438  13.114  -78.629  3.776 0.0000000000
1731  17.181  -77.690  7.498 0.0000000000
1732  16.605  -77.656  7.663 0.0000000000
1733  15.809  -77.619  7.824 0.0000000000
1734  15.280  -77.494  7.939 0.0000000000
1735  17.824  -77.809  7.069 0.0000000000
1736  17.534  -77.828  7.134 0.0000000000
1737  16.916  -77.970  7.156 0.0000000000
1738  16.142  -78.035  7.250 0.0000000000
1739  15.127  -77.869  7.429 0.0000000000
1740  14.354  -77.838  7.089 0.0000000000
1741  17.826  -77.923  6.800 0.0000000000
1742  17.347  -78.084  6.626 0.0000000000
1743  16.654  -78.213  6.535 0.0000000000
1744  15.770  -78.293  6.520 0.0000000000
1745  14.817  -78.230  6.459 0.0000000000
1746  13.963  -77.977  6.413 0.0000000000
1747  13.635  -77.687  6.110 0.0000000000
1748  17.856  -78.113  6.179 0.0000000000
1749  17.271  -78.292  5.901 0.0000000000
1750  16.477  -78.468  5.689 0.0000000000
1751  15.477  -78.586  5.571 0.0000000000
1752  14.472  -78.490  5.539 0.0000000000
1753  13.717  -78.202  5.474 0.0000000000
1754  13.355  -77.687  5.274 0.0000000000
1755  17.874  -78.185  5.459 0.0000000000
1756  17.332  -78.353  4.873 0.0000000000
1757  16.299  -78.672  4.650 0.0000000000
1758  15.101  -78.847  4.415 0.0000000000
1759  14.085  -78.715  4.718 0.0000000000
1760  13.392  -78.368  4.557 0.0000000000
1761  12.674  -78.128  4.008 0.0000000000
2096  19.301  -76.514  8.840 0.0000000000
2097  18.838  -76.608  8.703 0.0000000000
2098  17.826  -76.825  8.551 0.0000000000
2099  16.778  -76.922  8.489 0.0000000000
2100  15.849  -76.920  8.486 0.0000000000
2101  15.163  -76.912  8.444 0.0000000000
2102  20.094  -76.841  8.284 0.0000000000
2103  19.573  -76.805  8.501 0.0000000000
2104  18.486  -77.200  8.164 0.0000000000
2105  17.350  -77.396  7.973 0.0000000000
2106  16.296  -77.295  8.155 0.0000000000
2107  15.500  -77.235  8.193 0.0000000000
2108  14.770  -77.206  8.105 0.0000000000
2109  14.166  -77.063  7.926 0.0000000000
2110  13.838  -76.837  7.793 0.0000000000
2111  20.225  -77.032  7.685 0.0000000000
2112  19.229  -77.396  7.470 0.0000000000
2113  18.111  -77.680  7.256 0.0000000000
2114  17.538  -77.646  7.486 0.0000000000
2115  14.401  -77.458  7.596 0.0000000000
2116  13.880  -77.338  7.231 0.0000000000
2117  13.581  -76.802  7.448 0.0000000000
2119  18.938  -77.750  6.462 0.0000000000
2120  18.256  -77.934  6.501 0.0000000000
2121  13.705  -77.545  6.624 0.0000000000
2122  13.480  -77.118  6.630 0.0000000000
2125  18.481  -78.003  5.746 0.0000000000
2126  13.367  -76.955  5.770 0.0000000000
2130  13.035  -77.341  4.356 0.0000000000
2462  21.768  -75.983  9.915 0.0000000000
2463  20.977  -76.006  10.089 0.0000000000
2464  20.384  -75.721  10.002 0.0000000000
2465  20.099  -75.480  9.873 0.0000000000
2467  21.187  -76.284  9.266 0.0000000000
2468  20.422  -76.249  9.397 0.0000000000
2469  19.560  -76.075  9.219 0.0000000000
2470  18.358  -76.204  8.800 0.0000000000
2471  17.234  -76.410  8.624 0.0000000000
2472  16.195  -76.510  8.613 0.0000000000
2473  15.303  -76.567  8.635 0.0000000000
2474  14.582  -76.607  8.471 0.0000000000
2475  14.241  -76.357  8.495 0.0000000000
2478  20.517  -76.643  8.563 0.0000000000
2479  20.007  -76.500  8.982 0.0000000000
2480  14.370  -76.828  8.208 0.0000000000
2481  14.082  -76.585  8.248 0.0000000000
2482  13.561  -76.335  7.911 0.0000000000
2486  13.195  -76.259  7.379 0.0000000000
2490  13.146  -76.231  6.671 0.0000000000
2494  13.421  -75.857  5.450 0.0000000000
2495  13.346  -76.142  5.678 0.0000000000
2503  13.607  -75.867  5.016 0.0000000000
2504  13.365  -76.608  4.631 0.0000000000
2514  13.764  -76.229  3.935 0.0000000000
2515  12.755  -76.954  3.800 0.0000000000
2525  13.945  -75.843  2.848 0.0000000000
2526  12.985  -76.446  2.978 0.0000000000
2820  17.524  -74.666  15.696 0.0000000000
2821  16.925  -74.573  15.836 0.0000000000
2822  16.119  -74.575  15.900 0.0000000000
2823  15.331  -74.585  15.963 0.0000000000
2824  14.792  -74.531  16.025 0.0000000000
2825  17.709  -74.818  15.329 0.0000000000
2826  17.213  -74.840  15.316 0.0000000000
2827  16.500  -74.915  15.348 0.0000000000
2828  15.632  -75.006  15.429 0.0000000000
2829  14.700  -74.915  15.650 0.0000000000
2830  14.037  -75.156  15.165 0.0000000000
2831  13.191  -75.152  14.867 0.0000000000
2832  12.399  -75.064  14.607 0.0000000000
2835  20.174  -74.860  13.481 0.0000000000
2836  17.983  -74.867  15.136 0.0000000000
2837  17.644  -74.927  14.883 0.0000000000
2838  16.960  -75.022  14.784 0.0000000000
2839  16.133  -75.164  14.689 0.0000000000
2840  15.002  -75.305  14.686 0.0000000000
2841  13.918  -75.424  14.315 0.0000000000
2842  12.934  -75.358  14.077 0.0000000000
2843  11.887  -75.208  13.944 0.0000000000
2844  11.483  -75.164  13.411 0.0000000000
2847  20.693  -74.976  13.085 0.0000000000
2848  20.242  -74.809  12.856 0.0000000000
2849  17.413  -74.944  14.424 0.0000000000
2850  16.854  -75.047  14.028 0.0000000000
2851  15.855  -75.329  13.805 0.0000000000
2852  14.778  -75.575  13.574 0.0000000000
2853  13.661  -75.599  13.385 0.0000000000
2854  12.670  -75.457  13.229 0.0000000000
2855  11.896  -75.337  13.002 0.0000000000
2856  11.512  -75.220  13.105 0.0000000000
2858  21.310  -75.133  12.517 0.0000000000
2859  20.571  -75.042  12.296 0.0000000000
2860  20.282  -74.817  12.489 0.0000000000
2861  16.551  -75.070  13.256 0.0000000000
2862  15.767  -75.243  12.626 0.0000000000
2863  14.446  -75.529  12.607 0.0000000000
2864  13.358  -75.456  12.484 0.0000000000
2865  12.451  -75.285  12.462 0.0000000000
2866  12.036  -75.279  12.612 0.0000000000
2868  22.155  -75.279  11.688 0.0000000000
2869  21.106  -75.437  11.641 0.0000000000
2870  20.547  -75.178  11.486 0.0000000000
2871  20.323  -74.916  11.434 0.0000000000
2872  15.019  -75.210  11.922 0.0000000000
2873  14.130  -75.258  11.867 0.0000000000
2874  13.373  -75.190  11.889 0.0000000000
2875  12.944  -75.261  12.113 0.0000000000
2877  22.345  -75.571  10.528 0.0000000000
2878  21.505  -75.685  10.801 0.0000000000
2879  20.776  -75.564  10.809 0.0000000000
2880  20.306  -75.089  10.675 0.0000000000
2884  19.861  -75.062  9.654 0.0000000000
2885  19.021  -75.300  8.677 0.0000000000
2886  17.728  -75.771  8.585 0.0000000000
2887  16.595  -75.982  8.606 0.0000000000
2888  15.575  -76.070  8.723 0.0000000000
2889  14.711  -76.194  8.727 0.0000000000
2890  14.338  -76.297  8.596 0.0000000000
2894  18.797  -74.799  8.344 0.0000000000
2895  18.171  -75.081  8.224 0.0000000000
2896  17.034  -75.411  8.199 0.0000000000
2897  15.922  -75.483  8.393 0.0000000000
2898  14.890  -75.485  8.592 0.0000000000
2899  13.912  -75.824  8.466 0.0000000000
2900  12.785  -75.493  7.938 0.0000000000
2901  11.696  -75.038  7.783 0.0000000000
2906  12.482  -75.561  7.324 0.0000000000
2907  11.483  -75.252  7.283 0.0000000000
2917  12.429  -75.536  6.614 0.0000000000
2929  13.250  -75.653  5.445 0.0000000000
2930  12.465  -75.479  5.722 0.0000000000
2943  13.267  -75.163  4.936 0.0000000000
2955  13.766  -75.460  4.368 0.0000000000
2966  13.964  -75.327  3.498 0.0000000000
2973  14.105  -75.116  2.304 0.0000000000
3305  19.145  -74.006  17.302 0.0000000000
3306  18.120  -74.017  17.198 0.0000000000
3307  17.098  -73.946  17.075 0.0000000000
3308  16.154  -73.895  16.874 0.0000000000
3309  15.367  -73.915  16.641 0.0000000000
3310  14.733  -73.941  16.445 0.0000000000
3313  18.717  -74.350  16.456 0.0000000000
3314  17.592  -74.360  16.359 0.0000000000
3315  16.605  -74.243  16.424 0.0000000000
3316  15.759  -74.223  16.360 0.0000000000
3317  15.019  -74.263  16.274 0.0000000000
3318  14.116  -74.310  16.034 0.0000000000
3319  12.933  -74.111  15.681 0.0000000000
3320  11.906  -74.066  15.497 0.0000000000
3321  10.944  -74.016  15.412 0.0000000000
3326  19.208  -74.692  15.521 0.0000000000
3327  18.164  -74.699  15.615 0.0000000000
3328  14.059  -74.840  15.661 0.0000000000
3329  13.471  -74.726  15.474 0.0000000000
3330  12.562  -74.649  15.183 0.0000000000
3331  11.548  -74.673  14.751 0.0000000000
3332  10.418  -74.168  14.800 0.0000000000
3338  19.706  -74.856  14.311 0.0000000000
3339  18.393  -74.841  14.701 0.0000000000
3340  17.806  -74.851  14.493 0.0000000000
3341  11.456  -74.965  14.245 0.0000000000
3342  11.012  -74.883  13.938 0.0000000000
3343  10.119  -74.324  13.905 0.0000000000
3348  19.695  -74.655  13.294 0.0000000000
3349  18.820  -74.554  13.701 0.0000000000
3350  17.795  -74.725  13.955 0.0000000000
3351  17.230  -74.702  13.359 0.0000000000
3352  11.588  -75.221  12.874 0.0000000000
3353  11.198  -75.105  13.008 0.0000000000
3354  10.491  -74.651  13.107 0.0000000000
3358  20.307  -74.817  12.307 0.0000000000
3359  20.038  -74.548  12.468 0.0000000000
3360  19.261  -74.177  12.888 0.0000000000
3361  18.099  -74.138  12.952 0.0000000000
3362  16.934  -74.585  12.588 0.0000000000
3363  16.396  -74.733  12.086 0.0000000000
3364  12.319  -75.129  12.184 0.0000000000
3365  11.852  -75.087  12.406 0.0000000000
3366  11.004  -74.618  12.310 0.0000000000
3367  10.307  -74.323  12.474 0.0000000000
3372  20.342  -74.828  11.939 0.0000000000
3373  20.203  -74.418  11.542 0.0000000000
3374  17.616  -73.954  12.195 0.0000000000
3375  16.933  -74.173  11.706 0.0000000000
3376  15.913  -74.723  11.542 0.0000000000
3377  14.829  -74.706  11.298 0.0000000000
3378  13.833  -74.783  11.441 0.0000000000
3379  12.746  -74.812  11.805 0.0000000000
3380  11.840  -74.359  11.795 0.0000000000
3381  11.166  -74.075  11.780 0.0000000000
3385  20.177  -74.223  10.418 0.0000000000
3386  16.535  -74.011  11.064 0.0000000000
3387  15.678  -74.023  10.793 0.0000000000
3388  14.909  -74.199  10.884 0.0000000000
3393  19.652  -74.082  8.998 0.0000000000
3394  19.144  -74.633  8.440 0.0000000000
3399  19.406  -73.714  8.208 0.0000000000
3400  18.867  -74.236  7.747 0.0000000000
3401  17.519  -74.806  7.570 0.0000000000
3402  16.314  -74.930  7.773 0.0000000000
3403  15.284  -74.803  8.140 0.0000000000
3404  14.168  -74.470  8.285 0.0000000000
3405  12.971  -74.727  8.277 0.0000000000
3406  11.910  -74.575  8.128 0.0000000000
3415  18.495  -73.700  6.955 0.0000000000
3416  17.853  -74.161  6.842 0.0000000000
3417  16.686  -74.358  7.026 0.0000000000
3418  15.590  -74.278  7.447 0.0000000000
3419  14.891  -74.249  7.823 0.0000000000
3444  13.558  -74.895  4.146 0.0000000000
3453  13.644  -74.676  3.076 0.0000000000
3812  19.141  -72.960  18.095 0.0000000000
3813  18.170  -73.008  17.928 0.0000000000
3814  17.434  -73.029  17.623 0.0000000000
3819  19.540  -73.460  17.751 0.0000000000
3820  18.619  -73.477  17.689 0.0000000000
3821  17.679  -73.430  17.485 0.0000000000
3822  16.595  -73.257  17.234 0.0000000000
3823  15.629  -73.489  16.872 0.0000000000
3824  14.957  -73.526  16.609 0.0000000000
3830  14.233  -73.535  16.267 0.0000000000
3831  13.307  -73.494  15.961 0.0000000000
3854  9.693  -74.158  13.010 0.0000000000
3859  19.759  -73.960  12.210 0.0000000000
3860  19.057  -73.566  12.326 0.0000000000
3861  18.311  -73.586  12.139 0.0000000000
3862  10.592  -74.143  11.967 0.0000000000
3863  9.920  -73.883  11.995 0.0000000000
3864  9.313  -73.604  12.480 0.0000000000
3868  19.845  -73.493  11.418 0.0000000000
3869  18.905  -73.015  11.591 0.0000000000
3870  17.875  -73.402  11.536 0.0000000000
3871  17.201  -73.569  11.106 0.0000000000
3872  14.397  -74.292  11.066 0.0000000000
3873  13.697  -74.075  11.172 0.0000000000
3874  12.740  -73.691  11.360 0.0000000000
3875  11.741  -73.574  11.498 0.0000000000
3876  10.812  -73.489  11.563 0.0000000000
3877  10.099  -73.213  11.499 0.0000000000
3881  20.024  -73.312  10.237 0.0000000000
3882  18.470  -72.853  11.050 0.0000000000
3883  17.807  -72.970  10.797 0.0000000000
3884  16.835  -73.209  10.514 0.0000000000
3885  15.895  -73.164  10.371 0.0000000000
3886  14.799  -73.574  10.661 0.0000000000
3887  13.798  -73.176  10.860 0.0000000000
3888  13.079  -72.826  11.061 0.0000000000
3892  19.785  -73.072  9.422 0.0000000000
3893  16.556  -72.711  10.110 0.0000000000
3894  16.089  -72.588  10.005 0.0000000000
3897  19.515  -73.030  8.391 0.0000000000
3898  19.311  -73.498  7.793 0.0000000000
3899  13.797  -73.726  7.943 0.0000000000
3900  13.118  -73.900  8.146 0.0000000000
3901  12.196  -73.937  8.230 0.0000000000
3908  19.079  -72.445  7.977 0.0000000000
3909  18.877  -72.921  7.160 0.0000000000
3910  18.028  -73.363  6.381 0.0000000000
3911  16.982  -73.678  6.337 0.0000000000
3912  15.887  -73.717  6.703 0.0000000000
3913  14.588  -73.423  7.255 0.0000000000
3914  13.325  -73.235  7.714 0.0000000000
3915  12.389  -73.295  7.990 0.0000000000
3922  18.398  -72.346  6.750 0.0000000000
3923  17.983  -72.498  6.332 0.0000000000
3924  17.146  -72.867  5.810 0.0000000000
3925  16.091  -73.132  5.977 0.0000000000
3926  15.392  -73.178  6.448 0.0000000000
4343  19.808  -72.298  18.154 0.0000000000
4344  18.682  -72.311  17.897 0.0000000000
4345  17.713  -72.578  17.666 0.0000000000
4346  17.022  -72.725  17.423 0.0000000000
4353  17.895  -71.955  17.391 0.0000000000
4354  17.142  -72.257  17.216 0.0000000000
4355  16.316  -72.392  16.806 0.0000000000
4356  15.572  -72.907  16.796 0.0000000000
4357  15.175  -73.237  16.726 0.0000000000
4366  15.928  -72.028  16.223 0.0000000000
4367  15.354  -72.197  16.051 0.0000000000
4368  14.628  -72.868  16.300 0.0000000000
4369  13.636  -72.929  16.043 0.0000000000
4378  14.872  -71.777  15.543 0.0000000000
4379  14.436  -72.088  15.691 0.0000000000
4380  13.777  -72.392  15.833 0.0000000000
4394  9.426  -73.218  11.813 0.0000000000
4398  19.578  -72.912  10.928 0.0000000000
4399  19.071  -72.676  10.867 0.0000000000
4400  12.358  -72.997  11.251 0.0000000000
4401  11.627  -72.796  11.209 0.0000000000
4402  10.695  -72.617  11.120 0.0000000000
4408  19.513  -72.722  10.212 0.0000000000
4409  18.683  -72.497  10.320 0.0000000000
4410  17.804  -72.507  10.133 0.0000000000
4411  17.157  -72.518  9.972 0.0000000000
4412  15.450  -72.802  10.242 0.0000000000
4413  14.719  -72.646  10.310 0.0000000000
4414  13.801  -72.243  10.526 0.0000000000
4415  12.631  -72.160  10.888 0.0000000000
4416  11.583  -71.965  10.818 0.0000000000
4419  19.305  -72.544  9.407 0.0000000000
4420  18.570  -72.237  9.462 0.0000000000
4421  17.769  -72.124  9.441 0.0000000000
4422  16.816  -72.185  9.556 0.0000000000
4423  15.737  -72.158  9.624 0.0000000000
4424  14.734  -71.977  9.796 0.0000000000
4425  14.095  -71.616  9.906 0.0000000000
4428  19.064  -72.342  8.673 0.0000000000
4429  18.466  -72.022  8.695 0.0000000000
4430  17.664  -71.689  8.679 0.0000000000
4431  16.686  -71.696  8.940 0.0000000000
4432  16.030  -71.601  8.957 0.0000000000
4440  18.832  -72.194  8.235 0.0000000000
4441  18.496  -72.008  7.735 0.0000000000
4442  17.705  -71.462  7.751 0.0000000000
4443  14.204  -72.639  6.667 0.0000000000
4444  13.536  -72.616  7.093 0.0000000000
4456  18.520  -72.232  7.033 0.0000000000
4457  17.877  -71.768  6.799 0.0000000000
4458  16.995  -71.772  5.689 0.0000000000
4459  16.184  -72.391  5.455 0.0000000000
4460  14.926  -72.435  5.900 0.0000000000
4461  13.706  -72.193  6.305 0.0000000000
4473  16.418  -71.294  5.127 0.0000000000
4474  16.056  -71.688  5.081 0.0000000000
4475  15.568  -72.061  5.252 0.0000000000
4928  19.509  -71.659  17.765 0.0000000000
4929  18.698  -71.692  17.366 0.0000000000
4938  20.134  -71.159  17.526 0.0000000000
4939  19.343  -71.161  16.704 0.0000000000
4940  18.172  -71.489  16.597 0.0000000000
4941  17.271  -71.789  16.676 0.0000000000
4942  16.763  -72.050  16.745 0.0000000000
4951  19.268  -70.762  15.791 0.0000000000
4952  18.470  -70.905  15.559 0.0000000000
4953  17.397  -71.355  15.752 0.0000000000
4954  16.410  -71.777  16.030 0.0000000000
4955  15.759  -71.864  15.874 0.0000000000
4962  18.143  -70.526  14.934 0.0000000000
4963  17.518  -70.756  14.992 0.0000000000
4964  16.523  -71.085  15.092 0.0000000000
4965  15.413  -71.429  15.355 0.0000000000
4992  13.388  -71.561  10.304 0.0000000000
4993  12.485  -71.117  10.230 0.0000000000
5003  15.393  -71.672  9.239 0.0000000000
5004  14.742  -71.403  9.241 0.0000000000
5005  13.760  -70.984  9.479 0.0000000000
5006  13.008  -70.654  9.579 0.0000000000
5011  17.187  -71.433  8.326 0.0000000000
5012  16.573  -71.342  8.377 0.0000000000
5013  15.706  -71.220  8.535 0.0000000000
5014  14.804  -70.838  8.503 0.0000000000
5015  14.046  -70.553  8.659 0.0000000000
5023  17.117  -71.242  7.860 0.0000000000
5024  16.577  -70.966  7.640 0.0000000000
5025  15.726  -70.730  7.772 0.0000000000
5026  15.118  -70.459  7.752 0.0000000000
5039  17.290  -71.243  7.267 0.0000000000
5040  16.832  -70.971  6.499 0.0000000000
5041  14.496  -71.834  5.353 0.0000000000
5042  13.916  -71.817  5.589 0.0000000000
5058  16.478  -70.840  5.418 0.0000000000
5059  15.778  -70.874  4.767 0.0000000000
5060  14.981  -71.537  4.959 0.0000000000
5527  19.801  -70.583  16.156 0.0000000000
5538  20.275  -70.047  16.005 0.0000000000
5539  19.537  -70.311  15.472 0.0000000000
5540  19.031  -70.580  15.360 0.0000000000
5548  19.866  -69.828  15.482 0.0000000000
5549  19.403  -69.830  15.235 0.0000000000
5550  18.755  -70.173  14.974 0.0000000000
5551  17.764  -70.113  14.809 0.0000000000
5552  16.795  -70.257  14.846 0.0000000000
5553  15.709  -70.438  14.986 0.0000000000
5581  33.695  -70.054  8.785 0.0000000000
5582  33.225  -70.008  8.981 0.0000000000
5583  32.611  -69.845  8.980 0.0000000000
5584  32.283  -69.690  8.944 0.0000000000
5588  13.335  -70.390  9.013 0.0000000000
5596  31.941  -70.150  8.513 0.0000000000
5597  31.286  -70.156  8.053 0.0000000000
5600  14.508  -70.417  8.066 0.0000000000
5601  13.785  -70.153  8.119 0.0000000000
5611  16.317  -70.576  7.127 0.0000000000
5612  15.697  -70.302  7.135 0.0000000000
5613  14.755  -70.033  7.245 0.0000000000
5626  16.251  -70.384  6.566 0.0000000000
5627  15.682  -69.954  6.291 0.0000000000
5628  14.986  -69.667  6.388 0.0000000000
5641  16.306  -70.375  5.923 0.0000000000
5642  15.725  -70.039  5.153 0.0000000000
5990  24.168  -69.285  17.661 0.0000000000
5991  23.136  -69.243  18.011 0.0000000000
5994  20.712  -69.900  16.537 0.0000000000
5995  18.201  -68.974  16.526 0.0000000000
6003  24.861  -69.005  16.989 0.0000000000
6004  21.119  -69.149  16.646 0.0000000000
6005  20.705  -69.345  16.336 0.0000000000
6006  18.497  -69.101  15.809 0.0000000000
6007  17.722  -69.267  15.821 0.0000000000
6008  16.814  -69.459  15.974 0.0000000000
6015  20.119  -69.422  15.803 0.0000000000
6016  19.665  -69.430  15.479 0.0000000000
6017  19.021  -69.403  15.382 0.0000000000
6018  18.166  -69.578  15.214 0.0000000000
6019  17.222  -69.625  15.143 0.0000000000
6020  16.212  -69.739  15.242 0.0000000000
6031  25.637  -69.151  13.041 0.0000000000
6036  25.803  -68.988  12.199 0.0000000000
6037  25.153  -69.313  11.956 0.0000000000
6041  34.964  -68.959  10.449 0.0000000000
6042  34.336  -69.070  10.341 0.0000000000
6043  33.582  -69.178  10.104 0.0000000000
6044  33.049  -69.160  9.813 0.0000000000
6045  25.997  -68.965  11.402 0.0000000000
6046  25.178  -69.246  11.180 0.0000000000
6053  34.979  -69.172  9.877 0.0000000000
6054  34.037  -69.681  9.446 0.0000000000
6055  33.140  -69.562  9.513 0.0000000000
6056  32.584  -69.378  9.334 0.0000000000
6057  31.994  -69.493  8.988 0.0000000000
6058  26.014  -68.950  10.677 0.0000000000
6059  25.255  -69.153  10.183 0.0000000000
6060  24.028  -69.350  10.031 0.0000000000
6068  35.957  -69.095  8.246 0.0000000000
6071  31.446  -69.587  8.482 0.0000000000
6072  30.875  -69.667  7.909 0.0000000000
6073  24.852  -69.036  9.253 0.0000000000
6074  23.730  -69.106  9.165 0.0000000000
6082  30.404  -69.701  7.174 0.0000000000
6094  30.015  -69.767  6.517 0.0000000000
6097  15.338  -69.643  5.674 0.0000000000
6106  29.865  -69.356  5.983 0.0000000000
6107  29.628  -69.476  5.396 0.0000000000
6501  23.487  -68.609  17.419 0.0000000000
6502  22.598  -68.649  17.401 0.0000000000
6503  21.721  -68.896  17.105 0.0000000000
6504  21.322  -69.054  16.805 0.0000000000
6508  24.847  -68.641  16.325 0.0000000000
6509  24.216  -68.375  16.875 0.0000000000
6510  23.198  -67.857  16.720 0.0000000000
6511  22.074  -68.082  16.779 0.0000000000
6512  21.167  -68.555  16.508 0.0000000000
6513  20.175  -68.663  16.043 0.0000000000
6514  19.393  -68.414  16.185 0.0000000000
6515  18.801  -68.605  16.412 0.0000000000
6518  25.679  -69.092  14.986 0.0000000000
6519  25.213  -68.483  15.392 0.0000000000
6520  24.486  -68.022  16.031 0.0000000000
6521  23.949  -67.833  16.400 0.0000000000
6522  19.885  -69.140  15.737 0.0000000000
6523  19.545  -68.987  15.737 0.0000000000
6524  19.060  -68.892  15.863 0.0000000000
6526  25.738  -68.956  14.272 0.0000000000
6527  25.684  -68.455  14.495 0.0000000000
6529  25.936  -68.527  13.410 0.0000000000
6530  25.913  -68.457  13.994 0.0000000000
6532  26.236  -68.459  12.427 0.0000000000
6534  36.059  -67.824  11.209 0.0000000000
6535  35.163  -68.058  11.246 0.0000000000
6536  34.411  -68.157  11.091 0.0000000000
6537  34.001  -68.106  10.956 0.0000000000
6538  26.981  -68.090  11.143 0.0000000000
6539  26.480  -68.435  11.585 0.0000000000
6542  36.916  -67.964  10.452 0.0000000000
6543  36.390  -68.108  10.688 0.0000000000
6544  35.570  -68.551  10.537 0.0000000000
6545  34.702  -68.635  10.885 0.0000000000
6546  33.918  -68.557  10.686 0.0000000000
6547  33.279  -68.765  10.198 0.0000000000
6548  27.123  -67.939  10.694 0.0000000000
6549  26.695  -68.447  10.775 0.0000000000
6553  37.187  -67.943  9.906 0.0000000000
6554  36.519  -68.363  9.855 0.0000000000
6555  35.800  -68.963  9.429 0.0000000000
6556  32.716  -68.905  9.773 0.0000000000
6557  32.246  -69.065  9.346 0.0000000000
6558  27.143  -68.009  10.124 0.0000000000
6559  26.503  -68.611  9.863 0.0000000000
6560  25.875  -68.886  9.268 0.0000000000
6567  37.218  -68.094  9.054 0.0000000000
6568  36.477  -68.673  8.653 0.0000000000
6569  35.872  -69.081  8.743 0.0000000000
6570  32.380  -68.550  9.448 0.0000000000
6571  31.734  -68.749  8.838 0.0000000000
6572  31.104  -69.060  8.283 0.0000000000
6573  27.163  -68.043  9.383 0.0000000000
6574  26.730  -68.381  8.718 0.0000000000
6575  25.702  -68.814  8.407 0.0000000000
6576  24.525  -68.878  8.364 0.0000000000
6577  23.521  -68.860  8.357 0.0000000000
6582  38.042  -67.995  7.142 0.0000000000
6583  37.539  -68.195  7.691 0.0000000000
6584  36.412  -68.887  7.487 0.0000000000
6586  31.205  -68.442  8.206 0.0000000000
6587  30.718  -68.772  7.592 0.0000000000
6588  26.541  -68.322  7.551 0.0000000000
6589  25.331  -68.692  7.432 0.0000000000
6590  24.067  -68.739  7.449 0.0000000000
6591  22.792  -68.712  7.694 0.0000000000
6592  21.913  -68.853  7.361 0.0000000000
6599  38.026  -68.057  6.363 0.0000000000
6600  36.989  -68.585  6.496 0.0000000000
6603  30.243  -68.831  6.577 0.0000000000
6604  26.026  -68.399  6.696 0.0000000000
6605  24.931  -68.553  6.193 0.0000000000
6606  23.419  -68.560  6.518 0.0000000000
6607  22.273  -68.487  6.699 0.0000000000
6608  21.433  -68.845  6.598 0.0000000000
6609  21.073  -69.094  6.243 0.0000000000
6619  37.243  -68.283  5.409 0.0000000000
6623  30.035  -68.424  5.379 0.0000000000
6624  29.611  -69.027  5.008 0.0000000000
6625  24.827  -68.322  5.305 0.0000000000
6626  23.902  -68.360  5.199 0.0000000000
6627  22.699  -68.319  5.709 0.0000000000
6628  21.741  -68.409  5.835 0.0000000000
6629  20.980  -68.826  5.654 0.0000000000
6630  20.699  -68.997  5.197 0.0000000000
6643  30.066  -68.030  4.413 0.0000000000
6644  29.601  -68.710  4.427 0.0000000000
6645  23.518  -68.065  4.513 0.0000000000
6646  22.928  -68.054  4.804 0.0000000000
6647  22.062  -68.017  5.059 0.0000000000
6648  21.297  -68.303  4.990 0.0000000000
6662  29.895  -68.155  3.865 0.0000000000
6663  29.463  -68.488  3.509 0.0000000000
6664  28.937  -68.866  3.359 0.0000000000
6665  21.073  -68.196  4.076 0.0000000000
6676  29.222  -68.483  3.031 0.0000000000
6677  28.760  -68.739  2.731 0.0000000000
6678  28.046  -68.914  2.442 0.0000000000
6679  21.113  -68.154  3.074 0.0000000000
6687  28.445  -68.497  2.115 0.0000000000
6688  27.702  -68.631  1.716 0.0000000000
6690  21.226  -68.190  1.991 0.0000000000
6698  27.285  -68.388  0.895 0.0000000000
6710  26.324  -68.257  -0.473 0.0000000000
6721  25.380  -68.156  -2.117 0.0000000000
6733  25.066  -67.805  -2.639 0.0000000000
7126  23.016  -67.399  16.083 0.0000000000
7127  22.421  -67.462  16.204 0.0000000000
7128  21.507  -67.505  16.176 0.0000000000
7129  20.634  -67.749  16.165 0.0000000000
7130  19.776  -67.698  16.178 0.0000000000
7134  25.094  -67.833  14.939 0.0000000000
7135  24.634  -67.659  15.270 0.0000000000
7136  23.708  -67.402  15.772 0.0000000000
7140  25.418  -67.898  14.524 0.0000000000
7141  24.839  -67.439  14.460 0.0000000000
7145  26.158  -67.983  13.224 0.0000000000
7146  25.891  -67.848  13.728 0.0000000000
7147  25.355  -67.505  13.978 0.0000000000
7149  37.297  -66.711  11.769 0.0000000000
7150  37.088  -66.582  11.852 0.0000000000
7151  26.316  -67.881  12.652 0.0000000000
7152  26.076  -67.684  13.026 0.0000000000
7154  38.090  -67.009  10.875 0.0000000000
7155  37.512  -67.026  11.384 0.0000000000
7156  36.677  -67.004  11.598 0.0000000000
7157  35.661  -67.273  11.384 0.0000000000
7158  34.671  -67.508  11.085 0.0000000000
7159  34.194  -67.940  11.064 0.0000000000
7160  27.077  -67.711  10.977 0.0000000000
7161  26.793  -67.756  11.648 0.0000000000
7163  38.199  -67.186  10.035 0.0000000000
7164  37.501  -67.502  10.492 0.0000000000
7165  36.847  -67.598  11.028 0.0000000000
7166  34.251  -67.099  10.411 0.0000000000
7167  33.843  -67.906  10.638 0.0000000000
7168  33.497  -68.400  10.449 0.0000000000
7169  27.132  -67.378  10.470 0.0000000000
7170  27.038  -67.410  11.007 0.0000000000
7173  38.328  -67.344  9.135 0.0000000000
7174  37.722  -67.646  9.552 0.0000000000
7175  34.017  -66.927  9.901 0.0000000000
7176  33.530  -67.332  9.684 0.0000000000
7177  33.018  -68.228  9.994 0.0000000000
7178  27.269  -67.349  9.562 0.0000000000
7183  38.913  -67.146  8.118 0.0000000000
7184  38.416  -67.436  8.325 0.0000000000
7185  37.897  -67.763  8.629 0.0000000000
7186  33.125  -67.164  9.020 0.0000000000
7187  32.448  -67.682  8.941 0.0000000000
7188  31.640  -67.996  8.395 0.0000000000
7189  27.385  -67.563  8.706 0.0000000000
7190  27.248  -67.914  8.007 0.0000000000
7196  39.166  -67.021  7.641 0.0000000000
7197  38.471  -67.590  7.373 0.0000000000
7198  38.107  -67.781  8.007 0.0000000000
7199  31.850  -67.487  8.137 0.0000000000
7200  31.235  -67.721  7.640 0.0000000000
7201  30.667  -68.051  6.968 0.0000000000
7202  27.493  -67.150  7.849 0.0000000000
7203  27.208  -67.671  7.356 0.0000000000
7207  39.197  -67.071  6.814 0.0000000000
7208  38.766  -67.473  6.309 0.0000000000
7209  31.080  -67.341  6.628 0.0000000000
7210  30.576  -67.847  6.199 0.0000000000
7211  27.320  -67.063  7.037 0.0000000000
7212  26.866  -67.688  6.488 0.0000000000
7213  26.059  -68.155  5.981 0.0000000000
7224  30.948  -67.221  6.041 0.0000000000
7225  30.715  -67.349  5.548 0.0000000000
7226  26.508  -67.615  5.547 0.0000000000
7227  25.581  -68.024  5.179 0.0000000000
7228  24.783  -68.085  4.730 0.0000000000
7241  30.503  -67.426  4.750 0.0000000000
7242  26.288  -67.424  4.669 0.0000000000
7243  25.384  -67.567  4.001 0.0000000000
7244  24.111  -67.901  4.049 0.0000000000
7245  23.119  -67.827  4.028 0.0000000000
7246  22.292  -67.792  4.253 0.0000000000
7247  21.616  -67.921  4.440 0.0000000000
7262  30.300  -67.443  3.667 0.0000000000
7263  29.892  -68.008  3.369 0.0000000000
7264  25.332  -67.203  3.267 0.0000000000
7265  24.550  -67.247  2.981 0.0000000000
7266  23.414  -67.451  3.185 0.0000000000
7267  22.464  -67.593  3.387 0.0000000000
7268  21.665  -67.803  3.664 0.0000000000
7280  30.407  -67.131  2.890 0.0000000000
7281  29.725  -67.824  2.509 0.0000000000
7282  28.977  -68.325  2.161 0.0000000000
7283  24.306  -66.915  2.300 0.0000000000
7284  23.625  -66.975  2.165 0.0000000000
7285  22.634  -67.244  2.435 0.0000000000
7286  21.770  -67.674  2.680 0.0000000000
7294  29.694  -67.250  1.225 0.0000000000
7295  28.827  -67.990  1.403 0.0000000000
7296  27.974  -68.073  0.879 0.0000000000
7297  23.391  -66.819  1.664 0.0000000000
7298  22.906  -66.892  1.521 0.0000000000
7299  21.884  -67.462  1.481 0.0000000000
7308  29.253  -67.343  0.590 0.0000000000
7309  28.565  -67.550  0.222 0.0000000000
7310  27.520  -67.917  0.079 0.0000000000
7311  26.851  -68.033  -0.417 0.0000000000
7312  22.398  -67.002  0.653 0.0000000000
7313  21.821  -67.548  0.403 0.0000000000
7322  28.136  -67.420  -0.524 0.0000000000
7323  27.447  -67.554  -0.972 0.0000000000
7324  26.530  -67.873  -1.113 0.0000000000
7325  25.989  -67.943  -1.637 0.0000000000
7326  22.156  -67.102  -0.285 0.0000000000
7334  27.047  -67.379  -1.604 0.0000000000
7335  26.522  -67.474  -1.962 0.0000000000
7336  25.963  -67.646  -2.156 0.0000000000
7337  22.131  -67.410  -1.337 0.0000000000
7348  26.214  -67.306  -2.343 0.0000000000
7349  25.675  -67.363  -2.601 0.0000000000
7350  24.820  -67.320  -2.864 0.0000000000
7351  23.835  -67.459  -2.797 0.0000000000
7352  22.735  -67.508  -2.392 0.0000000000
7777  25.468  -67.424  13.533 0.0000000000
7783  38.140  -65.924  12.164 0.0000000000
7784  37.552  -66.257  12.015 0.0000000000
7785  36.880  -66.332  11.817 0.0000000000
7786  26.127  -67.514  12.665 0.0000000000
7787  25.634  -67.235  12.880 0.0000000000
7793  39.010  -65.940  11.649 0.0000000000
7794  38.366  -66.320  11.622 0.0000000000
7795  37.687  -66.612  11.769 0.0000000000
7796  36.152  -66.416  11.468 0.0000000000
7797  35.352  -66.776  11.145 0.0000000000
7798  34.789  -66.851  10.836 0.0000000000
7799  26.243  -67.277  12.102 0.0000000000
7804  39.130  -66.086  11.073 0.0000000000
7805  38.670  -66.649  10.544 0.0000000000
7806  35.741  -66.225  11.009 0.0000000000
7807  35.209  -66.372  10.660 0.0000000000
7808  34.698  -66.634  10.424 0.0000000000
7809  27.078  -66.978  10.486 0.0000000000
7810  26.610  -66.833  10.904 0.0000000000
7815  39.312  -66.280  9.984 0.0000000000
7816  38.860  -66.887  9.513 0.0000000000
7817  34.933  -66.346  10.127 0.0000000000
7818  34.435  -66.605  9.871 0.0000000000
7819  34.004  -66.804  9.475 0.0000000000
7820  27.044  -66.786  9.990 0.0000000000
7821  26.414  -65.936  9.755 0.0000000000
7825  40.048  -66.174  8.095 0.0000000000
7826  39.577  -66.476  8.523 0.0000000000
7827  38.857  -67.107  8.732 0.0000000000
7828  34.894  -66.233  9.567 0.0000000000
7829  34.442  -66.441  9.028 0.0000000000
7830  33.670  -66.799  8.828 0.0000000000
7831  32.978  -66.960  8.512 0.0000000000
7832  27.232  -66.305  8.706 0.0000000000
7833  26.583  -65.481  8.895 0.0000000000
7838  40.124  -66.165  7.430 0.0000000000
7839  39.554  -66.668  7.390 0.0000000000
7840  34.172  -66.424  8.327 0.0000000000
7841  33.468  -66.476  7.760 0.0000000000
7842  32.375  -66.958  7.873 0.0000000000
7843  31.760  -67.240  7.701 0.0000000000
7844  27.468  -66.275  7.345 0.0000000000
7851  39.716  -66.598  6.572 0.0000000000
7852  33.407  -66.202  7.032 0.0000000000
7853  32.669  -66.311  6.787 0.0000000000
7854  31.742  -66.959  7.079 0.0000000000
7855  27.388  -66.535  6.140 0.0000000000
7856  27.002  -67.233  5.835 0.0000000000
7866  32.426  -66.025  6.055 0.0000000000
7867  31.559  -66.459  5.762 0.0000000000
7868  30.921  -66.899  5.118 0.0000000000
7869  27.364  -66.130  4.971 0.0000000000
7870  26.963  -66.982  5.215 0.0000000000
7880  31.575  -65.853  4.832 0.0000000000
7881  31.006  -66.436  4.400 0.0000000000
7882  27.191  -65.826  4.077 0.0000000000
7883  26.726  -66.695  4.245 0.0000000000
7884  26.144  -67.191  4.042 0.0000000000
7894  30.718  -66.447  3.220 0.0000000000
7895  27.099  -65.687  3.529 0.0000000000
7896  26.748  -66.187  3.495 0.0000000000
7897  26.014  -66.871  3.351 0.0000000000
7898  25.317  -66.953  2.801 0.0000000000
7906  30.522  -66.600  2.254 0.0000000000
7907  30.147  -66.932  1.692 0.0000000000
7908  26.390  -66.232  2.825 0.0000000000
7909  25.721  -66.431  2.367 0.0000000000
7910  24.861  -66.705  2.183 0.0000000000
7911  24.206  -66.687  1.864 0.0000000000
7919  30.461  -66.371  1.508 0.0000000000
7920  30.200  -66.526  1.028 0.0000000000
7921  25.276  -66.193  1.729 0.0000000000
7922  24.599  -66.210  1.376 0.0000000000
7923  23.658  -66.521  1.318 0.0000000000
7924  23.010  -66.563  0.780 0.0000000000
7932  29.707  -66.622  0.285 0.0000000000
7933  29.219  -67.053  -0.042 0.0000000000
7934  24.103  -65.917  0.832 0.0000000000
7935  23.472  -65.982  0.363 0.0000000000
7936  22.723  -66.459  0.010 0.0000000000
7944  29.350  -66.568  -0.334 0.0000000000
7945  28.838  -66.823  -0.714 0.0000000000
7946  28.142  -67.078  -1.145 0.0000000000
7947  23.133  -65.843  -0.599 0.0000000000
7948  22.603  -66.621  -0.947 0.0000000000
7956  28.395  -66.520  -1.411 0.0000000000
7957  27.606  -66.751  -1.849 0.0000000000
7958  26.987  -67.109  -2.022 0.0000000000
7959  23.061  -66.209  -1.648 0.0000000000
7960  22.655  -66.871  -1.737 0.0000000000
7969  27.322  -66.314  -2.340 0.0000000000
7970  26.631  -66.701  -2.511 0.0000000000
7971  25.508  -66.482  -3.018 0.0000000000
7972  24.469  -66.439  -2.897 0.0000000000
7973  23.519  -66.514  -2.416 0.0000000000
7974  22.960  -66.749  -2.118 0.0000000000
8462  39.301  -65.195  12.196 0.0000000000
8463  38.771  -65.434  12.189 0.0000000000
8464  37.846  -65.437  12.193 0.0000000000
8465  37.211  -65.838  11.959 0.0000000000
8476  40.192  -65.158  11.046 0.0000000000
8477  39.498  -65.343  11.746 0.0000000000
8478  38.930  -65.803  11.892 0.0000000000
8479  37.189  -65.268  11.720 0.0000000000
8480  36.701  -65.862  11.674 0.0000000000
8490  40.310  -65.321  10.131 0.0000000000
8491  39.746  -65.705  10.619 0.0000000000
8492  37.050  -64.971  11.244 0.0000000000
8493  36.373  -65.544  10.837 0.0000000000
8494  35.681  -66.010  10.675 0.0000000000
8504  40.414  -65.530  9.232 0.0000000000
8505  39.931  -65.901  9.579 0.0000000000
8506  36.167  -65.362  9.413 0.0000000000
8507  35.472  -65.936  10.028 0.0000000000
8517  41.032  -65.212  8.050 0.0000000000
8518  40.371  -65.809  8.329 0.0000000000
8519  40.114  -65.970  8.925 0.0000000000
8520  36.029  -65.358  8.310 0.0000000000
8521  35.229  -65.920  8.759 0.0000000000
8522  34.624  -66.230  8.432 0.0000000000
8523  26.845  -65.301  8.347 0.0000000000
8531  40.676  -65.623  7.565 0.0000000000
8532  36.042  -65.253  7.527 0.0000000000
8533  35.482  -65.602  7.689 0.0000000000
8534  34.580  -66.059  7.687 0.0000000000
8535  33.899  -66.113  7.125 0.0000000000
8536  27.140  -65.243  7.651 0.0000000000
8537  26.731  -64.820  7.990 0.0000000000
8544  35.728  -65.329  7.087 0.0000000000
8545  35.139  -65.530  6.875 0.0000000000
8546  34.395  -65.788  6.765 0.0000000000
8547  33.584  -65.885  6.529 0.0000000000
8548  32.946  -65.850  6.132 0.0000000000
8549  27.476  -65.367  6.660 0.0000000000
8556  34.790  -65.495  6.411 0.0000000000
8557  34.301  -65.502  6.121 0.0000000000
8558  33.479  -65.472  5.816 0.0000000000
8559  32.586  -65.569  5.524 0.0000000000
8560  31.998  -65.645  5.133 0.0000000000
8561  27.601  -65.318  5.620 0.0000000000
8572  32.416  -65.237  4.939 0.0000000000
8573  31.963  -65.217  4.553 0.0000000000
8574  31.476  -65.611  4.263 0.0000000000
8575  27.610  -65.201  4.613 0.0000000000
8587  31.667  -65.085  3.976 0.0000000000
8588  31.253  -65.511  3.529 0.0000000000
8589  27.466  -65.017  3.563 0.0000000000
8590  26.918  -65.672  2.960 0.0000000000
8594  30.982  -65.640  2.571 0.0000000000
8595  27.093  -64.902  2.391 0.0000000000
8596  26.301  -65.706  2.099 0.0000000000
8597  25.690  -65.960  1.807 0.0000000000
8603  30.776  -65.629  1.510 0.0000000000
8604  30.487  -66.071  1.123 0.0000000000
8605  26.947  -64.516  1.817 0.0000000000
8606  26.491  -64.917  1.573 0.0000000000
8607  25.388  -65.370  1.127 0.0000000000
8608  24.572  -65.664  0.897 0.0000000000
8615  30.757  -65.158  0.914 0.0000000000
8616  30.360  -65.688  0.513 0.0000000000
8617  24.941  -64.776  0.497 0.0000000000
8618  24.209  -65.108  0.283 0.0000000000
8619  23.523  -65.445  -0.087 0.0000000000
8627  29.516  -65.713  -0.795 0.0000000000
8628  28.831  -66.202  -1.256 0.0000000000
8629  23.939  -64.689  -0.379 0.0000000000
8630  23.591  -65.071  -0.575 0.0000000000
8640  29.108  -65.140  -1.554 0.0000000000
8641  28.400  -65.649  -1.972 0.0000000000
8642  27.684  -66.110  -2.240 0.0000000000
8643  23.843  -65.051  -1.909 0.0000000000
8644  23.438  -65.433  -1.352 0.0000000000
8654  27.836  -65.099  -2.660 0.0000000000
8655  27.313  -65.673  -2.695 0.0000000000
8656  26.259  -65.594  -3.152 0.0000000000
8657  25.127  -65.335  -3.110 0.0000000000
8658  24.125  -65.587  -2.561 0.0000000000
8659  23.557  -65.736  -2.031 0.0000000000
8673  25.807  -64.975  -3.326 0.0000000000
8674  25.484  -64.776  -3.222 0.0000000000
9152  34.126  -64.825  15.082 0.0000000000
9173  34.046  -64.572  14.376 0.0000000000
9174  33.651  -65.030  14.261 0.0000000000
9205  40.107  -64.334  12.368 0.0000000000
9206  39.563  -64.654  12.368 0.0000000000
9207  38.516  -64.513  12.412 0.0000000000
9208  37.764  -64.754  12.116 0.0000000000
9221  40.924  -64.054  11.559 0.0000000000
9222  40.411  -64.406  11.821 0.0000000000
9223  39.869  -64.863  12.095 0.0000000000
9224  38.007  -64.111  12.144 0.0000000000
9225  37.551  -64.454  11.546 0.0000000000
9234  41.081  -64.083  11.097 0.0000000000
9235  40.721  -64.711  10.653 0.0000000000
9236  37.159  -64.608  10.661 0.0000000000
9237  36.710  -64.941  9.985 0.0000000000
9245  41.292  -64.208  10.060 0.0000000000
9246  40.871  -64.936  9.621 0.0000000000
9247  37.183  -64.436  9.659 0.0000000000
9248  36.786  -64.850  9.262 0.0000000000
9257  41.435  -64.463  8.786 0.0000000000
9258  40.860  -65.220  8.809 0.0000000000
9259  37.157  -64.379  8.578 0.0000000000
9260  36.568  -64.996  8.676 0.0000000000
9272  37.106  -64.340  7.373 0.0000000000
9273  36.561  -64.905  7.859 0.0000000000
9274  27.143  -64.613  6.951 0.0000000000
9275  26.437  -64.144  7.429 0.0000000000
9286  37.073  -64.222  6.275 0.0000000000
9287  36.270  -64.934  6.775 0.0000000000
9288  35.629  -65.259  6.650 0.0000000000
9289  27.343  -64.269  6.142 0.0000000000
9290  26.948  -64.112  6.764 0.0000000000
9299  37.044  -63.990  5.300 0.0000000000
9300  36.353  -64.555  5.690 0.0000000000
9301  35.302  -65.142  5.948 0.0000000000
9302  34.214  -65.099  5.410 0.0000000000
9303  33.288  -65.056  5.168 0.0000000000
9304  32.766  -65.122  5.025 0.0000000000
9305  27.666  -64.362  5.121 0.0000000000
9315  36.955  -63.848  4.745 0.0000000000
9316  36.448  -64.164  4.895 0.0000000000
9317  35.783  -64.568  5.119 0.0000000000
9318  34.960  -64.667  4.889 0.0000000000
9319  33.938  -64.581  4.695 0.0000000000
9320  32.819  -64.667  4.465 0.0000000000
9321  32.087  -64.713  4.059 0.0000000000
9322  27.769  -64.429  4.315 0.0000000000
9333  32.423  -64.304  3.765 0.0000000000
9334  31.778  -64.510  3.374 0.0000000000
9335  31.310  -64.919  2.854 0.0000000000
9336  27.777  -64.065  3.754 0.0000000000
9341  31.522  -64.321  2.650 0.0000000000
9342  31.197  -64.690  2.076 0.0000000000
9343  27.608  -64.105  2.932 0.0000000000
9347  31.012  -64.656  1.232 0.0000000000
9348  27.293  -64.027  2.031 0.0000000000
9349  26.751  -64.118  1.322 0.0000000000
9350  26.093  -64.543  1.008 0.0000000000
9353  30.726  -64.602  0.455 0.0000000000
9354  30.294  -64.981  -0.205 0.0000000000
9355  26.202  -63.919  0.793 0.0000000000
9356  25.440  -64.187  0.471 0.0000000000
9357  24.719  -64.393  0.166 0.0000000000
9361  30.478  -64.271  -0.224 0.0000000000
9362  30.039  -64.491  -0.789 0.0000000000
9363  24.847  -63.815  -0.054 0.0000000000
9364  24.325  -64.182  -0.528 0.0000000000
9365  23.865  -64.573  -0.837 0.0000000000
9370  29.491  -64.592  -1.404 0.0000000000
9371  28.937  -64.571  -1.999 0.0000000000
9372  24.068  -64.307  -1.516 0.0000000000
9373  23.707  -64.854  -1.246 0.0000000000
9386  28.206  -64.386  -2.657 0.0000000000
9387  27.292  -64.623  -3.117 0.0000000000
9388  26.855  -65.149  -3.165 0.0000000000
9389  25.248  -64.312  -3.023 0.0000000000
9390  24.481  -64.578  -2.485 0.0000000000
9402  26.890  -64.327  -3.347 0.0000000000
9403  26.444  -64.633  -3.341 0.0000000000
9404  25.768  -64.515  -3.316 0.0000000000
9970  34.529  -63.553  15.258 0.0000000000
9989  34.231  -63.835  14.177 0.0000000000
9990  33.969  -64.450  14.021 0.0000000000
10007  34.198  -63.572  13.456 0.0000000000
10008  33.797  -64.275  13.294 0.0000000000
10025  40.222  -63.777  12.579 0.0000000000
10026  39.295  -63.653  12.740 0.0000000000
10027  38.533  -63.465  12.400 0.0000000000
10045  41.175  -63.590  11.615 0.0000000000
10046  40.849  -63.548  12.190 0.0000000000
10047  38.004  -63.419  11.631 0.0000000000
10048  37.640  -63.927  10.965 0.0000000000
10067  42.079  -62.853  10.506 0.0000000000
10068  41.724  -63.346  10.668 0.0000000000
10069  37.911  -63.204  10.600 0.0000000000
10070  37.599  -63.914  10.164 0.0000000000
10081  42.167  -62.957  9.921 0.0000000000
10082  41.849  -63.666  9.497 0.0000000000
10083  37.905  -63.314  9.722 0.0000000000
10084  37.617  -63.862  9.254 0.0000000000
10096  42.352  -63.118  8.760 0.0000000000
10097  41.943  -63.811  8.769 0.0000000000
10098  38.055  -63.204  8.744 0.0000000000
10099  37.650  -63.816  8.628 0.0000000000
10111  42.479  -63.283  7.516 0.0000000000
10112  42.053  -63.950  8.051 0.0000000000
10113  38.255  -63.026  7.534 0.0000000000
10114  37.661  -63.742  7.950 0.0000000000
10128  38.306  -62.990  6.368 0.0000000000
10129  37.704  -63.664  6.869 0.0000000000
10130  27.000  -63.568  5.888 0.0000000000
10131  26.593  -63.530  6.414 0.0000000000
10141  38.306  -62.881  5.235 0.0000000000
10142  37.698  -63.552  5.755 0.0000000000
10143  27.280  -63.580  5.387 0.0000000000
10144  26.582  -62.973  5.510 0.0000000000
10153  38.116  -62.841  4.587 0.0000000000
10154  37.539  -63.344  4.572 0.0000000000
10155  36.687  -63.746  4.315 0.0000000000
10156  35.755  -64.081  4.349 0.0000000000
10157  34.688  -64.119  4.141 0.0000000000
10158  33.710  -64.071  3.995 0.0000000000
10159  32.975  -64.016  3.771 0.0000000000
10160  27.523  -63.451  4.475 0.0000000000
10161  27.040  -63.073  4.986 0.0000000000
10167  37.008  -63.289  3.835 0.0000000000
10168  36.273  -63.467  3.723 0.0000000000
10169  35.358  -63.559  3.620 0.0000000000
10170  34.394  -63.538  3.519 0.0000000000
10171  33.483  -63.515  3.400 0.0000000000
10172  32.531  -63.639  3.134 0.0000000000
10173  31.862  -63.877  2.784 0.0000000000
10174  27.632  -63.298  3.486 0.0000000000
10177  32.083  -63.374  2.526 0.0000000000
10178  31.610  -63.668  2.097 0.0000000000
10179  31.284  -64.045  1.556 0.0000000000
10180  27.577  -63.162  2.492 0.0000000000
10183  31.454  -63.456  1.428 0.0000000000
10184  31.167  -63.760  0.910 0.0000000000
10185  27.181  -63.171  1.422 0.0000000000
10186  26.630  -63.487  0.882 0.0000000000
10189  30.796  -63.618  0.119 0.0000000000
10190  26.727  -62.903  0.724 0.0000000000
10191  26.009  -63.176  0.350 0.0000000000
10192  25.278  -63.408  -0.002 0.0000000000
10198  30.393  -63.610  -0.645 0.0000000000
10199  29.852  -63.701  -1.348 0.0000000000
10200  25.447  -62.840  -0.273 0.0000000000
10201  24.877  -63.195  -0.745 0.0000000000
10202  24.458  -63.657  -1.317 0.0000000000
10208  29.338  -63.880  -1.860 0.0000000000
10209  28.845  -63.692  -2.345 0.0000000000
10210  24.797  -63.078  -1.702 0.0000000000
10211  24.566  -63.742  -2.104 0.0000000000
10224  28.337  -63.425  -2.787 0.0000000000
10225  27.422  -63.524  -3.159 0.0000000000
10226  26.331  -63.170  -3.201 0.0000000000
10227  25.310  -63.234  -2.652 0.0000000000
10228  24.873  -63.946  -2.607 0.0000000000
10239  27.087  -64.098  -3.292 0.0000000000
10240  26.687  -63.937  -3.336 0.0000000000
10241  25.929  -63.936  -3.285 0.0000000000
10801  34.695  -62.360  15.451 0.0000000000
10813  34.505  -62.589  14.491 0.0000000000
10822  34.376  -62.756  13.437 0.0000000000
10823  34.150  -63.384  12.940 0.0000000000
10835  41.475  -62.369  12.219 0.0000000000
10836  41.049  -62.755  12.511 0.0000000000
10837  40.004  -62.752  12.948 0.0000000000
10838  39.079  -62.609  12.796 0.0000000000
10839  34.273  -62.648  12.390 0.0000000000
10840  33.832  -63.652  12.154 0.0000000000
10852  42.239  -61.963  11.036 0.0000000000
10853  41.786  -62.485  11.593 0.0000000000
10854  41.230  -63.098  12.031 0.0000000000
10855  38.473  -62.466  12.121 0.0000000000
10856  34.093  -62.685  11.196 0.0000000000
10875  42.265  -62.318  10.518 0.0000000000
10876  42.022  -62.766  10.855 0.0000000000
10877  38.219  -62.345  11.114 0.0000000000
10878  33.973  -62.575  10.039 0.0000000000
10894  42.481  -62.370  9.523 0.0000000000
10895  38.358  -62.377  9.768 0.0000000000
10896  33.818  -62.214  9.215 0.0000000000
10910  42.837  -61.822  8.580 0.0000000000
10911  42.665  -62.328  8.811 0.0000000000
10912  39.200  -61.571  7.607 0.0000000000
10913  38.706  -62.138  8.305 0.0000000000
10914  33.803  -61.945  8.745 0.0000000000
10925  42.932  -61.856  8.051 0.0000000000
10926  42.750  -62.428  8.004 0.0000000000
10927  39.322  -61.588  6.840 0.0000000000
10928  38.864  -62.243  6.961 0.0000000000
10940  42.967  -61.892  7.449 0.0000000000
10941  42.817  -62.645  6.948 0.0000000000
10942  39.243  -61.836  6.167 0.0000000000
10943  38.814  -62.411  5.884 0.0000000000
10951  42.988  -61.963  6.450 0.0000000000
10953  39.111  -61.958  5.441 0.0000000000
10954  38.771  -62.335  5.168 0.0000000000
10961  38.953  -61.987  4.890 0.0000000000
10962  38.513  -62.326  4.448 0.0000000000
10963  37.990  -62.711  4.169 0.0000000000
10964  27.376  -62.802  3.960 0.0000000000
10965  26.657  -62.303  4.523 0.0000000000
10969  38.117  -62.301  3.792 0.0000000000
10970  37.539  -62.626  3.569 0.0000000000
10971  36.775  -62.897  3.317 0.0000000000
10972  35.975  -63.008  3.122 0.0000000000
10973  35.047  -63.033  2.992 0.0000000000
10974  34.104  -63.005  2.920 0.0000000000
10975  33.276  -63.033  2.860 0.0000000000
10976  27.386  -62.228  3.259 0.0000000000
10977  26.866  -61.813  3.687 0.0000000000
10980  37.143  -62.432  3.066 0.0000000000
10981  36.629  -62.441  2.760 0.0000000000
10982  35.721  -62.498  2.496 0.0000000000
10983  34.732  -62.509  2.367 0.0000000000
10984  33.727  -62.494  2.299 0.0000000000
10985  32.663  -62.803  2.273 0.0000000000
10986  32.006  -63.086  2.124 0.0000000000
10987  27.509  -62.096  1.898 0.0000000000
10990  33.287  -62.242  1.875 0.0000000000
10991  32.764  -62.222  1.604 0.0000000000
10992  31.901  -62.698  1.412 0.0000000000
10993  31.444  -63.157  1.082 0.0000000000
10994  27.062  -62.228  0.855 0.0000000000
10999  31.736  -62.259  0.750 0.0000000000
11000  31.306  -62.723  0.522 0.0000000000
11001  26.487  -62.362  0.245 0.0000000000
11002  25.942  -62.369  -0.226 0.0000000000
11009  30.770  -62.739  -0.371 0.0000000000
11010  30.214  -62.763  -1.164 0.0000000000
11011  25.436  -62.304  -1.002 0.0000000000
11012  25.050  -62.715  -1.333 0.0000000000
11020  29.408  -62.794  -2.088 0.0000000000
11021  28.758  -63.086  -2.581 0.0000000000
11022  25.549  -62.062  -1.596 0.0000000000
11023  25.300  -62.449  -1.897 0.0000000000
11038  29.105  -61.946  -2.536 0.0000000000
11039  28.330  -62.418  -2.906 0.0000000000
11040  26.899  -62.194  -3.084 0.0000000000
11041  25.936  -62.449  -2.757 0.0000000000
11042  25.547  -62.559  -2.420 0.0000000000
11662  34.626  -61.452  14.771 0.0000000000
11673  34.576  -61.615  13.785 0.0000000000
11685  34.481  -61.698  12.795 0.0000000000
11697  41.454  -61.829  12.321 0.0000000000
11698  40.616  -61.828  12.833 0.0000000000
11699  39.692  -61.735  12.886 0.0000000000
11700  38.919  -61.577  12.492 0.0000000000
11701  34.405  -61.740  11.834 0.0000000000
11711  42.179  -61.540  11.224 0.0000000000
11712  41.922  -61.506  11.734 0.0000000000
11713  38.496  -61.418  11.671 0.0000000000
11714  34.337  -61.693  11.094 0.0000000000
11725  42.492  -61.213  10.215 0.0000000000
11726  42.367  -61.483  10.611 0.0000000000
11727  38.568  -61.283  10.528 0.0000000000
11728  34.229  -61.957  10.541 0.0000000000
11738  42.610  -61.021  9.913 0.0000000000
11739  42.551  -61.632  9.900 0.0000000000
11740  39.321  -60.536  8.619 0.0000000000
11741  38.997  -61.047  9.153 0.0000000000
11742  34.191  -61.677  9.828 0.0000000000
11754  42.763  -61.176  9.220 0.0000000000
11755  42.683  -61.867  9.208 0.0000000000
11756  39.415  -60.885  8.058 0.0000000000
11757  39.111  -61.429  8.297 0.0000000000
11758  34.202  -61.438  8.913 0.0000000000
11759  33.803  -61.770  8.313 0.0000000000
11770  42.970  -61.215  8.188 0.0000000000
11771  39.563  -61.018  7.122 0.0000000000
11772  34.380  -61.277  8.026 0.0000000000
11773  33.664  -61.683  7.592 0.0000000000
11785  43.025  -61.115  7.106 0.0000000000
11786  39.558  -61.185  6.312 0.0000000000
11787  34.326  -61.221  7.244 0.0000000000
11788  33.591  -61.311  6.660 0.0000000000
11798  39.406  -61.406  5.569 0.0000000000
11809  39.203  -61.615  5.032 0.0000000000
11810  38.940  -61.584  4.463 0.0000000000
11811  26.498  -61.508  3.810 0.0000000000
11815  38.374  -61.607  3.600 0.0000000000
11816  37.917  -62.065  3.400 0.0000000000
11817  27.358  -61.480  2.533 0.0000000000
11818  26.890  -61.169  3.152 0.0000000000
11819  26.271  -60.927  3.573 0.0000000000
11822  38.095  -61.243  3.070 0.0000000000
11823  37.536  -61.674  2.766 0.0000000000
11824  36.460  -61.868  2.148 0.0000000000
11825  35.431  -61.936  1.817 0.0000000000
11826  34.374  -62.005  1.756 0.0000000000
11827  33.742  -62.098  1.813 0.0000000000
11828  27.454  -61.058  1.841 0.0000000000
11829  27.220  -60.851  2.434 0.0000000000
11832  37.460  -61.053  2.254 0.0000000000
11833  37.048  -61.189  1.979 0.0000000000
11834  36.197  -61.187  1.483 0.0000000000
11835  35.010  -61.211  1.047 0.0000000000
11836  33.621  -61.705  1.254 0.0000000000
11837  32.486  -61.833  1.012 0.0000000000
11838  31.963  -62.073  0.856 0.0000000000
11839  27.314  -61.292  0.981 0.0000000000
11844  34.881  -60.690  0.618 0.0000000000
11845  34.250  -60.847  0.556 0.0000000000
11846  33.070  -61.007  0.475 0.0000000000
11847  31.777  -61.517  0.168 0.0000000000
11848  31.148  -62.136  -0.147 0.0000000000
11849  26.664  -61.457  0.019 0.0000000000
11850  26.335  -61.987  -0.182 0.0000000000
11856  31.447  -61.011  -0.588 0.0000000000
11857  30.760  -61.561  -0.966 0.0000000000
11858  30.034  -62.134  -1.556 0.0000000000
11859  26.369  -61.185  -0.636 0.0000000000
11860  26.102  -61.707  -0.656 0.0000000000
11871  30.448  -61.004  -1.654 0.0000000000
11872  29.839  -61.434  -2.091 0.0000000000
11873  25.872  -61.630  -1.508 0.0000000000
11874  25.654  -61.940  -1.961 0.0000000000
11889  28.770  -61.130  -2.839 0.0000000000
11890  27.605  -61.254  -2.990 0.0000000000
11891  26.799  -61.275  -2.739 0.0000000000
11892  26.127  -61.625  -2.404 0.0000000000
11893  25.701  -62.187  -2.302 0.0000000000
12509  34.634  -60.412  14.988 0.0000000000
12518  34.650  -60.571  14.068 0.0000000000
12528  34.552  -60.681  13.113 0.0000000000
12537  40.985  -60.961  12.500 0.0000000000
12538  40.225  -60.934  12.716 0.0000000000
12539  39.461  -60.770  12.545 0.0000000000
12540  38.827  -60.572  12.072 0.0000000000
12541  34.449  -60.819  12.194 0.0000000000
12552  42.358  -60.515  10.801 0.0000000000
12553  42.132  -60.801  11.276 0.0000000000
12554  41.620  -60.850  11.892 0.0000000000
12555  38.600  -60.359  11.190 0.0000000000
12556  34.371  -60.949  11.346 0.0000000000
12568  42.504  -60.763  10.400 0.0000000000
12569  42.321  -61.016  10.876 0.0000000000
12570  38.960  -59.530  9.539 0.0000000000
12571  38.840  -60.127  9.987 0.0000000000
12572  34.314  -61.176  10.548 0.0000000000
12582  42.822  -60.419  9.797 0.0000000000
12583  39.228  -60.040  9.079 0.0000000000
12584  39.034  -60.419  9.434 0.0000000000
12585  34.356  -60.700  9.713 0.0000000000
12597  43.053  -60.318  8.934 0.0000000000
12598  39.629  -60.145  8.153 0.0000000000
12599  34.931  -59.775  8.263 0.0000000000
12600  34.668  -60.328  8.572 0.0000000000
12611  43.158  -60.250  7.933 0.0000000000
12612  39.839  -60.123  7.138 0.0000000000
12613  39.751  -60.303  7.325 0.0000000000
12614  35.110  -59.931  7.863 0.0000000000
12615  34.884  -60.665  7.548 0.0000000000
12626  43.090  -60.128  6.835 0.0000000000
12627  39.846  -60.132  6.905 0.0000000000
12628  39.768  -60.440  6.542 0.0000000000
12629  35.301  -59.993  7.021 0.0000000000
12630  34.653  -60.725  6.535 0.0000000000
12631  33.833  -60.715  5.934 0.0000000000
12642  39.630  -60.684  5.635 0.0000000000
12643  35.179  -59.977  6.130 0.0000000000
12644  34.461  -60.205  5.614 0.0000000000
12645  33.327  -60.040  5.211 0.0000000000
12655  39.367  -61.058  4.884 0.0000000000
12656  38.960  -60.835  4.093 0.0000000000
12665  38.355  -60.639  3.227 0.0000000000
12666  38.113  -60.134  2.898 0.0000000000
12667  26.336  -60.328  3.119 0.0000000000
12671  37.982  -61.029  2.815 0.0000000000
12672  37.715  -60.517  2.445 0.0000000000
12673  37.442  -60.027  2.105 0.0000000000
12674  27.230  -60.286  1.945 0.0000000000
12675  26.824  -60.307  2.557 0.0000000000
12679  37.337  -60.778  2.054 0.0000000000
12680  36.989  -60.347  1.732 0.0000000000
12681  35.891  -60.217  0.911 0.0000000000
12682  35.214  -60.559  0.691 0.0000000000
12683  27.381  -60.374  1.173 0.0000000000
12689  35.568  -59.574  0.664 0.0000000000
12690  34.965  -60.008  0.436 0.0000000000
12691  33.850  -60.102  -0.021 0.0000000000
12692  32.559  -60.241  -0.426 0.0000000000
12693  31.807  -60.745  -0.477 0.0000000000
12694  27.051  -60.479  0.283 0.0000000000
12701  32.259  -59.752  -0.971 0.0000000000
12702  31.473  -60.225  -1.165 0.0000000000
12703  30.763  -60.755  -1.452 0.0000000000
12704  26.605  -60.527  -0.836 0.0000000000
12705  26.220  -61.157  -1.092 0.0000000000
12717  31.064  -59.622  -1.884 0.0000000000
12718  30.413  -60.240  -2.103 0.0000000000
12719  29.531  -60.554  -2.627 0.0000000000
12720  26.693  -60.309  -1.689 0.0000000000
12721  26.354  -60.901  -1.800 0.0000000000
12740  29.646  -59.858  -2.781 0.0000000000
12741  28.907  -60.053  -3.026 0.0000000000
12742  27.971  -60.236  -3.026 0.0000000000
12743  26.979  -60.431  -2.449 0.0000000000
12744  26.558  -61.046  -2.374 0.0000000000
13420  34.511  -59.745  13.413 0.0000000000
13429  40.571  -60.372  12.443 0.0000000000
13430  40.001  -60.037  12.385 0.0000000000
13431  39.276  -59.848  12.178 0.0000000000
13432  38.745  -59.590  11.720 0.0000000000
13433  34.371  -59.731  12.416 0.0000000000
13434  34.166  -59.141  11.996 0.0000000000
13444  42.317  -60.254  10.987 0.0000000000
13445  42.016  -59.885  11.343 0.0000000000
13446  41.079  -60.034  12.072 0.0000000000
13447  40.508  -59.925  12.273 0.0000000000
13448  38.559  -59.195  10.830 0.0000000000
13449  34.328  -60.214  11.647 0.0000000000
13450  34.173  -59.493  11.518 0.0000000000
13460  42.672  -59.824  10.553 0.0000000000
13461  42.396  -59.379  10.921 0.0000000000
13462  38.921  -59.247  9.528 0.0000000000
13463  38.758  -59.078  9.818 0.0000000000
13464  34.244  -60.151  10.737 0.0000000000
13465  33.968  -59.158  10.720 0.0000000000
13474  43.207  -59.545  9.621 0.0000000000
13475  39.122  -59.095  9.198 0.0000000000
13476  38.852  -58.730  9.447 0.0000000000
13477  34.212  -59.430  9.638 0.0000000000
13478  33.853  -58.818  10.161 0.0000000000
13489  43.468  -59.429  8.690 0.0000000000
13490  39.588  -59.324  8.298 0.0000000000
13491  35.053  -59.521  8.076 0.0000000000
13492  34.652  -59.226  8.486 0.0000000000
13503  43.459  -59.320  7.686 0.0000000000
13504  39.853  -59.936  7.286 0.0000000000
13505  39.833  -59.652  7.328 0.0000000000
13506  35.182  -59.063  7.617 0.0000000000
13507  34.706  -58.631  8.111 0.0000000000
13518  43.315  -59.033  6.602 0.0000000000
13519  39.884  -59.918  7.050 0.0000000000
13520  39.869  -59.851  6.669 0.0000000000
13521  35.652  -59.070  6.408 0.0000000000
13533  39.767  -59.854  5.820 0.0000000000
13534  35.192  -59.427  5.235 0.0000000000
13535  34.125  -59.739  4.993 0.0000000000
13536  33.660  -59.726  4.952 0.0000000000
13545  39.392  -60.117  4.787 0.0000000000
13546  38.856  -59.991  3.910 0.0000000000
13547  35.071  -59.099  4.538 0.0000000000
13548  34.429  -59.275  4.546 0.0000000000
13549  33.502  -59.370  4.627 0.0000000000
13560  38.345  -59.807  3.319 0.0000000000
13561  37.852  -59.647  2.780 0.0000000000
13562  37.500  -59.179  2.772 0.0000000000
13573  37.618  -59.879  2.327 0.0000000000
13574  37.245  -59.438  2.182 0.0000000000
13575  26.896  -59.718  2.109 0.0000000000
13576  26.300  -59.453  2.559 0.0000000000
13584  36.536  -59.439  1.435 0.0000000000
13585  35.958  -59.182  0.956 0.0000000000
13586  27.128  -59.480  1.399 0.0000000000
13587  26.722  -59.132  1.932 0.0000000000
13593  35.337  -58.897  0.567 0.0000000000
13594  34.539  -59.065  -0.081 0.0000000000
13595  33.519  -59.153  -0.639 0.0000000000
13596  32.734  -59.427  -0.925 0.0000000000
13597  27.227  -59.713  0.609 0.0000000000
13602  32.984  -58.802  -1.118 0.0000000000
13603  32.255  -59.103  -1.437 0.0000000000
13604  31.566  -59.342  -1.726 0.0000000000
13605  27.055  -59.563  -0.287 0.0000000000
13609  31.762  -58.758  -1.931 0.0000000000
13610  31.186  -58.926  -2.213 0.0000000000
13611  30.676  -59.366  -2.290 0.0000000000
13612  27.072  -59.552  -1.522 0.0000000000
13625  30.597  -58.803  -2.511 0.0000000000
13626  30.040  -59.175  -2.689 0.0000000000
13627  29.135  -59.178  -2.932 0.0000000000
13628  28.315  -59.327  -2.872 0.0000000000
13629  27.590  -59.418  -2.490 0.0000000000
14336  34.217  -58.733  13.022 0.0000000000
14347  39.649  -59.189  12.213 0.0000000000
14348  39.009  -58.974  12.091 0.0000000000
14349  38.584  -58.654  11.560 0.0000000000
14350  34.318  -59.151  12.985 0.0000000000
14351  34.120  -58.779  12.473 0.0000000000
14362  42.099  -58.918  11.121 0.0000000000
14363  41.273  -59.009  11.631 0.0000000000
14364  40.382  -59.263  12.112 0.0000000000
14365  38.329  -58.270  10.974 0.0000000000
14366  33.863  -58.666  11.586 0.0000000000
14375  43.162  -58.815  10.162 0.0000000000
14376  42.623  -58.870  10.697 0.0000000000
14377  38.431  -58.289  10.246 0.0000000000
14378  33.679  -58.365  10.664 0.0000000000
14387  43.728  -58.540  9.345 0.0000000000
14388  38.937  -58.386  9.127 0.0000000000
14389  38.659  -58.316  9.592 0.0000000000
14390  34.145  -58.790  9.063 0.0000000000
14391  33.790  -58.260  9.651 0.0000000000
14400  43.920  -58.640  8.340 0.0000000000
14401  39.328  -58.426  8.417 0.0000000000
14402  34.141  -58.137  8.574 0.0000000000
14403  33.733  -57.702  9.136 0.0000000000
14414  43.894  -58.545  7.473 0.0000000000
14415  39.671  -58.635  7.363 0.0000000000
14416  35.396  -57.955  7.011 0.0000000000
14417  34.715  -58.055  7.740 0.0000000000
14429  39.779  -59.132  6.381 0.0000000000
14430  36.553  -57.873  5.745 0.0000000000
14431  36.042  -57.979  6.224 0.0000000000
14440  39.316  -58.992  5.106 0.0000000000
14441  38.532  -58.398  4.669 0.0000000000
14442  37.714  -58.081  4.744 0.0000000000
14443  36.842  -58.100  5.099 0.0000000000
14444  36.090  -58.581  5.517 0.0000000000
14453  39.092  -59.533  4.399 0.0000000000
14454  38.547  -59.170  3.940 0.0000000000
14455  37.742  -58.651  3.956 0.0000000000
14456  36.852  -58.441  4.089 0.0000000000
14457  35.762  -58.685  4.409 0.0000000000
14458  34.712  -58.772  4.082 0.0000000000
14459  33.814  -58.760  4.126 0.0000000000
14460  33.199  -58.798  4.183 0.0000000000
14468  38.151  -59.405  3.318 0.0000000000
14469  37.811  -59.096  3.275 0.0000000000
14470  36.952  -58.756  2.985 0.0000000000
14471  35.996  -58.421  3.366 0.0000000000
14472  35.028  -58.301  3.449 0.0000000000
14473  34.084  -58.268  3.610 0.0000000000
14474  32.978  -58.126  3.609 0.0000000000
14486  36.459  -58.804  1.944 0.0000000000
14487  35.896  -58.343  2.402 0.0000000000
14488  35.431  -58.122  2.875 0.0000000000
14489  32.776  -57.507  2.989 0.0000000000
14499  36.197  -58.895  1.399 0.0000000000
14500  35.674  -58.345  1.427 0.0000000000
14501  35.143  -57.908  1.043 0.0000000000
14502  26.781  -58.522  1.415 0.0000000000
14507  35.287  -58.263  0.827 0.0000000000
14508  34.790  -58.064  0.439 0.0000000000
14509  34.119  -58.069  -0.352 0.0000000000
14510  27.150  -58.701  0.483 0.0000000000
14515  33.435  -58.107  -0.965 0.0000000000
14516  32.801  -58.126  -1.487 0.0000000000
14517  27.329  -58.512  -0.715 0.0000000000
14524  32.130  -58.140  -1.893 0.0000000000
14525  31.487  -58.154  -2.243 0.0000000000
14526  28.148  -57.810  -2.227 0.0000000000
14527  27.675  -58.355  -1.933 0.0000000000
14537  30.835  -58.208  -2.519 0.0000000000
14538  30.142  -58.267  -2.701 0.0000000000
14539  29.385  -58.378  -2.775 0.0000000000
14540  28.486  -58.357  -2.625 0.0000000000
14541  27.951  -58.828  -2.588 0.0000000000
15247  39.927  -58.695  12.183 0.0000000000
15248  39.441  -58.414  12.185 0.0000000000
15249  38.837  -58.240  11.955 0.0000000000
15250  33.721  -57.963  12.275 0.0000000000
15262  42.275  -58.414  10.816 0.0000000000
15263  41.626  -57.957  11.109 0.0000000000
15264  40.294  -58.028  11.866 0.0000000000
15265  39.133  -57.586  11.973 0.0000000000
15266  38.419  -57.699  11.443 0.0000000000
15267  33.536  -57.736  11.389 0.0000000000
15278  43.380  -58.213  9.943 0.0000000000
15279  42.621  -57.853  10.377 0.0000000000
15280  41.886  -57.436  10.709 0.0000000000
15281  38.027  -57.495  10.540 0.0000000000
15282  37.767  -57.017  9.902 0.0000000000
15283  33.469  -57.488  10.469 0.0000000000
15294  42.912  -57.307  9.935 0.0000000000
15295  38.680  -57.980  9.248 0.0000000000
15296  38.234  -57.454  9.460 0.0000000000
15297  37.776  -56.980  9.573 0.0000000000
15298  33.534  -57.233  9.600 0.0000000000
15310  38.846  -57.786  8.719 0.0000000000
15311  38.441  -57.116  8.328 0.0000000000
15312  34.257  -57.067  7.982 0.0000000000
15313  33.771  -57.109  8.822 0.0000000000
15325  39.096  -57.585  7.540 0.0000000000
15326  38.406  -56.883  7.402 0.0000000000
15327  35.294  -56.913  7.097 0.0000000000
15328  34.864  -57.328  7.435 0.0000000000
15343  39.303  -58.074  6.139 0.0000000000
15344  38.443  -57.115  6.337 0.0000000000
15345  37.409  -56.894  6.108 0.0000000000
15346  36.546  -57.149  6.148 0.0000000000
15347  35.849  -57.172  6.604 0.0000000000
15362  39.033  -58.198  5.241 0.0000000000
15363  38.521  -57.761  5.358 0.0000000000
15364  37.674  -57.461  5.476 0.0000000000
15365  37.020  -57.477  5.701 0.0000000000
15390  34.926  -57.882  2.835 0.0000000000
15391  34.301  -57.850  3.061 0.0000000000
15392  33.712  -57.880  3.269 0.0000000000
15404  35.564  -58.107  1.976 0.0000000000
15405  35.264  -57.912  2.280 0.0000000000
15406  34.541  -57.613  2.376 0.0000000000
15407  33.520  -57.453  2.665 0.0000000000
15408  32.503  -57.169  2.408 0.0000000000
15416  35.409  -57.954  1.824 0.0000000000
15417  35.015  -57.713  1.659 0.0000000000
15418  34.158  -57.299  1.658 0.0000000000
15419  33.159  -56.876  1.571 0.0000000000
15420  32.109  -56.644  1.705 0.0000000000
15422  26.804  -57.649  0.887 0.0000000000
15427  34.638  -57.561  1.051 0.0000000000
15428  33.900  -57.142  0.555 0.0000000000
15429  33.203  -56.679  0.784 0.0000000000
15430  27.266  -57.537  0.005 0.0000000000
15437  33.512  -57.266  -0.415 0.0000000000
15438  33.011  -57.255  -1.112 0.0000000000
15439  27.666  -57.420  -0.988 0.0000000000
15448  32.349  -57.265  -1.636 0.0000000000
15449  31.685  -57.335  -2.089 0.0000000000
15450  29.139  -56.919  -2.259 0.0000000000
15451  28.655  -57.356  -2.252 0.0000000000
15452  28.064  -57.344  -1.761 0.0000000000
15460  31.030  -57.480  -2.422 0.0000000000
15461  30.349  -57.561  -2.584 0.0000000000
15462  29.529  -57.476  -2.559 0.0000000000
15463  28.990  -57.872  -2.616 0.0000000000
16152  33.526  -57.129  12.034 0.0000000000
16161  41.530  -57.217  10.900 0.0000000000
16162  40.823  -56.834  11.227 0.0000000000
16163  39.620  -56.791  11.684 0.0000000000
16164  38.537  -56.736  11.526 0.0000000000
16165  37.882  -56.396  11.037 0.0000000000
16166  33.373  -56.776  11.245 0.0000000000
16178  42.528  -57.126  10.086 0.0000000000
16179  41.723  -56.703  10.428 0.0000000000
16180  40.965  -56.252  10.831 0.0000000000
16181  37.995  -56.992  11.075 0.0000000000
16182  37.658  -56.583  10.383 0.0000000000
16183  33.359  -56.511  10.278 0.0000000000
16201  37.810  -56.919  9.334 0.0000000000
16202  37.448  -56.465  9.388 0.0000000000
16203  36.965  -55.899  8.690 0.0000000000
16204  33.513  -56.286  9.330 0.0000000000
16219  37.879  -56.762  8.824 0.0000000000
16220  37.346  -56.274  8.388 0.0000000000
16221  36.710  -55.897  7.983 0.0000000000
16222  34.889  -55.496  7.913 0.0000000000
16223  34.456  -55.962  7.937 0.0000000000
16224  33.896  -56.189  8.520 0.0000000000
16236  37.896  -56.535  7.903 0.0000000000
16237  37.179  -56.244  7.505 0.0000000000
16238  36.332  -56.162  7.260 0.0000000000
16239  35.392  -55.965  7.530 0.0000000000
16240  34.777  -56.624  7.501 0.0000000000
16250  37.755  -56.574  6.950 0.0000000000
16251  36.921  -56.519  6.711 0.0000000000
16252  36.273  -56.652  6.674 0.0000000000
16253  35.809  -56.546  6.992 0.0000000000
16313  32.537  -56.446  0.970 0.0000000000
16314  31.750  -56.087  1.112 0.0000000000
16328  33.353  -56.752  0.441 0.0000000000
16329  32.914  -56.491  0.355 0.0000000000
16330  32.103  -55.951  0.286 0.0000000000
16331  31.457  -55.630  0.712 0.0000000000
16343  33.347  -56.784  0.084 0.0000000000
16344  32.833  -56.540  -0.412 0.0000000000
16345  32.011  -56.017  -0.682 0.0000000000
16346  28.518  -56.022  -1.366 0.0000000000
16347  28.147  -56.433  -1.204 0.0000000000
16359  32.425  -56.618  -1.142 0.0000000000
16360  31.600  -56.333  -1.594 0.0000000000
16361  30.582  -56.231  -1.998 0.0000000000
16362  29.681  -56.541  -2.213 0.0000000000
16363  28.795  -56.423  -1.811 0.0000000000
16364  28.388  -56.869  -1.774 0.0000000000
16373  31.121  -56.803  -2.195 0.0000000000
16374  30.477  -56.908  -2.409 0.0000000000
16375  30.007  -57.089  -2.527 0.0000000000
17149  40.618  -56.098  11.010 0.0000000000
17150  40.023  -55.957  11.305 0.0000000000
17151  38.939  -55.895  11.506 0.0000000000
17152  38.140  -55.968  11.246 0.0000000000
17153  33.359  -55.786  11.038 0.0000000000
17161  39.309  -55.093  11.086 0.0000000000
17162  38.211  -55.260  11.025 0.0000000000
17163  37.508  -55.712  10.554 0.0000000000
17164  37.093  -55.462  9.810 0.0000000000
17165  33.350  -55.506  10.015 0.0000000000
17180  37.232  -56.000  9.934 0.0000000000
17181  36.960  -55.649  9.252 0.0000000000
17182  33.949  -54.800  8.582 0.0000000000
17183  33.714  -55.183  8.932 0.0000000000
17201  36.305  -55.425  8.426 0.0000000000
17202  35.437  -55.215  8.122 0.0000000000
17203  34.449  -54.981  8.317 0.0000000000
17204  34.029  -55.553  8.341 0.0000000000
17220  36.100  -55.719  7.763 0.0000000000
17221  35.793  -55.508  7.897 0.0000000000
17316  31.477  -55.551  0.332 0.0000000000
17317  30.926  -55.154  0.502 0.0000000000
17334  31.450  -55.520  -0.163 0.0000000000
17335  30.699  -55.200  -0.467 0.0000000000
17336  29.822  -55.138  -0.905 0.0000000000
17337  28.909  -55.580  -1.251 0.0000000000
17352  31.334  -55.628  -0.890 0.0000000000
17353  30.667  -55.605  -1.317 0.0000000000
17354  29.812  -55.781  -1.631 0.0000000000
17355  29.276  -56.036  -1.763 0.0000000000
18197  33.494  -55.262  11.565 0.0000000000
18203  33.639  -54.156  11.390 0.0000000000
18204  33.432  -54.702  10.881 0.0000000000
18212  38.389  -54.517  10.512 0.0000000000
18213  37.538  -54.918  10.232 0.0000000000
18214  37.170  -55.207  9.988 0.0000000000
18215  33.458  -54.643  9.748 0.0000000000
18224  37.579  -54.224  9.733 0.0000000000
18225  36.685  -54.763  9.189 0.0000000000
18226  36.133  -54.193  8.777 0.0000000000
18227  33.973  -54.268  8.788 0.0000000000
18228  33.621  -54.534  9.190 0.0000000000
18244  35.948  -54.931  8.542 0.0000000000
18245  35.507  -54.384  8.438 0.0000000000
18246  34.631  -54.261  8.503 0.0000000000
19364  33.578  -53.884  10.943 0.0000000000
19371  33.694  -53.226  10.644 0.0000000000
19372  33.505  -53.930  10.174 0.0000000000
19383  36.420  -54.107  8.902 0.0000000000
19385  33.620  -54.094  9.443 0.0000000000
