#!ascii label  , from subject colin27 vox2ras=TkReg coords=white
50
132107  39.018  35.069  -52.460 0.0000000000
132108  38.472  34.919  -52.542 0.0000000000
132109  37.552  34.865  -52.498 0.0000000000
132110  36.891  34.875  -52.302 0.0000000000
132111  29.030  35.317  -52.794 0.0000000000
133064  39.890  35.562  -51.607 0.0000000000
133065  36.083  35.658  -52.065 0.0000000000
133066  35.411  35.996  -51.641 0.0000000000
133069  29.879  35.911  -51.669 0.0000000000
133071  39.389  35.403  -52.324 0.0000000000
133072  38.918  35.502  -52.800 0.0000000000
133073  37.921  35.507  -52.892 0.0000000000
133074  36.774  35.615  -52.492 0.0000000000
133075  36.018  36.179  -52.214 0.0000000000
133076  29.405  35.992  -52.369 0.0000000000
133077  28.973  35.983  -52.946 0.0000000000
134065  33.879  36.692  -50.937 0.0000000000
134066  33.366  36.760  -50.767 0.0000000000
134067  32.639  36.593  -50.618 0.0000000000
134068  31.710  36.639  -50.720 0.0000000000
134069  31.167  36.197  -50.813 0.0000000000
134074  35.015  36.953  -51.671 0.0000000000
134075  34.434  36.702  -51.229 0.0000000000
134076  33.806  37.123  -51.046 0.0000000000
134077  31.378  37.172  -50.972 0.0000000000
134078  30.721  36.661  -51.165 0.0000000000
134079  29.914  36.721  -51.961 0.0000000000
134082  39.893  36.344  -52.682 0.0000000000
134083  38.491  36.146  -53.321 0.0000000000
134084  37.348  36.340  -53.094 0.0000000000
134085  36.363  36.779  -52.656 0.0000000000
134086  35.591  36.882  -52.084 0.0000000000
134087  29.544  36.551  -52.767 0.0000000000
135104  32.909  37.116  -50.737 0.0000000000
135105  32.422  37.278  -50.791 0.0000000000
135106  31.823  37.413  -50.921 0.0000000000
135110  34.648  37.301  -51.544 0.0000000000
135111  34.156  37.656  -51.390 0.0000000000
135112  33.204  37.646  -51.023 0.0000000000
135113  32.315  37.896  -51.137 0.0000000000
135114  31.462  37.672  -51.338 0.0000000000
135115  30.677  37.479  -51.839 0.0000000000
135116  30.035  37.036  -52.279 0.0000000000
135121  35.754  37.502  -52.429 0.0000000000
135122  34.994  37.763  -51.952 0.0000000000
135123  34.254  38.352  -51.821 0.0000000000
136070  33.647  38.277  -51.487 0.0000000000
136071  32.949  38.431  -51.467 0.0000000000
136072  32.172  38.351  -51.632 0.0000000000
136073  31.482  38.099  -51.873 0.0000000000
