#!ascii label  , from subject colin27 vox2ras=TkReg coords=white
347
102596  57.443  10.579  -15.056 0.0000000000
102666  60.991  10.487  -23.076 0.0000000000
102676  62.041  10.772  -23.824 0.0000000000
102677  61.572  10.744  -23.498 0.0000000000
102686  62.432  10.677  -24.500 0.0000000000
102699  62.629  10.312  -25.298 0.0000000000
103876  58.060  11.045  -15.655 0.0000000000
103882  60.282  12.007  -16.260 0.0000000000
103883  59.842  11.910  -15.909 0.0000000000
103884  58.734  11.419  -16.384 0.0000000000
103891  60.205  11.964  -16.808 0.0000000000
103892  59.403  11.663  -17.192 0.0000000000
103901  60.065  11.856  -17.956 0.0000000000
103910  59.974  11.662  -19.155 0.0000000000
103918  59.919  11.558  -20.359 0.0000000000
103926  60.506  11.753  -22.002 0.0000000000
103927  60.091  11.417  -21.654 0.0000000000
103935  60.701  11.592  -22.512 0.0000000000
103936  60.289  10.835  -22.528 0.0000000000
103943  61.846  11.725  -23.906 0.0000000000
103944  61.440  11.654  -23.388 0.0000000000
103954  62.073  11.710  -24.386 0.0000000000
103967  62.317  11.599  -25.183 0.0000000000
103976  62.297  11.455  -26.186 0.0000000000
105122  61.640  12.979  -15.131 0.0000000000
105129  62.322  13.019  -16.104 0.0000000000
105130  61.872  12.903  -15.762 0.0000000000
105131  60.755  12.246  -16.070 0.0000000000
105132  60.334  12.100  -15.689 0.0000000000
105137  62.309  12.974  -16.576 0.0000000000
105138  61.686  12.506  -16.931 0.0000000000
105139  60.872  12.135  -17.438 0.0000000000
105146  62.286  12.919  -17.614 0.0000000000
105147  61.584  12.478  -18.150 0.0000000000
105148  60.788  12.077  -18.668 0.0000000000
105154  62.185  12.984  -18.775 0.0000000000
105155  61.440  12.512  -19.361 0.0000000000
105156  60.667  12.016  -19.865 0.0000000000
105162  61.993  13.133  -19.987 0.0000000000
105163  61.234  12.491  -20.582 0.0000000000
105164  60.528  11.921  -20.960 0.0000000000
105172  61.820  13.251  -21.475 0.0000000000
105173  60.812  12.125  -21.690 0.0000000000
105174  60.476  11.829  -21.463 0.0000000000
105182  61.787  13.208  -22.835 0.0000000000
105183  61.248  12.489  -22.597 0.0000000000
105188  61.788  12.669  -23.826 0.0000000000
105189  61.540  12.548  -23.219 0.0000000000
105190  56.898  12.608  -23.324 0.0000000000
105191  56.273  12.423  -23.326 0.0000000000
105192  55.495  12.494  -23.557 0.0000000000
105198  62.009  12.652  -24.814 0.0000000000
105199  58.090  12.421  -24.697 0.0000000000
105200  57.343  12.384  -23.886 0.0000000000
105201  56.755  12.278  -23.575 0.0000000000
105213  62.062  12.492  -25.742 0.0000000000
105214  59.323  13.043  -26.059 0.0000000000
105215  58.755  12.637  -25.570 0.0000000000
105224  61.797  12.353  -26.759 0.0000000000
105225  60.981  12.763  -26.965 0.0000000000
105226  60.250  12.830  -26.940 0.0000000000
105227  59.528  12.553  -26.769 0.0000000000
105228  59.098  12.543  -26.247 0.0000000000
106425  62.247  13.762  -15.371 0.0000000000
106435  62.901  14.095  -16.509 0.0000000000
106436  62.517  13.394  -16.042 0.0000000000
106437  62.168  13.312  -15.498 0.0000000000
106442  62.983  14.136  -17.418 0.0000000000
106443  62.742  13.438  -17.045 0.0000000000
106449  62.928  14.197  -18.454 0.0000000000
106450  62.726  13.510  -18.116 0.0000000000
106455  62.847  14.278  -19.503 0.0000000000
106456  62.633  13.624  -19.236 0.0000000000
106460  62.743  14.456  -20.375 0.0000000000
106461  62.525  13.824  -20.341 0.0000000000
106467  62.754  14.638  -20.819 0.0000000000
106468  62.644  14.268  -21.224 0.0000000000
106477  62.412  14.010  -22.314 0.0000000000
106478  58.018  13.744  -22.853 0.0000000000
106479  57.172  13.644  -22.481 0.0000000000
106480  56.387  13.846  -22.536 0.0000000000
106481  55.957  14.053  -22.700 0.0000000000
106488  62.083  13.865  -23.339 0.0000000000
106489  59.055  13.911  -24.161 0.0000000000
106490  58.330  13.443  -23.698 0.0000000000
106491  57.481  13.081  -23.264 0.0000000000
106492  56.631  13.105  -22.885 0.0000000000
106493  55.736  13.466  -23.068 0.0000000000
106498  61.878  13.651  -24.279 0.0000000000
106499  59.366  13.767  -25.000 0.0000000000
106500  58.664  13.208  -24.666 0.0000000000
106501  57.988  12.886  -24.021 0.0000000000
106502  54.999  13.306  -23.855 0.0000000000
106509  61.747  13.553  -25.264 0.0000000000
106510  61.388  13.939  -25.453 0.0000000000
106511  60.259  13.863  -25.806 0.0000000000
106512  59.644  13.616  -25.701 0.0000000000
106513  59.147  13.281  -25.424 0.0000000000
106522  61.760  13.002  -25.991 0.0000000000
106523  61.310  13.442  -26.060 0.0000000000
106524  60.605  13.402  -26.361 0.0000000000
106525  59.922  13.301  -26.348 0.0000000000
107700  62.548  15.072  -15.717 0.0000000000
107701  62.213  14.508  -15.290 0.0000000000
107712  62.845  15.373  -16.289 0.0000000000
107713  62.790  14.816  -16.169 0.0000000000
107714  62.598  14.233  -15.826 0.0000000000
107722  62.949  15.584  -16.525 0.0000000000
107723  62.964  14.869  -16.749 0.0000000000
107730  63.014  15.407  -16.921 0.0000000000
107731  62.955  14.935  -17.591 0.0000000000
107738  62.798  14.822  -18.668 0.0000000000
107743  62.750  14.798  -19.670 0.0000000000
107748  62.726  14.862  -20.444 0.0000000000
107749  62.743  14.899  -21.060 0.0000000000
107750  59.537  14.976  -22.076 0.0000000000
107751  59.079  14.825  -21.849 0.0000000000
107752  58.298  14.671  -21.587 0.0000000000
107753  57.576  14.773  -21.593 0.0000000000
107760  62.634  14.842  -21.845 0.0000000000
107761  59.437  14.760  -22.556 0.0000000000
107762  58.727  14.292  -22.475 0.0000000000
107763  57.761  14.153  -22.042 0.0000000000
107764  56.875  14.462  -21.980 0.0000000000
107765  56.169  14.529  -22.459 0.0000000000
107773  62.371  14.738  -22.815 0.0000000000
107774  60.126  15.007  -24.000 0.0000000000
107775  59.584  14.573  -23.554 0.0000000000
107776  58.764  13.945  -23.320 0.0000000000
107777  55.728  14.450  -22.976 0.0000000000
107784  62.015  14.621  -23.780 0.0000000000
107785  61.655  14.837  -24.287 0.0000000000
107786  60.104  14.784  -24.394 0.0000000000
107787  59.753  14.338  -24.621 0.0000000000
107788  55.235  14.397  -23.787 0.0000000000
107789  54.836  13.931  -24.466 0.0000000000
107795  61.728  14.273  -24.517 0.0000000000
107796  61.349  14.514  -24.944 0.0000000000
107797  60.571  14.556  -25.111 0.0000000000
107798  59.914  14.094  -25.295 0.0000000000
107799  55.047  14.707  -24.877 0.0000000000
107800  54.653  13.997  -25.308 0.0000000000
107808  61.115  14.136  -25.512 0.0000000000
107809  60.797  13.942  -25.816 0.0000000000
107810  54.928  14.806  -25.909 0.0000000000
108975  61.853  15.137  -14.895 0.0000000000
108985  63.137  16.567  -15.802 0.0000000000
108986  62.786  16.075  -15.675 0.0000000000
108987  62.128  15.477  -15.096 0.0000000000
108988  61.796  15.668  -14.801 0.0000000000
108998  63.100  16.143  -16.111 0.0000000000
108999  62.797  15.493  -16.004 0.0000000000
109007  63.172  16.117  -16.672 0.0000000000
109008  63.191  16.228  -17.134 0.0000000000
109015  63.031  15.659  -17.184 0.0000000000
109016  62.815  15.739  -17.801 0.0000000000
109017  62.528  15.890  -18.320 0.0000000000
109025  62.593  15.258  -18.909 0.0000000000
109026  62.279  15.627  -19.117 0.0000000000
109027  61.964  15.842  -19.575 0.0000000000
109028  61.423  15.986  -19.759 0.0000000000
109029  60.833  16.076  -19.878 0.0000000000
109035  62.588  15.180  -19.862 0.0000000000
109036  62.343  15.485  -20.162 0.0000000000
109037  61.911  15.766  -20.451 0.0000000000
109038  61.188  15.807  -20.538 0.0000000000
109039  60.261  15.819  -20.441 0.0000000000
109040  59.277  15.706  -20.575 0.0000000000
109041  58.572  15.728  -20.721 0.0000000000
109047  62.625  15.179  -20.584 0.0000000000
109048  62.427  15.403  -21.138 0.0000000000
109049  61.747  15.699  -21.368 0.0000000000
109050  60.873  15.567  -21.415 0.0000000000
109051  59.788  15.282  -21.510 0.0000000000
109052  58.802  15.194  -21.137 0.0000000000
109053  57.943  15.386  -21.061 0.0000000000
109054  57.191  15.397  -21.616 0.0000000000
109060  62.250  15.406  -22.156 0.0000000000
109061  61.503  15.559  -22.310 0.0000000000
109062  60.641  15.358  -22.406 0.0000000000
109063  59.911  15.111  -22.497 0.0000000000
109064  56.466  15.385  -22.233 0.0000000000
109065  55.956  15.082  -22.751 0.0000000000
109072  61.992  15.324  -23.089 0.0000000000
109073  61.272  15.444  -23.250 0.0000000000
109074  60.364  15.219  -23.454 0.0000000000
109075  59.786  14.968  -23.026 0.0000000000
109076  56.126  15.806  -22.986 0.0000000000
109077  55.707  15.211  -23.414 0.0000000000
109084  61.731  15.224  -23.796 0.0000000000
109085  61.200  15.267  -24.241 0.0000000000
109086  60.581  15.069  -24.451 0.0000000000
109087  55.970  15.967  -23.750 0.0000000000
109088  55.570  15.500  -24.422 0.0000000000
109093  60.963  15.016  -24.808 0.0000000000
109094  60.722  14.964  -24.841 0.0000000000
109095  55.429  15.450  -25.495 0.0000000000
109101  55.403  15.502  -26.499 0.0000000000
109108  55.424  15.636  -27.509 0.0000000000
109115  55.562  15.987  -28.530 0.0000000000
110229  63.405  16.970  -15.863 0.0000000000
110230  63.131  16.976  -15.527 0.0000000000
110231  62.481  16.695  -15.207 0.0000000000
110245  63.464  16.877  -16.279 0.0000000000
110255  63.490  16.888  -16.816 0.0000000000
110256  63.251  16.803  -17.366 0.0000000000
110265  62.884  16.673  -17.853 0.0000000000
110266  62.354  16.533  -18.296 0.0000000000
110267  61.886  16.726  -18.559 0.0000000000
110268  61.434  16.761  -18.775 0.0000000000
110276  61.998  16.093  -18.844 0.0000000000
110277  61.599  16.239  -19.052 0.0000000000
110278  61.015  16.502  -19.231 0.0000000000
110279  60.354  16.467  -19.665 0.0000000000
110286  59.653  16.418  -20.057 0.0000000000
110287  58.847  16.441  -20.433 0.0000000000
110288  58.210  16.128  -20.795 0.0000000000
110293  58.334  16.754  -20.816 0.0000000000
110294  57.672  16.436  -21.348 0.0000000000
110295  56.982  16.069  -21.934 0.0000000000
110300  57.179  16.817  -22.130 0.0000000000
110301  56.640  16.325  -22.559 0.0000000000
110307  57.022  17.029  -22.856 0.0000000000
110308  56.554  16.675  -23.497 0.0000000000
110316  56.215  16.506  -24.551 0.0000000000
110317  55.861  16.045  -25.222 0.0000000000
110323  56.297  16.664  -25.605 0.0000000000
110324  55.894  16.063  -26.067 0.0000000000
110330  56.371  16.689  -26.564 0.0000000000
110331  55.905  16.122  -27.021 0.0000000000
110338  56.353  16.716  -27.523 0.0000000000
110339  55.894  16.217  -27.923 0.0000000000
110345  56.140  16.660  -28.502 0.0000000000
110346  55.873  16.281  -28.341 0.0000000000
111395  63.663  17.442  -16.009 0.0000000000
111396  63.548  17.823  -15.649 0.0000000000
111397  62.812  17.746  -15.245 0.0000000000
111408  63.756  17.692  -16.441 0.0000000000
111409  63.797  17.863  -16.000 0.0000000000
111418  63.674  17.682  -17.174 0.0000000000
111419  63.385  17.559  -17.718 0.0000000000
111429  62.954  17.525  -18.106 0.0000000000
111430  62.404  17.500  -18.489 0.0000000000
111431  61.698  17.396  -18.729 0.0000000000
111432  61.152  17.107  -18.876 0.0000000000
111441  61.254  17.605  -18.987 0.0000000000
111442  60.650  17.301  -19.263 0.0000000000
111443  60.010  17.002  -19.684 0.0000000000
111452  60.205  17.556  -19.746 0.0000000000
111453  59.527  17.330  -20.160 0.0000000000
111454  58.811  17.176  -20.606 0.0000000000
111462  59.220  17.687  -20.750 0.0000000000
111463  58.512  17.552  -21.290 0.0000000000
111464  57.734  17.307  -21.845 0.0000000000
111471  58.217  17.934  -22.210 0.0000000000
111472  57.562  17.503  -22.585 0.0000000000
111478  58.046  18.103  -22.964 0.0000000000
111479  57.405  17.721  -23.608 0.0000000000
111480  56.810  17.238  -24.290 0.0000000000
111487  57.286  17.912  -24.705 0.0000000000
111488  56.751  17.294  -25.146 0.0000000000
111496  57.293  17.993  -25.657 0.0000000000
111497  56.810  17.333  -26.106 0.0000000000
111504  57.374  17.979  -26.610 0.0000000000
111505  56.895  17.314  -27.061 0.0000000000
111510  57.460  17.941  -27.535 0.0000000000
111511  56.852  17.363  -27.997 0.0000000000
111516  57.479  17.989  -28.409 0.0000000000
111517  56.857  17.480  -28.861 0.0000000000
112595  63.571  18.443  -15.713 0.0000000000
112596  63.117  18.629  -15.575 0.0000000000
112606  63.934  18.600  -16.932 0.0000000000
112607  63.785  18.494  -16.094 0.0000000000
112608  63.470  18.725  -15.814 0.0000000000
112616  63.776  18.533  -17.853 0.0000000000
112617  63.395  18.067  -18.079 0.0000000000
112625  63.859  18.945  -18.448 0.0000000000
112626  63.272  18.540  -18.747 0.0000000000
112627  62.192  18.077  -19.009 0.0000000000
112628  61.619  17.845  -19.003 0.0000000000
112638  63.396  18.930  -19.553 0.0000000000
112639  62.743  18.700  -19.884 0.0000000000
112640  61.404  18.107  -19.549 0.0000000000
112641  60.642  17.825  -19.654 0.0000000000
112652  62.682  18.908  -20.632 0.0000000000
112653  61.874  18.759  -20.704 0.0000000000
112654  60.480  18.164  -20.316 0.0000000000
112655  59.705  17.915  -20.589 0.0000000000
112665  61.729  18.888  -21.245 0.0000000000
112666  61.139  18.816  -21.319 0.0000000000
112667  59.761  18.368  -21.296 0.0000000000
112668  58.994  18.290  -21.995 0.0000000000
112675  60.633  18.955  -21.998 0.0000000000
112676  59.845  18.889  -22.502 0.0000000000
112677  58.817  18.510  -22.792 0.0000000000
112683  59.468  19.070  -23.418 0.0000000000
112684  58.457  18.632  -23.718 0.0000000000
112685  57.874  18.412  -24.379 0.0000000000
112691  59.290  19.272  -24.263 0.0000000000
112692  58.571  18.942  -24.719 0.0000000000
112693  57.909  18.559  -25.219 0.0000000000
112702  57.967  18.582  -26.165 0.0000000000
112710  58.010  18.536  -27.091 0.0000000000
112717  58.031  18.546  -27.966 0.0000000000
113998  63.049  19.016  -15.716 0.0000000000
113999  62.728  19.050  -15.707 0.0000000000
114009  63.974  19.101  -16.993 0.0000000000
114010  63.816  19.289  -16.729 0.0000000000
114011  63.173  19.261  -16.035 0.0000000000
114020  63.913  19.323  -17.393 0.0000000000
114021  63.742  19.889  -17.233 0.0000000000
114029  63.922  19.523  -18.298 0.0000000000
114030  63.938  19.221  -18.827 0.0000000000
114038  63.982  19.869  -19.043 0.0000000000
114039  63.761  19.379  -19.459 0.0000000000
114040  63.488  19.190  -20.013 0.0000000000
114049  63.966  20.039  -19.632 0.0000000000
114050  63.796  19.861  -20.263 0.0000000000
114051  63.229  19.325  -20.682 0.0000000000
114052  62.655  19.129  -21.087 0.0000000000
114064  63.646  19.986  -21.068 0.0000000000
114065  63.098  19.699  -21.560 0.0000000000
114066  62.116  19.244  -21.620 0.0000000000
114067  61.420  19.192  -22.093 0.0000000000
114079  62.713  19.855  -22.164 0.0000000000
114080  62.047  19.746  -22.567 0.0000000000
114081  61.027  19.404  -22.790 0.0000000000
114082  60.320  19.356  -23.288 0.0000000000
114091  61.700  19.933  -23.225 0.0000000000
114092  61.048  19.852  -23.690 0.0000000000
114093  60.124  19.590  -23.964 0.0000000000
115478  63.331  20.015  -16.812 0.0000000000
115479  62.514  20.044  -16.565 0.0000000000
115496  63.789  20.124  -17.868 0.0000000000
115497  63.456  20.485  -17.524 0.0000000000
115498  62.751  20.644  -17.244 0.0000000000
115508  63.776  20.469  -18.670 0.0000000000
115509  63.573  20.796  -18.224 0.0000000000
115510  63.104  21.144  -17.940 0.0000000000
115511  62.188  21.208  -17.924 0.0000000000
115519  63.808  20.473  -19.331 0.0000000000
115527  63.838  20.573  -19.955 0.0000000000
115528  63.751  20.664  -20.724 0.0000000000
115538  63.340  20.662  -21.626 0.0000000000
115539  63.057  20.207  -22.038 0.0000000000
115553  62.682  20.698  -22.564 0.0000000000
115554  62.116  20.269  -23.033 0.0000000000
