#!ascii label  , from subject colin27 vox2ras=TkReg coords=white
280
30696  33.421  -44.566  -33.883 0.0000000000
30701  34.970  -44.083  -35.119 0.0000000000
30702  34.160  -44.530  -34.970 0.0000000000
30703  33.718  -44.596  -34.478 0.0000000000
30712  35.165  -44.642  -35.910 0.0000000000
30713  34.636  -44.609  -35.483 0.0000000000
31902  33.742  -43.243  -32.643 0.0000000000
31903  33.174  -43.491  -32.386 0.0000000000
31918  35.567  -42.989  -33.951 0.0000000000
31919  35.091  -43.090  -33.741 0.0000000000
31920  34.028  -43.460  -33.222 0.0000000000
31921  33.237  -44.133  -33.135 0.0000000000
31933  35.746  -43.251  -34.486 0.0000000000
31934  34.637  -43.727  -34.307 0.0000000000
31935  33.985  -44.172  -34.178 0.0000000000
31948  35.626  -43.957  -35.405 0.0000000000
33077  32.428  -42.657  -31.465 0.0000000000
33078  31.939  -42.698  -31.315 0.0000000000
33079  31.166  -42.653  -31.199 0.0000000000
33088  34.346  -42.450  -32.525 0.0000000000
33089  33.963  -42.733  -32.421 0.0000000000
33090  33.012  -42.520  -31.670 0.0000000000
33107  36.174  -42.269  -33.909 0.0000000000
33108  35.768  -42.548  -33.755 0.0000000000
33109  34.718  -42.499  -32.869 0.0000000000
33110  34.263  -42.917  -32.793 0.0000000000
33125  36.036  -42.768  -34.133 0.0000000000
34201  32.344  -42.266  -31.382 0.0000000000
34202  31.732  -42.001  -31.267 0.0000000000
34203  30.875  -41.879  -31.263 0.0000000000
34204  30.105  -41.883  -31.341 0.0000000000
34216  34.315  -42.130  -32.375 0.0000000000
34217  33.678  -41.655  -31.979 0.0000000000
34218  32.560  -41.513  -31.515 0.0000000000
34219  31.540  -41.154  -31.453 0.0000000000
34220  30.565  -41.127  -31.567 0.0000000000
34221  29.496  -41.436  -31.694 0.0000000000
34222  28.434  -41.440  -32.110 0.0000000000
34223  27.528  -41.638  -32.408 0.0000000000
34241  36.186  -41.825  -33.786 0.0000000000
34242  35.465  -41.562  -33.251 0.0000000000
34243  34.520  -41.287  -32.623 0.0000000000
34244  33.749  -40.739  -32.310 0.0000000000
34245  27.983  -40.971  -32.445 0.0000000000
35445  33.111  -40.818  -31.928 0.0000000000
35446  32.294  -40.492  -31.833 0.0000000000
35447  31.308  -40.293  -31.870 0.0000000000
35448  30.270  -40.350  -31.955 0.0000000000
35449  29.255  -40.552  -32.151 0.0000000000
35450  28.522  -40.617  -32.356 0.0000000000
35464  36.003  -40.805  -33.834 0.0000000000
35465  35.061  -40.480  -33.411 0.0000000000
35466  34.114  -40.188  -32.934 0.0000000000
35467  33.082  -40.037  -32.505 0.0000000000
35468  32.091  -39.707  -32.360 0.0000000000
35469  31.234  -39.374  -32.439 0.0000000000
35470  29.991  -39.622  -32.312 0.0000000000
35471  28.966  -39.882  -32.422 0.0000000000
35472  28.031  -40.199  -32.550 0.0000000000
35484  35.464  -39.791  -34.468 0.0000000000
35485  34.444  -39.628  -33.836 0.0000000000
35486  33.525  -39.439  -33.356 0.0000000000
35487  32.643  -39.256  -32.951 0.0000000000
35488  32.010  -39.196  -32.704 0.0000000000
36729  31.403  -38.825  -32.777 0.0000000000
36730  30.794  -38.728  -32.700 0.0000000000
36731  29.556  -39.000  -32.525 0.0000000000
36732  28.509  -39.236  -32.566 0.0000000000
36733  27.573  -39.449  -32.640 0.0000000000
36744  35.157  -39.230  -35.023 0.0000000000
36745  34.615  -39.155  -34.683 0.0000000000
36746  33.825  -38.984  -34.192 0.0000000000
36747  33.039  -38.810  -33.664 0.0000000000
36748  32.090  -38.675  -33.088 0.0000000000
36749  31.488  -38.585  -32.897 0.0000000000
36762  34.860  -38.769  -35.391 0.0000000000
36763  34.059  -38.596  -34.982 0.0000000000
36764  33.342  -38.430  -34.422 0.0000000000
36765  32.767  -38.349  -33.856 0.0000000000
38057  30.951  -38.058  -32.920 0.0000000000
38058  30.110  -38.153  -32.701 0.0000000000
38059  29.000  -38.300  -32.590 0.0000000000
38060  27.944  -38.461  -32.654 0.0000000000
38072  32.333  -38.061  -33.720 0.0000000000
38073  31.610  -38.184  -33.135 0.0000000000
38083  34.872  -38.379  -35.787 0.0000000000
38084  34.408  -38.217  -35.593 0.0000000000
38085  33.590  -37.862  -35.178 0.0000000000
38086  32.883  -37.979  -34.349 0.0000000000
38097  34.939  -38.013  -36.139 0.0000000000
38098  34.287  -37.651  -35.842 0.0000000000
38099  33.858  -37.406  -35.651 0.0000000000
39450  31.541  -36.747  -33.105 0.0000000000
39451  30.859  -37.288  -32.825 0.0000000000
39452  29.515  -37.342  -32.612 0.0000000000
39453  28.380  -37.441  -32.608 0.0000000000
39454  27.326  -37.538  -32.615 0.0000000000
39467  32.503  -37.203  -34.095 0.0000000000
39468  32.083  -37.381  -33.586 0.0000000000
39469  31.387  -37.764  -33.125 0.0000000000
39477  32.843  -37.320  -34.487 0.0000000000
39478  32.540  -37.715  -34.076 0.0000000000
39485  35.312  -37.704  -36.527 0.0000000000
39486  34.848  -37.283  -36.391 0.0000000000
39487  34.142  -37.031  -35.977 0.0000000000
39488  33.506  -36.953  -35.430 0.0000000000
39496  35.078  -36.666  -36.766 0.0000000000
40747  30.861  -35.850  -32.597 0.0000000000
40748  30.587  -35.820  -32.524 0.0000000000
40762  31.564  -36.278  -33.050 0.0000000000
40763  31.039  -36.176  -32.701 0.0000000000
40764  29.991  -36.262  -32.495 0.0000000000
40765  28.787  -36.401  -32.557 0.0000000000
40766  27.735  -36.476  -32.665 0.0000000000
40767  26.712  -36.531  -32.660 0.0000000000
40775  32.544  -36.772  -34.122 0.0000000000
40776  32.046  -36.370  -33.481 0.0000000000
40783  33.043  -36.439  -34.813 0.0000000000
40790  34.504  -36.458  -36.415 0.0000000000
40791  33.944  -36.271  -35.942 0.0000000000
40792  33.498  -36.096  -35.454 0.0000000000
40800  34.855  -35.922  -36.805 0.0000000000
42099  31.365  -35.359  -32.659 0.0000000000
42100  31.000  -35.511  -32.537 0.0000000000
42101  30.095  -35.199  -32.387 0.0000000000
42113  32.272  -35.412  -33.324 0.0000000000
42114  31.629  -35.685  -32.921 0.0000000000
42115  31.216  -35.808  -32.711 0.0000000000
42116  29.105  -35.348  -32.517 0.0000000000
42117  28.109  -35.428  -32.754 0.0000000000
42118  27.124  -35.477  -32.864 0.0000000000
42119  26.117  -35.502  -32.830 0.0000000000
42126  32.771  -35.678  -34.039 0.0000000000
42127  32.192  -35.813  -33.433 0.0000000000
42134  33.302  -35.663  -35.028 0.0000000000
42143  34.284  -35.440  -36.418 0.0000000000
42144  33.769  -35.541  -35.813 0.0000000000
42145  33.539  -35.620  -35.458 0.0000000000
42159  34.704  -35.327  -36.829 0.0000000000
43425  32.132  -34.509  -32.782 0.0000000000
43426  31.473  -34.846  -32.571 0.0000000000
43427  30.671  -34.638  -32.390 0.0000000000
43428  30.068  -34.339  -32.413 0.0000000000
43437  32.618  -34.724  -33.370 0.0000000000
43438  32.059  -35.059  -32.941 0.0000000000
43439  29.392  -34.370  -32.593 0.0000000000
43440  28.473  -34.407  -32.858 0.0000000000
43441  27.527  -34.456  -33.067 0.0000000000
43442  26.556  -34.478  -33.110 0.0000000000
43443  25.558  -34.460  -32.956 0.0000000000
43451  33.171  -34.692  -34.067 0.0000000000
43457  33.604  -34.585  -35.332 0.0000000000
43458  33.379  -34.921  -34.798 0.0000000000
43465  34.220  -34.720  -36.455 0.0000000000
43466  33.845  -34.639  -35.988 0.0000000000
43467  33.573  -35.160  -35.431 0.0000000000
43479  34.638  -34.590  -36.848 0.0000000000
43480  34.195  -34.243  -36.482 0.0000000000
44647  32.510  -33.866  -32.878 0.0000000000
44648  31.792  -33.963  -32.497 0.0000000000
44649  31.020  -33.932  -32.360 0.0000000000
44650  30.423  -33.979  -32.403 0.0000000000
44659  33.722  -33.305  -34.067 0.0000000000
44660  33.286  -33.783  -33.681 0.0000000000
44661  30.556  -33.494  -32.467 0.0000000000
44662  29.886  -33.533  -32.582 0.0000000000
44663  28.901  -33.429  -32.972 0.0000000000
44664  27.950  -33.459  -33.281 0.0000000000
44665  27.006  -33.509  -33.388 0.0000000000
44666  26.007  -33.461  -33.294 0.0000000000
44667  24.828  -33.410  -33.001 0.0000000000
44677  33.677  -33.632  -34.435 0.0000000000
44678  33.506  -34.223  -34.550 0.0000000000
44685  33.741  -33.854  -35.261 0.0000000000
44686  33.548  -34.390  -35.017 0.0000000000
44700  34.088  -33.664  -36.165 0.0000000000
44714  34.461  -33.664  -36.723 0.0000000000
45879  32.077  -33.300  -32.544 0.0000000000
45880  31.359  -33.292  -32.436 0.0000000000
45881  30.881  -33.348  -32.435 0.0000000000
45890  33.663  -32.763  -33.667 0.0000000000
45891  32.799  -32.834  -32.880 0.0000000000
45892  31.753  -32.557  -32.504 0.0000000000
45893  30.622  -32.716  -32.563 0.0000000000
45894  29.435  -32.496  -32.917 0.0000000000
45895  28.343  -32.329  -33.379 0.0000000000
45896  27.451  -32.591  -33.543 0.0000000000
45897  26.571  -32.562  -33.535 0.0000000000
45898  25.560  -32.311  -33.394 0.0000000000
45899  24.555  -32.301  -33.113 0.0000000000
45907  34.020  -32.946  -34.608 0.0000000000
45908  28.092  -31.870  -33.534 0.0000000000
45909  27.778  -31.868  -33.597 0.0000000000
45910  27.085  -31.828  -33.679 0.0000000000
45911  26.331  -31.678  -33.630 0.0000000000
45921  34.209  -32.948  -35.670 0.0000000000
45934  34.545  -32.785  -36.565 0.0000000000
46999  34.395  -31.806  -34.010 0.0000000000
47000  33.469  -31.790  -33.048 0.0000000000
47001  32.380  -31.679  -32.603 0.0000000000
47002  31.208  -31.594  -32.636 0.0000000000
47003  30.043  -31.556  -32.920 0.0000000000
47004  29.008  -31.528  -33.282 0.0000000000
47005  25.677  -31.309  -33.587 0.0000000000
47006  24.961  -31.463  -33.399 0.0000000000
47007  23.931  -31.388  -33.131 0.0000000000
47020  34.541  -32.204  -35.165 0.0000000000
47021  28.208  -31.450  -33.549 0.0000000000
47022  27.548  -31.198  -33.679 0.0000000000
47023  26.844  -31.089  -33.740 0.0000000000
47024  26.221  -30.994  -33.727 0.0000000000
47038  34.573  -32.326  -36.082 0.0000000000
48144  30.652  -30.540  -32.874 0.0000000000
48145  29.439  -30.534  -33.282 0.0000000000
48146  28.679  -30.865  -33.501 0.0000000000
48147  25.278  -30.944  -33.561 0.0000000000
48148  24.782  -30.534  -33.500 0.0000000000
48149  23.860  -30.304  -33.291 0.0000000000
48164  28.691  -30.286  -33.531 0.0000000000
48165  28.095  -30.555  -33.630 0.0000000000
48166  27.317  -30.441  -33.715 0.0000000000
48167  26.545  -30.412  -33.742 0.0000000000
48168  25.681  -30.480  -33.673 0.0000000000
48169  25.240  -30.156  -33.604 0.0000000000
49300  30.109  -29.497  -33.056 0.0000000000
49301  28.898  -29.482  -33.464 0.0000000000
49302  28.240  -29.005  -33.554 0.0000000000
49303  24.381  -29.677  -33.493 0.0000000000
49304  23.600  -29.469  -33.292 0.0000000000
49317  28.388  -30.000  -33.597 0.0000000000
49318  27.890  -29.667  -33.647 0.0000000000
49319  26.982  -29.725  -33.747 0.0000000000
49320  26.176  -29.747  -33.747 0.0000000000
49321  25.479  -29.757  -33.659 0.0000000000
49322  24.977  -29.867  -33.584 0.0000000000
50483  29.658  -28.461  -33.153 0.0000000000
50484  28.700  -28.390  -33.375 0.0000000000
50485  27.829  -28.392  -33.502 0.0000000000
50486  26.947  -28.267  -33.617 0.0000000000
50487  26.055  -28.267  -33.660 0.0000000000
50488  25.134  -28.372  -33.635 0.0000000000
50489  24.127  -28.665  -33.540 0.0000000000
50490  23.128  -28.647  -33.226 0.0000000000
50501  27.836  -29.038  -33.611 0.0000000000
50502  27.353  -29.029  -33.682 0.0000000000
50503  26.556  -29.023  -33.738 0.0000000000
50504  25.741  -29.068  -33.716 0.0000000000
50505  24.977  -29.233  -33.637 0.0000000000
51738  29.234  -27.466  -33.163 0.0000000000
51739  28.294  -27.462  -33.312 0.0000000000
51740  27.372  -27.428  -33.443 0.0000000000
51741  26.427  -27.400  -33.530 0.0000000000
51742  25.443  -27.438  -33.565 0.0000000000
51743  24.412  -27.554  -33.573 0.0000000000
53100  27.810  -26.507  -33.291 0.0000000000
53101  26.838  -26.481  -33.399 0.0000000000
53102  25.816  -26.481  -33.451 0.0000000000
53103  24.747  -26.534  -33.489 0.0000000000
54513  27.280  -25.545  -33.362 0.0000000000
54514  26.232  -25.513  -33.381 0.0000000000
54515  25.123  -25.518  -33.397 0.0000000000
54516  23.987  -25.583  -33.475 0.0000000000
55861  26.706  -24.587  -33.513 0.0000000000
55862  25.549  -24.504  -33.482 0.0000000000
55863  24.353  -24.536  -33.530 0.0000000000
57137  26.095  -23.626  -33.830 0.0000000000
57138  24.722  -23.414  -33.878 0.0000000000
57161  25.525  -22.918  -34.324 0.0000000000
51744  23.365  -27.683  -33.447 0.0000000000
51745  22.437  -27.809  -33.102 0.0000000000
53104  23.653  -26.633  -33.489 0.0000000000
33124  36.484  -42.424  -34.292 0.0000000000
34259  36.699  -41.320  -34.309 0.0000000000
35483  36.398  -40.362  -34.667 0.0000000000
35501  36.071  -39.824  -35.045 0.0000000000
36761  35.725  -39.299  -35.478 0.0000000000
36775  36.041  -38.929  -36.230 0.0000000000
36776  35.331  -38.598  -35.973 0.0000000000
38096  35.737  -38.163  -36.599 0.0000000000
39495  35.746  -37.353  -36.984 0.0000000000
