#!ascii label  , from subject colin27 vox2ras=TkReg coords=white
370
109490  26.524  16.708  -60.565 0.0000000000
109498  27.185  16.167  -61.386 0.0000000000
109505  27.743  16.039  -62.136 0.0000000000
109506  27.122  16.640  -61.966 0.0000000000
110670  26.479  17.123  -59.068 0.0000000000
110678  26.262  17.126  -59.594 0.0000000000
110687  26.150  17.084  -60.213 0.0000000000
110697  26.668  16.621  -60.991 0.0000000000
110698  26.084  17.242  -60.952 0.0000000000
110708  26.589  16.925  -61.543 0.0000000000
110709  25.974  17.564  -61.688 0.0000000000
110718  27.478  16.742  -62.468 0.0000000000
110719  26.661  17.381  -62.349 0.0000000000
110720  25.989  17.754  -62.080 0.0000000000
110729  27.625  17.173  -63.067 0.0000000000
110730  27.087  17.786  -63.323 0.0000000000
110739  27.994  17.622  -63.900 0.0000000000
110740  27.424  18.097  -64.018 0.0000000000
110748  27.332  18.384  -64.520 0.0000000000
111840  26.464  17.674  -58.714 0.0000000000
111849  25.886  17.870  -59.338 0.0000000000
111850  25.258  18.317  -59.761 0.0000000000
111854  25.614  17.732  -59.945 0.0000000000
111855  24.988  18.332  -60.252 0.0000000000
111862  25.470  17.787  -60.563 0.0000000000
111863  24.860  18.404  -60.849 0.0000000000
111872  25.383  17.944  -61.241 0.0000000000
111873  24.874  18.550  -61.448 0.0000000000
111884  26.054  17.870  -62.296 0.0000000000
111885  25.458  18.273  -62.038 0.0000000000
111886  24.915  18.652  -61.725 0.0000000000
111896  26.241  18.096  -62.790 0.0000000000
111897  25.616  18.727  -63.046 0.0000000000
111898  25.405  19.024  -63.447 0.0000000000
111906  26.614  18.386  -63.829 0.0000000000
111907  25.944  18.836  -64.041 0.0000000000
111908  25.592  18.842  -63.846 0.0000000000
111919  26.829  18.743  -64.892 0.0000000000
111920  26.056  18.983  -64.583 0.0000000000
111921  25.796  18.771  -64.244 0.0000000000
113083  28.579  18.571  -56.563 0.0000000000
113096  27.958  18.556  -57.240 0.0000000000
113097  27.215  18.516  -57.800 0.0000000000
113098  26.486  18.478  -58.365 0.0000000000
113114  25.942  18.401  -58.876 0.0000000000
113115  25.337  18.742  -59.320 0.0000000000
113128  24.631  18.953  -59.890 0.0000000000
113129  24.076  19.424  -60.290 0.0000000000
113140  24.423  18.917  -60.535 0.0000000000
113141  23.828  19.455  -60.785 0.0000000000
113147  24.330  18.945  -61.144 0.0000000000
113148  23.837  19.490  -61.459 0.0000000000
113160  24.966  18.733  -61.946 0.0000000000
113161  24.568  19.033  -61.856 0.0000000000
113162  24.071  19.613  -62.178 0.0000000000
113174  25.063  18.853  -62.309 0.0000000000
113175  24.840  19.263  -62.783 0.0000000000
113176  24.362  19.719  -62.906 0.0000000000
113185  25.082  19.377  -63.588 0.0000000000
113186  24.585  19.564  -63.337 0.0000000000
113197  26.392  18.959  -64.954 0.0000000000
113198  26.065  19.098  -64.792 0.0000000000
113199  25.279  19.145  -63.904 0.0000000000
113200  24.686  19.687  -63.547 0.0000000000
113208  26.184  19.116  -64.946 0.0000000000
113209  25.562  19.493  -64.498 0.0000000000
113216  26.380  19.380  -65.327 0.0000000000
114512  28.683  19.476  -56.156 0.0000000000
114522  28.147  19.530  -56.842 0.0000000000
114523  27.431  19.495  -57.461 0.0000000000
114524  26.616  19.431  -57.993 0.0000000000
114538  25.719  19.331  -58.634 0.0000000000
114539  24.729  19.654  -59.298 0.0000000000
114540  24.023  20.129  -59.640 0.0000000000
114556  24.138  19.635  -59.887 0.0000000000
114557  23.408  20.148  -60.256 0.0000000000
114558  22.764  20.739  -60.381 0.0000000000
114579  23.208  19.978  -61.060 0.0000000000
114580  22.606  20.622  -60.793 0.0000000000
114592  23.337  19.987  -61.726 0.0000000000
114593  22.670  20.442  -61.374 0.0000000000
114605  23.674  19.979  -62.278 0.0000000000
114606  22.851  20.431  -61.930 0.0000000000
114613  23.992  20.090  -62.782 0.0000000000
114614  23.185  20.514  -62.395 0.0000000000
114618  24.220  19.980  -63.074 0.0000000000
114619  23.564  20.546  -62.773 0.0000000000
114627  24.942  19.889  -64.063 0.0000000000
114628  24.051  19.991  -63.489 0.0000000000
114629  24.117  20.461  -63.126 0.0000000000
114637  25.930  19.779  -65.209 0.0000000000
114638  25.273  20.166  -64.637 0.0000000000
114639  24.659  20.098  -63.789 0.0000000000
114640  24.263  20.191  -63.466 0.0000000000
114648  26.068  19.950  -65.483 0.0000000000
114649  25.738  19.877  -65.042 0.0000000000
115968  28.348  20.530  -56.231 0.0000000000
115978  27.696  20.470  -57.054 0.0000000000
115979  26.964  20.454  -57.662 0.0000000000
115980  26.086  20.384  -58.126 0.0000000000
115989  25.186  20.418  -58.611 0.0000000000
115990  24.362  20.591  -59.104 0.0000000000
115991  23.618  20.752  -59.561 0.0000000000
115999  22.899  20.952  -59.963 0.0000000000
116000  22.253  21.227  -60.456 0.0000000000
116001  21.828  21.615  -60.579 0.0000000000
116018  22.078  20.963  -60.872 0.0000000000
116019  21.727  21.448  -60.766 0.0000000000
116039  22.154  20.809  -61.150 0.0000000000
116040  21.605  21.215  -61.202 0.0000000000
116041  21.344  21.470  -61.681 0.0000000000
116058  22.159  20.818  -61.602 0.0000000000
116059  21.696  21.159  -61.878 0.0000000000
116060  21.354  21.475  -62.261 0.0000000000
116066  22.349  20.854  -62.126 0.0000000000
116067  21.824  21.203  -62.362 0.0000000000
116068  21.273  21.448  -62.730 0.0000000000
116069  20.577  20.937  -62.802 0.0000000000
116070  19.858  21.143  -63.528 0.0000000000
116073  22.636  20.922  -62.505 0.0000000000
116074  21.841  21.263  -62.590 0.0000000000
116075  21.109  21.509  -62.890 0.0000000000
116076  20.335  21.397  -63.448 0.0000000000
116077  19.948  21.184  -63.907 0.0000000000
116080  23.014  20.960  -62.848 0.0000000000
116081  22.330  21.260  -62.709 0.0000000000
116082  21.161  21.597  -63.109 0.0000000000
116083  20.572  21.508  -63.953 0.0000000000
116084  19.993  21.517  -64.004 0.0000000000
116091  25.520  20.189  -65.061 0.0000000000
116092  25.099  20.185  -64.165 0.0000000000
116093  23.989  20.617  -63.100 0.0000000000
116094  23.002  21.120  -62.811 0.0000000000
116099  26.128  20.111  -65.570 0.0000000000
116100  25.793  20.015  -65.162 0.0000000000
116101  25.332  20.478  -64.339 0.0000000000
117399  28.025  21.605  -55.946 0.0000000000
117400  27.599  21.860  -56.492 0.0000000000
117409  27.815  21.214  -56.616 0.0000000000
117410  27.293  21.502  -57.170 0.0000000000
117411  26.511  21.386  -57.770 0.0000000000
117419  25.710  21.359  -58.218 0.0000000000
117420  24.885  21.396  -58.651 0.0000000000
117421  24.093  21.468  -59.105 0.0000000000
117428  23.324  21.574  -59.529 0.0000000000
117429  22.593  21.723  -59.934 0.0000000000
117430  22.015  21.913  -60.333 0.0000000000
117437  21.561  21.960  -60.582 0.0000000000
117438  21.292  22.190  -60.777 0.0000000000
117449  21.393  21.680  -60.844 0.0000000000
117450  21.246  21.863  -61.199 0.0000000000
117465  21.241  21.846  -61.939 0.0000000000
117477  20.940  21.646  -62.798 0.0000000000
117478  19.825  21.280  -63.196 0.0000000000
117479  19.783  21.363  -63.854 0.0000000000
117483  19.786  21.490  -64.085 0.0000000000
117487  23.103  21.619  -62.903 0.0000000000
117488  22.366  21.563  -62.815 0.0000000000
117489  21.067  21.745  -63.308 0.0000000000
117490  20.416  21.989  -63.969 0.0000000000
117491  20.006  21.780  -64.124 0.0000000000
117496  25.077  21.012  -63.762 0.0000000000
117497  23.523  21.234  -62.903 0.0000000000
117498  22.912  21.240  -62.907 0.0000000000
117508  26.277  20.519  -65.758 0.0000000000
117509  25.611  20.695  -64.841 0.0000000000
117510  25.267  20.905  -63.927 0.0000000000
117516  26.482  20.197  -66.035 0.0000000000
118758  27.170  22.944  -55.604 0.0000000000
118771  27.582  22.308  -56.002 0.0000000000
118772  27.181  22.561  -56.585 0.0000000000
118782  26.751  22.302  -57.371 0.0000000000
118783  26.196  22.277  -57.881 0.0000000000
118790  25.509  22.334  -58.367 0.0000000000
118791  24.694  22.326  -58.775 0.0000000000
118792  23.903  22.370  -59.163 0.0000000000
118795  23.110  22.450  -59.546 0.0000000000
118796  22.363  22.540  -59.901 0.0000000000
118797  21.790  22.609  -60.246 0.0000000000
118801  21.446  22.644  -60.548 0.0000000000
118802  21.263  22.590  -60.888 0.0000000000
118806  21.209  22.473  -61.455 0.0000000000
118812  21.179  22.344  -62.232 0.0000000000
118825  20.773  22.130  -63.181 0.0000000000
118826  19.945  21.672  -63.785 0.0000000000
118827  19.690  21.561  -63.973 0.0000000000
118841  22.118  22.594  -63.256 0.0000000000
118842  21.403  22.591  -63.231 0.0000000000
118843  20.858  22.399  -63.469 0.0000000000
118844  20.063  22.039  -63.820 0.0000000000
118845  19.769  21.792  -64.055 0.0000000000
118849  23.971  21.836  -62.987 0.0000000000
118850  23.091  22.102  -63.018 0.0000000000
118851  21.707  22.157  -63.090 0.0000000000
118852  20.772  22.121  -63.393 0.0000000000
118853  20.266  22.014  -63.860 0.0000000000
118854  19.977  22.014  -64.063 0.0000000000
118860  26.014  21.392  -64.570 0.0000000000
118861  25.577  21.235  -63.949 0.0000000000
118862  24.725  21.291  -63.344 0.0000000000
118863  23.811  21.570  -62.896 0.0000000000
118873  26.078  21.198  -65.149 0.0000000000
118874  25.608  21.108  -64.429 0.0000000000
118875  25.340  21.084  -64.159 0.0000000000
120123  26.693  23.463  -56.114 0.0000000000
120135  26.647  23.148  -57.042 0.0000000000
120136  26.273  24.034  -56.659 0.0000000000
120142  26.431  22.799  -57.526 0.0000000000
120143  26.039  23.405  -57.748 0.0000000000
120147  25.258  23.241  -58.502 0.0000000000
120148  24.554  23.224  -58.878 0.0000000000
120149  23.792  23.328  -59.256 0.0000000000
120153  22.925  23.379  -59.580 0.0000000000
120154  22.178  23.420  -59.909 0.0000000000
120155  21.669  23.427  -60.254 0.0000000000
120159  21.412  23.387  -60.622 0.0000000000
120160  21.295  23.300  -61.080 0.0000000000
120163  21.296  23.185  -61.672 0.0000000000
120166  21.345  23.092  -62.359 0.0000000000
120169  23.107  23.819  -62.894 0.0000000000
120170  22.328  23.879  -63.240 0.0000000000
120171  21.723  23.664  -63.186 0.0000000000
120172  21.344  23.165  -62.963 0.0000000000
120184  23.796  22.840  -62.768 0.0000000000
120185  22.796  23.002  -63.096 0.0000000000
120186  21.930  23.150  -63.409 0.0000000000
120187  21.536  23.203  -63.290 0.0000000000
120199  24.575  21.964  -62.832 0.0000000000
120200  23.609  22.378  -62.863 0.0000000000
120211  25.926  21.509  -64.061 0.0000000000
120212  25.203  21.467  -63.347 0.0000000000
121368  25.702  24.678  -57.162 0.0000000000
121375  25.369  24.319  -58.158 0.0000000000
121383  25.002  23.789  -58.647 0.0000000000
121384  24.607  24.317  -58.835 0.0000000000
121385  23.622  24.303  -59.344 0.0000000000
121390  22.760  24.338  -59.685 0.0000000000
121391  22.067  24.324  -60.014 0.0000000000
121392  21.688  24.278  -60.407 0.0000000000
121397  21.496  24.210  -60.838 0.0000000000
121398  21.426  24.072  -61.336 0.0000000000
121402  21.437  23.964  -61.872 0.0000000000
121407  21.469  24.043  -62.429 0.0000000000
121412  21.572  24.033  -62.864 0.0000000000
117367  27.349  21.511  -53.216 0.0000000000
117377  28.213  21.532  -54.230 0.0000000000
117388  28.289  21.552  -55.066 0.0000000000
118735  27.710  21.784  -53.796 0.0000000000
118746  27.690  22.123  -54.402 0.0000000000
118757  27.696  22.323  -55.261 0.0000000000
120124  26.045  24.153  -55.655 0.0000000000
121352  25.374  24.643  -55.374 0.0000000000
121353  24.698  24.942  -54.752 0.0000000000
121360  25.684  24.732  -56.130 0.0000000000
121361  25.092  25.254  -55.645 0.0000000000
121369  25.330  25.269  -56.443 0.0000000000
122464  24.305  25.828  -53.170 0.0000000000
122475  24.440  25.822  -54.177 0.0000000000
122482  24.699  25.909  -55.161 0.0000000000
122489  24.909  25.888  -56.135 0.0000000000
122495  25.106  25.549  -57.234 0.0000000000
123616  25.749  26.549  -53.332 0.0000000000
123617  25.148  26.575  -53.148 0.0000000000
123618  24.667  26.331  -53.130 0.0000000000
123630  26.339  26.585  -53.848 0.0000000000
123631  25.406  26.841  -53.875 0.0000000000
123632  24.748  26.395  -53.670 0.0000000000
123642  25.292  27.083  -54.379 0.0000000000
123643  24.888  26.727  -54.603 0.0000000000
123648  24.849  26.686  -55.691 0.0000000000
124762  25.905  26.984  -54.239 0.0000000000
124763  25.553  27.054  -54.269 0.0000000000
124772  26.594  27.043  -54.697 0.0000000000
124773  25.724  27.244  -54.681 0.0000000000
124774  25.254  27.178  -54.727 0.0000000000
124784  25.351  27.430  -55.386 0.0000000000
115943  28.946  20.494  -54.297 0.0000000000
115954  28.771  20.545  -55.255 0.0000000000
115955  28.406  21.096  -55.660 0.0000000000
117376  28.573  21.045  -53.966 0.0000000000
117387  28.622  21.090  -54.575 0.0000000000
121376  25.044  24.833  -58.355 0.0000000000
122494  25.387  24.932  -57.633 0.0000000000
122499  25.187  25.063  -57.953 0.0000000000
122500  24.749  25.503  -58.318 0.0000000000
122501  24.150  25.858  -58.925 0.0000000000
122507  24.198  25.096  -59.086 0.0000000000
122508  23.449  25.344  -59.445 0.0000000000
123653  24.738  26.594  -56.733 0.0000000000
123654  24.484  26.879  -57.411 0.0000000000
123659  24.691  26.251  -57.569 0.0000000000
123660  24.235  26.567  -58.198 0.0000000000
124788  24.942  27.402  -56.275 0.0000000000
124789  24.637  27.440  -57.027 0.0000000000
124794  24.196  27.461  -57.685 0.0000000000
125859  25.426  27.893  -56.220 0.0000000000
125869  25.015  28.164  -56.842 0.0000000000
125870  24.448  28.054  -57.343 0.0000000000
122512  22.605  25.225  -59.839 0.0000000000
122513  22.090  25.165  -60.231 0.0000000000
122514  21.849  25.083  -60.657 0.0000000000
122519  21.737  25.034  -61.199 0.0000000000
123666  23.716  26.470  -59.195 0.0000000000
123667  23.246  26.558  -59.774 0.0000000000
123672  23.115  25.954  -59.723 0.0000000000
123673  22.622  26.044  -60.071 0.0000000000
123674  22.221  25.845  -60.470 0.0000000000
123679  22.110  25.828  -60.895 0.0000000000
124801  23.913  27.417  -58.561 0.0000000000
124802  23.611  27.261  -59.424 0.0000000000
124807  23.144  26.923  -60.165 0.0000000000
124808  22.584  26.321  -60.362 0.0000000000
124812  22.539  26.442  -60.619 0.0000000000
125880  24.097  28.313  -58.064 0.0000000000
125887  23.893  28.167  -59.034 0.0000000000
125888  23.705  27.746  -59.717 0.0000000000
124783  26.304  27.551  -55.349 0.0000000000
125854  29.523  28.590  -55.479 0.0000000000
125855  28.816  28.105  -55.963 0.0000000000
125856  27.908  27.894  -56.132 0.0000000000
125857  26.953  27.916  -56.074 0.0000000000
125858  26.062  28.035  -55.992 0.0000000000
125864  29.191  28.853  -56.202 0.0000000000
125865  28.525  28.614  -56.686 0.0000000000
125866  27.588  28.318  -56.767 0.0000000000
125867  26.684  28.342  -56.729 0.0000000000
125868  25.832  28.396  -56.699 0.0000000000
125875  28.065  28.835  -57.274 0.0000000000
125876  27.322  28.789  -57.405 0.0000000000
125877  26.405  28.822  -57.353 0.0000000000
125878  25.525  28.835  -57.340 0.0000000000
125879  24.749  28.673  -57.575 0.0000000000
126822  26.073  29.308  -57.969 0.0000000000
126823  25.219  29.259  -58.015 0.0000000000
126824  24.516  29.072  -58.276 0.0000000000
122433  26.142  25.113  -50.980 0.0000000000
122434  25.311  25.288  -51.225 0.0000000000
122435  24.703  25.257  -51.636 0.0000000000
122451  26.060  25.606  -51.757 0.0000000000
122452  25.129  25.856  -51.924 0.0000000000
122453  24.397  25.602  -52.260 0.0000000000
122462  25.807  26.169  -52.686 0.0000000000
122463  24.811  26.231  -52.620 0.0000000000
117357  25.450  21.598  -52.303 0.0000000000
117368  26.285  21.624  -52.787 0.0000000000
117369  25.655  22.144  -52.961 0.0000000000
118726  24.878  22.216  -52.195 0.0000000000
118727  24.548  22.390  -51.574 0.0000000000
118736  27.014  22.186  -53.661 0.0000000000
118737  25.996  22.650  -53.590 0.0000000000
118738  25.092  22.682  -53.013 0.0000000000
118747  26.900  22.838  -54.529 0.0000000000
118748  25.957  23.313  -54.386 0.0000000000
120087  24.355  23.149  -51.235 0.0000000000
120094  24.496  23.045  -52.497 0.0000000000
120095  24.228  23.446  -51.997 0.0000000000
120103  25.164  23.385  -53.938 0.0000000000
120104  24.352  23.689  -53.358 0.0000000000
120105  24.031  23.713  -52.663 0.0000000000
120111  26.380  23.503  -55.155 0.0000000000
120112  25.437  24.031  -54.770 0.0000000000
120113  24.627  24.150  -54.170 0.0000000000
121319  24.690  24.477  -51.014 0.0000000000
121320  24.392  23.695  -50.944 0.0000000000
121330  24.236  24.818  -51.887 0.0000000000
121331  24.168  24.009  -51.541 0.0000000000
121336  23.938  25.029  -52.701 0.0000000000
121337  23.912  24.245  -52.281 0.0000000000
121345  24.115  24.852  -53.687 0.0000000000
121346  23.844  24.306  -53.000 0.0000000000
