#!ascii label  , from subject colin27 vox2ras=TkReg coords=white
145
126672  43.790  29.637  -41.909 0.0000000000
126675  43.129  29.679  -42.424 0.0000000000
126676  42.407  29.696  -42.953 0.0000000000
126681  41.932  30.058  -43.366 0.0000000000
127759  44.281  30.591  -41.627 0.0000000000
127760  43.611  30.646  -42.164 0.0000000000
127766  42.924  30.686  -42.663 0.0000000000
127767  42.299  30.768  -43.152 0.0000000000
128819  44.076  31.660  -41.876 0.0000000000
128830  43.380  31.680  -42.398 0.0000000000
128831  42.704  31.706  -42.878 0.0000000000
128843  42.073  31.730  -43.368 0.0000000000
129909  44.467  32.741  -41.612 0.0000000000
129910  43.764  32.720  -42.087 0.0000000000
129927  43.085  32.714  -42.573 0.0000000000
129928  42.433  32.711  -43.075 0.0000000000
129944  41.775  32.708  -43.536 0.0000000000
129982  39.540  32.485  -48.128 0.0000000000
130945  44.129  33.805  -41.780 0.0000000000
130962  43.434  33.771  -42.235 0.0000000000
130963  42.764  33.741  -42.727 0.0000000000
130977  42.126  33.708  -43.254 0.0000000000
130978  41.444  33.674  -43.668 0.0000000000
131010  39.481  33.440  -47.480 0.0000000000
131012  39.684  33.483  -48.519 0.0000000000
132022  43.819  34.878  -41.915 0.0000000000
132037  43.123  34.825  -42.387 0.0000000000
132038  42.457  34.764  -42.919 0.0000000000
132054  41.801  34.684  -43.439 0.0000000000
132055  41.155  34.617  -43.866 0.0000000000
132056  40.625  34.587  -44.324 0.0000000000
132067  40.175  34.572  -44.790 0.0000000000
132068  39.817  34.549  -45.338 0.0000000000
132078  39.542  34.511  -46.045 0.0000000000
132081  39.517  34.496  -46.943 0.0000000000
132083  39.695  34.504  -47.932 0.0000000000
132085  39.846  34.480  -48.978 0.0000000000
132998  43.556  35.955  -42.082 0.0000000000
133020  41.504  35.600  -43.710 0.0000000000
133021  40.965  35.532  -44.150 0.0000000000
133033  40.527  35.495  -44.627 0.0000000000
133034  40.169  35.482  -45.124 0.0000000000
133044  39.890  35.560  -45.752 0.0000000000
133047  39.741  35.558  -46.542 0.0000000000
133049  39.777  35.548  -47.438 0.0000000000
133051  39.883  35.518  -48.425 0.0000000000
133053  39.927  35.443  -49.457 0.0000000000
133055  40.244  36.143  -50.841 0.0000000000
133063  40.220  36.149  -51.420 0.0000000000
134024  41.278  36.175  -44.000 0.0000000000
134040  40.905  36.746  -44.465 0.0000000000
134041  40.463  36.087  -44.902 0.0000000000
134050  40.596  37.312  -45.031 0.0000000000
134051  40.322  36.632  -45.371 0.0000000000
134053  40.012  36.563  -46.215 0.0000000000
134055  39.940  36.563  -47.043 0.0000000000
134057  40.025  36.538  -47.958 0.0000000000
134059  40.201  36.921  -49.493 0.0000000000
134060  40.041  36.510  -48.956 0.0000000000
134063  40.380  36.901  -50.233 0.0000000000
134064  40.086  36.240  -49.909 0.0000000000
134072  40.494  36.733  -51.388 0.0000000000
134073  40.195  36.170  -51.803 0.0000000000
134081  40.587  37.027  -52.069 0.0000000000
135078  40.829  37.939  -44.820 0.0000000000
135086  40.472  37.860  -45.496 0.0000000000
135087  40.198  37.374  -45.978 0.0000000000
135089  40.264  38.099  -46.162 0.0000000000
135090  40.124  37.584  -46.714 0.0000000000
135092  40.140  37.436  -47.576 0.0000000000
135095  40.389  37.859  -48.842 0.0000000000
135096  40.250  37.538  -48.520 0.0000000000
135099  40.411  37.631  -49.371 0.0000000000
135100  40.191  37.186  -49.068 0.0000000000
135103  40.651  37.672  -50.495 0.0000000000
135109  40.774  37.698  -51.526 0.0000000000
135119  40.647  37.497  -52.578 0.0000000000
135120  40.095  37.125  -53.281 0.0000000000
135128  40.452  37.606  -53.459 0.0000000000
136042  40.844  38.710  -45.263 0.0000000000
136051  40.604  38.729  -45.951 0.0000000000
136053  40.488  38.639  -46.814 0.0000000000
136054  40.264  38.133  -47.365 0.0000000000
136056  40.618  38.630  -47.785 0.0000000000
136057  40.323  38.056  -48.035 0.0000000000
136060  40.541  38.278  -48.702 0.0000000000
136061  40.363  38.000  -48.393 0.0000000000
136064  40.746  38.391  -49.769 0.0000000000
136066  40.950  38.481  -50.774 0.0000000000
136068  41.663  39.055  -52.135 0.0000000000
136069  41.268  38.549  -51.889 0.0000000000
136076  41.515  38.743  -52.760 0.0000000000
136077  40.996  38.167  -53.049 0.0000000000
136087  41.160  38.496  -53.504 0.0000000000
137058  40.945  38.867  -49.272 0.0000000000
137062  41.142  39.010  -50.075 0.0000000000
137063  43.064  39.260  -52.261 0.0000000000
137064  42.517  39.415  -51.866 0.0000000000
137065  41.828  39.336  -51.498 0.0000000000
137066  41.342  39.074  -50.922 0.0000000000
137067  42.794  38.956  -53.128 0.0000000000
137068  42.406  39.190  -52.855 0.0000000000
137069  41.965  39.191  -52.447 0.0000000000
137075  42.073  38.945  -53.824 0.0000000000
137076  41.587  38.785  -53.619 0.0000000000
126682  41.351  29.747  -43.660 0.0000000000
127770  41.674  30.797  -43.537 0.0000000000
127771  41.037  30.792  -43.911 0.0000000000
128844  41.409  31.746  -43.755 0.0000000000
128845  40.796  31.781  -44.164 0.0000000000
129945  41.122  32.714  -43.931 0.0000000000
129946  40.545  32.752  -44.338 0.0000000000
129963  40.093  32.899  -44.663 0.0000000000
130979  40.838  33.663  -44.093 0.0000000000
130994  40.324  33.681  -44.510 0.0000000000
130995  39.875  33.641  -44.932 0.0000000000
132999  42.836  35.886  -42.574 0.0000000000
133019  42.155  35.787  -43.188 0.0000000000
134004  43.259  37.032  -42.168 0.0000000000
134022  42.537  36.965  -42.788 0.0000000000
134023  41.740  36.848  -43.621 0.0000000000
134039  41.418  37.405  -44.016 0.0000000000
135042  42.975  38.133  -42.260 0.0000000000
135058  42.304  38.059  -43.025 0.0000000000
135059  41.727  38.026  -43.686 0.0000000000
135077  41.256  37.965  -44.232 0.0000000000
136003  42.877  39.157  -42.675 0.0000000000
136019  42.241  39.055  -43.491 0.0000000000
136020  41.698  38.664  -44.040 0.0000000000
136040  41.955  39.333  -44.226 0.0000000000
136041  41.305  38.835  -44.615 0.0000000000
137037  41.701  39.590  -44.834 0.0000000000
137038  41.216  39.280  -45.157 0.0000000000
137044  41.476  39.603  -45.513 0.0000000000
137045  41.024  39.284  -45.699 0.0000000000
137047  41.292  39.585  -46.004 0.0000000000
138122  41.319  39.660  -46.293 0.0000000000
137048  40.978  39.364  -46.397 0.0000000000
137051  41.144  39.337  -47.415 0.0000000000
137054  41.032  39.008  -48.495 0.0000000000
137057  41.463  39.138  -49.374 0.0000000000
137060  42.406  39.407  -50.840 0.0000000000
137061  41.743  39.295  -50.375 0.0000000000
138124  41.660  39.741  -46.987 0.0000000000
138125  41.346  39.655  -46.646 0.0000000000
