#!ascii label  , from subject colin27 vox2ras=TkReg coords=white
339
93458  47.632  3.987  -29.063 0.0000000000
93459  46.783  3.564  -29.393 0.0000000000
93465  46.546  4.039  -29.987 0.0000000000
93466  45.945  3.526  -30.362 0.0000000000
94705  49.314  4.330  -28.497 0.0000000000
94706  48.662  4.078  -28.542 0.0000000000
94709  52.227  5.370  -29.354 0.0000000000
94710  51.676  5.155  -29.213 0.0000000000
94711  50.758  4.972  -29.024 0.0000000000
94712  49.717  4.897  -28.935 0.0000000000
94713  48.391  4.559  -29.181 0.0000000000
94714  47.507  4.199  -29.342 0.0000000000
94718  47.985  5.019  -29.824 0.0000000000
94719  47.248  4.561  -29.857 0.0000000000
94720  46.326  4.405  -30.489 0.0000000000
94721  45.856  4.018  -30.810 0.0000000000
94736  46.298  4.922  -30.825 0.0000000000
94737  45.779  4.538  -31.283 0.0000000000
95963  53.278  5.398  -28.983 0.0000000000
95970  54.776  6.152  -28.477 0.0000000000
95971  54.263  6.013  -28.762 0.0000000000
95972  53.571  5.912  -29.112 0.0000000000
95973  52.701  5.756  -29.449 0.0000000000
95974  51.797  5.764  -29.762 0.0000000000
95975  51.040  5.524  -29.628 0.0000000000
95976  50.178  5.429  -29.510 0.0000000000
95977  49.313  5.273  -29.501 0.0000000000
95985  51.191  6.014  -30.013 0.0000000000
95986  50.517  6.007  -29.997 0.0000000000
95987  49.621  5.868  -29.973 0.0000000000
95988  48.608  5.495  -29.994 0.0000000000
95989  47.648  5.424  -30.296 0.0000000000
95990  46.852  5.094  -30.558 0.0000000000
96003  47.142  5.709  -30.719 0.0000000000
96004  46.397  5.565  -31.149 0.0000000000
96005  45.745  5.311  -31.797 0.0000000000
96012  45.937  5.981  -31.773 0.0000000000
96013  45.493  5.791  -32.636 0.0000000000
97323  60.490  7.584  -28.102 0.0000000000
97324  59.932  7.411  -28.038 0.0000000000
97325  59.041  7.301  -27.947 0.0000000000
97326  58.080  7.166  -27.946 0.0000000000
97327  57.107  6.943  -28.009 0.0000000000
97328  56.065  6.564  -28.101 0.0000000000
97329  55.100  6.493  -28.345 0.0000000000
97337  54.538  6.420  -28.606 0.0000000000
97338  53.896  6.443  -28.882 0.0000000000
97339  52.977  6.558  -29.195 0.0000000000
97340  51.912  6.700  -29.810 0.0000000000
97341  51.505  6.278  -30.021 0.0000000000
97352  51.286  7.220  -30.153 0.0000000000
97353  50.966  6.713  -30.239 0.0000000000
97354  49.982  6.636  -30.389 0.0000000000
97355  49.043  6.325  -30.480 0.0000000000
97356  48.107  6.088  -30.571 0.0000000000
97357  47.559  5.921  -30.664 0.0000000000
97365  49.919  7.191  -30.690 0.0000000000
97366  49.377  7.104  -30.826 0.0000000000
97367  48.431  6.846  -30.989 0.0000000000
97368  47.311  6.430  -31.113 0.0000000000
97369  46.477  6.324  -31.535 0.0000000000
97375  46.783  6.845  -31.652 0.0000000000
97376  46.059  6.747  -32.106 0.0000000000
97377  45.578  6.770  -32.809 0.0000000000
98757  54.791  7.666  -27.751 0.0000000000
98758  53.821  7.877  -27.731 0.0000000000
98759  53.319  8.139  -27.776 0.0000000000
98769  61.576  8.344  -28.097 0.0000000000
98770  61.048  7.930  -28.201 0.0000000000
98771  60.223  8.009  -28.570 0.0000000000
98772  59.383  7.952  -28.554 0.0000000000
98773  58.461  7.860  -28.455 0.0000000000
98774  57.460  7.713  -28.239 0.0000000000
98775  56.406  7.391  -28.061 0.0000000000
98776  55.206  7.086  -28.305 0.0000000000
98777  54.132  7.326  -28.247 0.0000000000
98778  53.078  7.851  -28.255 0.0000000000
98779  52.396  8.226  -28.636 0.0000000000
98788  54.802  6.684  -28.487 0.0000000000
98789  54.373  6.813  -28.612 0.0000000000
98790  53.467  7.062  -28.741 0.0000000000
98791  52.266  7.642  -29.133 0.0000000000
98811  51.466  7.742  -29.992 0.0000000000
98812  50.790  7.768  -30.569 0.0000000000
98813  50.330  7.221  -30.569 0.0000000000
98827  50.396  8.236  -31.017 0.0000000000
98828  49.941  7.778  -31.027 0.0000000000
98829  48.866  7.829  -31.415 0.0000000000
98830  47.786  7.326  -31.479 0.0000000000
98831  47.204  7.056  -31.568 0.0000000000
98838  48.568  8.413  -31.792 0.0000000000
98839  47.951  8.134  -31.821 0.0000000000
98840  46.900  7.647  -31.989 0.0000000000
98841  45.789  7.649  -32.820 0.0000000000
98842  45.439  7.108  -33.185 0.0000000000
98850  45.496  8.059  -33.398 0.0000000000
98851  45.286  7.458  -33.791 0.0000000000
100182  55.318  9.011  -25.920 0.0000000000
100183  55.009  8.921  -25.882 0.0000000000
100189  56.040  8.980  -26.643 0.0000000000
100190  55.579  8.911  -26.352 0.0000000000
100191  54.611  8.684  -26.405 0.0000000000
100192  53.836  8.627  -26.645 0.0000000000
100200  56.167  8.826  -27.045 0.0000000000
100201  55.443  8.291  -27.218 0.0000000000
100202  54.307  8.201  -27.147 0.0000000000
100203  53.367  8.476  -27.251 0.0000000000
100204  52.801  8.733  -27.501 0.0000000000
100214  61.922  8.813  -27.972 0.0000000000
100215  61.430  8.883  -28.509 0.0000000000
100216  60.560  8.891  -28.860 0.0000000000
100217  59.722  8.632  -28.949 0.0000000000
100218  58.886  8.631  -28.893 0.0000000000
100219  57.927  8.495  -28.565 0.0000000000
100220  56.771  8.390  -27.894 0.0000000000
100221  55.751  7.704  -27.852 0.0000000000
100222  52.988  8.351  -27.775 0.0000000000
100223  52.469  8.676  -28.119 0.0000000000
100235  59.890  9.284  -29.130 0.0000000000
100236  59.342  9.107  -29.181 0.0000000000
100237  58.920  9.108  -29.127 0.0000000000
100238  51.920  8.877  -29.051 0.0000000000
100262  51.521  8.607  -29.836 0.0000000000
100263  51.138  8.596  -30.489 0.0000000000
100280  50.708  8.684  -31.018 0.0000000000
100281  50.080  8.737  -31.421 0.0000000000
100282  49.534  8.287  -31.428 0.0000000000
100293  49.782  9.252  -31.770 0.0000000000
100294  49.166  8.835  -31.793 0.0000000000
100295  48.222  8.871  -32.111 0.0000000000
100296  47.350  8.658  -32.285 0.0000000000
100297  46.520  8.547  -32.641 0.0000000000
100309  45.807  8.625  -33.216 0.0000000000
100310  45.299  8.488  -33.840 0.0000000000
101444  55.713  9.924  -24.912 0.0000000000
101445  54.785  9.859  -24.990 0.0000000000
101446  54.301  9.943  -25.151 0.0000000000
101453  56.958  9.885  -26.094 0.0000000000
101454  56.179  9.554  -25.665 0.0000000000
101455  55.342  9.272  -25.596 0.0000000000
101456  54.191  9.456  -25.669 0.0000000000
101457  53.441  9.856  -25.958 0.0000000000
101462  62.330  9.538  -26.828 0.0000000000
101463  57.237  9.687  -27.032 0.0000000000
101464  56.368  9.249  -26.530 0.0000000000
101465  55.880  9.201  -26.005 0.0000000000
101466  53.926  8.953  -26.246 0.0000000000
101467  53.212  9.333  -26.559 0.0000000000
101468  52.734  9.739  -26.892 0.0000000000
101474  62.201  9.592  -27.681 0.0000000000
101475  57.493  9.454  -27.813 0.0000000000
101476  56.837  9.127  -27.437 0.0000000000
101477  52.910  8.944  -27.121 0.0000000000
101478  52.558  9.438  -27.422 0.0000000000
101487  61.898  9.673  -28.422 0.0000000000
101488  61.176  9.752  -28.915 0.0000000000
101489  60.211  9.820  -29.133 0.0000000000
101490  59.762  10.032  -29.073 0.0000000000
101491  58.516  9.319  -28.828 0.0000000000
101492  57.639  9.067  -28.302 0.0000000000
101493  57.168  9.016  -27.935 0.0000000000
101494  52.133  9.604  -28.452 0.0000000000
101509  59.895  9.588  -29.186 0.0000000000
101510  59.578  9.641  -29.160 0.0000000000
101511  59.065  9.403  -29.159 0.0000000000
101512  51.865  9.862  -29.278 0.0000000000
101530  51.566  9.711  -30.121 0.0000000000
101531  51.326  9.136  -30.405 0.0000000000
101545  51.451  10.193  -30.772 0.0000000000
101546  51.095  9.653  -31.082 0.0000000000
101547  50.576  9.192  -31.346 0.0000000000
101554  50.799  10.182  -31.622 0.0000000000
101555  50.316  9.740  -31.743 0.0000000000
101556  49.490  9.718  -32.091 0.0000000000
101557  48.639  9.614  -32.268 0.0000000000
101558  47.550  9.639  -32.577 0.0000000000
101559  46.938  9.118  -32.586 0.0000000000
101571  47.012  10.161  -32.994 0.0000000000
101572  46.438  9.552  -33.060 0.0000000000
101573  45.566  9.387  -33.723 0.0000000000
101585  45.169  9.131  -34.389 0.0000000000
102687  57.101  11.004  -24.794 0.0000000000
102688  56.130  10.714  -24.330 0.0000000000
102689  55.088  10.559  -24.387 0.0000000000
102690  54.204  10.508  -24.866 0.0000000000
102691  53.779  10.853  -25.092 0.0000000000
102700  57.402  10.607  -25.728 0.0000000000
102701  56.630  10.201  -25.176 0.0000000000
102702  54.052  10.048  -25.243 0.0000000000
102703  53.605  10.413  -25.491 0.0000000000
102709  62.414  10.424  -26.514 0.0000000000
102710  58.342  10.890  -27.083 0.0000000000
102711  57.668  10.364  -26.645 0.0000000000
102712  53.004  10.377  -26.396 0.0000000000
102713  52.819  9.932  -26.675 0.0000000000
102719  62.323  10.285  -27.336 0.0000000000
102720  58.627  10.688  -27.780 0.0000000000
102721  58.040  10.148  -27.614 0.0000000000
102722  52.833  10.661  -26.825 0.0000000000
102723  52.661  10.341  -27.099 0.0000000000
102728  62.220  10.450  -28.054 0.0000000000
102729  61.686  10.562  -28.655 0.0000000000
102730  60.811  10.688  -28.896 0.0000000000
102731  59.836  10.537  -28.780 0.0000000000
102732  58.847  10.282  -28.470 0.0000000000
102733  58.076  9.678  -28.281 0.0000000000
102734  52.340  10.340  -28.019 0.0000000000
102748  59.409  10.071  -28.968 0.0000000000
102749  59.058  9.770  -29.010 0.0000000000
102750  52.141  10.489  -28.950 0.0000000000
102769  51.961  10.598  -29.838 0.0000000000
102786  51.742  10.720  -30.628 0.0000000000
102787  51.453  10.671  -31.175 0.0000000000
102803  51.112  10.650  -31.594 0.0000000000
102804  50.610  10.717  -31.996 0.0000000000
102805  49.838  10.608  -32.315 0.0000000000
102806  49.047  10.356  -32.459 0.0000000000
102807  48.288  10.279  -32.593 0.0000000000
102819  49.312  10.979  -32.627 0.0000000000
102820  48.622  10.979  -32.806 0.0000000000
102821  47.585  10.749  -33.043 0.0000000000
102822  46.567  10.631  -33.487 0.0000000000
102823  45.878  10.159  -33.671 0.0000000000
102840  45.914  10.817  -33.988 0.0000000000
102841  45.352  10.245  -34.502 0.0000000000
103945  56.266  12.041  -23.533 0.0000000000
103946  55.987  11.994  -23.513 0.0000000000
103955  57.972  12.081  -24.878 0.0000000000
103956  57.623  11.823  -24.661 0.0000000000
103957  56.561  11.749  -23.863 0.0000000000
103958  55.444  11.531  -23.834 0.0000000000
103959  54.453  11.383  -24.351 0.0000000000
103960  53.886  11.311  -24.891 0.0000000000
103968  58.172  12.037  -25.311 0.0000000000
103969  57.840  11.390  -25.547 0.0000000000
103970  53.594  11.235  -25.351 0.0000000000
103977  59.307  12.149  -26.959 0.0000000000
103978  58.751  11.866  -26.511 0.0000000000
103979  57.995  11.027  -26.309 0.0000000000
103980  53.267  11.254  -26.040 0.0000000000
103987  62.190  11.248  -27.369 0.0000000000
103988  61.788  11.584  -27.899 0.0000000000
103989  60.184  11.894  -27.783 0.0000000000
103990  59.650  11.932  -27.482 0.0000000000
103991  58.953  11.240  -27.544 0.0000000000
103992  52.937  11.250  -27.042 0.0000000000
103993  52.644  10.954  -27.773 0.0000000000
103999  62.010  11.151  -28.228 0.0000000000
104000  61.323  11.380  -28.343 0.0000000000
104001  60.395  11.522  -28.192 0.0000000000
104002  59.432  11.094  -28.147 0.0000000000
104003  58.962  10.839  -28.026 0.0000000000
104004  52.906  11.683  -28.138 0.0000000000
104005  52.506  11.136  -28.588 0.0000000000
104018  52.857  11.938  -29.107 0.0000000000
104019  52.404  11.312  -29.527 0.0000000000
104035  52.808  12.242  -30.142 0.0000000000
104036  52.215  11.445  -30.416 0.0000000000
104049  52.450  12.137  -30.874 0.0000000000
104050  51.878  11.675  -31.306 0.0000000000
104051  51.411  11.146  -31.532 0.0000000000
104063  51.657  12.220  -31.839 0.0000000000
104064  51.159  11.609  -31.963 0.0000000000
104065  50.239  11.625  -32.483 0.0000000000
104066  49.682  11.238  -32.583 0.0000000000
104076  49.902  12.225  -32.795 0.0000000000
104077  49.281  11.777  -32.857 0.0000000000
104078  48.158  11.763  -33.239 0.0000000000
104079  46.947  11.741  -33.782 0.0000000000
104080  46.285  11.231  -33.940 0.0000000000
104096  46.546  12.250  -34.351 0.0000000000
104097  45.854  11.680  -34.640 0.0000000000
105202  54.716  12.352  -24.089 0.0000000000
105203  53.954  12.249  -24.963 0.0000000000
105204  53.728  11.676  -25.186 0.0000000000
105216  53.787  12.620  -26.005 0.0000000000
105217  53.603  11.889  -25.669 0.0000000000
105229  53.757  12.719  -26.526 0.0000000000
105230  53.475  12.229  -26.611 0.0000000000
105235  61.784  11.807  -27.468 0.0000000000
105236  61.264  11.972  -27.669 0.0000000000
105237  60.455  12.169  -27.562 0.0000000000
105238  59.972  12.420  -27.248 0.0000000000
105239  53.308  12.289  -27.654 0.0000000000
105244  60.975  11.714  -28.091 0.0000000000
105245  60.796  11.859  -27.920 0.0000000000
105246  53.293  12.473  -28.631 0.0000000000
105257  53.694  13.401  -29.671 0.0000000000
105258  53.295  12.725  -29.506 0.0000000000
105273  53.688  13.632  -30.064 0.0000000000
105274  53.375  13.252  -30.255 0.0000000000
105288  52.875  12.979  -31.062 0.0000000000
105289  52.358  12.408  -31.262 0.0000000000
105305  52.696  13.378  -31.525 0.0000000000
105306  52.200  12.854  -31.708 0.0000000000
105307  51.344  12.771  -32.302 0.0000000000
105308  50.812  12.182  -32.382 0.0000000000
105326  50.978  13.229  -32.664 0.0000000000
105327  50.459  12.760  -32.730 0.0000000000
105328  49.582  12.777  -33.068 0.0000000000
105329  48.717  12.653  -33.347 0.0000000000
105330  47.820  12.657  -33.741 0.0000000000
105339  47.056  12.792  -34.271 0.0000000000
106503  54.466  13.208  -24.660 0.0000000000
106514  54.160  13.265  -25.641 0.0000000000
106526  54.013  13.235  -26.712 0.0000000000
106527  53.740  12.767  -26.780 0.0000000000
106533  54.047  13.398  -27.600 0.0000000000
106534  53.711  12.850  -27.268 0.0000000000
106540  54.198  13.734  -28.213 0.0000000000
106541  53.753  13.087  -28.225 0.0000000000
106550  54.090  13.724  -29.050 0.0000000000
106551  53.636  13.081  -29.043 0.0000000000
106566  54.032  13.994  -29.927 0.0000000000
106567  53.683  13.843  -30.309 0.0000000000
106580  53.902  14.303  -30.412 0.0000000000
106615  51.312  13.738  -32.606 0.0000000000
106616  50.704  13.717  -32.856 0.0000000000
106617  49.991  13.655  -33.121 0.0000000000
106618  49.072  13.666  -33.441 0.0000000000
106619  48.338  13.333  -33.683 0.0000000000
107811  54.494  14.068  -26.342 0.0000000000
107818  54.886  14.901  -26.972 0.0000000000
107819  54.411  14.135  -27.504 0.0000000000
107824  54.887  15.091  -28.029 0.0000000000
107825  54.497  14.409  -28.569 0.0000000000
107830  54.905  15.227  -29.002 0.0000000000
107831  54.459  14.556  -29.458 0.0000000000
107844  54.782  15.325  -29.821 0.0000000000
107845  54.334  14.725  -30.177 0.0000000000
109114  55.831  16.367  -28.730 0.0000000000
109121  55.803  16.447  -29.084 0.0000000000
109122  55.288  15.973  -29.438 0.0000000000
109135  55.710  16.651  -29.793 0.0000000000
110352  56.279  17.052  -29.349 0.0000000000
106581  53.479  13.987  -30.801 0.0000000000
106593  53.038  13.903  -31.389 0.0000000000
107861  54.034  14.936  -30.774 0.0000000000
107862  53.499  14.686  -31.292 0.0000000000
