#!ascii label  , from subject colin27 vox2ras=TkReg coords=white
71
128674  3.030  31.876  -23.671 0.0000000000
129748  2.178  32.391  -22.367 0.0000000000
129752  3.195  32.414  -23.942 0.0000000000
129753  2.779  32.691  -23.309 0.0000000000
129756  3.543  32.566  -24.477 0.0000000000
129760  4.341  32.282  -25.797 0.0000000000
129761  3.984  32.667  -25.175 0.0000000000
129766  4.682  32.446  -26.398 0.0000000000
129772  5.101  32.611  -27.106 0.0000000000
130786  2.295  33.574  -22.726 0.0000000000
130790  3.230  33.405  -23.974 0.0000000000
130791  2.787  33.734  -23.358 0.0000000000
130794  3.703  33.485  -24.679 0.0000000000
130801  4.415  33.342  -25.838 0.0000000000
130802  4.039  33.630  -25.195 0.0000000000
130808  5.162  33.963  -26.938 0.0000000000
130809  4.870  33.369  -26.602 0.0000000000
130815  5.129  33.342  -27.035 0.0000000000
131882  3.040  36.598  -23.360 0.0000000000
131883  2.747  36.595  -23.053 0.0000000000
131890  3.919  34.826  -24.841 0.0000000000
131891  3.553  34.476  -24.358 0.0000000000
131900  4.838  36.315  -25.874 0.0000000000
131901  3.888  34.179  -24.887 0.0000000000
131905  5.519  35.839  -27.076 0.0000000000
131906  5.185  36.192  -26.446 0.0000000000
131909  6.128  35.049  -28.324 0.0000000000
131910  5.872  35.471  -27.819 0.0000000000
132839  3.363  36.803  -23.744 0.0000000000
132840  2.972  36.815  -23.295 0.0000000000
132850  4.536  36.657  -25.374 0.0000000000
132851  3.971  36.926  -24.534 0.0000000000
132859  4.878  36.548  -25.905 0.0000000000
132863  5.528  36.084  -27.043 0.0000000000
132864  5.215  36.428  -26.460 0.0000000000
132868  6.137  35.419  -28.282 0.0000000000
132869  5.875  36.033  -27.732 0.0000000000
133824  3.479  37.149  -23.882 0.0000000000
133825  3.048  37.239  -23.345 0.0000000000
133835  4.490  37.060  -25.265 0.0000000000
133836  3.984  37.262  -24.527 0.0000000000
133840  5.211  37.182  -26.461 0.0000000000
133841  5.047  36.925  -26.146 0.0000000000
133845  5.487  36.783  -26.929 0.0000000000
133846  5.247  36.672  -26.486 0.0000000000
133850  6.214  35.946  -28.376 0.0000000000
133851  6.063  36.707  -28.103 0.0000000000
133854  6.425  36.306  -29.062 0.0000000000
133855  6.252  36.891  -28.704 0.0000000000
134845  3.337  37.802  -23.621 0.0000000000
134853  4.187  37.818  -24.884 0.0000000000
134854  3.743  37.623  -24.218 0.0000000000
134857  5.033  37.417  -26.211 0.0000000000
134858  4.724  37.640  -25.721 0.0000000000
134861  5.237  37.737  -26.677 0.0000000000
134862  4.956  37.765  -26.162 0.0000000000
134867  5.721  37.578  -27.608 0.0000000000
134874  6.306  37.050  -29.131 0.0000000000
134875  6.096  37.530  -28.608 0.0000000000
135799  4.102  38.733  -24.928 0.0000000000
135800  3.754  38.322  -24.261 0.0000000000
135807  4.467  38.350  -25.436 0.0000000000
135815  5.109  38.567  -26.780 0.0000000000
135816  4.825  38.369  -26.130 0.0000000000
135825  5.409  38.388  -27.371 0.0000000000
135835  5.697  38.354  -28.210 0.0000000000
136798  4.395  39.295  -25.669 0.0000000000
136808  5.163  39.028  -27.218 0.0000000000
136809  4.807  39.347  -26.638 0.0000000000
136818  5.291  39.058  -27.918 0.0000000000
136819  4.976  39.733  -27.537 0.0000000000
