#!ascii label, from subject  
231
72503 58.583942 -11.039366 -4.297943 0.000000
72525 59.290817 -11.345574 -4.795642 0.000000
72541 60.335995 -11.152158 -6.780294 0.000000
72542 59.743755 -11.280622 -5.703872 0.000000
72560 60.623817 -11.146945 -7.316114 0.000000
73878 58.107330 -10.008709 -3.535327 0.000000
73879 57.086502 -10.154998 -3.231701 0.000000
73880 55.690823 -9.979465 -3.060842 0.000000
73881 54.498249 -9.917860 -3.373001 0.000000
73882 53.536575 -9.960773 -4.004596 0.000000
73883 52.701221 -10.063329 -4.635876 0.000000
73894 60.046803 -10.874660 -5.104155 0.000000
73895 59.145370 -10.759740 -4.461194 0.000000
73896 58.148426 -10.607021 -3.860956 0.000000
73916 60.388985 -10.940480 -5.778122 0.000000
73917 59.843002 -11.086726 -5.301145 0.000000
73930 61.062950 -10.738691 -7.564945 0.000000
73931 60.790230 -11.070900 -6.703641 0.000000
73932 60.263081 -11.023515 -6.009004 0.000000
73948 61.520695 -10.610164 -8.062990 0.000000
73949 60.880219 -10.951921 -7.572745 0.000000
75304 59.190231 -9.350266 -3.711290 0.000000
75305 58.222042 -9.228647 -3.132490 0.000000
75306 57.165489 -9.189501 -2.947631 0.000000
75307 55.946877 -9.107289 -3.004572 0.000000
75308 54.740959 -9.045288 -3.392523 0.000000
75309 53.719524 -9.123251 -3.861998 0.000000
75310 52.905964 -9.203926 -4.411125 0.000000
75316 60.797352 -10.386692 -5.267864 0.000000
75317 60.057930 -10.390141 -4.525299 0.000000
75318 58.906769 -9.951033 -3.911544 0.000000
75319 52.104935 -9.424241 -4.958246 0.000000
75320 51.254440 -8.892108 -5.282714 0.000000
75331 61.818409 -10.465672 -6.747510 0.000000
75332 61.184036 -10.473619 -6.071357 0.000000
75333 60.523773 -10.712033 -5.491326 0.000000
75343 61.842056 -10.179689 -7.597104 0.000000
75344 61.323814 -10.766294 -6.960234 0.000000
75345 60.781124 -10.844885 -6.208807 0.000000
75355 61.473511 -10.441751 -7.806215 0.000000
76585 61.496895 -9.104522 -4.715108 0.000000
76586 60.495720 -8.850944 -4.128803 0.000000
76587 59.568260 -8.598197 -3.415617 0.000000
76588 58.553036 -8.464827 -3.107086 0.000000
76589 57.448711 -8.334255 -3.034092 0.000000
76590 56.277870 -8.216322 -3.108593 0.000000
76591 55.071762 -8.149523 -3.482022 0.000000
76592 53.759659 -8.089081 -4.169773 0.000000
76593 53.187336 -8.626716 -4.351487 0.000000
76599 62.774384 -9.587031 -5.822909 0.000000
76600 61.906658 -9.818632 -5.286010 0.000000
76601 60.918530 -9.867968 -4.771097 0.000000
76602 59.996155 -9.408017 -4.170428 0.000000
76603 53.039249 -7.453030 -4.700033 0.000000
76604 52.315842 -8.087184 -4.870432 0.000000
76605 50.820499 -7.755246 -5.506668 0.000000
76615 62.021770 -9.974302 -6.193968 0.000000
76616 61.331047 -10.067445 -5.522315 0.000000
77867 62.856358 -8.275519 -4.848148 0.000000
77868 62.246941 -8.424292 -4.648764 0.000000
77869 61.113850 -8.144085 -4.093875 0.000000
77870 60.088890 -7.893688 -3.470317 0.000000
77871 59.021355 -7.692065 -3.104594 0.000000
77872 57.874363 -7.535229 -3.121620 0.000000
77873 56.739082 -7.414057 -3.344657 0.000000
77874 55.523670 -7.213509 -3.916178 0.000000
77875 54.485603 -7.390830 -4.136829 0.000000
77887 63.346355 -8.681527 -5.389548 0.000000
77888 62.407745 -9.268445 -5.123113 0.000000
77889 54.596363 -6.644898 -4.552649 0.000000
77890 53.622421 -6.856602 -4.745520 0.000000
77891 52.565525 -6.813425 -5.160131 0.000000
77892 51.407120 -6.654234 -5.657507 0.000000
77893 50.248859 -6.794431 -5.991815 0.000000
77905 50.607658 -6.035104 -6.306961 0.000000
79226 63.104862 -8.059495 -4.941291 0.000000
79227 62.650658 -7.726609 -4.632614 0.000000
79228 61.762321 -7.435360 -4.135728 0.000000
79229 60.681374 -7.153474 -3.697293 0.000000
79230 59.533901 -6.937362 -3.487323 0.000000
79231 58.337021 -6.751113 -3.564546 0.000000
79232 57.206718 -6.646688 -3.746489 0.000000
79233 56.261478 -6.648092 -4.077943 0.000000
79244 63.548660 -7.376400 -5.001763 0.000000
79245 62.409794 -6.750708 -4.477234 0.000000
79246 61.258656 -6.418231 -4.239327 0.000000
79247 60.060623 -6.156413 -4.125321 0.000000
79248 58.847080 -5.943405 -4.123955 0.000000
79249 57.660419 -5.800589 -4.244809 0.000000
79250 56.536736 -5.819808 -4.492371 0.000000
79251 55.370304 -6.019790 -4.715954 0.000000
79252 54.079250 -5.729152 -5.216307 0.000000
79253 53.002716 -5.949444 -5.442187 0.000000
79254 52.120426 -5.931923 -5.670817 0.000000
79266 53.290478 -5.200485 -5.837707 0.000000
79267 52.458755 -5.212156 -6.043910 0.000000
79268 51.368416 -5.274035 -6.409426 0.000000
79269 50.357971 -5.448701 -6.995130 0.000000
79282 50.830292 -4.871307 -7.397922 0.000000
80593 64.236748 -6.327353 -5.358489 0.000000
80594 63.143353 -6.013844 -4.893685 0.000000
80595 61.926311 -5.677004 -4.762543 0.000000
80596 60.690514 -5.399819 -4.753789 0.000000
80597 59.446140 -5.181544 -4.812789 0.000000
80598 58.215683 -5.065349 -4.938360 0.000000
80599 57.024006 -5.036270 -5.114673 0.000000
80600 55.871475 -5.057347 -5.295116 0.000000
80601 54.879604 -5.113211 -5.471980 0.000000
80615 63.731884 -5.278395 -5.560822 0.000000
80616 62.549923 -5.060515 -5.533812 0.000000
80617 61.316154 -4.853960 -5.628223 0.000000
80618 60.077942 -4.743955 -5.779850 0.000000
80619 58.842525 -4.634714 -5.898341 0.000000
80620 57.617374 -4.532409 -6.004685 0.000000
80621 56.420887 -4.451160 -6.107352 0.000000
80622 55.205086 -4.407003 -6.269740 0.000000
80623 54.042725 -4.663322 -6.116173 0.000000
80624 53.015327 -4.604511 -6.514402 0.000000
80625 52.175591 -4.627255 -6.720603 0.000000
80636 54.450058 -4.102663 -6.866796 0.000000
80637 53.644432 -4.063031 -7.088733 0.000000
80638 52.662670 -4.113978 -7.478628 0.000000
80639 51.610245 -4.408998 -7.533844 0.000000
80654 52.135227 -3.939670 -8.191886 0.000000
81950 64.151237 -4.483087 -6.293096 0.000000
81951 63.032768 -4.526338 -6.390980 0.000000
81952 61.876575 -4.421146 -6.656139 0.000000
81953 60.682175 -4.433169 -6.929140 0.000000
81954 59.500702 -4.439095 -7.076931 0.000000
81955 58.275646 -4.327288 -7.155308 0.000000
81956 57.053215 -4.147464 -7.149681 0.000000
81957 55.919643 -4.040019 -7.150844 0.000000
81958 55.062199 -3.944095 -7.212558 0.000000
81968 63.275963 -4.017522 -6.834114 0.000000
81969 62.339806 -3.941467 -7.322766 0.000000
81970 61.163452 -3.956214 -7.897667 0.000000
81971 60.107590 -4.126100 -8.052732 0.000000
81972 58.993546 -4.034564 -8.174689 0.000000
81973 57.713314 -3.809365 -8.303067 0.000000
81974 56.468731 -3.716912 -8.059450 0.000000
81975 55.409489 -3.607927 -7.997320 0.000000
81976 54.419094 -3.690894 -7.752149 0.000000
81977 53.467052 -3.718070 -8.051445 0.000000
81978 52.745255 -3.736366 -8.340775 0.000000
81989 60.512299 -3.730932 -8.601956 0.000000
81990 59.711235 -3.697183 -8.912121 0.000000
81991 58.626904 -3.521571 -9.088588 0.000000
81992 57.738503 -3.314647 -9.194982 0.000000
81993 54.865059 -3.373452 -8.429789 0.000000
81994 54.148258 -3.283498 -8.600741 0.000000
81995 53.221817 -3.322105 -8.827674 0.000000
81996 52.274677 -3.536178 -9.027806 0.000000
83320 64.553658 -3.596626 -6.671261 0.000000
83321 63.770958 -3.867910 -6.813111 0.000000
83332 63.847782 -3.053640 -7.007057 0.000000
83333 63.080334 -3.333842 -7.270220 0.000000
83334 61.610600 -3.264646 -8.319616 0.000000
83335 60.972206 -3.557935 -8.584817 0.000000
83336 56.881474 -3.282368 -8.872060 0.000000
83337 55.902222 -3.204194 -8.613320 0.000000
83338 55.306923 -3.271555 -8.546317 0.000000
83350 61.229927 -2.887541 -8.894957 0.000000
83351 60.573517 -3.116955 -9.069512 0.000000
83352 59.331421 -2.997006 -9.601877 0.000000
83353 58.234184 -2.884526 -9.726821 0.000000
83354 57.261982 -2.762093 -9.509489 0.000000
83355 56.260616 -2.692852 -9.208701 0.000000
83356 55.074585 -2.820839 -8.967618 0.000000
83357 53.870628 -2.646655 -9.304026 0.000000
83358 52.866695 -2.944209 -9.446430 0.000000
83359 52.348289 -3.146064 -9.572852 0.000000
83369 53.798229 -2.222037 -9.670860 0.000000
83370 53.296101 -2.354780 -9.825009 0.000000
84717 65.607628 -2.750025 -6.613419 0.000000
84718 64.411552 -2.642398 -6.872888 0.000000
84729 63.503887 -2.522048 -7.291787 0.000000
84730 62.273109 -2.358401 -8.170073 0.000000
84731 61.538071 -2.735904 -8.698435 0.000000
84741 61.756126 -1.770312 -8.687834 0.000000
84742 61.157703 -2.235535 -9.087278 0.000000
84743 59.962421 -2.200883 -9.776300 0.000000
84744 58.734879 -2.069175 -10.156913 0.000000
84745 57.679672 -2.209410 -10.028419 0.000000
84746 56.698551 -2.141427 -9.742567 0.000000
84747 55.648914 -2.137160 -9.546404 0.000000
84748 54.616272 -2.168984 -9.536323 0.000000
84749 54.058971 -2.180998 -9.607235 0.000000
84757 58.488613 -1.585925 -10.336964 0.000000
84758 58.008865 -1.601056 -10.317362 0.000000
84759 57.123886 -1.536666 -10.113313 0.000000
84760 56.132294 -1.474554 -9.913952 0.000000
84761 55.093067 -1.463894 -9.790614 0.000000
84762 53.984043 -1.677532 -9.895205 0.000000
86122 66.518829 -1.653132 -6.281136 0.000000
86123 64.968483 -1.643909 -6.642846 0.000000
86124 64.062294 -2.076659 -6.981270 0.000000
86137 64.478310 -0.930600 -6.850573 0.000000
86138 63.518547 -1.405207 -7.323922 0.000000
86139 62.259357 -1.187719 -8.277595 0.000000
86148 61.393776 -1.155790 -9.025146 0.000000
86149 60.476429 -1.243370 -9.684696 0.000000
86150 59.298481 -1.170418 -10.224757 0.000000
86151 58.744045 -1.504972 -10.326775 0.000000
86160 58.746716 -0.652251 -10.391188 0.000000
86161 58.433029 -1.105843 -10.398617 0.000000
86162 57.564350 -0.894565 -10.313271 0.000000
86163 56.592731 -0.779744 -10.179328 0.000000
86164 55.606209 -0.724131 -10.085442 0.000000
86165 54.620090 -0.706852 -10.156842 0.000000
87538 66.260994 -0.917157 -6.301808 0.000000
87539 65.834305 -1.160999 -6.386868 0.000000
87555 64.082748 -0.265233 -7.229626 0.000000
87556 63.060989 -0.269989 -7.959707 0.000000
87566 61.956360 -0.138281 -8.796430 0.000000
87567 60.956261 -0.258757 -9.567390 0.000000
87568 60.058361 -0.266753 -10.064535 0.000000
87579 59.101902 -0.095175 -10.332736 0.000000
87580 58.129631 -0.194550 -10.394107 0.000000
87581 57.070705 -0.049873 -10.337275 0.000000
87582 56.058502 0.043753 -10.327282 0.000000
87583 55.198750 -0.065534 -10.408790 0.000000
89045 63.666943 0.378656 -7.760942 0.000000
89061 60.568024 0.336662 -9.952820 0.000000
89074 59.897217 0.937589 -10.307111 0.000000
89075 58.474545 0.841971 -10.407948 0.000000
89076 57.530052 0.652210 -10.385664 0.000000
89077 56.595600 0.884427 -10.488800 0.000000
89078 55.363869 0.892159 -10.756520 0.000000
89079 54.649605 0.751865 -10.877936 0.000000
89091 55.171757 1.446434 -11.037753 0.000000
90527 55.494404 1.585992 -10.985841 0.000000
