#!ascii label  , from subject colin27 vox2ras=TkReg coords=white
619
29489  43.231  -44.854  -36.184 0.0000000000
29490  42.862  -45.180  -35.960 0.0000000000
29494  43.354  -44.899  -36.521 0.0000000000
29495  43.043  -45.496  -36.830 0.0000000000
29501  43.413  -44.872  -37.234 0.0000000000
29502  42.855  -45.312  -37.628 0.0000000000
29503  42.074  -45.495  -37.887 0.0000000000
29504  41.110  -45.607  -37.838 0.0000000000
29505  40.006  -45.666  -37.706 0.0000000000
29506  38.757  -45.604  -37.464 0.0000000000
29508  43.318  -44.681  -37.764 0.0000000000
29509  43.021  -44.683  -38.072 0.0000000000
30698  42.214  -44.593  -35.165 0.0000000000
30708  43.258  -44.373  -36.112 0.0000000000
30709  42.860  -44.510  -35.610 0.0000000000
30718  43.557  -44.256  -36.885 0.0000000000
30719  38.812  -44.157  -37.166 0.0000000000
30728  43.568  -44.166  -37.578 0.0000000000
30729  42.465  -44.788  -38.106 0.0000000000
30730  41.576  -44.510  -38.123 0.0000000000
30731  40.379  -44.674  -37.865 0.0000000000
30732  39.367  -44.759  -37.528 0.0000000000
30733  38.743  -44.791  -37.347 0.0000000000
30734  43.290  -44.123  -38.082 0.0000000000
30735  42.725  -44.162  -38.243 0.0000000000
30736  42.245  -44.274  -38.239 0.0000000000
31899  40.113  -43.602  -33.118 0.0000000000
31900  39.631  -43.502  -32.630 0.0000000000
31915  41.173  -43.557  -33.890 0.0000000000
31916  40.712  -43.688  -33.594 0.0000000000
31928  42.209  -43.872  -34.896 0.0000000000
31929  41.553  -43.783  -34.306 0.0000000000
31943  43.202  -43.706  -36.023 0.0000000000
31944  42.752  -43.764  -35.451 0.0000000000
31954  43.417  -43.585  -36.556 0.0000000000
31955  38.875  -43.580  -37.039 0.0000000000
31964  43.626  -43.439  -37.295 0.0000000000
31965  41.391  -43.736  -38.223 0.0000000000
31966  40.705  -43.745  -38.028 0.0000000000
31967  39.576  -43.668  -37.494 0.0000000000
31973  43.550  -43.403  -37.987 0.0000000000
31974  42.987  -43.415  -38.352 0.0000000000
31975  42.076  -43.542  -38.367 0.0000000000
33086  40.202  -43.151  -33.037 0.0000000000
33087  39.720  -42.455  -32.560 0.0000000000
33104  41.166  -43.215  -33.890 0.0000000000
33105  40.616  -42.515  -33.513 0.0000000000
33106  40.028  -41.776  -33.090 0.0000000000
33120  42.116  -43.324  -34.866 0.0000000000
33121  41.524  -42.583  -34.446 0.0000000000
33122  40.931  -41.827  -34.100 0.0000000000
33132  43.055  -43.069  -36.094 0.0000000000
33133  42.371  -42.628  -35.411 0.0000000000
33134  41.811  -41.911  -35.140 0.0000000000
33141  43.477  -42.564  -36.892 0.0000000000
33142  38.952  -43.045  -36.931 0.0000000000
33147  43.691  -42.539  -37.770 0.0000000000
33148  41.166  -43.096  -38.256 0.0000000000
33149  40.222  -42.726  -37.869 0.0000000000
33150  39.451  -42.683  -37.323 0.0000000000
33156  43.332  -42.550  -38.390 0.0000000000
33157  42.606  -42.562  -38.660 0.0000000000
33158  41.685  -42.449  -38.569 0.0000000000
33159  40.895  -42.329  -38.312 0.0000000000
34215  39.574  -41.435  -32.529 0.0000000000
34239  40.396  -41.465  -33.666 0.0000000000
34240  39.817  -40.988  -33.217 0.0000000000
34256  41.288  -41.537  -34.706 0.0000000000
34257  40.673  -41.079  -34.344 0.0000000000
34265  42.906  -42.110  -36.232 0.0000000000
34266  42.276  -41.622  -35.747 0.0000000000
34267  41.625  -41.145  -35.386 0.0000000000
34275  43.316  -41.583  -36.821 0.0000000000
34276  38.994  -42.300  -36.929 0.0000000000
34281  43.673  -41.569  -37.507 0.0000000000
34282  40.329  -41.867  -38.141 0.0000000000
34283  39.452  -41.689  -37.526 0.0000000000
34284  38.755  -40.896  -37.268 0.0000000000
34288  43.630  -41.583  -38.328 0.0000000000
34289  43.103  -41.654  -38.931 0.0000000000
34290  42.171  -41.614  -38.997 0.0000000000
34291  41.066  -41.486  -38.640 0.0000000000
35462  40.121  -40.652  -33.918 0.0000000000
35463  39.554  -40.058  -33.524 0.0000000000
35479  40.999  -40.742  -35.011 0.0000000000
35480  40.361  -40.178  -34.660 0.0000000000
35481  39.932  -40.087  -34.116 0.0000000000
35495  42.769  -41.153  -36.396 0.0000000000
35496  42.095  -40.777  -35.962 0.0000000000
35497  41.380  -40.209  -35.686 0.0000000000
35498  40.800  -40.195  -35.214 0.0000000000
35508  43.368  -40.502  -37.109 0.0000000000
35509  42.542  -40.291  -36.433 0.0000000000
35510  41.975  -40.217  -36.119 0.0000000000
35517  43.808  -40.572  -38.068 0.0000000000
35518  40.089  -41.070  -38.233 0.0000000000
35519  39.247  -40.457  -37.973 0.0000000000
35520  38.391  -40.212  -37.426 0.0000000000
35526  43.485  -40.460  -38.994 0.0000000000
35527  42.686  -40.790  -39.277 0.0000000000
35528  41.716  -40.499  -39.226 0.0000000000
35529  40.565  -40.492  -38.750 0.0000000000
35530  39.873  -40.435  -38.410 0.0000000000
35536  43.313  -39.808  -39.349 0.0000000000
35537  42.911  -40.061  -39.473 0.0000000000
35538  42.390  -40.239  -39.436 0.0000000000
36718  38.951  -39.646  -32.964 0.0000000000
36719  38.483  -39.214  -32.637 0.0000000000
36727  39.021  -39.118  -33.577 0.0000000000
36728  38.707  -39.105  -33.117 0.0000000000
36742  40.161  -39.591  -34.883 0.0000000000
36743  39.703  -39.416  -34.368 0.0000000000
36757  41.205  -39.366  -35.897 0.0000000000
36758  40.616  -39.542  -35.381 0.0000000000
36759  40.049  -39.149  -35.073 0.0000000000
36770  43.400  -39.636  -37.264 0.0000000000
36771  42.908  -39.569  -36.830 0.0000000000
36772  41.952  -39.551  -36.309 0.0000000000
36779  43.749  -39.619  -37.745 0.0000000000
36780  39.182  -39.945  -38.217 0.0000000000
36781  38.703  -39.665  -38.013 0.0000000000
36787  43.873  -39.551  -38.580 0.0000000000
36788  41.620  -39.935  -39.396 0.0000000000
36789  41.020  -39.730  -39.254 0.0000000000
36790  39.657  -39.679  -38.632 0.0000000000
36791  38.841  -38.966  -38.436 0.0000000000
36797  43.608  -39.390  -39.243 0.0000000000
36798  43.129  -39.350  -39.671 0.0000000000
36799  42.076  -39.547  -39.626 0.0000000000
36800  41.177  -38.982  -39.628 0.0000000000
38033  37.882  -38.999  -31.877 0.0000000000
38042  37.972  -38.840  -32.284 0.0000000000
38043  37.590  -38.127  -32.450 0.0000000000
38054  38.796  -38.680  -33.673 0.0000000000
38055  38.337  -38.419  -33.312 0.0000000000
38056  37.678  -37.779  -32.995 0.0000000000
38070  39.011  -38.484  -34.142 0.0000000000
38071  38.616  -38.037  -33.972 0.0000000000
38080  40.855  -38.986  -35.801 0.0000000000
38081  40.352  -38.506  -35.645 0.0000000000
38082  39.601  -38.558  -34.939 0.0000000000
38091  43.381  -38.832  -37.339 0.0000000000
38092  42.446  -38.641  -36.792 0.0000000000
38093  41.297  -38.504  -36.263 0.0000000000
38094  40.708  -38.005  -36.136 0.0000000000
38103  43.901  -38.570  -38.171 0.0000000000
38104  38.118  -38.818  -38.003 0.0000000000
38105  37.292  -38.292  -37.710 0.0000000000
38112  43.950  -38.588  -39.021 0.0000000000
38113  40.349  -38.879  -39.282 0.0000000000
38114  39.417  -38.348  -38.986 0.0000000000
38115  38.426  -38.247  -38.446 0.0000000000
38116  37.861  -38.222  -38.112 0.0000000000
38122  43.509  -38.538  -39.594 0.0000000000
38123  42.740  -38.511  -39.891 0.0000000000
38124  41.743  -38.382  -39.881 0.0000000000
38125  40.759  -38.244  -39.684 0.0000000000
38126  40.116  -38.247  -39.407 0.0000000000
39423  37.089  -37.648  -31.847 0.0000000000
39424  36.724  -36.967  -31.463 0.0000000000
39434  37.170  -37.180  -32.636 0.0000000000
39435  36.820  -37.070  -32.073 0.0000000000
39448  38.325  -37.679  -33.904 0.0000000000
39449  37.741  -37.281  -33.501 0.0000000000
39464  39.204  -38.056  -34.781 0.0000000000
39465  38.772  -37.541  -34.541 0.0000000000
39466  38.176  -37.069  -34.171 0.0000000000
39474  40.331  -37.635  -35.979 0.0000000000
39475  39.562  -37.551  -35.401 0.0000000000
39476  38.992  -36.807  -35.134 0.0000000000
39481  43.596  -38.016  -37.698 0.0000000000
39482  42.990  -37.830  -37.245 0.0000000000
39483  42.025  -37.583  -36.850 0.0000000000
39484  41.029  -37.292  -36.379 0.0000000000
39492  43.860  -37.671  -38.117 0.0000000000
39493  37.240  -37.765  -37.870 0.0000000000
39494  36.794  -37.483  -37.635 0.0000000000
39502  43.987  -37.706  -38.716 0.0000000000
39503  39.342  -37.630  -39.138 0.0000000000
39504  38.758  -37.568  -38.809 0.0000000000
39505  37.689  -37.476  -38.213 0.0000000000
39506  37.013  -36.757  -37.907 0.0000000000
39512  43.775  -37.694  -39.387 0.0000000000
39513  43.214  -37.638  -39.836 0.0000000000
39514  42.334  -37.524  -39.988 0.0000000000
39515  41.250  -37.419  -39.912 0.0000000000
39516  40.027  -37.466  -39.497 0.0000000000
40745  36.966  -36.638  -32.680 0.0000000000
40746  36.674  -36.303  -32.239 0.0000000000
40760  37.108  -36.394  -33.143 0.0000000000
40761  36.767  -35.609  -32.917 0.0000000000
40773  38.422  -36.530  -34.709 0.0000000000
40774  37.700  -36.234  -34.117 0.0000000000
40780  40.200  -36.748  -36.077 0.0000000000
40781  39.479  -36.345  -35.640 0.0000000000
40782  38.843  -36.004  -35.239 0.0000000000
40786  43.469  -37.218  -37.724 0.0000000000
40787  42.687  -36.781  -37.320 0.0000000000
40788  41.767  -36.441  -36.835 0.0000000000
40789  40.918  -36.136  -36.437 0.0000000000
40797  43.794  -36.931  -38.352 0.0000000000
40798  36.282  -36.552  -37.556 0.0000000000
40799  35.507  -36.222  -37.152 0.0000000000
40809  43.798  -36.876  -39.068 0.0000000000
40810  39.223  -37.105  -39.167 0.0000000000
40811  38.543  -36.540  -38.805 0.0000000000
40812  37.542  -36.243  -38.296 0.0000000000
40813  36.770  -35.955  -37.880 0.0000000000
40820  43.448  -36.892  -39.607 0.0000000000
40821  42.838  -36.741  -39.876 0.0000000000
40822  41.876  -36.514  -39.927 0.0000000000
40823  40.715  -36.406  -39.777 0.0000000000
40824  39.559  -36.277  -39.353 0.0000000000
40825  38.896  -35.741  -39.026 0.0000000000
42098  36.542  -35.123  -32.331 0.0000000000
42111  37.189  -35.325  -33.647 0.0000000000
42112  36.758  -34.815  -33.023 0.0000000000
42124  38.289  -35.405  -34.797 0.0000000000
42125  37.672  -35.374  -34.246 0.0000000000
42131  40.190  -35.467  -36.093 0.0000000000
42132  39.311  -35.439  -35.559 0.0000000000
42133  38.834  -35.430  -35.243 0.0000000000
42139  43.290  -36.247  -37.877 0.0000000000
42140  42.369  -35.467  -37.352 0.0000000000
42141  41.453  -35.463  -36.699 0.0000000000
42142  40.889  -35.440  -36.402 0.0000000000
42155  43.508  -36.106  -38.643 0.0000000000
42156  43.086  -35.304  -38.159 0.0000000000
42157  36.032  -35.400  -37.537 0.0000000000
42158  35.178  -35.320  -37.110 0.0000000000
42168  43.326  -36.190  -39.312 0.0000000000
42169  42.988  -35.400  -38.913 0.0000000000
42170  38.194  -35.299  -38.657 0.0000000000
42171  37.174  -35.319  -38.135 0.0000000000
42172  36.622  -35.336  -37.829 0.0000000000
42176  43.105  -36.369  -39.649 0.0000000000
42177  42.507  -35.696  -39.584 0.0000000000
42178  41.304  -35.458  -39.792 0.0000000000
42179  40.216  -35.377  -39.591 0.0000000000
42180  39.344  -35.297  -39.252 0.0000000000
42181  38.842  -35.258  -38.972 0.0000000000
43423  36.938  -33.896  -32.938 0.0000000000
43424  36.687  -34.265  -32.489 0.0000000000
43435  37.168  -34.281  -33.444 0.0000000000
43436  36.826  -34.303  -33.003 0.0000000000
43448  39.248  -34.207  -35.207 0.0000000000
43449  38.610  -34.275  -34.788 0.0000000000
43450  37.751  -34.520  -34.190 0.0000000000
43454  40.342  -34.443  -36.023 0.0000000000
43455  39.682  -34.534  -35.641 0.0000000000
43456  38.953  -34.866  -35.275 0.0000000000
43462  42.062  -34.515  -37.316 0.0000000000
43463  41.651  -34.648  -36.886 0.0000000000
43464  40.957  -34.732  -36.359 0.0000000000
43476  42.519  -34.554  -37.796 0.0000000000
43477  35.992  -34.692  -37.567 0.0000000000
43478  35.489  -34.393  -37.347 0.0000000000
43484  42.661  -34.639  -38.498 0.0000000000
43485  38.226  -34.153  -38.709 0.0000000000
43486  37.430  -34.392  -38.334 0.0000000000
43487  36.492  -34.595  -37.840 0.0000000000
43488  35.972  -34.346  -37.593 0.0000000000
43493  42.359  -34.656  -39.036 0.0000000000
43494  41.617  -34.532  -39.442 0.0000000000
43495  40.629  -34.435  -39.610 0.0000000000
43496  39.650  -34.455  -39.370 0.0000000000
43497  38.866  -34.669  -38.998 0.0000000000
44646  36.679  -33.946  -32.052 0.0000000000
44657  37.965  -32.936  -33.453 0.0000000000
44658  37.475  -33.362  -33.232 0.0000000000
44673  39.823  -33.259  -35.131 0.0000000000
44674  39.344  -33.467  -34.924 0.0000000000
44675  38.284  -33.307  -34.028 0.0000000000
44676  37.630  -33.847  -33.761 0.0000000000
44682  40.770  -33.341  -36.033 0.0000000000
44683  40.236  -33.512  -35.631 0.0000000000
44684  39.637  -33.923  -35.357 0.0000000000
44697  41.741  -34.148  -37.031 0.0000000000
44698  41.209  -33.656  -36.494 0.0000000000
44699  40.703  -34.073  -36.134 0.0000000000
44710  41.907  -33.840  -37.433 0.0000000000
44711  41.613  -32.943  -37.166 0.0000000000
44712  35.375  -33.468  -37.387 0.0000000000
44713  34.914  -33.635  -37.113 0.0000000000
44718  42.198  -33.984  -38.215 0.0000000000
44719  41.762  -33.191  -37.962 0.0000000000
44720  38.240  -33.569  -38.778 0.0000000000
44721  37.699  -33.437  -38.568 0.0000000000
44722  36.781  -33.516  -38.146 0.0000000000
44723  35.949  -33.697  -37.651 0.0000000000
44732  42.288  -34.204  -38.672 0.0000000000
44733  41.705  -33.634  -38.789 0.0000000000
44734  40.883  -33.486  -39.346 0.0000000000
44735  39.926  -33.458  -39.391 0.0000000000
44736  38.833  -33.533  -39.038 0.0000000000
44737  38.166  -33.151  -38.805 0.0000000000
45904  39.772  -32.788  -34.907 0.0000000000
45905  39.120  -32.575  -34.215 0.0000000000
45906  38.653  -32.637  -33.843 0.0000000000
45919  40.755  -32.881  -36.013 0.0000000000
45920  40.295  -32.354  -35.314 0.0000000000
45932  41.174  -32.568  -36.561 0.0000000000
45933  34.758  -32.448  -36.863 0.0000000000
45939  41.406  -32.251  -37.056 0.0000000000
45940  35.585  -33.065  -37.530 0.0000000000
45941  35.108  -32.605  -37.237 0.0000000000
45942  34.694  -33.153  -36.950 0.0000000000
45946  41.416  -32.377  -37.664 0.0000000000
45947  37.822  -32.846  -38.711 0.0000000000
45948  37.246  -32.426  -38.479 0.0000000000
45949  36.034  -32.549  -37.823 0.0000000000
45950  35.539  -32.145  -37.546 0.0000000000
45959  41.310  -32.555  -38.362 0.0000000000
45960  40.939  -32.568  -38.947 0.0000000000
45961  40.183  -32.471  -39.229 0.0000000000
45962  39.258  -32.443  -39.200 0.0000000000
45963  38.207  -32.370  -38.919 0.0000000000
45964  37.667  -31.863  -38.759 0.0000000000
46998  34.776  -31.350  -34.228 0.0000000000
47019  34.929  -31.346  -34.782 0.0000000000
47035  40.759  -31.899  -35.989 0.0000000000
47036  40.358  -31.445  -35.181 0.0000000000
47037  34.853  -31.660  -35.800 0.0000000000
47046  41.097  -31.829  -36.661 0.0000000000
47047  34.819  -32.019  -36.648 0.0000000000
47048  34.635  -32.376  -36.458 0.0000000000
47052  41.168  -31.712  -37.299 0.0000000000
47053  35.600  -31.205  -37.327 0.0000000000
47054  35.308  -31.640  -37.176 0.0000000000
47060  41.050  -31.670  -38.035 0.0000000000
47061  40.648  -31.281  -38.450 0.0000000000
47062  36.589  -31.504  -38.175 0.0000000000
47063  35.793  -31.533  -37.636 0.0000000000
47064  35.396  -31.963  -37.413 0.0000000000
47073  40.910  -31.895  -38.600 0.0000000000
47074  40.346  -31.485  -38.897 0.0000000000
47075  39.566  -31.437  -39.151 0.0000000000
47076  38.736  -31.395  -39.140 0.0000000000
47077  37.959  -31.307  -38.939 0.0000000000
47078  37.319  -31.366  -38.612 0.0000000000
48140  34.964  -30.850  -33.940 0.0000000000
48141  34.171  -30.798  -33.110 0.0000000000
48142  33.072  -30.696  -32.585 0.0000000000
48143  31.858  -30.590  -32.611 0.0000000000
48162  35.662  -29.970  -35.044 0.0000000000
48163  35.395  -30.426  -34.777 0.0000000000
48179  40.786  -31.451  -36.358 0.0000000000
48180  40.530  -30.793  -35.914 0.0000000000
48181  35.604  -30.180  -35.486 0.0000000000
48182  35.253  -30.886  -35.590 0.0000000000
48187  40.835  -31.221  -36.792 0.0000000000
48188  40.593  -30.433  -36.930 0.0000000000
48189  35.580  -30.438  -36.205 0.0000000000
48190  35.191  -31.212  -36.365 0.0000000000
48194  40.833  -31.046  -37.508 0.0000000000
48195  40.553  -30.293  -37.764 0.0000000000
48196  35.567  -30.833  -36.966 0.0000000000
48197  35.219  -31.435  -36.804 0.0000000000
48206  40.705  -30.925  -38.095 0.0000000000
48207  40.274  -30.342  -38.524 0.0000000000
48208  36.396  -30.531  -37.948 0.0000000000
48209  35.863  -30.846  -37.467 0.0000000000
48219  39.702  -30.398  -39.006 0.0000000000
48220  39.060  -30.399  -39.265 0.0000000000
48221  38.317  -30.407  -39.190 0.0000000000
48222  37.573  -30.459  -38.879 0.0000000000
48223  36.980  -30.686  -38.433 0.0000000000
49295  35.492  -29.307  -33.805 0.0000000000
49296  34.847  -29.711  -33.248 0.0000000000
49297  33.777  -29.637  -32.589 0.0000000000
49298  32.545  -29.538  -32.508 0.0000000000
49299  31.301  -29.507  -32.710 0.0000000000
49315  35.735  -29.554  -34.612 0.0000000000
49316  35.418  -30.028  -34.000 0.0000000000
49326  40.297  -29.690  -36.280 0.0000000000
49327  35.859  -29.656  -35.277 0.0000000000
49330  40.337  -29.559  -37.238 0.0000000000
49331  35.963  -29.680  -35.903 0.0000000000
49339  40.334  -29.460  -38.087 0.0000000000
49340  36.310  -29.398  -37.297 0.0000000000
49341  35.975  -29.787  -36.750 0.0000000000
49352  40.132  -29.322  -38.685 0.0000000000
49353  36.557  -29.426  -37.859 0.0000000000
49354  36.086  -30.138  -37.404 0.0000000000
49364  39.863  -29.453  -39.055 0.0000000000
49365  39.340  -29.246  -39.506 0.0000000000
49366  38.666  -29.509  -39.527 0.0000000000
49367  37.918  -29.397  -39.355 0.0000000000
49368  37.096  -29.611  -38.599 0.0000000000
50466  33.946  -28.111  -32.574 0.0000000000
50467  33.731  -27.874  -32.569 0.0000000000
50478  35.192  -28.546  -33.328 0.0000000000
50479  34.323  -28.566  -32.733 0.0000000000
50480  33.303  -28.346  -32.509 0.0000000000
50481  31.941  -28.424  -32.561 0.0000000000
50482  30.750  -28.455  -32.822 0.0000000000
50500  35.843  -28.571  -34.160 0.0000000000
50511  39.988  -28.849  -35.713 0.0000000000
50513  36.452  -28.336  -36.072 0.0000000000
50514  36.208  -28.790  -35.306 0.0000000000
50523  40.091  -28.828  -36.654 0.0000000000
50525  36.450  -28.387  -36.708 0.0000000000
50526  36.301  -29.036  -36.296 0.0000000000
50540  36.552  -28.534  -37.451 0.0000000000
50541  36.333  -29.041  -36.927 0.0000000000
50553  36.939  -28.316  -38.383 0.0000000000
50565  37.490  -28.465  -39.219 0.0000000000
51724  34.241  -27.991  -32.684 0.0000000000
51725  34.034  -27.753  -32.651 0.0000000000
51732  35.541  -27.524  -33.676 0.0000000000
51733  34.565  -27.525  -32.943 0.0000000000
51734  33.598  -27.281  -32.663 0.0000000000
51735  32.475  -27.320  -32.599 0.0000000000
51736  31.319  -27.384  -32.734 0.0000000000
51737  30.232  -27.440  -32.936 0.0000000000
51752  36.146  -27.574  -34.645 0.0000000000
51762  36.577  -27.763  -36.353 0.0000000000
51763  36.486  -27.642  -35.637 0.0000000000
51777  36.671  -27.624  -36.995 0.0000000000
51792  36.820  -27.538  -37.776 0.0000000000
53093  35.035  -26.615  -33.449 0.0000000000
53094  34.040  -26.042  -33.208 0.0000000000
53095  32.877  -26.253  -32.869 0.0000000000
53096  31.801  -26.314  -32.870 0.0000000000
53097  30.732  -26.372  -32.933 0.0000000000
53098  29.716  -26.477  -33.052 0.0000000000
53099  28.757  -26.517  -33.178 0.0000000000
53115  35.699  -26.358  -34.210 0.0000000000
53116  34.902  -25.791  -33.779 0.0000000000
53129  36.348  -26.543  -35.232 0.0000000000
54506  33.610  -25.265  -33.700 0.0000000000
54507  33.053  -25.408  -33.426 0.0000000000
54508  32.196  -25.486  -33.287 0.0000000000
54509  31.203  -25.254  -33.383 0.0000000000
54510  30.136  -25.499  -33.244 0.0000000000
54511  29.187  -25.586  -33.230 0.0000000000
54512  28.254  -25.585  -33.285 0.0000000000
54532  35.185  -25.377  -34.343 0.0000000000
54533  34.129  -24.960  -34.295 0.0000000000
54534  33.139  -24.828  -34.068 0.0000000000
54535  32.369  -24.875  -33.822 0.0000000000
54536  31.831  -24.978  -33.626 0.0000000000
54550  35.798  -25.373  -35.059 0.0000000000
54551  34.961  -24.817  -34.865 0.0000000000
55856  30.951  -24.605  -33.834 0.0000000000
55857  30.390  -24.707  -33.711 0.0000000000
55858  29.539  -24.773  -33.600 0.0000000000
55859  28.678  -24.795  -33.532 0.0000000000
55860  27.771  -24.628  -33.556 0.0000000000
55887  31.521  -24.429  -34.159 0.0000000000
55888  30.641  -24.228  -34.271 0.0000000000
55889  29.824  -24.137  -34.237 0.0000000000
55890  28.962  -24.151  -34.011 0.0000000000
55891  28.298  -24.187  -33.825 0.0000000000
57135  27.878  -23.997  -33.853 0.0000000000
57136  27.239  -23.819  -33.872 0.0000000000
57158  29.229  -23.702  -34.661 0.0000000000
57159  28.138  -23.543  -34.442 0.0000000000
57160  26.737  -22.903  -34.616 0.0000000000
49377  39.278  -28.639  -40.003 0.0000000000
49378  38.925  -28.802  -39.974 0.0000000000
49379  38.443  -28.867  -39.825 0.0000000000
50564  38.074  -28.385  -39.864 0.0000000000
50573  39.683  -28.350  -40.042 0.0000000000
50574  39.200  -28.257  -40.378 0.0000000000
50575  38.645  -28.278  -40.299 0.0000000000
51802  37.059  -27.291  -38.390 0.0000000000
51812  37.779  -27.708  -39.761 0.0000000000
51813  37.362  -27.322  -39.120 0.0000000000
51820  39.684  -27.703  -40.697 0.0000000000
51821  39.016  -27.675  -40.883 0.0000000000
51822  38.337  -27.496  -40.414 0.0000000000
53128  36.712  -26.802  -36.302 0.0000000000
53142  36.928  -26.709  -37.287 0.0000000000
53155  37.094  -26.775  -37.974 0.0000000000
53165  37.263  -26.478  -38.567 0.0000000000
53172  37.860  -26.779  -39.927 0.0000000000
53173  37.520  -26.147  -39.298 0.0000000000
53180  38.767  -27.082  -41.028 0.0000000000
53181  38.362  -26.357  -40.778 0.0000000000
54549  36.478  -25.627  -35.901 0.0000000000
54564  36.888  -25.701  -36.839 0.0000000000
54576  37.216  -25.793  -37.832 0.0000000000
54587  37.358  -25.497  -38.698 0.0000000000
54594  37.925  -25.505  -39.989 0.0000000000
54595  37.564  -25.238  -39.307 0.0000000000
55884  33.697  -24.405  -35.001 0.0000000000
55885  33.189  -24.414  -34.818 0.0000000000
55886  32.406  -24.386  -34.584 0.0000000000
55903  35.983  -24.815  -35.821 0.0000000000
55904  35.225  -24.495  -35.582 0.0000000000
55905  34.199  -24.321  -35.399 0.0000000000
55906  33.265  -24.147  -35.576 0.0000000000
55907  32.486  -24.053  -35.471 0.0000000000
55908  31.691  -23.948  -35.221 0.0000000000
55909  30.910  -23.866  -34.966 0.0000000000
55910  30.211  -23.828  -34.808 0.0000000000
55921  36.407  -24.744  -36.529 0.0000000000
55922  35.559  -24.211  -36.390 0.0000000000
55923  34.545  -24.014  -36.341 0.0000000000
55924  33.510  -23.969  -36.375 0.0000000000
55925  32.582  -23.962  -36.362 0.0000000000
55926  31.779  -23.829  -36.182 0.0000000000
55927  30.933  -23.727  -35.960 0.0000000000
55928  30.347  -23.674  -35.464 0.0000000000
55940  36.807  -24.668  -37.464 0.0000000000
55941  36.007  -23.963  -37.177 0.0000000000
55942  34.933  -23.783  -37.198 0.0000000000
55943  33.835  -23.843  -37.270 0.0000000000
55944  32.786  -23.919  -37.267 0.0000000000
55945  31.829  -23.831  -37.075 0.0000000000
55946  31.192  -23.714  -36.728 0.0000000000
55958  37.124  -24.776  -38.229 0.0000000000
55965  37.621  -24.460  -39.585 0.0000000000
55966  37.316  -24.554  -38.935 0.0000000000
57157  29.755  -23.772  -34.723 0.0000000000
57176  29.740  -23.571  -35.225 0.0000000000
57177  28.938  -23.196  -35.395 0.0000000000
57178  27.751  -22.636  -35.508 0.0000000000
57179  26.948  -22.466  -35.265 0.0000000000
57190  30.725  -23.537  -36.645 0.0000000000
57191  29.977  -23.310  -36.223 0.0000000000
57192  28.727  -22.641  -36.362 0.0000000000
57193  28.000  -22.375  -36.173 0.0000000000
57205  36.778  -24.329  -38.044 0.0000000000
57206  36.359  -23.905  -37.962 0.0000000000
57207  35.394  -23.609  -38.013 0.0000000000
57208  34.264  -23.635  -38.139 0.0000000000
57209  33.144  -23.774  -38.208 0.0000000000
57210  32.061  -23.696  -38.067 0.0000000000
57211  30.837  -23.262  -37.520 0.0000000000
57212  29.626  -22.759  -37.023 0.0000000000
57213  29.015  -22.437  -36.935 0.0000000000
57224  36.779  -24.049  -38.544 0.0000000000
57225  35.969  -23.491  -38.749 0.0000000000
57226  34.798  -23.390  -38.954 0.0000000000
57227  33.616  -23.484  -39.125 0.0000000000
57228  32.530  -23.486  -39.095 0.0000000000
57229  31.596  -23.093  -38.848 0.0000000000
57230  31.001  -22.923  -38.380 0.0000000000
57239  36.849  -23.578  -39.461 0.0000000000
57240  35.455  -23.117  -39.716 0.0000000000
57241  34.194  -23.172  -39.940 0.0000000000
57242  32.967  -23.148  -40.198 0.0000000000
57243  32.121  -23.018  -39.711 0.0000000000
58427  26.979  -22.222  -35.676 0.0000000000
58428  26.280  -22.232  -35.344 0.0000000000
58443  28.093  -22.204  -36.519 0.0000000000
58444  27.420  -22.014  -36.274 0.0000000000
58445  26.491  -21.750  -35.953 0.0000000000
58458  30.084  -22.423  -37.596 0.0000000000
58459  29.285  -22.168  -37.291 0.0000000000
58460  28.487  -22.056  -36.969 0.0000000000
58461  27.857  -21.840  -36.728 0.0000000000
58474  30.687  -22.533  -38.128 0.0000000000
59780  27.508  -21.559  -36.660 0.0000000000
59781  26.853  -21.166  -36.627 0.0000000000
59796  30.417  -21.935  -37.898 0.0000000000
59797  29.802  -21.648  -37.577 0.0000000000
59798  28.896  -21.402  -37.316 0.0000000000
59799  27.846  -21.220  -37.055 0.0000000000
59800  27.234  -20.740  -37.046 0.0000000000
61170  28.498  -20.465  -37.385 0.0000000000
61171  27.552  -20.293  -37.361 0.0000000000
57162  24.815  -22.810  -34.332 0.0000000000
58407  25.760  -22.496  -34.855 0.0000000000
58408  24.979  -22.510  -34.765 0.0000000000
58409  24.034  -22.499  -34.517 0.0000000000
58429  25.260  -22.081  -35.378 0.0000000000
58430  24.519  -22.146  -35.147 0.0000000000
58446  25.775  -21.755  -35.698 0.0000000000
59747  24.064  -21.996  -35.159 0.0000000000
59762  25.238  -21.618  -35.747 0.0000000000
59763  24.349  -21.437  -35.741 0.0000000000
59782  25.587  -21.179  -36.163 0.0000000000
59783  24.806  -20.852  -36.240 0.0000000000
61142  26.013  -20.602  -36.753 0.0000000000
61143  25.137  -20.344  -36.682 0.0000000000
61172  26.659  -20.274  -37.181 0.0000000000
61173  25.809  -20.028  -37.107 0.0000000000
29496  38.215  -45.276  -37.274 0.0000000000
29497  37.813  -45.567  -37.206 0.0000000000
30710  36.778  -44.141  -36.129 0.0000000000
30711  35.966  -44.302  -35.970 0.0000000000
30720  38.139  -44.698  -37.051 0.0000000000
30721  37.193  -44.796  -36.748 0.0000000000
30722  36.285  -44.824  -36.486 0.0000000000
30723  35.690  -44.773  -36.284 0.0000000000
31931  37.092  -43.002  -35.228 0.0000000000
31932  36.723  -43.063  -34.999 0.0000000000
31945  37.880  -43.193  -36.043 0.0000000000
31946  37.355  -43.249  -35.711 0.0000000000
31947  36.361  -43.647  -35.451 0.0000000000
31956  38.238  -43.486  -36.511 0.0000000000
31957  37.530  -44.060  -36.437 0.0000000000
33123  37.144  -42.673  -35.050 0.0000000000
33135  38.021  -42.847  -35.966 0.0000000000
33136  37.711  -42.378  -35.458 0.0000000000
33143  38.548  -42.564  -36.407 0.0000000000
34258  37.283  -41.839  -34.868 0.0000000000
34268  38.163  -42.143  -35.972 0.0000000000
34269  37.765  -41.419  -35.707 0.0000000000
34277  38.477  -41.548  -36.610 0.0000000000
34278  37.917  -40.799  -36.302 0.0000000000
35482  37.133  -40.835  -35.091 0.0000000000
35499  37.422  -40.459  -35.865 0.0000000000
35500  36.653  -39.922  -35.585 0.0000000000
35511  38.193  -40.588  -36.858 0.0000000000
35512  37.543  -40.073  -36.620 0.0000000000
35513  37.152  -39.942  -36.131 0.0000000000
35521  37.921  -40.105  -37.068 0.0000000000
36760  36.312  -39.394  -35.968 0.0000000000
36773  37.337  -39.675  -36.826 0.0000000000
36774  36.872  -39.438  -36.513 0.0000000000
36782  37.636  -39.484  -37.295 0.0000000000
36783  36.874  -38.823  -37.115 0.0000000000
38095  36.378  -38.681  -36.720 0.0000000000
38106  36.388  -38.096  -37.104 0.0000000000
38107  35.956  -37.867  -36.893 0.0000000000
