#!ascii label  , from subject colin27 vox2ras=TkReg coords=white
195
125756  43.732  28.565  -46.964 0.0000000000
125757  43.455  29.210  -47.179 0.0000000000
126691  43.778  29.865  -45.872 0.0000000000
126697  43.793  29.151  -46.160 0.0000000000
126698  43.453  29.641  -46.623 0.0000000000
127778  44.707  31.046  -44.988 0.0000000000
127779  44.258  30.589  -45.336 0.0000000000
127780  43.543  30.627  -46.055 0.0000000000
128851  45.478  31.598  -44.475 0.0000000000
128852  45.021  31.975  -44.751 0.0000000000
128855  44.962  31.371  -44.799 0.0000000000
128856  44.552  31.673  -45.109 0.0000000000
128857  43.869  31.584  -45.637 0.0000000000
129943  46.469  32.475  -43.834 0.0000000000
129960  45.927  32.475  -44.219 0.0000000000
129961  45.325  32.609  -44.533 0.0000000000
129962  44.715  32.592  -44.864 0.0000000000
129970  44.159  32.497  -45.327 0.0000000000
129971  43.553  32.505  -45.818 0.0000000000
130974  47.510  33.702  -43.299 0.0000000000
130975  46.603  33.634  -43.764 0.0000000000
130976  46.118  34.173  -43.908 0.0000000000
130991  46.206  33.033  -44.036 0.0000000000
130992  45.749  33.564  -44.187 0.0000000000
130993  44.928  33.444  -44.583 0.0000000000
131003  44.299  33.362  -45.019 0.0000000000
131004  43.824  33.236  -45.467 0.0000000000
131006  43.349  33.469  -45.944 0.0000000000
132051  47.794  34.854  -43.087 0.0000000000
132052  47.118  34.751  -43.415 0.0000000000
132053  46.391  34.867  -43.690 0.0000000000
132064  45.740  34.705  -43.968 0.0000000000
132065  45.052  34.526  -44.321 0.0000000000
132066  44.369  34.904  -44.649 0.0000000000
132076  44.463  34.099  -44.742 0.0000000000
132077  43.753  34.363  -45.292 0.0000000000
132079  43.079  34.473  -46.145 0.0000000000
132995  48.870  36.377  -42.138 0.0000000000
132996  47.843  36.216  -42.908 0.0000000000
132997  47.313  36.696  -43.070 0.0000000000
133015  47.423  35.460  -43.182 0.0000000000
133016  46.920  36.032  -43.247 0.0000000000
133017  45.824  35.997  -43.721 0.0000000000
133018  45.271  36.597  -43.838 0.0000000000
133030  45.347  35.250  -44.031 0.0000000000
133031  44.806  35.877  -44.157 0.0000000000
133032  43.869  35.768  -44.857 0.0000000000
133042  43.064  35.711  -45.832 0.0000000000
133043  42.765  36.372  -46.351 0.0000000000
133045  42.824  35.137  -46.426 0.0000000000
133046  42.634  35.789  -46.968 0.0000000000
133048  42.594  35.816  -48.201 0.0000000000
133999  48.622  37.405  -41.688 0.0000000000
134000  48.116  37.406  -42.230 0.0000000000
134001  47.317  37.512  -42.772 0.0000000000
134002  46.879  38.100  -42.869 0.0000000000
134019  47.055  36.940  -43.142 0.0000000000
134020  46.518  37.406  -43.206 0.0000000000
134021  45.597  37.347  -43.603 0.0000000000
134037  44.901  37.219  -43.957 0.0000000000
134038  44.157  36.980  -44.435 0.0000000000
134048  43.480  36.888  -45.191 0.0000000000
134049  42.929  36.963  -45.935 0.0000000000
134052  42.750  36.975  -46.755 0.0000000000
134054  42.714  36.886  -47.758 0.0000000000
134056  42.783  36.803  -48.815 0.0000000000
134058  42.889  36.729  -49.703 0.0000000000
134061  43.481  37.574  -50.989 0.0000000000
134062  43.143  36.936  -50.534 0.0000000000
134070  43.564  37.682  -51.386 0.0000000000
134071  43.223  37.108  -51.561 0.0000000000
134080  42.817  36.834  -52.494 0.0000000000
134089  42.387  36.514  -53.218 0.0000000000
134102  42.107  36.626  -54.018 0.0000000000
135038  48.054  37.905  -41.450 0.0000000000
135039  47.404  38.258  -41.838 0.0000000000
135040  46.934  38.545  -42.406 0.0000000000
135056  46.487  38.627  -42.850 0.0000000000
135057  45.888  38.463  -43.296 0.0000000000
135075  45.191  38.327  -43.744 0.0000000000
135076  44.503  38.148  -44.218 0.0000000000
135084  43.823  37.973  -44.785 0.0000000000
135085  43.256  37.878  -45.484 0.0000000000
135088  42.827  37.847  -46.262 0.0000000000
135091  42.704  37.847  -47.236 0.0000000000
135093  42.835  38.031  -48.997 0.0000000000
135094  42.771  37.921  -48.536 0.0000000000
135097  42.896  38.109  -49.343 0.0000000000
135098  42.956  37.503  -49.454 0.0000000000
135101  43.293  37.923  -50.225 0.0000000000
135102  43.107  37.302  -49.987 0.0000000000
135107  43.573  38.170  -51.262 0.0000000000
135108  43.564  37.803  -51.719 0.0000000000
135117  43.569  38.285  -52.058 0.0000000000
135118  43.282  37.663  -52.298 0.0000000000
135126  43.235  38.186  -52.695 0.0000000000
135127  42.712  37.525  -53.260 0.0000000000
135999  46.783  38.870  -41.797 0.0000000000
136000  46.360  39.309  -42.190 0.0000000000
136017  45.969  39.392  -42.899 0.0000000000
136018  45.399  39.315  -43.458 0.0000000000
136038  44.782  39.169  -44.000 0.0000000000
136039  44.141  38.970  -44.517 0.0000000000
136049  43.546  38.787  -45.100 0.0000000000
136050  43.013  38.639  -45.736 0.0000000000
136052  42.687  38.599  -46.541 0.0000000000
136055  42.522  38.628  -47.515 0.0000000000
136058  42.739  38.338  -49.044 0.0000000000
136059  42.458  38.732  -48.565 0.0000000000
136062  42.764  38.692  -49.653 0.0000000000
136063  42.292  39.053  -49.100 0.0000000000
136065  43.261  38.765  -50.757 0.0000000000
136067  43.436  38.847  -51.702 0.0000000000
136075  43.276  38.729  -52.541 0.0000000000
136085  42.891  38.395  -53.336 0.0000000000
136086  42.550  37.901  -53.850 0.0000000000
136099  42.509  38.341  -53.970 0.0000000000
136984  45.732  39.557  -41.756 0.0000000000
136985  45.176  39.721  -41.864 0.0000000000
136997  45.610  39.787  -42.315 0.0000000000
136998  44.700  39.922  -42.381 0.0000000000
136999  43.704  39.937  -42.834 0.0000000000
137000  42.937  39.781  -43.287 0.0000000000
137015  45.317  39.804  -42.897 0.0000000000
137016  44.588  39.863  -43.384 0.0000000000
137017  43.526  40.067  -43.872 0.0000000000
137018  42.566  39.898  -43.979 0.0000000000
137034  44.234  39.704  -44.156 0.0000000000
137035  43.635  39.642  -44.700 0.0000000000
137036  42.186  39.768  -44.499 0.0000000000
137042  43.192  39.331  -45.351 0.0000000000
137043  42.752  39.187  -45.886 0.0000000000
137046  42.454  39.210  -46.653 0.0000000000
137049  42.182  39.232  -47.538 0.0000000000
137055  42.802  39.155  -50.430 0.0000000000
137059  43.065  39.348  -51.295 0.0000000000
137063  43.064  39.260  -52.261 0.0000000000
137067  42.794  38.956  -53.128 0.0000000000
137074  42.432  38.626  -53.870 0.0000000000
137084  42.341  38.468  -54.341 0.0000000000
138093  43.213  40.085  -44.560 0.0000000000
138094  42.971  40.211  -44.260 0.0000000000
138108  43.018  39.774  -45.096 0.0000000000
138109  42.575  39.939  -44.762 0.0000000000
138110  42.115  39.837  -44.824 0.0000000000
138117  42.860  39.527  -45.494 0.0000000000
138118  42.439  39.639  -45.738 0.0000000000
138119  42.005  39.781  -45.292 0.0000000000
138120  42.099  39.640  -46.719 0.0000000000
138121  41.706  39.737  -46.143 0.0000000000
138123  41.960  39.635  -47.248 0.0000000000
134109  41.934  36.578  -55.079 0.0000000000
134112  42.053  36.397  -56.180 0.0000000000
134116  42.407  36.179  -57.269 0.0000000000
134120  42.342  36.260  -58.111 0.0000000000
134121  41.746  36.591  -58.404 0.0000000000
135139  42.269  37.437  -54.372 0.0000000000
135144  42.054  37.370  -55.435 0.0000000000
135147  41.983  37.220  -56.475 0.0000000000
135150  41.907  37.157  -57.357 0.0000000000
135151  41.523  37.448  -57.600 0.0000000000
135155  41.748  36.978  -57.923 0.0000000000
135156  41.244  37.235  -58.011 0.0000000000
136100  42.289  38.087  -54.661 0.0000000000
136107  42.044  38.015  -55.758 0.0000000000
136111  41.777  37.925  -56.696 0.0000000000
136112  41.460  38.122  -56.979 0.0000000000
136117  41.560  37.754  -57.218 0.0000000000
136118  41.163  37.901  -57.391 0.0000000000
136119  40.581  37.982  -57.429 0.0000000000
136123  40.775  37.614  -57.774 0.0000000000
137075  42.073  38.945  -53.824 0.0000000000
137085  41.982  38.563  -54.914 0.0000000000
137086  41.377  38.716  -54.786 0.0000000000
137094  41.670  38.399  -56.139 0.0000000000
137095  41.291  38.744  -55.837 0.0000000000
137096  40.554  38.774  -55.671 0.0000000000
137102  41.523  38.266  -56.664 0.0000000000
137103  41.183  38.441  -56.767 0.0000000000
137104  40.609  38.682  -56.471 0.0000000000
137108  40.887  38.227  -57.185 0.0000000000
137109  40.545  38.347  -57.033 0.0000000000
124694  44.309  27.807  -47.581 0.0000000000
124708  44.930  27.771  -48.177 0.0000000000
124709  44.404  28.114  -48.070 0.0000000000
125764  43.970  28.417  -47.897 0.0000000000
125765  43.546  29.008  -47.710 0.0000000000
125777  44.521  28.587  -48.565 0.0000000000
125778  43.835  28.869  -48.293 0.0000000000
126704  43.171  29.698  -47.444 0.0000000000
127783  43.079  30.553  -46.868 0.0000000000
137050  41.777  39.382  -47.656 0.0000000000
137052  42.086  39.142  -48.483 0.0000000000
137053  41.629  39.234  -48.489 0.0000000000
137056  42.177  39.173  -49.597 0.0000000000
