#!ascii label  , from subject colin27 vox2ras=TkReg coords=white
955
2911  26.064  -74.577  6.485 0.0000000000
2912  25.663  -74.748  6.499 0.0000000000
2923  25.989  -74.726  6.055 0.0000000000
2924  25.429  -75.084  5.751 0.0000000000
2936  26.222  -75.068  4.965 0.0000000000
2950  26.208  -75.183  3.951 0.0000000000
2962  25.982  -75.288  3.262 0.0000000000
2963  25.655  -75.566  2.484 0.0000000000
3389  25.901  -73.805  8.952 0.0000000000
3395  26.692  -73.670  7.859 0.0000000000
3396  26.227  -74.032  8.161 0.0000000000
3411  26.790  -73.815  6.940 0.0000000000
3412  26.405  -74.138  7.334 0.0000000000
3413  25.814  -74.365  7.613 0.0000000000
3424  26.752  -73.958  6.232 0.0000000000
3425  26.402  -74.277  6.505 0.0000000000
3426  26.029  -74.484  6.915 0.0000000000
3427  25.481  -74.621  7.090 0.0000000000
3431  26.760  -73.910  5.803 0.0000000000
3432  26.510  -74.311  5.686 0.0000000000
3435  26.685  -74.045  5.383 0.0000000000
3436  26.628  -74.315  5.007 0.0000000000
3442  26.514  -74.563  4.280 0.0000000000
3443  26.334  -74.396  3.699 0.0000000000
3451  26.268  -74.850  3.610 0.0000000000
3452  25.974  -74.711  2.958 0.0000000000
3460  25.243  -74.978  1.662 0.0000000000
3461  24.672  -74.223  1.377 0.0000000000
3471  24.268  -74.693  0.341 0.0000000000
3472  23.465  -74.092  -0.042 0.0000000000
3480  28.618  -74.012  -0.976 0.0000000000
3481  27.789  -74.135  -1.046 0.0000000000
3536  34.102  -73.834  -6.534 0.0000000000
3539  34.118  -73.636  -6.960 0.0000000000
3540  33.623  -74.246  -7.208 0.0000000000
3541  30.726  -74.132  -7.827 0.0000000000
3542  29.766  -73.985  -7.733 0.0000000000
3543  28.789  -73.761  -7.807 0.0000000000
3544  28.258  -73.595  -7.964 0.0000000000
3546  32.744  -74.479  -7.733 0.0000000000
3547  31.957  -74.707  -8.096 0.0000000000
3548  31.127  -74.816  -8.241 0.0000000000
3549  30.161  -74.742  -8.242 0.0000000000
3550  29.141  -74.517  -8.216 0.0000000000
3551  28.093  -74.112  -8.387 0.0000000000
3552  27.485  -73.916  -8.705 0.0000000000
3808  22.371  -72.739  17.845 0.0000000000
3809  22.007  -72.844  18.000 0.0000000000
3810  21.120  -72.899  18.095 0.0000000000
3815  23.058  -72.895  17.040 0.0000000000
3816  22.367  -73.009  17.480 0.0000000000
3817  21.435  -73.265  17.547 0.0000000000
3825  23.960  -72.939  16.011 0.0000000000
3826  23.207  -73.128  16.253 0.0000000000
3827  22.460  -73.291  16.571 0.0000000000
3828  21.708  -73.524  16.876 0.0000000000
3836  24.717  -72.655  14.738 0.0000000000
3837  24.155  -73.055  15.106 0.0000000000
3840  21.823  -73.734  16.029 0.0000000000
3850  25.268  -72.611  12.594 0.0000000000
3856  25.299  -72.706  12.056 0.0000000000
3865  25.378  -72.782  11.479 0.0000000000
3878  25.965  -73.107  9.971 0.0000000000
3879  25.756  -72.923  10.346 0.0000000000
3880  25.508  -73.465  10.127 0.0000000000
3889  26.153  -72.975  9.645 0.0000000000
3890  26.082  -73.297  9.385 0.0000000000
3891  25.632  -73.833  9.372 0.0000000000
3895  26.729  -73.097  8.658 0.0000000000
3896  26.395  -73.550  8.591 0.0000000000
3907  26.980  -73.291  7.435 0.0000000000
3920  26.919  -73.418  6.307 0.0000000000
3921  26.888  -72.860  6.117 0.0000000000
3930  26.758  -73.783  5.461 0.0000000000
3931  26.827  -73.412  5.468 0.0000000000
3934  26.648  -74.048  4.905 0.0000000000
3935  26.735  -73.895  4.801 0.0000000000
3936  26.526  -73.591  4.356 0.0000000000
3939  26.555  -74.047  4.107 0.0000000000
3940  26.146  -73.721  3.584 0.0000000000
3941  25.539  -73.259  3.115 0.0000000000
3944  25.511  -74.003  2.626 0.0000000000
3945  24.974  -73.250  2.489 0.0000000000
3946  24.339  -73.002  2.176 0.0000000000
3949  25.024  -74.006  1.973 0.0000000000
3950  24.534  -73.572  1.781 0.0000000000
3951  23.949  -73.132  1.561 0.0000000000
3958  24.195  -73.814  1.127 0.0000000000
3959  23.485  -73.466  0.599 0.0000000000
3960  22.678  -73.126  0.112 0.0000000000
3969  28.783  -73.097  -0.796 0.0000000000
3970  27.972  -73.406  -0.619 0.0000000000
3971  27.154  -73.540  -0.929 0.0000000000
3972  26.558  -73.453  -1.297 0.0000000000
3973  22.951  -73.729  -0.184 0.0000000000
3974  22.191  -73.295  -0.818 0.0000000000
3975  21.616  -72.584  -1.097 0.0000000000
3983  30.150  -73.453  -1.764 0.0000000000
3984  29.386  -73.735  -1.220 0.0000000000
3993  32.816  -72.787  -3.116 0.0000000000
3994  32.160  -73.164  -2.958 0.0000000000
3995  31.409  -73.347  -2.661 0.0000000000
3996  30.850  -73.688  -2.289 0.0000000000
4004  33.632  -73.157  -4.263 0.0000000000
4005  33.173  -73.402  -3.858 0.0000000000
4006  32.651  -73.412  -3.375 0.0000000000
4014  34.143  -72.759  -4.875 0.0000000000
4015  33.952  -73.190  -4.777 0.0000000000
4022  34.226  -72.747  -5.149 0.0000000000
4028  34.338  -72.749  -5.734 0.0000000000
4029  34.298  -73.263  -6.077 0.0000000000
4032  34.431  -72.801  -6.212 0.0000000000
4033  34.386  -73.113  -6.692 0.0000000000
4034  34.063  -73.238  -7.293 0.0000000000
4035  31.741  -73.438  -7.812 0.0000000000
4036  31.349  -73.536  -7.700 0.0000000000
4037  30.430  -73.357  -7.465 0.0000000000
4038  29.402  -73.125  -7.434 0.0000000000
4039  28.270  -72.952  -7.755 0.0000000000
4040  27.654  -72.392  -8.095 0.0000000000
4043  33.212  -73.327  -7.707 0.0000000000
4044  32.109  -73.692  -7.876 0.0000000000
4045  31.474  -74.188  -7.940 0.0000000000
4046  27.957  -73.484  -8.095 0.0000000000
4047  27.314  -73.211  -8.461 0.0000000000
4048  26.730  -72.952  -8.897 0.0000000000
4051  27.176  -73.804  -8.911 0.0000000000
4052  26.638  -73.528  -9.435 0.0000000000
4055  37.120  -72.834  -11.150 0.0000000000
4064  26.166  -73.442  -10.650 0.0000000000
4339  23.345  -72.166  17.910 0.0000000000
4340  22.756  -72.391  17.964 0.0000000000
4341  21.825  -72.291  18.327 0.0000000000
4342  20.838  -72.274  18.337 0.0000000000
4350  24.315  -71.972  17.385 0.0000000000
4351  23.584  -72.318  17.486 0.0000000000
4352  22.939  -72.642  17.514 0.0000000000
4363  25.012  -71.956  16.140 0.0000000000
4364  24.323  -72.336  16.657 0.0000000000
4365  23.656  -72.752  16.719 0.0000000000
4375  25.281  -71.586  14.798 0.0000000000
4376  25.097  -72.111  15.251 0.0000000000
4377  24.587  -72.523  15.671 0.0000000000
4385  25.218  -71.776  13.901 0.0000000000
4386  25.076  -72.235  14.343 0.0000000000
4389  25.286  -72.083  12.990 0.0000000000
4390  25.133  -72.419  13.432 0.0000000000
4393  25.308  -72.430  12.039 0.0000000000
4397  25.487  -72.575  11.143 0.0000000000
4406  25.948  -72.862  9.932 0.0000000000
4407  25.687  -72.539  10.472 0.0000000000
4418  26.386  -72.682  9.369 0.0000000000
4426  26.692  -72.465  8.777 0.0000000000
4427  26.680  -72.136  8.397 0.0000000000
4438  26.923  -72.615  7.803 0.0000000000
4439  26.516  -71.994  7.725 0.0000000000
4453  27.087  -72.934  7.001 0.0000000000
4454  26.621  -72.415  6.531 0.0000000000
4455  26.046  -71.939  6.009 0.0000000000
4468  31.871  -72.164  5.144 0.0000000000
4469  31.040  -72.169  5.245 0.0000000000
4470  30.520  -71.975  5.113 0.0000000000
4471  26.669  -72.889  5.434 0.0000000000
4472  26.184  -72.350  5.437 0.0000000000
4478  32.827  -71.902  3.915 0.0000000000
4479  32.381  -72.098  4.268 0.0000000000
4480  31.495  -72.283  4.432 0.0000000000
4481  30.770  -72.185  4.632 0.0000000000
4482  26.686  -73.342  4.884 0.0000000000
4483  26.242  -72.906  4.497 0.0000000000
4484  25.558  -72.471  4.156 0.0000000000
4487  33.037  -71.704  3.588 0.0000000000
4488  32.702  -72.002  3.476 0.0000000000
4489  31.997  -72.284  3.529 0.0000000000
4490  30.921  -72.335  3.677 0.0000000000
4491  25.771  -72.926  3.695 0.0000000000
4492  25.010  -72.532  3.405 0.0000000000
4493  24.237  -72.241  3.110 0.0000000000
4496  33.159  -71.671  2.874 0.0000000000
4497  32.607  -72.021  2.665 0.0000000000
4498  31.710  -72.206  2.612 0.0000000000
4499  30.776  -72.073  2.562 0.0000000000
4500  24.470  -72.675  2.699 0.0000000000
4501  23.791  -72.359  2.332 0.0000000000
4502  23.082  -72.032  1.939 0.0000000000
4505  33.755  -71.348  1.422 0.0000000000
4506  33.409  -71.587  1.789 0.0000000000
4507  32.413  -71.906  1.678 0.0000000000
4508  31.428  -71.850  1.590 0.0000000000
4509  30.643  -71.729  1.831 0.0000000000
4510  23.315  -72.609  1.376 0.0000000000
4511  22.619  -72.094  1.257 0.0000000000
4513  33.672  -71.378  0.940 0.0000000000
4514  32.995  -71.663  0.718 0.0000000000
4515  32.093  -71.665  0.640 0.0000000000
4516  31.343  -71.440  0.586 0.0000000000
4517  27.884  -71.913  0.376 0.0000000000
4518  27.277  -72.227  0.336 0.0000000000
4519  26.386  -72.352  0.153 0.0000000000
4520  25.674  -72.243  -0.159 0.0000000000
4521  22.822  -72.728  0.709 0.0000000000
4522  22.064  -72.298  0.192 0.0000000000
4523  21.557  -71.634  0.040 0.0000000000
4528  33.917  -71.164  -1.149 0.0000000000
4529  33.477  -71.344  -0.367 0.0000000000
4530  32.525  -71.445  -0.405 0.0000000000
4531  31.643  -71.336  -0.388 0.0000000000
4532  31.185  -71.187  0.013 0.0000000000
4533  28.954  -72.151  -0.622 0.0000000000
4534  28.129  -72.508  -0.170 0.0000000000
4535  27.199  -72.877  -0.269 0.0000000000
4536  26.205  -72.912  -0.764 0.0000000000
4537  25.214  -72.211  -0.797 0.0000000000
4538  24.738  -71.751  -0.996 0.0000000000
4539  21.796  -72.559  -0.601 0.0000000000
4540  21.464  -71.967  -0.686 0.0000000000
4547  33.773  -71.309  -2.290 0.0000000000
4548  33.420  -71.405  -1.848 0.0000000000
4549  32.815  -71.503  -1.587 0.0000000000
4550  31.861  -71.481  -1.534 0.0000000000
4551  30.963  -71.812  -1.927 0.0000000000
4552  30.169  -72.264  -1.730 0.0000000000
4553  29.494  -72.724  -1.247 0.0000000000
4554  26.151  -73.234  -1.448 0.0000000000
4555  25.511  -72.898  -1.746 0.0000000000
4556  24.685  -72.043  -1.636 0.0000000000
4557  21.329  -72.090  -1.631 0.0000000000
4561  33.791  -71.751  -3.177 0.0000000000
4562  33.493  -71.853  -2.930 0.0000000000
4563  33.037  -71.954  -2.635 0.0000000000
4564  32.370  -72.112  -2.517 0.0000000000
4565  31.565  -72.396  -2.442 0.0000000000
4566  30.791  -72.810  -2.250 0.0000000000
4568  24.712  -72.615  -2.710 0.0000000000
4572  34.038  -71.927  -3.685 0.0000000000
4573  33.743  -72.550  -3.927 0.0000000000
4574  33.275  -72.513  -3.328 0.0000000000
4581  34.184  -72.407  -4.553 0.0000000000
4582  33.980  -72.713  -4.453 0.0000000000
4588  34.456  -72.335  -5.278 0.0000000000
4591  34.567  -72.347  -5.956 0.0000000000
4592  34.728  -72.136  -6.413 0.0000000000
4594  34.578  -72.557  -6.493 0.0000000000
4595  34.550  -72.295  -7.121 0.0000000000
4596  33.928  -72.602  -7.710 0.0000000000
4597  31.752  -73.095  -7.733 0.0000000000
4598  31.109  -72.778  -7.485 0.0000000000
4599  30.181  -72.406  -7.390 0.0000000000
4600  29.112  -72.103  -7.471 0.0000000000
4601  28.172  -71.790  -7.888 0.0000000000
4602  27.622  -71.956  -8.158 0.0000000000
4604  34.093  -71.779  -7.859 0.0000000000
4605  33.275  -72.191  -8.033 0.0000000000
4606  32.405  -72.705  -7.879 0.0000000000
4607  27.682  -71.632  -8.298 0.0000000000
4608  27.104  -72.046  -8.545 0.0000000000
4609  26.862  -72.641  -8.740 0.0000000000
4611  26.719  -71.821  -9.055 0.0000000000
4612  26.497  -72.377  -9.214 0.0000000000
4614  37.409  -71.974  -11.028 0.0000000000
4615  36.731  -72.266  -10.827 0.0000000000
4616  35.851  -72.433  -10.750 0.0000000000
4617  34.833  -72.501  -10.884 0.0000000000
4618  33.789  -72.604  -11.080 0.0000000000
4619  32.710  -72.690  -11.065 0.0000000000
4620  31.538  -72.683  -10.973 0.0000000000
4621  30.315  -72.576  -11.025 0.0000000000
4622  29.437  -72.506  -11.295 0.0000000000
4623  26.051  -72.578  -10.150 0.0000000000
4626  38.131  -72.000  -11.894 0.0000000000
4627  37.649  -72.461  -11.569 0.0000000000
4630  25.928  -72.602  -11.288 0.0000000000
4633  38.062  -72.494  -12.334 0.0000000000
4634  37.911  -72.489  -11.976 0.0000000000
4645  38.138  -72.513  -12.878 0.0000000000
4923  24.081  -71.457  18.067 0.0000000000
4924  23.630  -71.731  18.100 0.0000000000
4925  22.595  -71.621  18.434 0.0000000000
4926  21.579  -71.571  18.460 0.0000000000
4927  20.560  -71.529  18.152 0.0000000000
4935  25.105  -71.117  17.068 0.0000000000
4936  24.469  -71.392  17.759 0.0000000000
4937  24.059  -71.900  17.767 0.0000000000
4948  25.437  -70.771  15.872 0.0000000000
4949  25.255  -71.256  16.391 0.0000000000
4950  24.835  -71.718  16.959 0.0000000000
4960  25.383  -70.872  15.151 0.0000000000
4961  25.301  -71.441  15.630 0.0000000000
4971  25.240  -71.015  14.316 0.0000000000
4974  24.998  -71.270  13.312 0.0000000000
4975  24.706  -70.962  12.883 0.0000000000
4978  25.191  -71.902  12.478 0.0000000000
4979  24.845  -71.482  12.392 0.0000000000
4982  25.312  -72.145  11.497 0.0000000000
4983  24.808  -71.661  11.447 0.0000000000
4989  26.026  -72.498  9.854 0.0000000000
4990  25.633  -72.130  10.390 0.0000000000
4991  24.982  -71.698  10.447 0.0000000000
4999  26.284  -72.204  9.371 0.0000000000
5000  25.879  -71.863  9.594 0.0000000000
5001  25.112  -71.511  9.569 0.0000000000
5002  24.565  -71.336  9.345 0.0000000000
5007  26.461  -72.003  8.885 0.0000000000
5008  26.065  -71.707  8.686 0.0000000000
5009  25.142  -71.386  8.704 0.0000000000
5010  24.225  -71.173  8.867 0.0000000000
5016  32.711  -71.089  7.028 0.0000000000
5017  32.370  -71.166  7.129 0.0000000000
5018  31.689  -71.148  7.211 0.0000000000
5019  31.195  -70.981  7.173 0.0000000000
5020  25.770  -71.580  7.810 0.0000000000
5021  24.775  -71.254  7.919 0.0000000000
5022  23.718  -71.022  8.243 0.0000000000
5032  32.783  -71.250  6.450 0.0000000000
5033  31.949  -71.612  6.612 0.0000000000
5034  31.203  -71.457  6.664 0.0000000000
5035  30.779  -71.035  6.793 0.0000000000
5036  26.191  -71.845  7.168 0.0000000000
5037  25.463  -71.583  6.716 0.0000000000
5038  24.124  -71.058  7.180 0.0000000000
5051  32.969  -71.532  5.345 0.0000000000
5052  32.273  -71.833  5.785 0.0000000000
5053  31.422  -72.033  5.995 0.0000000000
5054  30.422  -71.485  5.883 0.0000000000
5055  25.470  -71.814  5.509 0.0000000000
5056  24.234  -71.171  5.738 0.0000000000
5057  23.517  -71.008  5.177 0.0000000000
5069  33.515  -71.090  4.162 0.0000000000
5070  33.051  -71.630  4.311 0.0000000000
5071  32.560  -71.956  4.993 0.0000000000
5072  30.010  -71.738  4.568 0.0000000000
5073  29.447  -71.263  3.783 0.0000000000
5074  25.705  -72.261  4.800 0.0000000000
5075  24.916  -71.878  4.516 0.0000000000
5076  23.854  -71.368  4.464 0.0000000000
5077  23.122  -71.156  4.035 0.0000000000
5085  33.717  -70.792  3.682 0.0000000000
5086  33.407  -71.276  3.380 0.0000000000
5087  30.017  -71.876  3.340 0.0000000000
5088  29.352  -71.337  2.991 0.0000000000
5089  24.336  -71.922  3.756 0.0000000000
5090  23.604  -71.698  3.359 0.0000000000
5091  22.668  -71.242  3.291 0.0000000000
5092  22.062  -70.981  2.929 0.0000000000
5094  33.820  -70.832  2.781 0.0000000000
5095  33.617  -71.290  2.349 0.0000000000
5096  30.029  -71.647  2.394 0.0000000000
5097  29.327  -71.271  2.180 0.0000000000
5098  28.580  -71.117  2.116 0.0000000000
5099  27.930  -70.998  2.079 0.0000000000
5100  23.132  -71.745  2.615 0.0000000000
5101  22.447  -71.515  2.217 0.0000000000
5102  21.749  -70.930  2.248 0.0000000000
5104  34.259  -70.978  1.037 0.0000000000
5105  34.068  -71.063  1.498 0.0000000000
5106  33.737  -71.317  1.872 0.0000000000
5107  30.858  -71.479  1.185 0.0000000000
5108  30.069  -71.316  1.423 0.0000000000
5109  29.141  -71.158  1.379 0.0000000000
5110  28.351  -71.224  1.444 0.0000000000
5111  27.534  -71.286  1.611 0.0000000000
5112  26.815  -71.383  1.468 0.0000000000
5113  26.128  -71.314  1.307 0.0000000000
5114  21.886  -71.506  1.225 0.0000000000
5115  21.419  -70.790  1.515 0.0000000000
5117  34.361  -70.850  0.460 0.0000000000
5118  34.013  -71.173  0.477 0.0000000000
5119  30.619  -71.163  0.388 0.0000000000
5120  29.659  -71.090  0.501 0.0000000000
5121  28.814  -71.256  0.629 0.0000000000
5122  28.101  -71.542  0.849 0.0000000000
5123  27.383  -71.752  0.954 0.0000000000
5124  26.562  -71.863  0.875 0.0000000000
5125  25.462  -71.617  0.587 0.0000000000
5126  24.861  -71.063  0.316 0.0000000000
5127  21.706  -71.642  0.506 0.0000000000
5128  21.356  -71.089  0.603 0.0000000000
5131  34.319  -70.858  -0.607 0.0000000000
5132  34.088  -71.095  -0.218 0.0000000000
5133  31.357  -71.211  -0.825 0.0000000000
5134  30.953  -71.106  -0.574 0.0000000000
5135  30.061  -71.092  -0.458 0.0000000000
5136  29.208  -71.349  -0.256 0.0000000000
5137  28.493  -71.713  0.069 0.0000000000
5138  25.205  -71.943  -0.124 0.0000000000
5139  24.762  -71.417  -0.333 0.0000000000
5140  21.269  -71.108  -0.379 0.0000000000
5143  34.186  -70.990  -1.661 0.0000000000
5144  31.542  -71.295  -1.018 0.0000000000
5145  31.195  -71.305  -1.249 0.0000000000
5146  30.451  -71.393  -1.296 0.0000000000
5147  29.637  -71.717  -1.073 0.0000000000
5148  24.447  -71.249  -1.291 0.0000000000
5149  21.220  -71.225  -1.373 0.0000000000
5151  34.095  -71.286  -2.853 0.0000000000
5152  23.956  -71.243  -2.425 0.0000000000
5153  23.550  -70.760  -3.023 0.0000000000
5154  21.409  -71.409  -2.422 0.0000000000
5156  34.330  -71.580  -3.835 0.0000000000
5157  23.907  -72.093  -3.297 0.0000000000
5158  23.213  -71.344  -3.437 0.0000000000
5159  22.275  -71.353  -3.300 0.0000000000
5160  21.758  -71.319  -3.011 0.0000000000
5162  34.586  -71.722  -4.699 0.0000000000
5163  34.730  -71.527  -5.094 0.0000000000
5165  34.699  -71.900  -5.433 0.0000000000
5166  34.736  -71.438  -5.547 0.0000000000
5168  34.757  -71.883  -5.967 0.0000000000
5169  34.732  -71.466  -6.409 0.0000000000
5171  34.450  -71.191  -7.348 0.0000000000
5172  34.088  -70.734  -7.767 0.0000000000
5173  31.720  -72.391  -7.742 0.0000000000
5174  31.060  -71.853  -7.629 0.0000000000
5175  29.969  -71.251  -7.691 0.0000000000
5176  28.904  -71.234  -7.833 0.0000000000
5177  28.432  -71.228  -8.021 0.0000000000
5179  34.150  -71.178  -7.916 0.0000000000
5180  33.536  -71.077  -8.121 0.0000000000
5181  32.217  -71.472  -8.043 0.0000000000
5182  31.035  -70.945  -7.977 0.0000000000
5183  30.395  -70.678  -8.013 0.0000000000
5184  28.628  -70.923  -8.175 0.0000000000
5185  28.131  -71.079  -8.417 0.0000000000
5186  27.503  -71.358  -8.665 0.0000000000
5188  27.730  -70.848  -9.047 0.0000000000
5189  27.107  -71.369  -9.247 0.0000000000
5190  26.583  -71.715  -9.467 0.0000000000
5192  37.528  -71.257  -10.976 0.0000000000
5193  36.990  -71.406  -10.786 0.0000000000
5194  36.165  -71.533  -10.720 0.0000000000
5195  35.163  -71.561  -10.871 0.0000000000
5196  34.030  -71.514  -11.173 0.0000000000
5197  33.017  -71.801  -11.245 0.0000000000
5198  31.967  -71.798  -11.162 0.0000000000
5199  30.706  -71.509  -11.102 0.0000000000
5200  29.259  -71.512  -10.985 0.0000000000
5201  27.946  -71.004  -10.157 0.0000000000
5202  26.801  -71.458  -10.087 0.0000000000
5203  26.270  -71.886  -9.892 0.0000000000
5205  38.275  -71.309  -11.923 0.0000000000
5206  37.925  -71.481  -11.397 0.0000000000
5207  33.715  -71.003  -11.331 0.0000000000
5208  33.253  -71.051  -11.397 0.0000000000
5209  32.375  -71.062  -11.425 0.0000000000
5210  31.491  -71.006  -11.367 0.0000000000
5211  28.899  -72.087  -11.333 0.0000000000
5212  28.197  -71.696  -11.543 0.0000000000
5213  27.096  -71.530  -11.088 0.0000000000
5214  26.263  -71.834  -10.732 0.0000000000
5216  38.286  -71.659  -12.518 0.0000000000
5224  38.158  -71.736  -13.409 0.0000000000
5229  38.130  -71.435  -13.775 0.0000000000
5230  37.774  -71.768  -14.040 0.0000000000
5231  36.885  -71.664  -14.563 0.0000000000
5242  36.427  -71.306  -14.852 0.0000000000
5243  35.614  -71.377  -14.940 0.0000000000
5508  24.040  -71.193  18.184 0.0000000000
5509  23.373  -70.825  18.441 0.0000000000
5510  22.266  -70.771  18.492 0.0000000000
5511  21.375  -70.877  18.252 0.0000000000
5512  20.736  -70.838  17.821 0.0000000000
5521  24.991  -70.645  17.414 0.0000000000
5522  24.344  -70.432  18.009 0.0000000000
5523  23.615  -69.930  18.245 0.0000000000
5524  21.850  -70.327  18.217 0.0000000000
5525  21.288  -70.283  17.735 0.0000000000
5526  20.474  -70.488  16.932 0.0000000000
5536  25.470  -70.442  15.964 0.0000000000
5537  25.388  -70.387  16.460 0.0000000000
5546  25.499  -70.140  15.515 0.0000000000
5547  25.462  -69.839  15.970 0.0000000000
5558  25.367  -70.248  14.625 0.0000000000
5561  25.154  -70.366  13.850 0.0000000000
5562  24.839  -70.425  13.163 0.0000000000
5564  24.309  -70.625  12.390 0.0000000000
5565  24.120  -69.952  12.172 0.0000000000
5567  24.114  -71.166  11.254 0.0000000000
5568  23.901  -70.201  11.646 0.0000000000
5571  24.294  -71.318  10.291 0.0000000000
5572  23.631  -70.496  10.676 0.0000000000
5573  23.153  -70.112  10.340 0.0000000000
5585  24.452  -71.352  9.767 0.0000000000
5586  23.849  -71.125  9.766 0.0000000000
5587  23.188  -70.457  9.887 0.0000000000
5593  33.743  -70.148  8.417 0.0000000000
5594  33.342  -70.259  8.353 0.0000000000
5595  32.689  -70.352  8.404 0.0000000000
5598  23.336  -70.886  9.134 0.0000000000
5599  22.768  -70.252  9.150 0.0000000000
5603  33.775  -70.216  7.914 0.0000000000
5604  33.036  -70.762  7.447 0.0000000000
5605  32.169  -70.830  7.832 0.0000000000
5606  31.505  -70.642  7.705 0.0000000000
5607  30.871  -70.451  7.400 0.0000000000
5608  22.957  -70.703  8.536 0.0000000000
5609  22.446  -70.180  8.174 0.0000000000
5610  21.963  -69.952  7.486 0.0000000000
5619  33.905  -70.268  7.017 0.0000000000
5620  33.479  -70.734  6.501 0.0000000000
5621  30.321  -70.515  6.658 0.0000000000
5622  23.128  -70.742  7.698 0.0000000000
5623  22.510  -70.446  7.124 0.0000000000
5624  21.758  -70.085  6.592 0.0000000000
5625  21.328  -69.790  6.033 0.0000000000
5633  34.074  -70.238  5.906 0.0000000000
5634  33.503  -70.978  5.623 0.0000000000
5635  29.786  -70.303  5.907 0.0000000000
5636  29.498  -70.200  5.184 0.0000000000
5637  23.351  -70.793  6.721 0.0000000000
5638  22.807  -70.650  5.765 0.0000000000
5639  21.729  -70.228  5.509 0.0000000000
5640  21.134  -69.787  5.421 0.0000000000
5648  33.880  -70.511  4.635 0.0000000000
5649  33.432  -71.190  4.817 0.0000000000
5650  29.694  -70.945  5.256 0.0000000000
5651  29.295  -70.568  4.468 0.0000000000
5652  23.118  -70.968  4.763 0.0000000000
5653  22.275  -70.697  4.373 0.0000000000
5654  21.357  -70.145  4.674 0.0000000000
5663  33.974  -70.261  3.489 0.0000000000
5664  28.883  -70.433  3.376 0.0000000000
5665  28.437  -69.947  3.053 0.0000000000
5666  22.090  -70.828  3.499 0.0000000000
5667  21.378  -70.371  3.401 0.0000000000
5668  20.872  -69.838  3.202 0.0000000000
5674  34.131  -70.272  2.397 0.0000000000
5675  28.804  -70.973  2.702 0.0000000000
5676  28.205  -70.344  2.557 0.0000000000
5677  27.208  -70.496  2.119 0.0000000000
5678  26.570  -70.159  2.030 0.0000000000
5679  21.279  -70.429  2.213 0.0000000000
5680  20.941  -69.956  2.607 0.0000000000
5682  34.435  -70.709  0.938 0.0000000000
5683  34.440  -70.310  1.419 0.0000000000
5684  26.963  -71.033  1.861 0.0000000000
5685  26.427  -70.708  1.794 0.0000000000
5686  25.679  -70.634  1.273 0.0000000000
5687  21.210  -70.401  1.672 0.0000000000
5688  21.034  -70.053  1.844 0.0000000000
5690  34.620  -70.543  0.498 0.0000000000
5691  34.675  -70.346  0.810 0.0000000000
5692  25.077  -70.542  0.655 0.0000000000
5693  24.707  -70.500  -0.016 0.0000000000
5694  21.101  -70.297  1.135 0.0000000000
5695  20.964  -69.730  1.427 0.0000000000
5698  34.631  -70.476  -0.129 0.0000000000
5699  34.686  -70.130  -0.631 0.0000000000
5700  24.474  -70.543  -0.778 0.0000000000
5701  21.135  -70.307  0.138 0.0000000000
5704  34.465  -70.552  -1.071 0.0000000000
5705  34.492  -70.068  -1.435 0.0000000000
5706  24.239  -70.451  -1.616 0.0000000000
5707  21.200  -70.309  -0.932 0.0000000000
5709  34.363  -70.702  -2.093 0.0000000000
5710  34.345  -70.242  -2.501 0.0000000000
5711  24.007  -70.214  -2.233 0.0000000000
5712  23.757  -70.223  -2.783 0.0000000000
5713  21.318  -70.368  -2.036 0.0000000000
5715  34.429  -70.943  -3.127 0.0000000000
5716  34.379  -70.519  -3.569 0.0000000000
5717  34.231  -70.297  -4.106 0.0000000000
5718  23.285  -70.277  -3.227 0.0000000000
5719  22.638  -70.427  -3.315 0.0000000000
5720  21.824  -70.451  -3.000 0.0000000000
5722  34.560  -71.160  -3.984 0.0000000000
5723  34.603  -70.953  -4.681 0.0000000000
5724  34.143  -70.223  -4.845 0.0000000000
5726  34.562  -70.762  -5.649 0.0000000000
5727  34.148  -70.003  -5.796 0.0000000000
5729  34.474  -70.578  -6.570 0.0000000000
5730  34.120  -69.811  -6.746 0.0000000000
5732  34.255  -70.417  -7.292 0.0000000000
5733  33.739  -69.937  -7.750 0.0000000000
5734  29.262  -70.747  -8.016 0.0000000000
5735  28.886  -70.787  -8.114 0.0000000000
5737  32.862  -70.254  -8.257 0.0000000000
5738  31.785  -70.236  -8.345 0.0000000000
5739  30.747  -70.214  -8.367 0.0000000000
5740  29.833  -70.344  -8.222 0.0000000000
5741  28.840  -70.333  -8.615 0.0000000000
5742  28.175  -70.600  -8.800 0.0000000000
5744  28.712  -69.835  -9.599 0.0000000000
5745  28.201  -70.375  -9.314 0.0000000000
5747  37.241  -70.610  -10.865 0.0000000000
5748  36.503  -70.736  -10.751 0.0000000000
5749  35.592  -70.745  -10.837 0.0000000000
5750  34.492  -70.602  -11.157 0.0000000000
5751  33.963  -70.913  -11.284 0.0000000000
5752  29.817  -70.672  -11.103 0.0000000000
5753  29.007  -70.156  -10.495 0.0000000000
5754  28.410  -70.290  -9.872 0.0000000000
5756  38.178  -70.533  -11.700 0.0000000000
5757  37.745  -70.751  -11.149 0.0000000000
5758  33.974  -70.050  -11.428 0.0000000000
5759  33.644  -70.518  -11.459 0.0000000000
5760  32.775  -70.379  -11.721 0.0000000000
5761  31.775  -70.339  -11.765 0.0000000000
5762  30.671  -70.309  -11.515 0.0000000000
5763  29.756  -69.870  -11.219 0.0000000000
5765  38.406  -70.822  -12.298 0.0000000000
5767  38.469  -70.715  -13.016 0.0000000000
5768  38.277  -70.783  -13.878 0.0000000000
5769  37.710  -70.779  -14.563 0.0000000000
5770  37.021  -70.992  -14.836 0.0000000000
5771  37.366  -70.495  -14.992 0.0000000000
5772  36.493  -70.640  -15.109 0.0000000000
5773  35.272  -70.624  -15.180 0.0000000000
5774  34.172  -70.584  -15.320 0.0000000000
5775  33.323  -70.526  -15.726 0.0000000000
5981  22.791  -70.038  18.412 0.0000000000
5982  22.246  -70.167  18.331 0.0000000000
5989  25.002  -69.819  17.259 0.0000000000
5992  22.062  -69.582  17.894 0.0000000000
5993  21.196  -69.597  16.999 0.0000000000
6002  25.237  -69.370  16.295 0.0000000000
6013  25.528  -69.578  15.205 0.0000000000
6014  25.480  -69.425  15.565 0.0000000000
6024  25.535  -69.596  14.768 0.0000000000
6027  25.485  -69.510  13.942 0.0000000000
6028  25.169  -69.782  13.405 0.0000000000
6032  24.956  -69.608  12.720 0.0000000000
6033  24.539  -69.757  12.284 0.0000000000
6038  24.433  -69.588  11.766 0.0000000000
6047  24.134  -69.561  10.954 0.0000000000
6048  23.474  -69.786  10.484 0.0000000000
6061  23.114  -69.702  9.796 0.0000000000
6069  35.175  -69.463  8.570 0.0000000000
6070  34.171  -69.964  8.500 0.0000000000
6075  22.799  -69.400  8.701 0.0000000000
6079  35.739  -69.226  7.727 0.0000000000
6080  35.255  -69.487  7.223 0.0000000000
6081  34.499  -69.891  7.655 0.0000000000
6083  22.215  -69.413  7.814 0.0000000000
6084  21.621  -69.423  7.173 0.0000000000
6092  35.140  -69.410  6.307 0.0000000000
6093  34.607  -69.801  6.648 0.0000000000
6095  21.286  -69.432  6.501 0.0000000000
6096  21.033  -69.370  5.903 0.0000000000
6104  35.082  -69.283  5.879 0.0000000000
6105  34.730  -69.548  5.793 0.0000000000
6108  20.818  -69.318  5.285 0.0000000000
6109  20.679  -69.126  4.974 0.0000000000
6116  34.326  -69.784  5.139 0.0000000000
6117  29.347  -69.561  4.781 0.0000000000
6118  20.937  -69.726  4.900 0.0000000000
6119  20.763  -69.395  4.673 0.0000000000
6125  34.246  -69.601  4.265 0.0000000000
6126  29.010  -69.416  3.971 0.0000000000
6127  28.621  -69.476  3.290 0.0000000000
6128  20.972  -69.859  4.311 0.0000000000
6129  20.751  -69.520  3.826 0.0000000000
6135  34.157  -69.465  3.181 0.0000000000
6136  28.166  -69.478  2.853 0.0000000000
6137  27.474  -69.514  2.414 0.0000000000
6138  26.814  -69.782  2.106 0.0000000000
6139  20.740  -69.375  2.949 0.0000000000
6142  34.321  -69.505  2.064 0.0000000000
6143  26.947  -69.209  1.902 0.0000000000
6144  26.245  -69.633  1.465 0.0000000000
6145  25.502  -69.903  0.907 0.0000000000
6146  20.839  -69.437  2.037 0.0000000000
6149  34.756  -70.165  0.325 0.0000000000
6150  34.574  -69.614  0.807 0.0000000000
6151  25.739  -69.292  0.653 0.0000000000
6152  25.141  -69.586  0.118 0.0000000000
6153  24.680  -69.913  -0.453 0.0000000000
6154  21.009  -69.517  0.769 0.0000000000
6155  20.920  -69.312  1.375 0.0000000000
6158  34.758  -69.987  -0.023 0.0000000000
6159  34.441  -69.395  -0.485 0.0000000000
6160  24.904  -69.353  -0.636 0.0000000000
6161  24.566  -69.722  -1.159 0.0000000000
6162  21.159  -69.433  -0.300 0.0000000000
6165  34.053  -69.255  -1.840 0.0000000000
6166  33.631  -68.566  -2.119 0.0000000000
6167  24.316  -69.764  -1.864 0.0000000000
6168  21.366  -69.373  -1.511 0.0000000000
6173  34.043  -69.832  -3.016 0.0000000000
6174  33.576  -69.077  -2.795 0.0000000000
6175  24.182  -69.511  -2.479 0.0000000000
6176  23.638  -69.422  -3.062 0.0000000000
6177  22.053  -69.280  -3.094 0.0000000000
6178  21.681  -69.502  -2.586 0.0000000000
6182  34.132  -70.081  -3.626 0.0000000000
6183  33.697  -69.658  -3.863 0.0000000000
6184  22.962  -69.580  -3.408 0.0000000000
6185  22.345  -69.657  -3.291 0.0000000000
6186  21.936  -69.706  -3.065 0.0000000000
6189  33.589  -69.523  -4.994 0.0000000000
6192  33.641  -69.299  -5.969 0.0000000000
6194  33.650  -69.108  -6.907 0.0000000000
6196  33.254  -68.940  -7.730 0.0000000000
6197  32.998  -68.497  -8.100 0.0000000000
6199  33.165  -69.562  -8.150 0.0000000000
6200  32.529  -69.138  -8.436 0.0000000000
6201  31.248  -69.274  -8.749 0.0000000000
6202  30.202  -69.633  -8.733 0.0000000000
6203  29.555  -69.869  -8.680 0.0000000000
6205  31.105  -68.575  -9.029 0.0000000000
6206  30.447  -68.814  -9.133 0.0000000000
6207  29.485  -69.313  -9.328 0.0000000000
6209  37.225  -70.177  -10.902 0.0000000000
6210  36.854  -70.109  -10.842 0.0000000000
6211  36.022  -70.032  -10.857 0.0000000000
6212  35.203  -70.029  -11.037 0.0000000000
6213  29.070  -69.202  -10.136 0.0000000000
6215  38.179  -69.599  -11.803 0.0000000000
6216  37.465  -69.838  -11.202 0.0000000000
6217  36.471  -69.386  -11.051 0.0000000000
6218  35.489  -69.301  -11.135 0.0000000000
6219  34.442  -69.496  -11.362 0.0000000000
6220  33.357  -69.583  -11.777 0.0000000000
6221  32.231  -69.573  -12.117 0.0000000000
6222  31.189  -69.536  -12.105 0.0000000000
6223  30.164  -69.178  -11.834 0.0000000000
6224  29.404  -69.055  -11.023 0.0000000000
6226  38.552  -69.812  -12.463 0.0000000000
6227  31.658  -68.883  -12.404 0.0000000000
6228  30.841  -68.682  -12.363 0.0000000000
6229  30.252  -68.396  -12.127 0.0000000000
6230  38.812  -68.906  -14.332 0.0000000000
6231  38.741  -69.404  -13.614 0.0000000000
6232  38.714  -68.842  -14.630 0.0000000000
6233  38.348  -69.507  -14.681 0.0000000000
6234  37.805  -70.155  -14.907 0.0000000000
6235  38.129  -69.223  -15.353 0.0000000000
6236  37.455  -69.755  -15.327 0.0000000000
6237  36.134  -69.807  -15.451 0.0000000000
6238  34.930  -69.771  -15.428 0.0000000000
6239  33.847  -69.706  -15.489 0.0000000000
6240  32.919  -69.609  -15.961 0.0000000000
6585  35.836  -69.162  7.097 0.0000000000
6601  36.128  -68.962  6.492 0.0000000000
6602  35.583  -69.227  6.572 0.0000000000
6620  36.313  -68.607  5.575 0.0000000000
6621  35.450  -69.028  5.789 0.0000000000
6622  35.011  -69.223  5.635 0.0000000000
6640  36.449  -68.082  4.540 0.0000000000
6641  35.490  -68.441  4.802 0.0000000000
6642  34.797  -69.121  5.079 0.0000000000
6649  20.736  -68.837  4.637 0.0000000000
6660  35.241  -68.166  4.173 0.0000000000
6661  34.636  -68.585  3.966 0.0000000000
6666  20.745  -68.765  3.517 0.0000000000
6675  34.318  -68.613  2.818 0.0000000000
6680  20.817  -68.756  2.518 0.0000000000
6686  34.335  -68.572  1.715 0.0000000000
6689  26.882  -68.849  1.314 0.0000000000
6691  20.935  -68.845  1.595 0.0000000000
6697  34.291  -68.327  0.514 0.0000000000
6699  26.412  -68.604  0.361 0.0000000000
6700  25.681  -68.998  0.115 0.0000000000
6701  21.255  -68.470  0.628 0.0000000000
6702  20.957  -69.027  1.076 0.0000000000
6708  33.972  -68.205  -0.859 0.0000000000
6709  33.774  -67.613  -1.162 0.0000000000
6711  25.551  -68.631  -0.794 0.0000000000
6712  24.892  -69.141  -1.072 0.0000000000
6713  21.405  -68.629  -0.762 0.0000000000
6719  33.809  -68.490  -1.617 0.0000000000
6720  33.598  -67.891  -1.690 0.0000000000
6722  24.749  -69.034  -1.769 0.0000000000
6723  21.922  -68.144  -1.975 0.0000000000
6724  21.578  -68.608  -1.559 0.0000000000
6731  33.084  -68.087  -2.673 0.0000000000
6732  32.693  -67.676  -3.218 0.0000000000
6734  24.375  -68.414  -2.720 0.0000000000
6735  23.107  -68.612  -3.128 0.0000000000
6736  22.185  -68.667  -2.741 0.0000000000
6737  21.660  -68.829  -2.144 0.0000000000
6744  33.181  -68.830  -3.420 0.0000000000
6745  32.753  -68.210  -3.623 0.0000000000
6746  22.695  -69.204  -3.375 0.0000000000
6747  22.447  -69.051  -3.232 0.0000000000
6754  33.087  -68.908  -4.264 0.0000000000
6755  32.585  -68.164  -4.524 0.0000000000
6765  33.053  -68.808  -5.232 0.0000000000
6766  32.630  -68.051  -5.479 0.0000000000
6776  33.182  -68.607  -6.148 0.0000000000
6777  32.803  -67.916  -6.397 0.0000000000
6785  33.225  -68.483  -6.934 0.0000000000
6786  32.877  -67.996  -7.425 0.0000000000
6789  32.604  -68.040  -8.275 0.0000000000
6790  31.808  -68.134  -8.852 0.0000000000
6793  30.877  -68.035  -9.315 0.0000000000
6794  29.949  -68.215  -9.896 0.0000000000
6795  29.368  -68.753  -9.926 0.0000000000
6797  29.626  -67.897  -10.790 0.0000000000
6798  29.371  -68.535  -10.467 0.0000000000
6800  38.375  -69.029  -12.180 0.0000000000
6801  37.778  -68.774  -11.790 0.0000000000
6802  36.934  -68.702  -11.431 0.0000000000
6803  35.944  -68.484  -11.348 0.0000000000
6804  34.861  -68.444  -11.409 0.0000000000
6805  33.775  -68.489  -11.757 0.0000000000
6806  32.583  -68.490  -12.261 0.0000000000
6807  29.794  -68.163  -11.600 0.0000000000
6808  29.434  -68.379  -11.010 0.0000000000
6809  38.664  -68.459  -12.826 0.0000000000
6810  38.178  -68.484  -12.242 0.0000000000
6811  31.460  -67.979  -12.501 0.0000000000
6812  30.597  -67.950  -12.368 0.0000000000
6813  30.146  -67.966  -12.126 0.0000000000
6814  39.031  -68.488  -14.071 0.0000000000
6815  38.999  -68.496  -13.584 0.0000000000
7239  36.126  -67.871  4.184 0.0000000000
7240  35.763  -67.959  4.208 0.0000000000
7260  35.172  -67.791  3.621 0.0000000000
7261  34.635  -68.115  3.265 0.0000000000
7279  34.624  -67.604  2.515 0.0000000000
7293  34.365  -67.733  1.441 0.0000000000
7307  34.331  -67.378  0.826 0.0000000000
7320  34.160  -67.354  0.014 0.0000000000
7321  33.916  -67.210  -0.765 0.0000000000
7327  21.706  -67.863  -0.448 0.0000000000
7333  33.657  -67.131  -1.367 0.0000000000
7338  21.702  -68.113  -1.246 0.0000000000
7346  33.232  -67.130  -2.038 0.0000000000
7347  32.706  -67.017  -2.848 0.0000000000
7357  32.411  -67.333  -3.800 0.0000000000
7366  32.238  -67.338  -4.819 0.0000000000
7376  32.314  -67.238  -5.739 0.0000000000
7385  32.405  -67.165  -6.682 0.0000000000
7395  32.288  -67.109  -7.718 0.0000000000
7396  31.889  -66.618  -8.026 0.0000000000
7405  32.272  -67.567  -8.433 0.0000000000
7406  31.900  -67.123  -8.472 0.0000000000
7409  31.268  -67.178  -9.039 0.0000000000
7410  30.570  -67.214  -9.705 0.0000000000
7412  30.007  -67.182  -10.421 0.0000000000
7414  37.240  -68.188  -11.793 0.0000000000
7415  36.537  -67.627  -11.763 0.0000000000
7416  35.346  -67.517  -11.610 0.0000000000
7417  34.244  -67.467  -11.715 0.0000000000
7418  33.190  -67.462  -12.099 0.0000000000
7419  32.205  -67.353  -12.416 0.0000000000
7420  29.913  -67.180  -11.294 0.0000000000
7424  31.481  -67.142  -12.466 0.0000000000
7425  30.881  -67.298  -12.428 0.0000000000
7426  30.260  -67.370  -12.052 0.0000000000
7968  32.772  -66.193  -2.858 0.0000000000
7983  32.456  -66.337  -3.457 0.0000000000
7995  32.145  -66.442  -4.312 0.0000000000
8006  32.010  -66.598  -5.134 0.0000000000
8016  31.942  -66.303  -5.958 0.0000000000
8017  31.776  -65.780  -6.564 0.0000000000
8027  32.049  -66.469  -6.864 0.0000000000
8028  31.717  -66.069  -7.424 0.0000000000
8039  31.396  -66.266  -8.383 0.0000000000
8046  30.828  -66.306  -9.265 0.0000000000
8047  30.330  -66.356  -10.045 0.0000000000
8050  30.100  -66.359  -10.874 0.0000000000
8053  35.756  -66.650  -11.872 0.0000000000
8054  34.731  -66.492  -11.862 0.0000000000
8055  33.645  -66.467  -11.989 0.0000000000
8056  32.620  -66.497  -12.232 0.0000000000
8057  30.908  -66.106  -12.124 0.0000000000
8058  30.480  -66.354  -11.776 0.0000000000
8062  31.790  -66.558  -12.374 0.0000000000
8063  31.075  -66.535  -12.348 0.0000000000
8064  30.623  -66.862  -12.222 0.0000000000
8720  31.335  -65.189  -7.768 0.0000000000
8731  30.917  -65.326  -8.765 0.0000000000
8742  30.576  -65.497  -9.695 0.0000000000
8743  30.367  -65.659  -10.470 0.0000000000
8751  30.780  -65.196  -11.342 0.0000000000
8752  30.404  -65.703  -11.169 0.0000000000
8757  34.112  -65.435  -12.088 0.0000000000
8758  33.006  -65.485  -12.124 0.0000000000
8759  31.860  -65.694  -12.168 0.0000000000
8760  31.001  -65.639  -11.906 0.0000000000
8761  30.644  -65.708  -11.564 0.0000000000
8765  31.491  -66.197  -12.282 0.0000000000
8766  31.257  -66.021  -12.190 0.0000000000
9457  31.259  -64.316  -8.297 0.0000000000
9470  30.904  -64.432  -9.532 0.0000000000
9471  30.609  -65.011  -10.248 0.0000000000
9482  30.944  -64.460  -10.750 0.0000000000
9483  30.558  -65.170  -10.809 0.0000000000
9494  32.364  -64.662  -11.908 0.0000000000
9495  31.464  -64.754  -11.634 0.0000000000
10352  31.994  -64.221  -11.601 0.0000000000
3063  35.930  -74.784  -11.023 0.0000000000
3064  35.071  -75.269  -10.904 0.0000000000
3065  34.101  -75.426  -11.065 0.0000000000
3066  33.106  -75.249  -11.301 0.0000000000
3075  36.232  -75.068  -11.515 0.0000000000
3076  35.689  -75.456  -11.310 0.0000000000
3089  36.938  -74.645  -12.277 0.0000000000
3090  36.649  -74.970  -12.138 0.0000000000
3101  36.937  -74.748  -12.547 0.0000000000
3558  36.055  -74.018  -10.909 0.0000000000
3559  35.283  -74.255  -10.824 0.0000000000
3560  34.330  -74.432  -10.910 0.0000000000
3561  33.323  -74.487  -11.121 0.0000000000
3562  32.323  -74.602  -11.307 0.0000000000
3570  37.029  -73.944  -11.710 0.0000000000
3571  36.698  -74.192  -11.473 0.0000000000
3582  37.126  -74.149  -12.159 0.0000000000
3583  36.859  -74.468  -11.898 0.0000000000
3593  37.130  -74.382  -13.022 0.0000000000
3594  36.558  -74.388  -13.665 0.0000000000
3604  35.931  -74.164  -14.175 0.0000000000
4056  36.485  -73.261  -10.943 0.0000000000
4057  35.545  -73.351  -10.802 0.0000000000
4058  34.567  -73.468  -10.876 0.0000000000
4059  33.533  -73.563  -11.021 0.0000000000
4060  32.430  -73.647  -11.066 0.0000000000
4061  31.145  -73.818  -11.215 0.0000000000
4062  29.952  -73.296  -11.370 0.0000000000
4069  37.176  -73.435  -11.620 0.0000000000
4070  36.895  -73.441  -11.278 0.0000000000
4079  37.954  -72.808  -12.352 0.0000000000
4080  37.698  -73.010  -12.186 0.0000000000
4088  37.983  -72.882  -12.573 0.0000000000
4089  37.721  -73.402  -12.921 0.0000000000
4090  37.228  -73.822  -13.464 0.0000000000
4100  37.535  -73.263  -13.575 0.0000000000
4101  36.822  -73.501  -13.994 0.0000000000
4102  35.623  -73.299  -14.501 0.0000000000
4111  34.659  -73.180  -14.925 0.0000000000
4646  37.919  -72.675  -13.424 0.0000000000
4656  37.532  -72.694  -13.861 0.0000000000
4657  36.837  -72.567  -14.283 0.0000000000
4658  36.101  -72.331  -14.530 0.0000000000
4668  35.178  -72.329  -14.830 0.0000000000
4669  34.152  -72.702  -15.347 0.0000000000
5225  37.909  -72.239  -13.701 0.0000000000
5232  36.028  -71.793  -14.700 0.0000000000
5244  34.426  -71.579  -15.188 0.0000000000
5245  33.631  -71.255  -15.576 0.0000000000
5258  33.639  -72.068  -15.901 0.0000000000
5259  33.224  -71.317  -16.210 0.0000000000
5779  32.884  -70.508  -16.438 0.0000000000
3102  36.340  -75.276  -13.200 0.0000000000
3113  35.690  -75.096  -14.221 0.0000000000
3605  34.958  -74.448  -14.703 0.0000000000
3606  34.439  -74.141  -15.059 0.0000000000
3617  34.361  -74.474  -15.391 0.0000000000
3625  34.137  -74.337  -15.801 0.0000000000
3635  36.036  -74.131  -17.388 0.0000000000
4103  34.675  -73.774  -14.855 0.0000000000
4112  34.177  -73.742  -15.468 0.0000000000
4117  35.386  -74.033  -17.249 0.0000000000
4118  34.621  -73.901  -16.894 0.0000000000
4119  34.147  -74.027  -16.185 0.0000000000
4130  36.591  -73.560  -17.561 0.0000000000
4131  35.622  -73.513  -17.468 0.0000000000
4132  35.052  -73.635  -17.281 0.0000000000
4677  34.212  -73.285  -16.973 0.0000000000
4678  33.941  -73.123  -16.368 0.0000000000
4693  34.722  -72.982  -17.357 0.0000000000
4694  34.056  -72.879  -16.984 0.0000000000
5272  33.746  -71.958  -17.048 0.0000000000
5273  33.145  -71.146  -16.764 0.0000000000
