#!ascii label, from subject  
34
104053 43.086269 12.604757 -29.580540 0.000000
104054 42.515766 12.685164 -29.617928 0.000000
105290 44.028088 13.758221 -29.714642 0.000000
105291 43.615196 13.345483 -29.697348 0.000000
105292 42.888309 13.656849 -29.954178 0.000000
105293 42.264698 13.490598 -29.916044 0.000000
105309 42.780571 14.348008 -30.245510 0.000000
105310 42.463547 14.245183 -30.234520 0.000000
106582 44.349644 14.232624 -29.689941 0.000000
106583 43.797539 14.290734 -29.941854 0.000000
106584 43.371578 14.063942 -30.009188 0.000000
106596 43.466461 14.510565 -30.131023 0.000000
106597 43.121674 14.592510 -30.263580 0.000000
107865 44.177303 15.057708 -30.045877 0.000000
107877 43.597942 15.148362 -30.292341 0.000000
109154 44.445286 16.066843 -30.223505 0.000000
109155 43.960957 15.656779 -30.335524 0.000000
109167 44.170059 16.653605 -30.609016 0.000000
110381 45.004353 16.835417 -30.044617 0.000000
110382 44.521923 17.010679 -30.492722 0.000000
110398 44.059540 17.204025 -30.868124 0.000000
111539 45.293842 17.656355 -29.849995 0.000000
111552 44.848930 17.591835 -30.286592 0.000000
111553 44.437187 17.849678 -30.677391 0.000000
112745 45.552399 18.385551 -29.644779 0.000000
112765 45.569321 19.141094 -29.687828 0.000000
112766 44.947102 18.714130 -30.298260 0.000000
114195 45.418365 19.941338 -30.104040 0.000000
107863 45.456276 15.328665 -29.389988 0.000000
107864 44.843506 15.053977 -29.655872 0.000000
109139 45.826408 15.973422 -29.260454 0.000000
109153 45.221020 15.988771 -29.726793 0.000000
110367 45.568016 16.818399 -29.534754 0.000000
111538 45.843002 17.703249 -29.287395 0.000000
