#!ascii label  , from subject colin27 vox2ras=TkReg coords=white
1090
62319  48.844  -19.140  -24.538 0.0000000000
62320  48.411  -18.879  -24.373 0.0000000000
63531  46.676  -18.139  -22.691 0.0000000000
63545  48.065  -18.644  -24.230 0.0000000000
63546  47.389  -18.407  -23.565 0.0000000000
63547  46.787  -17.833  -23.248 0.0000000000
63557  49.244  -18.798  -25.169 0.0000000000
63558  48.435  -18.410  -24.895 0.0000000000
63559  47.836  -18.145  -24.457 0.0000000000
63562  52.972  -18.649  -26.349 0.0000000000
63563  52.237  -18.532  -26.166 0.0000000000
63564  51.443  -18.516  -26.052 0.0000000000
63565  50.492  -18.353  -26.060 0.0000000000
63566  49.613  -18.361  -25.759 0.0000000000
63567  48.930  -18.215  -25.561 0.0000000000
63572  53.145  -18.549  -27.006 0.0000000000
63573  52.430  -18.151  -26.868 0.0000000000
63574  51.711  -18.094  -26.579 0.0000000000
63575  51.044  -18.059  -26.527 0.0000000000
63584  53.503  -18.402  -27.621 0.0000000000
63585  52.871  -18.033  -27.341 0.0000000000
63605  53.901  -18.161  -28.197 0.0000000000
64714  45.186  -17.708  -20.825 0.0000000000
64717  46.101  -17.747  -22.176 0.0000000000
64718  45.433  -17.312  -21.785 0.0000000000
64723  46.285  -17.331  -23.044 0.0000000000
64724  45.740  -17.032  -22.510 0.0000000000
64732  47.201  -17.612  -23.976 0.0000000000
64733  46.879  -17.374  -23.688 0.0000000000
64741  47.976  -17.758  -24.970 0.0000000000
64742  47.486  -17.353  -24.531 0.0000000000
64743  47.165  -17.233  -24.079 0.0000000000
64746  49.807  -17.873  -26.258 0.0000000000
64747  49.158  -17.794  -26.040 0.0000000000
64748  48.425  -17.426  -25.678 0.0000000000
64749  47.885  -17.309  -25.165 0.0000000000
64752  51.834  -17.683  -27.030 0.0000000000
64753  51.224  -17.659  -26.939 0.0000000000
64754  50.387  -17.415  -26.810 0.0000000000
64755  49.450  -17.296  -26.480 0.0000000000
64756  48.937  -17.328  -26.206 0.0000000000
64762  52.949  -17.729  -27.715 0.0000000000
64763  52.296  -17.369  -27.560 0.0000000000
64764  51.453  -17.227  -27.337 0.0000000000
64765  50.948  -17.271  -27.169 0.0000000000
64779  55.140  -17.480  -29.006 0.0000000000
64780  54.111  -17.477  -28.624 0.0000000000
64781  53.296  -17.515  -28.166 0.0000000000
64782  52.763  -17.344  -27.920 0.0000000000
64806  55.866  -16.999  -29.248 0.0000000000
64807  55.350  -16.873  -29.242 0.0000000000
66057  43.048  -16.627  -19.451 0.0000000000
66059  44.594  -17.197  -20.760 0.0000000000
66060  44.003  -16.748  -20.447 0.0000000000
66061  43.332  -15.928  -20.354 0.0000000000
66062  44.691  -16.711  -21.387 0.0000000000
66063  44.185  -15.980  -21.241 0.0000000000
66064  45.916  -16.344  -23.036 0.0000000000
66065  45.297  -16.228  -22.343 0.0000000000
66069  46.493  -16.472  -23.612 0.0000000000
66076  47.418  -16.328  -24.812 0.0000000000
66077  47.053  -16.574  -24.195 0.0000000000
66083  48.300  -16.422  -26.008 0.0000000000
66084  47.823  -16.605  -25.375 0.0000000000
66087  50.217  -16.749  -27.185 0.0000000000
66088  49.644  -16.599  -27.000 0.0000000000
66089  48.859  -16.684  -26.463 0.0000000000
66094  52.139  -16.799  -27.887 0.0000000000
66095  51.662  -16.635  -27.787 0.0000000000
66096  50.777  -16.676  -27.460 0.0000000000
66097  50.111  -16.278  -27.407 0.0000000000
66104  55.009  -16.690  -29.244 0.0000000000
66105  54.347  -16.483  -29.115 0.0000000000
66106  53.433  -16.634  -28.676 0.0000000000
66107  52.551  -16.726  -28.187 0.0000000000
66108  52.039  -16.499  -28.039 0.0000000000
66126  57.237  -16.304  -29.361 0.0000000000
66127  56.259  -16.258  -29.403 0.0000000000
66128  55.372  -16.303  -29.365 0.0000000000
66129  54.839  -16.272  -29.316 0.0000000000
67482  43.741  -15.783  -20.888 0.0000000000
67488  44.683  -15.444  -21.933 0.0000000000
67489  44.024  -15.074  -21.375 0.0000000000
67492  45.749  -15.376  -22.956 0.0000000000
67493  45.291  -15.194  -22.510 0.0000000000
67495  46.304  -15.488  -23.492 0.0000000000
67500  47.247  -15.576  -24.598 0.0000000000
67501  46.814  -15.605  -24.026 0.0000000000
67507  48.069  -15.777  -25.834 0.0000000000
67508  47.678  -15.485  -25.280 0.0000000000
67513  49.086  -15.982  -26.953 0.0000000000
67514  48.557  -15.557  -26.511 0.0000000000
67517  51.141  -16.034  -27.896 0.0000000000
67518  50.438  -15.655  -27.772 0.0000000000
67519  49.624  -15.643  -27.380 0.0000000000
67520  49.056  -15.346  -27.065 0.0000000000
67524  67.487  -14.976  -28.761 0.0000000000
67525  66.995  -15.109  -28.500 0.0000000000
67526  66.135  -15.225  -28.504 0.0000000000
67527  65.581  -14.810  -28.530 0.0000000000
67528  54.083  -15.800  -29.272 0.0000000000
67529  53.589  -15.857  -29.086 0.0000000000
67530  52.736  -15.719  -28.776 0.0000000000
67531  51.808  -15.855  -28.290 0.0000000000
67532  51.044  -15.394  -28.150 0.0000000000
67539  65.206  -15.378  -28.842 0.0000000000
67540  63.952  -15.475  -29.212 0.0000000000
67541  62.837  -15.552  -29.392 0.0000000000
67542  61.778  -15.587  -29.466 0.0000000000
67543  60.742  -15.604  -29.490 0.0000000000
67544  59.713  -15.582  -29.488 0.0000000000
67545  58.678  -15.497  -29.506 0.0000000000
67546  57.634  -15.408  -29.561 0.0000000000
67547  56.605  -15.378  -29.598 0.0000000000
67548  55.615  -15.422  -29.566 0.0000000000
67549  54.622  -15.580  -29.425 0.0000000000
67550  53.793  -15.256  -29.327 0.0000000000
67551  53.188  -15.220  -29.167 0.0000000000
68838  45.245  -14.435  -22.285 0.0000000000
68839  44.653  -14.328  -21.812 0.0000000000
68847  46.307  -14.513  -23.255 0.0000000000
68848  45.794  -14.455  -22.746 0.0000000000
68856  47.370  -14.263  -24.256 0.0000000000
68857  46.868  -14.583  -23.825 0.0000000000
68862  48.063  -14.301  -25.389 0.0000000000
68863  47.623  -14.549  -24.862 0.0000000000
68864  47.154  -14.910  -24.319 0.0000000000
68870  48.188  -14.810  -25.877 0.0000000000
68871  47.856  -14.775  -25.359 0.0000000000
68875  49.005  -14.307  -26.938 0.0000000000
68876  48.648  -14.558  -26.508 0.0000000000
68881  67.562  -13.923  -27.657 0.0000000000
68882  67.268  -13.907  -27.685 0.0000000000
68883  49.969  -14.921  -27.701 0.0000000000
68884  49.368  -14.697  -27.337 0.0000000000
68885  48.876  -14.877  -26.911 0.0000000000
68890  68.091  -14.017  -27.921 0.0000000000
68891  67.684  -14.202  -27.991 0.0000000000
68892  66.686  -14.314  -27.995 0.0000000000
68893  65.806  -14.326  -28.207 0.0000000000
68894  65.102  -14.236  -28.590 0.0000000000
68895  52.047  -15.022  -28.756 0.0000000000
68896  51.354  -14.811  -28.503 0.0000000000
68897  50.579  -14.644  -28.112 0.0000000000
68901  68.126  -14.014  -28.159 0.0000000000
68903  64.105  -14.178  -29.004 0.0000000000
68904  63.051  -14.394  -29.379 0.0000000000
68905  62.030  -14.489  -29.621 0.0000000000
68906  61.007  -14.544  -29.755 0.0000000000
68907  60.012  -14.604  -29.815 0.0000000000
68908  59.040  -14.603  -29.824 0.0000000000
68909  58.016  -14.483  -29.858 0.0000000000
68910  56.936  -14.409  -29.853 0.0000000000
68911  55.884  -14.458  -29.780 0.0000000000
68912  54.907  -14.534  -29.656 0.0000000000
68913  54.026  -14.545  -29.517 0.0000000000
68914  53.268  -14.544  -29.366 0.0000000000
68915  52.605  -14.719  -29.094 0.0000000000
70108  55.124  -13.613  -21.801 0.0000000000
70109  54.470  -13.558  -21.670 0.0000000000
70110  53.948  -13.474  -21.616 0.0000000000
70111  46.269  -13.222  -22.207 0.0000000000
70112  45.510  -13.461  -21.953 0.0000000000
70118  56.094  -13.585  -22.820 0.0000000000
70119  55.460  -13.742  -22.434 0.0000000000
70120  54.512  -13.798  -22.326 0.0000000000
70121  53.621  -13.621  -22.155 0.0000000000
70122  53.049  -13.482  -22.389 0.0000000000
70123  48.238  -12.950  -23.414 0.0000000000
70124  47.562  -13.113  -23.109 0.0000000000
70125  46.605  -13.495  -22.767 0.0000000000
70126  45.860  -13.803  -22.417 0.0000000000
70136  57.017  -13.156  -23.836 0.0000000000
70137  56.470  -13.492  -23.466 0.0000000000
70138  55.645  -13.827  -23.285 0.0000000000
70139  54.723  -13.852  -23.117 0.0000000000
70140  53.712  -13.708  -23.047 0.0000000000
70141  53.091  -13.535  -22.723 0.0000000000
70142  49.076  -12.934  -24.656 0.0000000000
70143  48.525  -13.064  -24.095 0.0000000000
70144  47.557  -13.594  -23.818 0.0000000000
70145  46.922  -13.815  -23.401 0.0000000000
70148  57.650  -12.798  -24.536 0.0000000000
70149  57.368  -12.950  -24.352 0.0000000000
70150  56.828  -13.432  -24.185 0.0000000000
70151  55.963  -13.684  -24.154 0.0000000000
70152  55.010  -13.710  -23.919 0.0000000000
70153  54.090  -13.627  -23.815 0.0000000000
70154  49.032  -13.097  -25.114 0.0000000000
70155  48.404  -13.565  -25.005 0.0000000000
70156  47.818  -13.744  -24.440 0.0000000000
70161  57.650  -12.906  -24.699 0.0000000000
70162  57.283  -13.138  -24.714 0.0000000000
70163  56.579  -13.383  -24.785 0.0000000000
70164  55.855  -13.420  -24.884 0.0000000000
70165  49.013  -13.259  -25.646 0.0000000000
70166  48.478  -13.934  -25.781 0.0000000000
70170  48.997  -13.710  -26.492 0.0000000000
70171  48.547  -14.229  -26.175 0.0000000000
70174  67.995  -13.162  -27.359 0.0000000000
70175  67.575  -13.478  -27.479 0.0000000000
70176  66.650  -13.380  -27.532 0.0000000000
70177  65.893  -13.085  -27.718 0.0000000000
70178  49.955  -14.061  -27.776 0.0000000000
70179  49.420  -13.863  -27.248 0.0000000000
70185  68.160  -13.626  -27.773 0.0000000000
70186  67.888  -13.841  -27.669 0.0000000000
70187  66.054  -13.750  -27.835 0.0000000000
70188  65.362  -13.333  -28.247 0.0000000000
70189  64.520  -13.286  -28.779 0.0000000000
70190  51.841  -14.026  -28.887 0.0000000000
70191  50.999  -13.978  -28.471 0.0000000000
70192  50.502  -13.838  -28.149 0.0000000000
70199  63.844  -13.123  -29.128 0.0000000000
70200  63.173  -13.284  -29.406 0.0000000000
70201  62.237  -13.399  -29.726 0.0000000000
70202  61.246  -13.488  -29.966 0.0000000000
70203  60.184  -13.524  -30.142 0.0000000000
70204  59.317  -13.771  -30.132 0.0000000000
70205  58.426  -13.693  -30.147 0.0000000000
70206  57.320  -13.280  -30.171 0.0000000000
70207  56.114  -13.449  -29.993 0.0000000000
70208  55.108  -13.577  -29.805 0.0000000000
70209  54.186  -13.659  -29.663 0.0000000000
70210  53.398  -13.754  -29.493 0.0000000000
70211  52.681  -13.819  -29.288 0.0000000000
70221  59.401  -13.094  -30.324 0.0000000000
70222  58.766  -13.076  -30.343 0.0000000000
70223  58.050  -12.913  -30.334 0.0000000000
70224  57.596  -12.673  -30.308 0.0000000000
71393  54.862  -12.596  -20.973 0.0000000000
71394  54.224  -12.858  -20.704 0.0000000000
71395  53.109  -12.772  -20.760 0.0000000000
71409  55.186  -13.018  -21.312 0.0000000000
71410  54.370  -13.251  -21.207 0.0000000000
71411  53.353  -13.273  -21.559 0.0000000000
71412  52.147  -12.868  -21.679 0.0000000000
71413  50.928  -12.556  -21.746 0.0000000000
71414  49.752  -12.323  -21.776 0.0000000000
71415  48.634  -12.242  -21.752 0.0000000000
71416  47.609  -12.298  -21.693 0.0000000000
71417  46.526  -12.578  -21.680 0.0000000000
71423  56.060  -13.319  -22.360 0.0000000000
71424  55.729  -13.201  -21.831 0.0000000000
71425  53.100  -13.442  -22.148 0.0000000000
71426  52.495  -13.250  -22.536 0.0000000000
71427  51.150  -12.808  -22.685 0.0000000000
71428  49.905  -12.592  -22.670 0.0000000000
71429  48.663  -12.571  -22.658 0.0000000000
71430  47.624  -12.636  -22.422 0.0000000000
71431  46.890  -12.778  -22.202 0.0000000000
71441  56.790  -12.940  -23.518 0.0000000000
71442  56.432  -12.947  -22.921 0.0000000000
71443  53.453  -13.519  -23.718 0.0000000000
71444  52.801  -13.323  -23.536 0.0000000000
71445  51.582  -12.871  -23.663 0.0000000000
71446  49.971  -12.679  -23.879 0.0000000000
71447  49.043  -12.732  -23.336 0.0000000000
71457  58.564  -12.180  -24.750 0.0000000000
71458  58.000  -12.465  -24.600 0.0000000000
71459  57.243  -12.514  -24.035 0.0000000000
71460  55.284  -13.487  -24.581 0.0000000000
71461  54.484  -13.327  -24.591 0.0000000000
71462  53.402  -13.158  -24.459 0.0000000000
71463  52.225  -12.796  -24.611 0.0000000000
71464  50.973  -12.595  -24.832 0.0000000000
71465  49.728  -12.731  -25.194 0.0000000000
71471  59.328  -12.115  -25.125 0.0000000000
71472  58.879  -12.195  -25.017 0.0000000000
71473  58.013  -12.756  -25.085 0.0000000000
71474  57.207  -12.992  -25.326 0.0000000000
71475  56.299  -13.035  -25.448 0.0000000000
71476  55.235  -13.013  -25.354 0.0000000000
71477  54.090  -12.732  -25.413 0.0000000000
71478  52.966  -12.526  -25.519 0.0000000000
71479  51.829  -12.369  -25.739 0.0000000000
71480  50.689  -12.443  -26.005 0.0000000000
71481  49.703  -12.857  -26.273 0.0000000000
71488  67.578  -12.173  -26.747 0.0000000000
71489  67.344  -12.147  -26.666 0.0000000000
71490  59.373  -12.159  -25.332 0.0000000000
71491  58.867  -12.330  -25.571 0.0000000000
71492  57.996  -12.529  -25.840 0.0000000000
71493  57.023  -12.500  -26.034 0.0000000000
71494  55.975  -12.427  -26.176 0.0000000000
71495  54.869  -12.292  -26.264 0.0000000000
71496  53.767  -12.109  -26.358 0.0000000000
71497  52.692  -12.036  -26.566 0.0000000000
71498  51.633  -12.115  -26.969 0.0000000000
71499  50.538  -12.574  -27.069 0.0000000000
71500  49.758  -13.202  -27.113 0.0000000000
71507  68.183  -12.799  -27.502 0.0000000000
71508  67.693  -12.520  -27.004 0.0000000000
71509  66.867  -12.428  -26.892 0.0000000000
71510  66.055  -12.457  -27.330 0.0000000000
71511  52.032  -12.251  -28.420 0.0000000000
71512  51.445  -12.415  -28.019 0.0000000000
71513  50.448  -13.218  -27.849 0.0000000000
71514  49.871  -13.542  -27.507 0.0000000000
71518  68.465  -12.955  -28.030 0.0000000000
71520  65.426  -12.324  -27.918 0.0000000000
71521  64.587  -12.252  -28.557 0.0000000000
71522  63.843  -11.950  -28.952 0.0000000000
71523  52.964  -12.428  -29.109 0.0000000000
71524  52.323  -12.777  -28.919 0.0000000000
71525  51.256  -13.256  -28.463 0.0000000000
71526  50.774  -13.525  -28.254 0.0000000000
71534  64.040  -12.573  -28.979 0.0000000000
71535  63.344  -12.291  -29.315 0.0000000000
71536  62.406  -12.350  -29.685 0.0000000000
71537  61.428  -12.436  -30.017 0.0000000000
71538  60.499  -12.562  -30.229 0.0000000000
71539  57.185  -12.240  -30.223 0.0000000000
71540  56.251  -12.403  -30.070 0.0000000000
71541  55.237  -12.648  -29.844 0.0000000000
71542  54.350  -12.835  -29.681 0.0000000000
71543  53.395  -12.839  -29.439 0.0000000000
71544  52.916  -13.254  -29.359 0.0000000000
71554  59.695  -12.575  -30.363 0.0000000000
71555  58.983  -12.504  -30.412 0.0000000000
71556  58.364  -12.460  -30.402 0.0000000000
71557  57.824  -12.311  -30.352 0.0000000000
72658  55.164  -11.783  -21.302 0.0000000000
72659  54.703  -11.187  -21.668 0.0000000000
72663  55.876  -12.640  -22.429 0.0000000000
72664  55.298  -12.271  -21.969 0.0000000000
72665  54.721  -11.445  -21.987 0.0000000000
72669  56.639  -12.336  -23.578 0.0000000000
72670  55.984  -12.040  -23.174 0.0000000000
72671  55.445  -11.897  -22.688 0.0000000000
72672  54.931  -11.534  -22.471 0.0000000000
72681  63.070  -11.078  -25.334 0.0000000000
72682  62.504  -11.192  -25.083 0.0000000000
72683  61.594  -11.310  -24.920 0.0000000000
72684  60.616  -11.370  -24.884 0.0000000000
72685  59.719  -11.443  -24.836 0.0000000000
72686  58.777  -11.743  -24.729 0.0000000000
72687  57.860  -11.764  -24.391 0.0000000000
72688  57.057  -11.698  -24.086 0.0000000000
72689  56.401  -11.593  -23.751 0.0000000000
72698  67.060  -11.144  -26.105 0.0000000000
72699  66.527  -10.975  -25.858 0.0000000000
72700  65.867  -10.834  -25.705 0.0000000000
72701  65.351  -10.692  -25.654 0.0000000000
72702  63.107  -11.116  -25.623 0.0000000000
72703  62.583  -11.291  -25.513 0.0000000000
72704  61.835  -11.471  -25.410 0.0000000000
72705  60.856  -11.666  -25.330 0.0000000000
72706  59.756  -11.883  -25.146 0.0000000000
72707  59.287  -11.858  -24.901 0.0000000000
72715  67.454  -11.776  -26.633 0.0000000000
72716  66.898  -11.677  -26.344 0.0000000000
72717  66.232  -11.294  -26.185 0.0000000000
72718  65.382  -10.921  -26.104 0.0000000000
72719  63.127  -11.112  -25.865 0.0000000000
72720  62.844  -11.169  -25.947 0.0000000000
72721  62.164  -11.377  -25.927 0.0000000000
72722  61.304  -11.645  -25.955 0.0000000000
72723  60.012  -11.970  -25.907 0.0000000000
72724  58.918  -12.041  -26.347 0.0000000000
72725  57.887  -11.939  -26.583 0.0000000000
72726  56.832  -11.740  -26.764 0.0000000000
72727  55.721  -11.633  -26.958 0.0000000000
72728  54.609  -11.613  -27.122 0.0000000000
72729  53.555  -11.651  -27.310 0.0000000000
72730  52.602  -11.796  -27.563 0.0000000000
72731  51.992  -11.987  -27.845 0.0000000000
72747  68.317  -12.510  -27.686 0.0000000000
72748  67.990  -11.900  -27.296 0.0000000000
72749  66.529  -11.765  -26.516 0.0000000000
72750  65.967  -11.652  -26.740 0.0000000000
72751  64.959  -11.021  -26.866 0.0000000000
72752  62.509  -11.098  -26.340 0.0000000000
72753  61.895  -11.225  -26.530 0.0000000000
72754  60.938  -11.412  -26.695 0.0000000000
72755  59.860  -11.441  -26.873 0.0000000000
72756  58.818  -11.409  -27.151 0.0000000000
72757  57.787  -11.265  -27.407 0.0000000000
72758  56.709  -11.034  -27.756 0.0000000000
72759  55.494  -11.134  -27.894 0.0000000000
72760  54.428  -11.327  -28.072 0.0000000000
72761  53.442  -11.613  -28.254 0.0000000000
72762  52.523  -11.985  -28.440 0.0000000000
72763  51.972  -12.098  -28.188 0.0000000000
72770  68.333  -12.332  -27.920 0.0000000000
72772  65.482  -11.711  -27.370 0.0000000000
72773  64.683  -11.318  -27.819 0.0000000000
72774  63.750  -11.254  -28.520 0.0000000000
72775  62.955  -11.056  -28.826 0.0000000000
72776  56.357  -10.880  -28.704 0.0000000000
72777  55.363  -11.158  -28.870 0.0000000000
72778  54.346  -11.531  -28.957 0.0000000000
72779  53.429  -12.053  -29.067 0.0000000000
72780  52.784  -12.251  -28.906 0.0000000000
72787  63.321  -11.537  -29.068 0.0000000000
72788  62.525  -11.400  -29.319 0.0000000000
72789  61.526  -11.478  -29.697 0.0000000000
72790  60.444  -11.529  -30.036 0.0000000000
72791  59.376  -11.339  -30.077 0.0000000000
72792  58.529  -11.413  -30.097 0.0000000000
72793  57.711  -11.662  -30.112 0.0000000000
72794  56.548  -11.427  -29.646 0.0000000000
72795  55.323  -11.778  -29.569 0.0000000000
72796  54.403  -12.137  -29.487 0.0000000000
72797  53.876  -12.412  -29.459 0.0000000000
72806  59.859  -11.931  -30.332 0.0000000000
72807  59.159  -11.906  -30.380 0.0000000000
72808  58.468  -11.959  -30.375 0.0000000000
72809  58.081  -12.062  -30.381 0.0000000000
74069  54.164  -10.834  -21.948 0.0000000000
74074  55.459  -11.622  -23.210 0.0000000000
74075  54.937  -11.335  -23.133 0.0000000000
74076  54.125  -10.836  -22.751 0.0000000000
74077  53.145  -10.198  -22.962 0.0000000000
74089  66.663  -10.107  -25.256 0.0000000000
74090  66.353  -10.141  -25.191 0.0000000000
74091  65.670  -10.177  -25.106 0.0000000000
74092  64.768  -10.298  -25.113 0.0000000000
74093  63.509  -10.635  -25.137 0.0000000000
74094  62.350  -10.772  -24.797 0.0000000000
74095  61.345  -10.829  -24.672 0.0000000000
74096  60.411  -10.854  -24.708 0.0000000000
74097  59.462  -10.816  -24.731 0.0000000000
74098  58.458  -11.019  -24.615 0.0000000000
74099  57.580  -10.998  -24.446 0.0000000000
74100  56.656  -10.838  -24.341 0.0000000000
74101  55.608  -11.079  -23.791 0.0000000000
74102  54.492  -10.645  -23.691 0.0000000000
74103  53.516  -10.296  -23.571 0.0000000000
74104  52.915  -10.089  -23.477 0.0000000000
74120  66.795  -10.450  -25.577 0.0000000000
74121  66.134  -10.519  -25.412 0.0000000000
74122  65.423  -10.512  -25.385 0.0000000000
74123  64.642  -10.623  -25.553 0.0000000000
74124  63.658  -10.814  -25.607 0.0000000000
74125  58.891  -10.390  -24.870 0.0000000000
74126  58.127  -10.366  -24.782 0.0000000000
74127  57.282  -10.351  -24.726 0.0000000000
74128  56.804  -10.334  -24.684 0.0000000000
74139  67.418  -10.789  -26.382 0.0000000000
74140  64.377  -10.752  -26.107 0.0000000000
74141  63.453  -10.907  -26.086 0.0000000000
74142  62.991  -10.908  -26.404 0.0000000000
74154  67.655  -10.713  -27.338 0.0000000000
74155  64.123  -10.740  -26.589 0.0000000000
74156  63.522  -10.742  -26.800 0.0000000000
74157  62.699  -10.783  -26.993 0.0000000000
74158  61.763  -10.910  -27.332 0.0000000000
74159  60.764  -10.973  -27.541 0.0000000000
74160  59.747  -10.904  -27.740 0.0000000000
74161  58.744  -10.811  -27.973 0.0000000000
74162  57.813  -10.783  -28.270 0.0000000000
74163  57.156  -10.752  -28.619 0.0000000000
74181  64.225  -10.806  -27.165 0.0000000000
74182  63.637  -10.769  -27.613 0.0000000000
74183  62.701  -10.714  -28.083 0.0000000000
74184  61.628  -10.742  -28.223 0.0000000000
74185  60.663  -10.712  -28.437 0.0000000000
74186  59.672  -10.645  -28.653 0.0000000000
74187  58.710  -10.653  -28.865 0.0000000000
74188  57.873  -10.722  -29.080 0.0000000000
74189  57.157  -10.919  -29.273 0.0000000000
74195  62.298  -10.830  -28.771 0.0000000000
74196  61.563  -10.827  -29.060 0.0000000000
74197  60.591  -10.849  -29.322 0.0000000000
74198  59.579  -10.844  -29.505 0.0000000000
74199  58.646  -10.919  -29.598 0.0000000000
74200  57.858  -11.080  -29.676 0.0000000000
74201  57.310  -11.229  -29.687 0.0000000000
75483  52.521  -9.831  -23.226 0.0000000000
75484  51.947  -9.445  -23.474 0.0000000000
75487  66.842  -10.048  -25.325 0.0000000000
75488  66.650  -9.780  -25.205 0.0000000000
75489  66.029  -9.757  -25.043 0.0000000000
75490  65.183  -9.728  -24.940 0.0000000000
75491  64.134  -10.004  -24.934 0.0000000000
75492  63.073  -10.165  -24.993 0.0000000000
75493  62.033  -10.206  -24.806 0.0000000000
75494  61.061  -10.251  -24.744 0.0000000000
75495  60.262  -10.312  -24.817 0.0000000000
75496  56.554  -10.333  -24.657 0.0000000000
75497  56.036  -10.356  -24.590 0.0000000000
75498  55.048  -10.246  -24.465 0.0000000000
75499  53.950  -10.070  -24.401 0.0000000000
75500  52.742  -9.856  -24.112 0.0000000000
75501  51.820  -9.372  -24.242 0.0000000000
75512  67.088  -9.834  -25.632 0.0000000000
75513  66.904  -9.557  -25.377 0.0000000000
75514  64.541  -9.478  -25.062 0.0000000000
75515  63.748  -9.604  -25.184 0.0000000000
75516  62.740  -9.582  -25.284 0.0000000000
75517  61.655  -9.704  -25.139 0.0000000000
75518  60.715  -9.754  -25.116 0.0000000000
75519  59.683  -9.917  -25.095 0.0000000000
75520  58.721  -9.842  -25.241 0.0000000000
75521  57.790  -9.808  -25.207 0.0000000000
75522  56.746  -9.912  -25.064 0.0000000000
75523  55.696  -9.769  -25.154 0.0000000000
75524  54.635  -9.678  -25.166 0.0000000000
75525  53.503  -9.509  -25.249 0.0000000000
75526  52.356  -9.407  -24.962 0.0000000000
75527  51.718  -9.251  -24.808 0.0000000000
75539  67.386  -9.677  -26.501 0.0000000000
75540  62.140  -9.303  -25.662 0.0000000000
75541  61.322  -9.305  -25.681 0.0000000000
75542  60.381  -9.309  -25.705 0.0000000000
75543  59.411  -9.327  -25.773 0.0000000000
75544  58.442  -9.307  -25.822 0.0000000000
75545  57.446  -9.317  -25.818 0.0000000000
75546  56.413  -9.311  -25.822 0.0000000000
75547  55.367  -9.275  -25.839 0.0000000000
75548  54.349  -9.278  -25.846 0.0000000000
75549  53.780  -9.255  -25.829 0.0000000000
75564  67.309  -9.561  -27.554 0.0000000000
75565  67.038  -8.982  -27.777 0.0000000000
76766  51.303  -8.862  -23.585 0.0000000000
76767  50.770  -8.514  -23.997 0.0000000000
76769  66.700  -9.444  -25.296 0.0000000000
76770  66.379  -9.354  -25.170 0.0000000000
76771  65.804  -9.321  -25.054 0.0000000000
76772  51.232  -9.001  -24.483 0.0000000000
76773  50.582  -8.573  -24.821 0.0000000000
76779  67.218  -9.332  -25.876 0.0000000000
76780  66.849  -9.057  -25.502 0.0000000000
76781  66.093  -8.791  -25.303 0.0000000000
76782  65.249  -8.989  -25.169 0.0000000000
76783  64.390  -9.042  -25.417 0.0000000000
76784  63.612  -9.186  -25.591 0.0000000000
76785  53.490  -9.228  -25.803 0.0000000000
76786  52.906  -9.176  -25.742 0.0000000000
76787  51.675  -8.971  -25.492 0.0000000000
76788  50.682  -8.429  -25.838 0.0000000000
76793  67.187  -8.868  -26.149 0.0000000000
76794  66.903  -8.408  -25.952 0.0000000000
76795  65.676  -8.468  -25.563 0.0000000000
76796  65.052  -8.446  -25.738 0.0000000000
76797  64.156  -8.602  -26.092 0.0000000000
76798  63.019  -8.945  -26.051 0.0000000000
76799  62.039  -8.937  -26.278 0.0000000000
76800  61.095  -8.916  -26.371 0.0000000000
76801  60.132  -8.865  -26.417 0.0000000000
76802  59.158  -8.865  -26.479 0.0000000000
76803  58.170  -8.833  -26.493 0.0000000000
76804  57.158  -8.828  -26.501 0.0000000000
76805  56.120  -8.819  -26.498 0.0000000000
76806  55.048  -8.835  -26.473 0.0000000000
76807  53.839  -8.935  -26.330 0.0000000000
76808  52.730  -8.753  -26.460 0.0000000000
76809  51.678  -8.427  -26.582 0.0000000000
76810  50.862  -8.164  -26.563 0.0000000000
76820  67.240  -8.764  -26.862 0.0000000000
76821  67.067  -8.589  -27.466 0.0000000000
76822  63.630  -8.368  -26.624 0.0000000000
76823  62.851  -8.467  -26.853 0.0000000000
76824  61.880  -8.547  -27.036 0.0000000000
76825  60.899  -8.502  -27.109 0.0000000000
76826  59.919  -8.450  -27.147 0.0000000000
76827  58.931  -8.458  -27.197 0.0000000000
76828  57.930  -8.430  -27.201 0.0000000000
76829  56.912  -8.387  -27.178 0.0000000000
76830  55.871  -8.363  -27.146 0.0000000000
76831  54.794  -8.385  -27.122 0.0000000000
76832  53.717  -8.374  -27.153 0.0000000000
76833  52.717  -8.243  -27.228 0.0000000000
76834  51.974  -8.040  -27.312 0.0000000000
78071  50.327  -7.868  -24.105 0.0000000000
78073  49.787  -7.733  -25.166 0.0000000000
78074  49.416  -7.113  -25.524 0.0000000000
78079  66.427  -8.348  -25.742 0.0000000000
78080  66.037  -8.336  -25.643 0.0000000000
78081  50.141  -7.901  -26.270 0.0000000000
78082  49.487  -7.317  -26.071 0.0000000000
78088  67.032  -8.188  -26.483 0.0000000000
78089  66.608  -7.894  -26.246 0.0000000000
78090  65.851  -7.842  -26.106 0.0000000000
78091  64.938  -7.908  -26.369 0.0000000000
78092  64.277  -7.994  -26.694 0.0000000000
78093  51.335  -8.018  -27.048 0.0000000000
78094  50.690  -7.779  -27.028 0.0000000000
78095  49.894  -7.411  -26.892 0.0000000000
78109  66.984  -7.896  -27.160 0.0000000000
78110  66.877  -7.964  -27.652 0.0000000000
78111  65.418  -7.362  -26.717 0.0000000000
78112  64.778  -7.386  -27.026 0.0000000000
78113  63.790  -7.697  -27.327 0.0000000000
78114  62.690  -7.946  -27.533 0.0000000000
78115  61.715  -8.017  -27.704 0.0000000000
78116  60.720  -7.985  -27.762 0.0000000000
78117  59.727  -7.963  -27.795 0.0000000000
78118  58.731  -7.957  -27.820 0.0000000000
78119  57.726  -7.928  -27.808 0.0000000000
78120  56.711  -7.870  -27.758 0.0000000000
78121  55.681  -7.853  -27.737 0.0000000000
78122  54.648  -7.836  -27.737 0.0000000000
78123  53.639  -7.797  -27.779 0.0000000000
78124  52.669  -7.701  -27.818 0.0000000000
78125  51.575  -7.565  -27.741 0.0000000000
78126  50.561  -7.312  -27.572 0.0000000000
78127  49.833  -6.974  -27.473 0.0000000000
78146  66.771  -7.409  -27.665 0.0000000000
78148  63.308  -7.367  -27.893 0.0000000000
78149  62.553  -7.407  -28.149 0.0000000000
78150  61.558  -7.444  -28.301 0.0000000000
78151  60.545  -7.457  -28.349 0.0000000000
78152  59.549  -7.449  -28.374 0.0000000000
78153  58.551  -7.435  -28.378 0.0000000000
78154  57.548  -7.411  -28.360 0.0000000000
78155  56.543  -7.383  -28.334 0.0000000000
78156  55.540  -7.347  -28.312 0.0000000000
78157  54.546  -7.303  -28.314 0.0000000000
78158  53.566  -7.247  -28.349 0.0000000000
78159  52.595  -7.162  -28.386 0.0000000000
78160  51.814  -7.018  -28.406 0.0000000000
79469  49.103  -6.674  -25.837 0.0000000000
79478  66.761  -7.625  -26.770 0.0000000000
79479  66.363  -7.289  -26.715 0.0000000000
79480  65.883  -7.101  -26.792 0.0000000000
79481  49.143  -6.667  -26.797 0.0000000000
79482  48.860  -6.202  -27.263 0.0000000000
79501  66.624  -7.028  -27.366 0.0000000000
79502  66.154  -6.565  -27.265 0.0000000000
79503  65.441  -6.662  -27.314 0.0000000000
79504  64.594  -6.728  -27.682 0.0000000000
79505  63.916  -6.995  -27.903 0.0000000000
79506  51.125  -7.087  -28.123 0.0000000000
79507  50.422  -6.787  -28.089 0.0000000000
79508  49.461  -6.333  -27.862 0.0000000000
79509  48.780  -5.871  -27.589 0.0000000000
79530  66.644  -6.706  -28.104 0.0000000000
79532  64.223  -6.432  -28.076 0.0000000000
79533  63.496  -6.680  -28.339 0.0000000000
79534  62.447  -6.714  -28.717 0.0000000000
79535  61.353  -6.884  -28.799 0.0000000000
79536  60.372  -6.921  -28.876 0.0000000000
79537  59.374  -6.908  -28.890 0.0000000000
79538  58.375  -6.876  -28.861 0.0000000000
79539  57.382  -6.863  -28.845 0.0000000000
79540  56.398  -6.839  -28.826 0.0000000000
79541  55.426  -6.793  -28.811 0.0000000000
79542  54.461  -6.732  -28.819 0.0000000000
79543  53.495  -6.655  -28.861 0.0000000000
79544  52.490  -6.508  -28.914 0.0000000000
79545  51.351  -6.514  -28.660 0.0000000000
79546  50.393  -6.156  -28.622 0.0000000000
79547  49.708  -5.777  -28.534 0.0000000000
79560  61.973  -6.358  -29.120 0.0000000000
79561  61.186  -6.341  -29.260 0.0000000000
79562  60.191  -6.348  -29.344 0.0000000000
79563  59.180  -6.321  -29.328 0.0000000000
79564  58.183  -6.292  -29.282 0.0000000000
79565  57.207  -6.297  -29.276 0.0000000000
79566  56.258  -6.275  -29.267 0.0000000000
79567  55.324  -6.210  -29.259 0.0000000000
79568  54.385  -6.120  -29.270 0.0000000000
79569  53.459  -6.016  -29.305 0.0000000000
79570  52.717  -5.867  -29.340 0.0000000000
80846  48.805  -6.225  -26.201 0.0000000000
80847  48.455  -5.623  -26.744 0.0000000000
80861  66.460  -5.894  -28.011 0.0000000000
80862  65.848  -5.804  -27.750 0.0000000000
80863  65.103  -5.798  -27.948 0.0000000000
80864  64.597  -6.131  -28.009 0.0000000000
80865  49.078  -5.615  -28.167 0.0000000000
80866  48.478  -5.263  -27.778 0.0000000000
80888  66.545  -5.821  -28.841 0.0000000000
80890  64.969  -5.341  -28.326 0.0000000000
80891  64.384  -5.706  -28.445 0.0000000000
80892  63.399  -5.999  -28.845 0.0000000000
80893  62.665  -6.060  -29.136 0.0000000000
80894  52.012  -6.036  -29.169 0.0000000000
80895  51.263  -5.770  -29.142 0.0000000000
80896  50.337  -5.368  -29.081 0.0000000000
80897  49.430  -5.174  -28.736 0.0000000000
80898  48.804  -5.056  -28.392 0.0000000000
80911  66.516  -5.150  -29.383 0.0000000000
80913  63.959  -5.344  -28.975 0.0000000000
80914  63.252  -5.447  -29.322 0.0000000000
80915  62.146  -5.732  -29.546 0.0000000000
80916  61.013  -5.730  -29.707 0.0000000000
80917  59.959  -5.742  -29.766 0.0000000000
80918  58.938  -5.720  -29.727 0.0000000000
80919  57.946  -5.710  -29.673 0.0000000000
80920  57.007  -5.732  -29.655 0.0000000000
80921  56.126  -5.688  -29.647 0.0000000000
80922  55.229  -5.583  -29.671 0.0000000000
80923  54.287  -5.461  -29.674 0.0000000000
80924  53.338  -5.346  -29.653 0.0000000000
80925  52.260  -5.306  -29.548 0.0000000000
80926  51.257  -5.013  -29.542 0.0000000000
80927  50.560  -4.733  -29.468 0.0000000000
82207  66.089  -5.156  -28.246 0.0000000000
82208  65.559  -5.181  -28.225 0.0000000000
82209  65.213  -5.241  -28.287 0.0000000000
82210  47.844  -4.469  -27.413 0.0000000000
82211  47.555  -4.146  -26.815 0.0000000000
82233  66.398  -4.702  -29.039 0.0000000000
82234  65.807  -4.622  -28.675 0.0000000000
82235  65.039  -4.774  -28.785 0.0000000000
82236  64.418  -5.065  -28.874 0.0000000000
82237  49.835  -4.687  -29.237 0.0000000000
82238  48.876  -4.404  -28.920 0.0000000000
82239  48.320  -4.641  -28.240 0.0000000000
82268  64.837  -4.362  -29.292 0.0000000000
82269  64.208  -4.589  -29.472 0.0000000000
82270  62.946  -4.931  -29.891 0.0000000000
82271  61.807  -5.101  -30.118 0.0000000000
82272  60.702  -5.129  -30.175 0.0000000000
82273  59.646  -5.137  -30.174 0.0000000000
82274  58.618  -5.138  -30.131 0.0000000000
82275  57.618  -5.154  -30.058 0.0000000000
82276  56.788  -5.230  -29.946 0.0000000000
82277  56.059  -5.032  -30.001 0.0000000000
82278  55.109  -4.904  -30.091 0.0000000000
82279  54.120  -4.760  -30.077 0.0000000000
82280  53.109  -4.619  -30.004 0.0000000000
82281  52.059  -4.375  -29.941 0.0000000000
82282  51.075  -4.306  -29.763 0.0000000000
82283  50.285  -4.183  -29.606 0.0000000000
82284  49.563  -4.097  -29.417 0.0000000000
82308  64.138  -4.101  -29.982 0.0000000000
82309  63.556  -4.219  -30.240 0.0000000000
82310  62.501  -4.418  -30.560 0.0000000000
82311  61.385  -4.542  -30.659 0.0000000000
82312  60.300  -4.560  -30.648 0.0000000000
82313  59.249  -4.554  -30.598 0.0000000000
82314  58.200  -4.525  -30.496 0.0000000000
82315  57.036  -4.532  -30.348 0.0000000000
82316  55.946  -4.280  -30.374 0.0000000000
82317  54.911  -4.138  -30.499 0.0000000000
82318  53.874  -4.002  -30.461 0.0000000000
82319  52.910  -3.885  -30.365 0.0000000000
82320  52.202  -3.688  -30.289 0.0000000000
83550  47.519  -3.888  -27.758 0.0000000000
83559  66.260  -3.923  -29.429 0.0000000000
83560  65.911  -4.072  -29.186 0.0000000000
83561  65.519  -4.285  -29.053 0.0000000000
83562  48.479  -3.859  -29.030 0.0000000000
83563  47.911  -3.770  -28.523 0.0000000000
83564  47.365  -3.592  -27.944 0.0000000000
83591  66.493  -3.558  -29.974 0.0000000000
83592  66.051  -3.467  -29.646 0.0000000000
83593  65.150  -3.800  -29.724 0.0000000000
83594  64.457  -4.012  -29.872 0.0000000000
83595  51.497  -3.752  -30.082 0.0000000000
83596  50.717  -3.717  -29.906 0.0000000000
83597  49.893  -3.511  -29.822 0.0000000000
83598  48.924  -3.616  -29.379 0.0000000000
83599  48.336  -3.514  -29.093 0.0000000000
83625  66.919  -3.491  -30.749 0.0000000000
83626  64.774  -3.172  -30.452 0.0000000000
83627  64.192  -3.614  -30.419 0.0000000000
83628  63.125  -3.603  -31.112 0.0000000000
83629  61.993  -3.961  -31.216 0.0000000000
83630  60.887  -4.027  -31.201 0.0000000000
83631  59.822  -4.014  -31.132 0.0000000000
83632  58.788  -3.958  -31.023 0.0000000000
83633  57.758  -3.847  -30.869 0.0000000000
83634  56.721  -3.703  -30.795 0.0000000000
83635  55.704  -3.530  -30.833 0.0000000000
83636  54.598  -3.226  -30.983 0.0000000000
83637  53.503  -3.300  -30.739 0.0000000000
83638  52.642  -3.216  -30.598 0.0000000000
83639  51.826  -3.178  -30.428 0.0000000000
83640  50.997  -3.240  -30.196 0.0000000000
83641  50.443  -3.328  -30.042 0.0000000000
83667  62.974  -3.210  -31.581 0.0000000000
83668  62.466  -3.327  -31.675 0.0000000000
83669  61.397  -3.445  -31.736 0.0000000000
83670  60.317  -3.458  -31.679 0.0000000000
83671  59.286  -3.412  -31.560 0.0000000000
83672  58.305  -3.307  -31.410 0.0000000000
83673  57.343  -3.147  -31.307 0.0000000000
83674  56.388  -2.989  -31.236 0.0000000000
83675  55.535  -2.901  -31.226 0.0000000000
84935  47.686  -3.182  -28.757 0.0000000000
84936  47.199  -2.941  -28.275 0.0000000000
84954  66.595  -2.961  -30.149 0.0000000000
84955  66.358  -2.912  -30.070 0.0000000000
84956  65.825  -2.935  -30.054 0.0000000000
84957  49.770  -3.142  -29.972 0.0000000000
84958  49.283  -3.067  -29.825 0.0000000000
84959  48.071  -2.759  -29.349 0.0000000000
84960  47.268  -2.398  -28.886 0.0000000000
84974  66.752  -2.498  -30.519 0.0000000000
84975  66.158  -2.266  -30.375 0.0000000000
84976  65.266  -2.422  -30.716 0.0000000000
84977  64.315  -2.857  -31.002 0.0000000000
84978  63.747  -3.177  -31.100 0.0000000000
84979  54.376  -2.639  -31.233 0.0000000000
84980  53.833  -2.725  -31.084 0.0000000000
84981  53.071  -2.703  -30.882 0.0000000000
84982  52.247  -2.513  -30.823 0.0000000000
84983  51.277  -2.656  -30.550 0.0000000000
84984  50.102  -2.838  -30.209 0.0000000000
84985  48.939  -2.458  -29.992 0.0000000000
84986  48.414  -2.318  -29.824 0.0000000000
85016  67.113  -2.450  -31.256 0.0000000000
85017  64.959  -1.772  -31.283 0.0000000000
85018  64.453  -2.126  -31.480 0.0000000000
85019  63.248  -2.625  -31.909 0.0000000000
85020  61.875  -2.853  -32.283 0.0000000000
85021  60.734  -2.890  -32.264 0.0000000000
85022  59.683  -2.857  -32.122 0.0000000000
85023  58.710  -2.783  -31.929 0.0000000000
85024  57.832  -2.664  -31.765 0.0000000000
85025  56.930  -2.385  -31.813 0.0000000000
85026  55.958  -2.349  -31.588 0.0000000000
85027  54.939  -2.369  -31.430 0.0000000000
85028  54.092  -2.199  -31.334 0.0000000000
85029  53.308  -2.217  -31.142 0.0000000000
85030  52.782  -2.299  -30.994 0.0000000000
85060  62.765  -1.877  -32.597 0.0000000000
85061  62.133  -2.095  -32.722 0.0000000000
85062  61.067  -2.172  -32.746 0.0000000000
85063  60.012  -2.182  -32.612 0.0000000000
85064  59.004  -2.182  -32.431 0.0000000000
85065  58.081  -2.179  -32.194 0.0000000000
85066  57.501  -2.238  -32.040 0.0000000000
86348  46.719  -2.260  -27.856 0.0000000000
86352  46.807  -2.056  -28.413 0.0000000000
86353  46.486  -1.281  -28.407 0.0000000000
86361  47.799  -2.091  -29.638 0.0000000000
86362  47.167  -1.709  -29.342 0.0000000000
86363  46.546  -1.078  -28.935 0.0000000000
86375  66.923  -1.663  -30.741 0.0000000000
86376  66.549  -1.663  -30.665 0.0000000000
86377  65.962  -1.528  -30.825 0.0000000000
86378  52.140  -2.137  -30.967 0.0000000000
86379  51.694  -2.116  -30.902 0.0000000000
86380  50.693  -2.085  -30.720 0.0000000000
86381  49.531  -1.993  -30.507 0.0000000000
86382  48.187  -1.769  -30.137 0.0000000000
86383  47.421  -1.383  -29.939 0.0000000000
86395  67.128  -1.752  -31.003 0.0000000000
86396  65.371  -1.363  -31.303 0.0000000000
86397  64.671  -1.278  -31.810 0.0000000000
86398  63.986  -1.724  -32.085 0.0000000000
86399  56.819  -2.000  -32.078 0.0000000000
86400  56.401  -1.881  -31.990 0.0000000000
86401  55.459  -1.597  -31.877 0.0000000000
86402  54.481  -1.629  -31.635 0.0000000000
86403  53.542  -1.628  -31.449 0.0000000000
86404  52.433  -1.815  -31.183 0.0000000000
86405  51.272  -1.559  -31.176 0.0000000000
86406  50.152  -1.469  -31.065 0.0000000000
86407  49.020  -1.376  -30.893 0.0000000000
86408  48.385  -1.263  -30.741 0.0000000000
86420  67.135  -1.508  -31.672 0.0000000000
86421  64.009  -1.033  -32.318 0.0000000000
86422  63.263  -1.375  -32.601 0.0000000000
86423  62.304  -1.275  -32.949 0.0000000000
86424  61.319  -1.313  -33.065 0.0000000000
86425  60.286  -1.371  -32.991 0.0000000000
86426  59.276  -1.422  -32.827 0.0000000000
86427  58.269  -1.460  -32.583 0.0000000000
86428  57.125  -1.646  -32.279 0.0000000000
86429  56.085  -1.254  -32.181 0.0000000000
86430  55.578  -1.152  -32.116 0.0000000000
87784  46.261  -0.501  -28.462 0.0000000000
87791  47.075  -1.174  -29.803 0.0000000000
87792  46.525  -0.681  -29.423 0.0000000000
87806  67.091  -1.379  -30.890 0.0000000000
87807  66.826  -1.187  -30.913 0.0000000000
87808  66.398  -1.074  -30.969 0.0000000000
87809  48.019  -1.181  -30.667 0.0000000000
87810  47.253  -0.849  -30.423 0.0000000000
87811  46.468  -0.331  -30.022 0.0000000000
87823  67.077  -1.149  -31.226 0.0000000000
87824  66.528  -0.736  -31.539 0.0000000000
87825  65.905  -0.720  -31.437 0.0000000000
87826  65.195  -0.534  -31.853 0.0000000000
87827  55.327  -1.115  -32.082 0.0000000000
87828  54.842  -1.060  -31.981 0.0000000000
87829  53.945  -0.974  -31.779 0.0000000000
87830  52.926  -1.006  -31.688 0.0000000000
87831  51.841  -1.005  -31.632 0.0000000000
87832  50.723  -0.961  -31.600 0.0000000000
87833  49.566  -0.916  -31.502 0.0000000000
87834  48.245  -0.775  -31.285 0.0000000000
87835  47.464  -0.546  -31.067 0.0000000000
87846  66.940  -0.876  -31.683 0.0000000000
87847  66.541  -0.457  -32.115 0.0000000000
87848  64.415  -0.365  -32.277 0.0000000000
87849  63.557  -0.371  -32.678 0.0000000000
87850  62.647  -0.451  -33.018 0.0000000000
87851  61.583  -0.362  -33.244 0.0000000000
87852  60.499  -0.415  -33.281 0.0000000000
87853  59.542  -0.587  -33.140 0.0000000000
87854  58.570  -0.623  -32.943 0.0000000000
87855  57.551  -0.646  -32.707 0.0000000000
87856  56.488  -0.621  -32.524 0.0000000000
87857  55.427  -0.652  -32.301 0.0000000000
87858  54.385  -0.432  -32.227 0.0000000000
87859  53.384  -0.394  -32.170 0.0000000000
87860  52.346  -0.409  -32.142 0.0000000000
87861  51.267  -0.431  -32.134 0.0000000000
87862  50.152  -0.436  -32.091 0.0000000000
87863  49.040  -0.397  -31.958 0.0000000000
87864  48.411  -0.348  -31.846 0.0000000000
87872  66.932  -0.860  -32.120 0.0000000000
87873  66.597  -0.303  -32.827 0.0000000000
87874  60.830  0.104  -33.419 0.0000000000
87875  60.455  0.091  -33.407 0.0000000000
89267  46.087  0.320  -28.623 0.0000000000
89271  46.067  0.305  -29.511 0.0000000000
89284  47.072  -0.370  -30.936 0.0000000000
89285  46.365  0.168  -30.595 0.0000000000
89297  66.300  -0.214  -32.049 0.0000000000
89298  66.039  -0.077  -31.980 0.0000000000
89299  65.585  -0.021  -31.985 0.0000000000
89300  48.054  -0.317  -31.788 0.0000000000
89301  47.313  -0.096  -31.551 0.0000000000
89302  46.344  0.734  -31.548 0.0000000000
89312  66.103  0.484  -32.591 0.0000000000
89313  65.624  0.650  -32.429 0.0000000000
89314  64.940  0.487  -32.354 0.0000000000
89315  63.972  0.504  -32.698 0.0000000000
89316  62.972  0.519  -33.088 0.0000000000
89317  62.138  0.250  -33.260 0.0000000000
89318  60.206  0.093  -33.391 0.0000000000
89319  59.790  0.113  -33.345 0.0000000000
89320  58.869  0.265  -33.252 0.0000000000
89321  57.937  0.136  -33.082 0.0000000000
89322  56.902  0.297  -32.927 0.0000000000
89323  55.838  0.155  -32.754 0.0000000000
89324  54.842  0.170  -32.654 0.0000000000
89325  53.839  0.181  -32.643 0.0000000000
89326  52.828  0.154  -32.656 0.0000000000
89327  51.784  0.111  -32.673 0.0000000000
89328  50.696  0.073  -32.671 0.0000000000
89329  49.550  0.065  -32.598 0.0000000000
89330  48.263  0.087  -32.352 0.0000000000
89331  47.015  0.781  -32.444 0.0000000000
89332  46.327  1.129  -32.098 0.0000000000
89343  66.239  1.090  -33.371 0.0000000000
89344  62.177  0.923  -33.391 0.0000000000
89345  61.335  0.660  -33.447 0.0000000000
89346  60.290  0.596  -33.469 0.0000000000
89347  59.369  0.739  -33.456 0.0000000000
89348  58.895  0.757  -33.423 0.0000000000
89349  56.108  0.797  -33.194 0.0000000000
89350  55.254  0.780  -33.179 0.0000000000
89351  54.289  0.727  -33.170 0.0000000000
89352  53.305  0.667  -33.204 0.0000000000
89353  52.292  0.608  -33.246 0.0000000000
89354  51.239  0.560  -33.271 0.0000000000
89355  50.134  0.535  -33.265 0.0000000000
89356  48.973  0.599  -33.179 0.0000000000
89357  47.841  0.852  -33.078 0.0000000000
89358  47.244  1.124  -32.985 0.0000000000
89365  66.289  1.263  -34.080 0.0000000000
90725  46.106  1.387  -28.700 0.0000000000
90729  45.827  1.291  -29.659 0.0000000000
90740  45.762  1.473  -30.664 0.0000000000
90741  45.617  2.063  -31.124 0.0000000000
90758  45.903  1.491  -31.662 0.0000000000
90759  45.645  2.159  -31.796 0.0000000000
90767  66.018  1.739  -33.068 0.0000000000
90768  65.706  1.567  -32.830 0.0000000000
90769  65.190  1.493  -32.708 0.0000000000
90770  64.369  1.492  -32.873 0.0000000000
90771  63.548  1.205  -33.061 0.0000000000
90772  58.655  0.763  -33.397 0.0000000000
90773  58.247  0.764  -33.335 0.0000000000
90774  57.538  0.770  -33.247 0.0000000000
90775  46.915  1.282  -32.906 0.0000000000
90776  46.263  1.715  -32.625 0.0000000000
90785  66.147  2.086  -33.403 0.0000000000
90786  63.628  1.908  -33.189 0.0000000000
90787  62.762  1.613  -33.359 0.0000000000
90788  61.688  1.623  -33.508 0.0000000000
90789  60.688  1.528  -33.594 0.0000000000
90790  59.697  1.446  -33.637 0.0000000000
90791  58.733  1.258  -33.564 0.0000000000
90792  57.804  1.354  -33.529 0.0000000000
90793  56.835  1.239  -33.476 0.0000000000
90794  55.741  1.433  -33.754 0.0000000000
90795  54.726  1.253  -33.726 0.0000000000
90796  53.782  1.165  -33.765 0.0000000000
90797  52.799  1.108  -33.811 0.0000000000
90798  51.778  1.033  -33.870 0.0000000000
90799  50.712  1.023  -33.873 0.0000000000
90800  49.608  1.092  -33.812 0.0000000000
90801  48.469  1.260  -33.705 0.0000000000
90802  47.226  1.636  -33.486 0.0000000000
90812  66.236  2.168  -33.871 0.0000000000
90813  55.052  1.751  -34.215 0.0000000000
90814  54.255  1.664  -34.296 0.0000000000
90815  53.318  1.598  -34.376 0.0000000000
90816  52.318  1.537  -34.440 0.0000000000
90817  51.279  1.502  -34.472 0.0000000000
90818  50.213  1.553  -34.430 0.0000000000
90819  49.131  1.684  -34.329 0.0000000000
90820  48.074  1.888  -34.179 0.0000000000
90827  66.129  1.973  -34.518 0.0000000000
92162  46.149  2.128  -29.029 0.0000000000
92166  46.512  2.791  -29.023 0.0000000000
92167  45.951  2.446  -29.656 0.0000000000
92172  45.679  2.555  -30.429 0.0000000000
92197  66.020  2.499  -33.297 0.0000000000
92198  65.789  2.507  -33.111 0.0000000000
92199  65.353  2.450  -32.936 0.0000000000
92200  64.854  2.196  -32.887 0.0000000000
92211  66.138  2.762  -33.603 0.0000000000
92212  64.915  2.805  -32.964 0.0000000000
92213  64.227  2.609  -33.120 0.0000000000
92214  63.177  2.619  -33.377 0.0000000000
92215  62.151  2.529  -33.579 0.0000000000
92216  61.111  2.473  -33.746 0.0000000000
92217  60.087  2.339  -33.869 0.0000000000
92218  59.085  2.192  -33.924 0.0000000000
92219  58.205  2.024  -33.852 0.0000000000
92220  57.325  1.957  -33.927 0.0000000000
92221  56.496  1.886  -34.031 0.0000000000
92235  66.249  2.976  -33.962 0.0000000000
92236  58.536  2.561  -34.194 0.0000000000
92237  57.834  2.603  -34.375 0.0000000000
92238  56.852  2.517  -34.495 0.0000000000
92239  55.763  2.276  -34.539 0.0000000000
92255  66.196  2.840  -34.372 0.0000000000
92256  65.960  2.728  -34.929 0.0000000000
93454  46.999  3.114  -28.804 0.0000000000
93460  46.001  3.057  -29.899 0.0000000000
93492  65.896  3.231  -33.499 0.0000000000
93493  65.469  3.363  -33.240 0.0000000000
93494  65.128  3.006  -33.015 0.0000000000
93504  66.107  3.462  -33.835 0.0000000000
93505  65.141  4.038  -33.284 0.0000000000
93506  64.758  3.591  -33.181 0.0000000000
93507  63.682  3.555  -33.383 0.0000000000
93508  62.625  3.464  -33.620 0.0000000000
93509  61.632  3.354  -33.898 0.0000000000
93510  60.541  3.412  -34.207 0.0000000000
93511  59.484  2.948  -34.220 0.0000000000
93512  58.930  2.750  -34.211 0.0000000000
93522  66.172  3.562  -34.269 0.0000000000
93523  60.250  4.021  -34.554 0.0000000000
93524  59.666  3.722  -34.558 0.0000000000
93525  58.661  3.280  -34.569 0.0000000000
93539  66.069  3.518  -34.750 0.0000000000
93540  65.737  3.493  -35.219 0.0000000000
93561  65.136  3.530  -35.677 0.0000000000
93562  64.366  3.538  -36.106 0.0000000000
94743  65.968  3.545  -33.721 0.0000000000
94744  65.760  3.667  -33.555 0.0000000000
94756  65.926  3.958  -33.814 0.0000000000
94757  65.512  4.251  -33.585 0.0000000000
94758  64.962  4.568  -33.460 0.0000000000
94759  64.142  4.527  -33.516 0.0000000000
94760  63.104  4.412  -33.691 0.0000000000
94761  62.102  4.241  -33.993 0.0000000000
94762  61.334  4.006  -34.200 0.0000000000
94771  66.038  4.178  -34.152 0.0000000000
94772  61.586  4.574  -34.284 0.0000000000
94773  60.843  4.471  -34.516 0.0000000000
94788  66.033  4.278  -34.686 0.0000000000
94789  65.945  4.062  -35.052 0.0000000000
94809  65.909  4.533  -35.116 0.0000000000
94810  65.587  4.355  -35.432 0.0000000000
94811  64.912  4.476  -36.007 0.0000000000
96021  65.759  4.731  -34.034 0.0000000000
96022  65.271  5.368  -33.951 0.0000000000
96023  64.570  5.369  -33.771 0.0000000000
96024  63.611  5.482  -33.950 0.0000000000
96025  62.541  5.034  -34.081 0.0000000000
96026  61.975  4.806  -34.198 0.0000000000
96035  65.864  4.915  -34.544 0.0000000000
96036  65.588  5.538  -34.468 0.0000000000
96052  65.865  4.971  -35.055 0.0000000000
96053  65.716  5.641  -35.026 0.0000000000
96070  65.724  4.837  -35.297 0.0000000000
96071  65.431  5.366  -35.667 0.0000000000
83666  66.996  -3.244  -31.704 0.0000000000
85059  67.027  -2.320  -32.122 0.0000000000
75586  66.874  -9.347  -28.255 0.0000000000
76852  66.847  -8.459  -27.936 0.0000000000
76867  66.460  -8.387  -28.452 0.0000000000
78147  66.645  -7.565  -28.166 0.0000000000
78173  66.215  -7.499  -28.818 0.0000000000
79531  66.463  -6.698  -28.702 0.0000000000
79558  66.113  -6.611  -29.352 0.0000000000
79579  65.904  -6.197  -30.018 0.0000000000
80889  66.441  -6.164  -29.123 0.0000000000
80912  66.358  -5.628  -29.686 0.0000000000
80943  66.001  -5.627  -30.620 0.0000000000
82266  66.578  -4.556  -30.073 0.0000000000
82267  66.411  -5.127  -30.300 0.0000000000
82306  66.796  -4.216  -30.734 0.0000000000
82307  66.451  -4.794  -30.923 0.0000000000
82326  66.825  -4.053  -31.330 0.0000000000
