#!ascii label  , from subject colin27 vox2ras=TkReg coords=white
160
158657  3.987  65.538  -21.979 0.0000000000
159272  5.023  67.152  -16.933 0.0000000000
159289  5.602  66.670  -17.520 0.0000000000
159290  4.924  66.866  -17.340 0.0000000000
159307  5.769  66.436  -18.214 0.0000000000
159308  4.968  66.637  -18.082 0.0000000000
159323  5.846  66.396  -19.226 0.0000000000
159324  5.297  66.655  -18.595 0.0000000000
159336  7.810  67.280  -21.054 0.0000000000
159337  6.603  66.994  -20.769 0.0000000000
159338  5.494  66.376  -20.459 0.0000000000
159339  4.694  65.987  -20.825 0.0000000000
159351  7.110  66.920  -21.684 0.0000000000
159352  5.979  66.612  -21.488 0.0000000000
159353  4.978  66.323  -21.427 0.0000000000
159354  4.391  65.919  -21.383 0.0000000000
159368  6.487  66.686  -22.413 0.0000000000
159369  5.386  66.513  -22.318 0.0000000000
159370  4.407  66.193  -22.316 0.0000000000
159385  5.900  66.485  -23.174 0.0000000000
159386  4.877  66.390  -23.105 0.0000000000
159387  4.254  66.194  -23.075 0.0000000000
159989  4.728  67.979  -16.993 0.0000000000
160001  4.655  67.406  -17.135 0.0000000000
160002  4.441  67.993  -17.495 0.0000000000
160016  4.423  67.270  -17.856 0.0000000000
160017  4.383  68.141  -18.175 0.0000000000
160029  6.862  67.943  -19.700 0.0000000000
160030  6.273  67.664  -19.500 0.0000000000
160031  5.102  67.577  -18.748 0.0000000000
160032  4.773  68.509  -18.514 0.0000000000
160037  10.581  68.109  -20.871 0.0000000000
160038  10.070  68.037  -20.816 0.0000000000
160039  8.834  67.779  -20.658 0.0000000000
160040  7.295  67.751  -20.102 0.0000000000
160041  6.161  67.079  -20.010 0.0000000000
160701  4.746  68.617  -17.225 0.0000000000
160709  4.507  68.800  -17.762 0.0000000000
160725  4.604  68.997  -18.236 0.0000000000
160736  8.965  69.013  -19.857 0.0000000000
160737  8.153  68.905  -19.664 0.0000000000
160738  7.103  68.527  -19.561 0.0000000000
160739  5.995  68.626  -19.217 0.0000000000
160740  5.252  68.867  -18.815 0.0000000000
160741  4.881  69.179  -18.553 0.0000000000
160747  11.322  68.913  -20.677 0.0000000000
160748  10.630  68.538  -20.613 0.0000000000
160749  9.591  68.586  -20.240 0.0000000000
160750  8.444  68.373  -20.033 0.0000000000
160751  7.760  68.353  -19.809 0.0000000000
160762  11.217  68.449  -20.873 0.0000000000
161345  4.817  69.520  -17.490 0.0000000000
161355  4.573  69.723  -17.990 0.0000000000
161370  4.765  69.842  -18.454 0.0000000000
161375  10.428  70.082  -19.963 0.0000000000
161376  9.799  69.623  -19.905 0.0000000000
161377  8.732  69.703  -19.676 0.0000000000
161378  7.757  69.635  -19.506 0.0000000000
161379  6.744  69.600  -19.344 0.0000000000
161380  5.824  69.688  -19.125 0.0000000000
161381  5.143  69.815  -18.853 0.0000000000
161387  12.383  69.882  -21.013 0.0000000000
161388  11.936  69.517  -20.785 0.0000000000
161389  10.882  69.562  -20.257 0.0000000000
161390  10.245  69.050  -20.201 0.0000000000
161996  4.804  70.556  -17.737 0.0000000000
162008  4.698  70.705  -18.262 0.0000000000
162015  10.108  70.597  -19.854 0.0000000000
162016  9.282  70.526  -19.715 0.0000000000
162017  8.345  70.558  -19.622 0.0000000000
162018  7.365  70.575  -19.509 0.0000000000
162019  6.395  70.611  -19.369 0.0000000000
162020  5.531  70.670  -19.187 0.0000000000
162021  4.900  70.732  -18.827 0.0000000000
162030  12.225  70.332  -20.845 0.0000000000
162031  11.591  70.377  -20.417 0.0000000000
162032  10.859  70.566  -20.020 0.0000000000
162039  12.592  70.175  -21.226 0.0000000000
162593  4.685  71.618  -17.910 0.0000000000
162600  9.709  71.250  -19.775 0.0000000000
162601  8.932  71.394  -19.696 0.0000000000
162602  7.960  71.478  -19.657 0.0000000000
162603  6.960  71.532  -19.586 0.0000000000
162604  6.005  71.568  -19.451 0.0000000000
162605  5.177  71.621  -19.211 0.0000000000
162606  4.707  71.799  -18.595 0.0000000000
162614  11.998  71.015  -20.637 0.0000000000
162615  11.413  71.293  -20.212 0.0000000000
162616  10.522  71.509  -19.875 0.0000000000
162623  12.536  71.019  -21.214 0.0000000000
163135  4.821  72.561  -17.394 0.0000000000
163141  4.523  72.646  -18.040 0.0000000000
163146  9.686  72.174  -19.699 0.0000000000
163147  8.597  72.310  -19.614 0.0000000000
163148  7.563  72.428  -19.625 0.0000000000
163149  6.539  72.472  -19.580 0.0000000000
163150  5.618  72.462  -19.417 0.0000000000
163151  4.914  72.517  -19.090 0.0000000000
163152  4.630  72.750  -18.602 0.0000000000
163159  11.984  72.034  -20.621 0.0000000000
163160  11.213  72.236  -20.009 0.0000000000
163161  10.541  72.407  -19.776 0.0000000000
163664  4.607  73.600  -17.433 0.0000000000
163670  6.431  73.967  -19.149 0.0000000000
163671  5.683  73.906  -19.045 0.0000000000
163672  5.025  73.802  -18.774 0.0000000000
163673  4.631  73.563  -18.260 0.0000000000
163678  11.001  73.523  -19.545 0.0000000000
163679  10.259  73.153  -19.525 0.0000000000
163680  9.220  73.099  -19.440 0.0000000000
163681  8.212  73.204  -19.462 0.0000000000
163682  7.132  73.449  -19.429 0.0000000000
163683  6.087  73.277  -19.389 0.0000000000
163684  5.288  73.225  -19.195 0.0000000000
163685  4.801  73.195  -18.849 0.0000000000
163694  11.557  73.240  -20.089 0.0000000000
163695  10.953  72.912  -19.756 0.0000000000
164141  4.502  74.613  -16.703 0.0000000000
164150  6.471  74.985  -18.346 0.0000000000
164151  5.727  74.977  -18.247 0.0000000000
164152  5.021  74.910  -18.095 0.0000000000
164153  4.618  74.570  -17.618 0.0000000000
164159  10.924  74.610  -18.716 0.0000000000
164160  10.210  74.451  -18.590 0.0000000000
164161  9.302  74.414  -18.601 0.0000000000
164162  8.348  74.461  -18.708 0.0000000000
164163  7.199  74.514  -18.804 0.0000000000
164164  6.129  74.487  -18.730 0.0000000000
164165  5.368  74.419  -18.572 0.0000000000
164166  4.856  74.278  -18.305 0.0000000000
164172  11.369  74.363  -19.412 0.0000000000
164173  10.617  73.981  -19.124 0.0000000000
164174  9.745  73.826  -19.065 0.0000000000
164175  8.798  73.833  -19.088 0.0000000000
164176  7.944  73.942  -19.182 0.0000000000
164653  8.536  75.902  -17.107 0.0000000000
164654  7.638  75.905  -17.230 0.0000000000
164655  6.648  75.932  -17.312 0.0000000000
164656  5.750  75.969  -17.310 0.0000000000
164657  5.030  75.929  -17.208 0.0000000000
164658  4.517  75.606  -16.861 0.0000000000
164665  11.108  75.577  -17.689 0.0000000000
164666  10.368  75.454  -17.508 0.0000000000
164667  9.331  75.533  -17.415 0.0000000000
164668  8.254  75.430  -17.679 0.0000000000
164669  7.190  75.336  -17.947 0.0000000000
164670  6.175  75.449  -17.822 0.0000000000
164671  5.377  75.452  -17.730 0.0000000000
164672  4.827  75.327  -17.541 0.0000000000
164678  11.437  75.376  -18.514 0.0000000000
164679  10.716  74.988  -18.095 0.0000000000
164680  9.814  74.952  -18.037 0.0000000000
164681  8.845  74.978  -18.137 0.0000000000
164682  7.972  74.978  -18.289 0.0000000000
165155  11.247  76.696  -16.733 0.0000000000
165156  10.425  76.503  -16.562 0.0000000000
165157  9.305  76.305  -16.656 0.0000000000
165168  11.607  76.426  -17.605 0.0000000000
165169  10.929  75.967  -17.042 0.0000000000
165170  10.101  75.909  -16.987 0.0000000000
