#!ascii label  , from subject colin27 vox2ras=TkReg coords=white
156
95421  4.931  5.546  23.846 0.0000000000
95424  5.269  6.014  22.708 0.0000000000
95433  5.347  6.094  22.141 0.0000000000
96762  4.611  6.611  24.239 0.0000000000
96765  5.222  6.514  22.972 0.0000000000
96766  5.050  6.300  23.386 0.0000000000
96773  5.300  6.522  22.524 0.0000000000
96783  5.330  6.551  21.949 0.0000000000
98227  5.089  6.775  23.226 0.0000000000
98228  4.875  7.303  23.585 0.0000000000
98231  5.201  6.960  22.932 0.0000000000
98232  5.132  7.539  22.758 0.0000000000
98240  5.271  7.011  22.414 0.0000000000
98241  5.159  7.416  21.887 0.0000000000
99635  5.868  8.610  23.340 0.0000000000
99636  5.110  8.267  23.265 0.0000000000
99639  8.514  8.984  22.954 0.0000000000
99640  7.989  8.835  22.901 0.0000000000
99641  7.142  8.785  22.901 0.0000000000
99642  6.404  8.798  22.905 0.0000000000
99643  5.008  8.124  22.422 0.0000000000
100984  9.003  9.137  23.023 0.0000000000
100985  5.367  8.643  22.818 0.0000000000
100986  5.118  8.464  22.700 0.0000000000
100990  9.381  9.615  22.493 0.0000000000
100991  8.470  9.255  22.423 0.0000000000
100992  7.499  9.163  22.309 0.0000000000
100993  6.594  9.122  22.330 0.0000000000
100994  5.738  8.962  22.434 0.0000000000
100995  5.183  8.617  22.249 0.0000000000
100999  9.480  10.011  21.945 0.0000000000
101000  8.916  9.785  21.762 0.0000000000
101001  7.928  9.618  21.697 0.0000000000
102243  9.923  9.858  22.803 0.0000000000
102247  10.304  10.877  22.157 0.0000000000
102248  9.900  10.190  22.292 0.0000000000
102253  10.202  11.146  21.646 0.0000000000
102254  9.572  10.661  21.364 0.0000000000
103518  10.666  11.525  22.764 0.0000000000
103523  10.443  11.662  21.945 0.0000000000
104729  11.049  12.471  24.229 0.0000000000
104732  10.789  12.404  23.298 0.0000000000
104736  10.596  12.471  22.406 0.0000000000
105996  10.746  13.426  24.721 0.0000000000
106010  10.655  13.272  23.762 0.0000000000
106011  10.217  14.053  24.165 0.0000000000
106024  10.561  13.238  22.905 0.0000000000
106025  10.287  13.920  23.236 0.0000000000
106033  10.492  13.539  22.053 0.0000000000
106034  10.405  13.796  22.646 0.0000000000
107316  9.767  14.745  23.544 0.0000000000
107329  10.418  14.109  21.988 0.0000000000
107330  10.240  14.477  22.368 0.0000000000
107344  10.428  14.288  21.529 0.0000000000
107345  10.308  14.756  21.744 0.0000000000
108597  9.362  15.390  23.604 0.0000000000
108599  8.060  16.427  24.060 0.0000000000
108607  9.531  15.629  22.865 0.0000000000
108608  9.031  16.162  23.098 0.0000000000
108618  10.358  14.854  21.466 0.0000000000
108619  10.156  15.382  21.629 0.0000000000
108631  10.448  14.952  20.977 0.0000000000
108632  10.327  15.506  20.940 0.0000000000
109837  8.237  16.518  23.674 0.0000000000
109848  9.204  16.299  22.727 0.0000000000
109849  8.598  16.776  22.894 0.0000000000
109850  7.942  17.251  23.088 0.0000000000
109859  9.509  16.549  21.996 0.0000000000
109860  9.025  17.095  22.159 0.0000000000
109869  10.158  16.191  20.656 0.0000000000
111048  8.170  17.421  22.708 0.0000000000
111059  9.227  17.246  21.795 0.0000000000
111060  8.661  17.773  21.955 0.0000000000
111061  7.919  18.282  22.105 0.0000000000
111069  9.554  17.492  21.064 0.0000000000
111070  9.149  18.037  21.183 0.0000000000
111078  9.880  17.231  19.760 0.0000000000
112229  8.201  18.554  21.641 0.0000000000
112241  9.321  18.149  20.816 0.0000000000
112242  8.866  18.640  20.894 0.0000000000
112243  8.062  19.046  21.273 0.0000000000
112252  9.498  18.319  20.150 0.0000000000
112253  9.197  18.827  20.238 0.0000000000
112262  9.657  18.135  19.080 0.0000000000
113578  7.101  19.329  21.512 0.0000000000
113591  8.317  19.384  20.739 0.0000000000
113592  7.423  19.596  21.095 0.0000000000
113593  6.671  20.076  20.939 0.0000000000
113602  9.309  18.880  19.945 0.0000000000
113603  8.929  19.388  20.010 0.0000000000
113612  9.433  18.911  19.463 0.0000000000
113613  9.234  19.644  19.014 0.0000000000
115047  8.069  20.069  20.339 0.0000000000
115048  7.191  20.372  20.485 0.0000000000
115049  6.337  20.741  20.403 0.0000000000
115061  8.494  20.432  19.425 0.0000000000
115062  7.593  20.744  19.914 0.0000000000
115063  6.967  20.851  20.126 0.0000000000
115071  8.919  20.390  18.516 0.0000000000
116487  6.269  21.133  20.077 0.0000000000
116488  5.802  21.169  20.151 0.0000000000
116498  8.328  20.848  19.235 0.0000000000
116499  7.954  21.069  19.360 0.0000000000
116500  6.699  21.445  19.641 0.0000000000
116501  5.455  21.645  19.765 0.0000000000
116510  8.437  20.973  18.936 0.0000000000
116511  7.837  21.598  18.806 0.0000000000
116512  7.105  21.978  18.931 0.0000000000
116520  8.567  21.126  18.190 0.0000000000
116521  8.093  21.798  17.880 0.0000000000
116533  8.497  21.141  17.432 0.0000000000
116534  8.104  21.653  16.810 0.0000000000
117894  5.902  21.983  19.399 0.0000000000
117895  5.184  22.248  19.346 0.0000000000
117896  4.205  22.593  19.438 0.0000000000
117905  7.412  22.155  18.418 0.0000000000
117906  6.328  22.503  18.740 0.0000000000
117907  4.922  22.889  18.798 0.0000000000
117908  4.116  23.252  18.930 0.0000000000
117918  7.430  22.593  17.635 0.0000000000
117919  6.506  23.177  17.808 0.0000000000
117932  7.533  22.538  16.514 0.0000000000
119266  5.525  23.353  18.130 0.0000000000
119267  4.471  23.580  18.358 0.0000000000
119280  6.920  23.275  16.974 0.0000000000
119281  6.010  23.741  17.343 0.0000000000
119282  4.883  24.047  17.601 0.0000000000
119292  7.123  23.190  16.077 0.0000000000
119293  6.347  23.917  16.388 0.0000000000
119294  5.554  24.265  16.964 0.0000000000
119304  6.659  23.428  15.347 0.0000000000
120561  4.842  24.580  17.006 0.0000000000
120573  6.071  24.251  15.646 0.0000000000
120574  5.387  24.618  16.285 0.0000000000
120575  4.450  25.087  16.662 0.0000000000
120585  6.045  24.071  14.915 0.0000000000
120586  5.385  24.756  15.313 0.0000000000
120587  4.797  25.198  15.979 0.0000000000
120597  5.448  24.376  14.298 0.0000000000
121789  5.123  25.059  14.732 0.0000000000
121790  4.682  25.674  15.332 0.0000000000
121802  5.091  24.912  14.418 0.0000000000
121803  4.794  25.447  14.305 0.0000000000
117957  6.404  22.585  14.742 0.0000000000
117958  5.795  22.616  14.283 0.0000000000
117966  5.189  22.681  13.776 0.0000000000
117967  4.341  22.684  13.099 0.0000000000
119312  6.170  23.352  14.598 0.0000000000
119313  5.671  23.431  14.135 0.0000000000
119320  5.140  23.667  13.628 0.0000000000
119321  4.585  23.717  12.976 0.0000000000
120596  5.891  23.831  14.470 0.0000000000
120598  5.057  24.807  14.193 0.0000000000
120610  5.225  24.207  13.848 0.0000000000
120611  4.931  24.544  13.670 0.0000000000
120624  4.436  24.583  12.779 0.0000000000
