#!ascii label  , from subject colin27 vox2ras=TkReg coords=white
915
82840  32.923  -2.765  31.119 0.0000000000
82859  31.872  -2.885  30.080 0.0000000000
84190  33.925  -1.861  32.513 0.0000000000
84208  33.561  -2.099  32.022 0.0000000000
84209  33.031  -2.226  31.516 0.0000000000
84227  32.485  -2.284  30.964 0.0000000000
84228  31.988  -2.368  30.349 0.0000000000
84243  31.467  -2.415  29.670 0.0000000000
84244  31.019  -2.206  29.025 0.0000000000
84401  38.875  -2.420  21.655 0.0000000000
84402  37.880  -2.395  21.583 0.0000000000
84418  39.114  -2.195  20.865 0.0000000000
84419  38.155  -2.198  20.796 0.0000000000
84420  37.294  -2.137  20.757 0.0000000000
85611  34.625  -1.259  33.315 0.0000000000
85627  34.092  -1.244  32.865 0.0000000000
85628  33.707  -1.283  32.315 0.0000000000
85639  33.264  -1.382  31.785 0.0000000000
85640  32.761  -1.437  31.217 0.0000000000
85649  32.286  -1.490  30.477 0.0000000000
85650  31.808  -1.779  29.916 0.0000000000
85657  32.075  -1.207  29.747 0.0000000000
85658  31.434  -1.468  29.164 0.0000000000
85659  30.913  -1.843  28.594 0.0000000000
85667  31.114  -1.329  28.258 0.0000000000
85668  30.700  -1.804  28.054 0.0000000000
85676  30.864  -1.388  27.491 0.0000000000
85785  37.452  -1.818  20.025 0.0000000000
85786  36.401  -1.583  20.209 0.0000000000
85787  35.611  -1.214  20.518 0.0000000000
85799  36.898  -1.293  19.458 0.0000000000
87027  35.939  -0.082  33.630 0.0000000000
87028  35.117  -0.444  33.414 0.0000000000
87029  34.579  -0.664  32.954 0.0000000000
87037  35.916  0.010  32.790 0.0000000000
87038  35.145  -0.169  32.536 0.0000000000
87039  34.341  -0.550  32.259 0.0000000000
87040  33.767  -0.792  31.828 0.0000000000
87047  35.943  -0.003  32.014 0.0000000000
87048  35.323  -0.094  31.533 0.0000000000
87049  34.359  -0.372  31.348 0.0000000000
87050  33.470  -0.703  31.142 0.0000000000
87051  32.857  -0.885  30.666 0.0000000000
87058  44.876  -0.107  30.681 0.0000000000
87059  44.302  -0.312  30.536 0.0000000000
87060  43.419  -0.376  30.292 0.0000000000
87061  42.712  -0.306  30.006 0.0000000000
87062  35.115  -0.130  30.668 0.0000000000
87063  34.287  -0.296  30.490 0.0000000000
87064  33.480  -0.490  30.210 0.0000000000
87065  32.690  -0.787  29.954 0.0000000000
87072  46.040  -0.118  29.918 0.0000000000
87073  45.356  -0.335  30.053 0.0000000000
87074  44.371  -0.709  29.708 0.0000000000
87075  43.395  -0.712  29.448 0.0000000000
87076  42.368  -0.436  29.316 0.0000000000
87077  41.652  -0.275  28.949 0.0000000000
87078  35.008  -0.103  29.951 0.0000000000
87079  34.341  -0.190  29.511 0.0000000000
87080  33.339  -0.359  29.328 0.0000000000
87081  32.326  -0.653  29.055 0.0000000000
87082  31.651  -0.860  28.478 0.0000000000
87089  46.952  0.023  29.053 0.0000000000
87090  46.316  -0.265  29.264 0.0000000000
87091  45.354  -0.811  29.000 0.0000000000
87092  44.310  -0.994  28.715 0.0000000000
87093  43.265  -0.906  28.504 0.0000000000
87094  42.283  -0.700  28.329 0.0000000000
87095  41.313  -0.322  28.228 0.0000000000
87096  40.657  -0.101  27.853 0.0000000000
87097  34.012  -0.121  28.762 0.0000000000
87098  33.241  -0.164  28.327 0.0000000000
87099  32.239  -0.394  28.049 0.0000000000
87100  31.440  -0.757  27.707 0.0000000000
87107  46.993  -0.220  28.473 0.0000000000
87108  46.223  -0.730  28.203 0.0000000000
87109  45.233  -1.031  27.899 0.0000000000
87110  44.162  -1.099  27.655 0.0000000000
87111  43.103  -1.000  27.493 0.0000000000
87112  42.106  -0.767  27.380 0.0000000000
87113  41.222  -0.481  27.257 0.0000000000
87114  40.444  -0.145  27.171 0.0000000000
87115  32.850  -0.043  27.550 0.0000000000
87116  32.083  -0.188  27.049 0.0000000000
87117  31.149  -0.772  26.814 0.0000000000
87125  46.984  -0.580  27.444 0.0000000000
87126  46.085  -0.895  27.080 0.0000000000
87127  45.036  -1.037  26.763 0.0000000000
87128  43.928  -1.021  26.599 0.0000000000
87129  42.873  -0.917  26.503 0.0000000000
87130  41.896  -0.702  26.445 0.0000000000
87131  40.986  -0.434  26.405 0.0000000000
87132  40.055  -0.091  26.380 0.0000000000
87133  39.422  0.044  25.981 0.0000000000
87134  31.656  -0.223  26.118 0.0000000000
87143  46.793  -0.640  26.454 0.0000000000
87144  45.911  -0.692  25.820 0.0000000000
87145  44.681  -0.787  25.697 0.0000000000
87146  43.590  -0.770  25.621 0.0000000000
87147  42.562  -0.678  25.587 0.0000000000
87148  41.597  -0.516  25.583 0.0000000000
87149  40.685  -0.329  25.584 0.0000000000
87150  39.891  -0.141  25.517 0.0000000000
87151  39.269  0.045  25.346 0.0000000000
87152  31.604  -0.366  25.195 0.0000000000
87166  45.237  -0.334  24.834 0.0000000000
87167  44.189  -0.397  24.781 0.0000000000
87168  43.152  -0.387  24.761 0.0000000000
87169  42.152  -0.354  24.763 0.0000000000
87170  41.192  -0.290  24.788 0.0000000000
87171  40.292  -0.206  24.842 0.0000000000
87172  39.526  -0.050  24.946 0.0000000000
87173  39.191  0.049  25.014 0.0000000000
87231  34.881  -0.239  21.085 0.0000000000
87246  35.732  -0.831  19.974 0.0000000000
87247  35.319  -0.438  20.462 0.0000000000
87257  36.984  -0.810  18.919 0.0000000000
87258  36.241  -0.513  19.338 0.0000000000
87259  35.675  -0.178  19.845 0.0000000000
87273  36.770  -0.169  18.672 0.0000000000
88460  40.236  0.954  34.136 0.0000000000
88461  39.727  0.867  34.062 0.0000000000
88462  38.659  0.800  34.331 0.0000000000
88463  37.601  0.463  34.059 0.0000000000
88464  36.748  0.193  33.821 0.0000000000
88474  41.597  1.041  33.239 0.0000000000
88475  40.660  0.895  33.488 0.0000000000
88476  39.658  0.723  33.331 0.0000000000
88477  38.651  0.561  33.245 0.0000000000
88478  37.687  0.365  33.085 0.0000000000
88479  36.777  0.190  32.934 0.0000000000
88487  44.014  1.062  32.489 0.0000000000
88488  43.515  0.938  32.450 0.0000000000
88490  41.562  0.858  32.514 0.0000000000
88491  40.589  0.754  32.464 0.0000000000
88492  39.609  0.636  32.371 0.0000000000
88493  38.644  0.477  32.263 0.0000000000
88494  37.694  0.314  32.142 0.0000000000
88495  36.759  0.157  32.040 0.0000000000
88501  45.717  1.417  31.524 0.0000000000
88502  45.383  1.000  31.564 0.0000000000
88503  44.463  0.771  31.893 0.0000000000
88504  43.456  0.576  31.819 0.0000000000
88505  42.489  0.626  31.704 0.0000000000
88506  41.507  0.697  31.582 0.0000000000
88507  40.521  0.690  31.510 0.0000000000
88508  39.551  0.642  31.421 0.0000000000
88509  38.589  0.526  31.323 0.0000000000
88510  37.620  0.351  31.216 0.0000000000
88511  36.546  0.150  31.124 0.0000000000
88512  35.896  0.038  30.681 0.0000000000
88518  46.331  1.587  30.644 0.0000000000
88519  46.064  1.195  30.921 0.0000000000
88520  45.378  0.342  30.829 0.0000000000
88521  44.328  0.161  31.168 0.0000000000
88522  43.398  0.100  31.063 0.0000000000
88523  42.440  0.240  30.745 0.0000000000
88524  41.402  0.502  30.681 0.0000000000
88525  40.450  0.592  30.575 0.0000000000
88526  39.482  0.622  30.491 0.0000000000
88527  38.514  0.585  30.395 0.0000000000
88528  37.541  0.456  30.281 0.0000000000
88529  36.636  0.286  30.104 0.0000000000
88530  35.788  0.076  29.954 0.0000000000
88537  46.585  1.304  30.100 0.0000000000
88538  46.360  0.381  29.971 0.0000000000
88539  45.831  0.026  30.218 0.0000000000
88540  42.061  0.063  30.087 0.0000000000
88541  41.339  0.177  29.749 0.0000000000
88542  40.345  0.432  29.679 0.0000000000
88543  39.406  0.560  29.561 0.0000000000
88544  38.432  0.612  29.468 0.0000000000
88545  37.473  0.547  29.345 0.0000000000
88546  36.521  0.375  29.208 0.0000000000
88547  35.459  0.151  29.103 0.0000000000
88548  34.726  0.049  28.683 0.0000000000
88554  47.785  1.136  28.408 0.0000000000
88555  47.234  0.690  28.927 0.0000000000
88556  46.774  0.183  29.321 0.0000000000
88557  40.986  0.025  29.070 0.0000000000
88558  40.298  0.224  28.701 0.0000000000
88559  39.277  0.492  28.655 0.0000000000
88560  38.327  0.591  28.545 0.0000000000
88561  37.361  0.568  28.413 0.0000000000
88562  36.368  0.456  28.274 0.0000000000
88563  35.392  0.322  28.084 0.0000000000
88564  34.340  0.170  27.932 0.0000000000
88565  33.560  0.140  27.509 0.0000000000
88573  48.913  1.046  27.683 0.0000000000
88574  48.286  0.822  27.892 0.0000000000
88575  47.713  -0.015  27.773 0.0000000000
88576  39.953  0.221  27.889 0.0000000000
88577  39.118  0.406  27.779 0.0000000000
88578  38.202  0.508  27.605 0.0000000000
88579  37.205  0.553  27.462 0.0000000000
88580  36.193  0.543  27.308 0.0000000000
88581  35.177  0.453  27.138 0.0000000000
88582  34.182  0.402  26.934 0.0000000000
88583  33.123  0.309  26.757 0.0000000000
88584  32.386  0.169  26.260 0.0000000000
88590  49.124  0.647  27.246 0.0000000000
88591  48.472  0.121  26.925 0.0000000000
88592  47.636  -0.374  26.621 0.0000000000
88593  39.751  0.151  27.200 0.0000000000
88594  39.062  0.243  26.782 0.0000000000
88595  38.007  0.419  26.644 0.0000000000
88600  32.979  0.475  25.794 0.0000000000
88601  32.203  0.195  25.545 0.0000000000
88608  49.230  0.395  25.958 0.0000000000
88609  48.187  0.025  25.733 0.0000000000
88610  47.072  -0.249  25.419 0.0000000000
88611  46.156  -0.198  24.806 0.0000000000
88612  38.719  0.197  25.862 0.0000000000
88618  32.740  0.446  25.002 0.0000000000
88619  32.128  0.152  24.910 0.0000000000
88630  48.609  0.474  24.914 0.0000000000
88631  47.730  0.329  24.678 0.0000000000
88632  46.708  0.462  24.163 0.0000000000
88633  45.628  0.281  24.150 0.0000000000
88634  44.649  0.177  24.061 0.0000000000
88635  43.630  0.093  23.991 0.0000000000
88636  42.613  0.023  23.988 0.0000000000
88637  41.620  -0.082  23.969 0.0000000000
88638  40.637  -0.134  24.025 0.0000000000
88639  39.678  -0.057  24.214 0.0000000000
88640  38.695  0.158  24.745 0.0000000000
88646  32.430  0.245  24.353 0.0000000000
88647  31.926  -0.186  24.535 0.0000000000
88662  46.453  0.958  23.531 0.0000000000
88663  45.868  0.799  23.550 0.0000000000
88664  45.032  0.665  23.472 0.0000000000
88665  44.036  0.660  23.134 0.0000000000
88666  42.972  0.441  23.234 0.0000000000
88667  41.980  0.257  23.157 0.0000000000
88668  40.952  0.102  23.137 0.0000000000
88669  39.917  0.046  23.272 0.0000000000
88670  38.884  0.160  23.488 0.0000000000
88671  37.776  0.413  23.603 0.0000000000
88677  32.167  -0.352  23.933 0.0000000000
88691  43.690  1.036  22.543 0.0000000000
88692  43.127  0.866  22.584 0.0000000000
88693  42.297  0.633  22.503 0.0000000000
88694  41.234  0.514  22.152 0.0000000000
88695  40.124  0.337  22.366 0.0000000000
88696  39.098  0.324  22.523 0.0000000000
88697  38.078  0.476  22.642 0.0000000000
88698  37.011  0.688  22.629 0.0000000000
88716  40.790  0.830  21.481 0.0000000000
88717  40.172  0.744  21.587 0.0000000000
88718  39.233  0.669  21.702 0.0000000000
88719  38.283  0.670  21.826 0.0000000000
88720  37.366  0.783  21.871 0.0000000000
88721  36.290  0.816  21.541 0.0000000000
88739  36.064  0.784  20.515 0.0000000000
88740  35.408  0.386  20.847 0.0000000000
88754  36.027  0.546  19.669 0.0000000000
88755  35.589  0.278  20.202 0.0000000000
88770  36.492  0.519  18.939 0.0000000000
90009  39.720  1.413  35.232 0.0000000000
90010  39.030  1.060  34.981 0.0000000000
90019  40.699  1.215  34.360 0.0000000000
90020  39.789  1.074  34.541 0.0000000000
90021  39.302  0.967  34.478 0.0000000000
90033  41.148  1.065  33.724 0.0000000000
90055  46.232  2.452  31.325 0.0000000000
90058  44.954  1.121  32.043 0.0000000000
90069  46.430  2.096  30.720 0.0000000000
90070  46.245  1.717  30.974 0.0000000000
90081  46.849  1.878  29.483 0.0000000000
90089  47.988  1.563  28.094 0.0000000000
90090  47.382  1.468  28.592 0.0000000000
90097  50.371  1.396  27.451 0.0000000000
90098  49.385  1.316  27.656 0.0000000000
90099  48.681  1.364  27.880 0.0000000000
90106  51.401  1.535  25.938 0.0000000000
90107  50.737  1.074  26.390 0.0000000000
90108  49.942  0.733  26.834 0.0000000000
90115  51.297  1.715  25.299 0.0000000000
90116  50.695  1.399  25.149 0.0000000000
90117  50.096  0.824  25.720 0.0000000000
90125  50.294  1.512  24.431 0.0000000000
90126  49.502  1.144  24.356 0.0000000000
90127  48.160  0.867  24.032 0.0000000000
90128  47.444  0.724  24.050 0.0000000000
90141  49.161  1.697  23.445 0.0000000000
90142  48.376  1.684  23.180 0.0000000000
90143  47.125  1.239  23.373 0.0000000000
90144  46.073  1.259  23.017 0.0000000000
90145  45.225  1.087  22.959 0.0000000000
90146  44.668  0.918  22.977 0.0000000000
90159  47.975  2.190  22.567 0.0000000000
90160  47.391  1.937  22.620 0.0000000000
90161  46.383  1.846  22.308 0.0000000000
90162  45.337  1.549  22.344 0.0000000000
90163  44.280  1.318  22.404 0.0000000000
90164  43.236  1.288  22.045 0.0000000000
90165  42.420  0.996  21.947 0.0000000000
90166  41.873  0.765  21.962 0.0000000000
90176  46.035  2.159  21.678 0.0000000000
90177  45.449  1.988  21.705 0.0000000000
90178  44.553  1.871  21.692 0.0000000000
90179  43.453  1.830  21.301 0.0000000000
90180  42.424  1.410  21.282 0.0000000000
90181  41.402  1.059  21.325 0.0000000000
90182  40.263  1.192  21.006 0.0000000000
90183  39.289  1.155  20.983 0.0000000000
90184  38.359  1.037  21.105 0.0000000000
90185  37.543  0.976  21.266 0.0000000000
90186  36.989  0.966  21.388 0.0000000000
90196  43.020  2.053  20.553 0.0000000000
90197  42.420  1.816  20.564 0.0000000000
90198  41.495  1.568  20.526 0.0000000000
90199  40.516  1.547  20.470 0.0000000000
90200  39.365  1.736  20.162 0.0000000000
90201  38.321  1.498  20.353 0.0000000000
90202  37.483  1.263  20.592 0.0000000000
90203  36.808  1.063  20.896 0.0000000000
90215  37.350  1.468  19.784 0.0000000000
90216  36.667  1.122  20.129 0.0000000000
90228  36.660  1.066  19.437 0.0000000000
91518  46.147  2.634  31.679 0.0000000000
91556  47.896  1.961  27.953 0.0000000000
91557  47.213  2.167  28.438 0.0000000000
91570  51.653  2.297  27.642 0.0000000000
91571  50.693  2.299  27.835 0.0000000000
91572  49.656  2.287  27.838 0.0000000000
91573  48.531  2.088  27.845 0.0000000000
91574  47.813  2.196  27.910 0.0000000000
91583  52.434  2.589  26.246 0.0000000000
91584  51.950  1.988  26.579 0.0000000000
91585  51.281  1.555  27.103 0.0000000000
91593  52.347  2.776  25.621 0.0000000000
91594  51.789  2.286  25.225 0.0000000000
91595  51.173  1.808  24.953 0.0000000000
91603  51.426  2.850  24.014 0.0000000000
91604  50.770  2.020  24.265 0.0000000000
91605  50.101  1.646  24.062 0.0000000000
91621  51.295  3.203  23.456 0.0000000000
91622  50.676  2.931  23.222 0.0000000000
91623  49.722  2.098  23.378 0.0000000000
91624  48.968  2.041  23.079 0.0000000000
91639  50.315  3.284  22.630 0.0000000000
91640  49.779  2.976  22.644 0.0000000000
91641  48.629  2.684  22.359 0.0000000000
91642  47.531  2.444  22.131 0.0000000000
91643  46.980  2.194  22.169 0.0000000000
91650  48.258  3.296  21.689 0.0000000000
91651  47.638  3.095  21.456 0.0000000000
91652  46.644  2.502  21.564 0.0000000000
91653  45.643  2.399  21.158 0.0000000000
91654  44.724  2.259  21.071 0.0000000000
91655  44.095  2.115  21.145 0.0000000000
91662  47.352  3.366  20.897 0.0000000000
91663  46.897  3.081  20.871 0.0000000000
91664  46.078  2.811  20.645 0.0000000000
91665  44.977  2.697  20.174 0.0000000000
91666  43.701  2.330  20.346 0.0000000000
91667  42.532  2.171  19.882 0.0000000000
91668  41.537  1.994  19.815 0.0000000000
91669  40.586  1.921  19.877 0.0000000000
91670  39.982  1.888  19.989 0.0000000000
91678  44.642  2.997  19.493 0.0000000000
91679  44.014  2.877  19.491 0.0000000000
91680  42.833  2.725  18.985 0.0000000000
91681  41.629  2.501  19.096 0.0000000000
91682  40.537  2.477  19.192 0.0000000000
91693  42.325  3.230  18.333 0.0000000000
91694  41.701  3.084  18.440 0.0000000000
91695  40.702  3.093  18.563 0.0000000000
91705  38.734  3.476  17.704 0.0000000000
92838  52.152  4.017  28.173 0.0000000000
92839  51.407  3.919  28.314 0.0000000000
92842  46.918  2.645  28.334 0.0000000000
92854  52.515  3.551  27.815 0.0000000000
92855  52.043  3.140  27.933 0.0000000000
92856  51.064  3.135  28.161 0.0000000000
92870  52.716  3.235  27.085 0.0000000000
92871  52.318  2.513  27.187 0.0000000000
92883  52.713  3.329  25.858 0.0000000000
92884  52.302  3.046  25.223 0.0000000000
92890  52.502  3.730  24.978 0.0000000000
92891  52.043  3.232  24.525 0.0000000000
92904  52.287  3.963  24.260 0.0000000000
92905  51.760  3.690  23.604 0.0000000000
92906  51.215  3.482  23.098 0.0000000000
92919  51.444  3.996  22.878 0.0000000000
92920  50.791  3.757  22.465 0.0000000000
92921  50.016  3.535  22.216 0.0000000000
92922  49.337  3.385  22.104 0.0000000000
92930  50.244  4.032  21.907 0.0000000000
92931  49.604  3.955  21.678 0.0000000000
92932  48.750  3.710  21.524 0.0000000000
92933  48.138  3.556  21.287 0.0000000000
92940  48.366  3.885  20.926 0.0000000000
92941  47.815  3.698  20.683 0.0000000000
92942  47.181  3.480  20.401 0.0000000000
92943  46.517  3.271  20.133 0.0000000000
92944  45.793  3.074  19.899 0.0000000000
92951  47.521  3.861  20.054 0.0000000000
92952  46.948  3.841  19.690 0.0000000000
92953  46.116  3.653  19.320 0.0000000000
92954  45.207  3.282  19.304 0.0000000000
92955  44.393  3.294  18.995 0.0000000000
92956  43.636  3.204  18.774 0.0000000000
92965  45.570  3.871  18.850 0.0000000000
92966  44.882  3.871  18.623 0.0000000000
92967  43.974  3.821  18.381 0.0000000000
92968  42.927  3.626  18.172 0.0000000000
92969  41.851  3.765  17.930 0.0000000000
92970  40.972  3.647  18.052 0.0000000000
92971  40.117  3.637  18.039 0.0000000000
94078  52.220  5.300  28.675 0.0000000000
94086  52.866  5.079  28.301 0.0000000000
94087  52.465  4.973  28.433 0.0000000000
94088  51.707  4.665  28.517 0.0000000000
94097  52.955  4.978  27.913 0.0000000000
94098  52.846  4.149  27.666 0.0000000000
94109  53.176  4.855  27.062 0.0000000000
94110  53.039  4.077  26.543 0.0000000000
94122  53.119  4.988  26.091 0.0000000000
94123  52.885  4.287  25.530 0.0000000000
94130  52.965  5.142  25.258 0.0000000000
94131  52.651  4.663  24.606 0.0000000000
94138  52.266  4.651  23.745 0.0000000000
94139  51.804  4.426  23.116 0.0000000000
94147  51.974  5.083  23.135 0.0000000000
94148  51.296  4.908  22.475 0.0000000000
94149  50.639  4.460  21.967 0.0000000000
94156  50.579  5.108  21.840 0.0000000000
94157  50.036  4.678  21.491 0.0000000000
94158  49.224  4.540  20.957 0.0000000000
94159  48.689  4.144  20.914 0.0000000000
94167  48.985  4.995  20.464 0.0000000000
94168  48.408  4.534  20.298 0.0000000000
94169  47.884  4.100  20.106 0.0000000000
94177  48.088  4.984  19.771 0.0000000000
94178  47.566  4.611  19.655 0.0000000000
94179  46.506  4.648  19.003 0.0000000000
94180  45.955  4.187  18.877 0.0000000000
94188  46.060  5.182  18.651 0.0000000000
94189  45.529  4.701  18.553 0.0000000000
94190  44.472  4.668  18.166 0.0000000000
94191  43.469  4.564  17.854 0.0000000000
95371  52.746  6.041  28.730 0.0000000000
95382  53.376  6.296  27.951 0.0000000000
95383  53.021  5.519  28.344 0.0000000000
95384  52.637  5.518  28.626 0.0000000000
95391  53.426  6.367  27.097 0.0000000000
95392  53.311  5.560  27.518 0.0000000000
95400  53.322  6.524  26.279 0.0000000000
95401  53.331  5.689  26.600 0.0000000000
95411  53.220  6.652  25.828 0.0000000000
95412  53.187  6.055  25.614 0.0000000000
95419  52.886  5.840  24.523 0.0000000000
95420  52.631  5.195  24.086 0.0000000000
95422  52.811  6.289  23.994 0.0000000000
95423  52.434  5.778  23.649 0.0000000000
95431  51.782  5.811  22.972 0.0000000000
95432  51.311  5.953  22.521 0.0000000000
95439  50.783  5.849  22.059 0.0000000000
95440  50.005  5.732  21.410 0.0000000000
95441  49.704  5.106  21.061 0.0000000000
95447  49.523  6.172  21.028 0.0000000000
95448  49.302  5.577  20.730 0.0000000000
95449  48.771  5.467  20.217 0.0000000000
95456  48.359  5.370  19.884 0.0000000000
95457  47.869  5.560  19.596 0.0000000000
95458  47.147  5.574  19.171 0.0000000000
95465  46.401  5.698  18.790 0.0000000000
95466  45.710  5.721  18.541 0.0000000000
95467  44.916  5.627  18.219 0.0000000000
95468  43.911  5.602  17.857 0.0000000000
95469  43.073  5.292  17.583 0.0000000000
95477  43.187  5.977  17.632 0.0000000000
96711  53.415  7.562  28.167 0.0000000000
96712  53.323  7.232  28.391 0.0000000000
96713  53.126  6.340  28.546 0.0000000000
96727  53.491  7.579  27.845 0.0000000000
96728  53.474  7.041  27.550 0.0000000000
96740  53.546  7.649  27.221 0.0000000000
96741  53.425  7.269  26.671 0.0000000000
96750  53.283  7.235  25.885 0.0000000000
96751  53.208  6.854  25.507 0.0000000000
96760  53.295  7.446  25.305 0.0000000000
96761  53.220  6.952  24.895 0.0000000000
96763  53.013  6.866  24.208 0.0000000000
96764  52.691  6.819  23.732 0.0000000000
96771  52.104  6.793  23.287 0.0000000000
96772  51.532  6.510  22.865 0.0000000000
96780  51.621  7.349  22.920 0.0000000000
96781  51.017  6.797  22.476 0.0000000000
96782  50.321  6.703  21.911 0.0000000000
96789  49.659  6.766  21.378 0.0000000000
96790  49.029  6.656  20.738 0.0000000000
96791  48.900  6.017  20.380 0.0000000000
96797  48.600  7.080  20.419 0.0000000000
96798  48.384  6.400  20.020 0.0000000000
96799  47.522  6.469  19.458 0.0000000000
96800  46.783  6.507  19.059 0.0000000000
96808  46.033  6.551  18.778 0.0000000000
96809  45.265  6.546  18.476 0.0000000000
96810  44.446  6.521  18.157 0.0000000000
96811  43.639  6.587  17.864 0.0000000000
96819  42.851  6.644  17.592 0.0000000000
96820  41.972  6.657  17.330 0.0000000000
96821  40.929  6.702  16.876 0.0000000000
96822  40.330  6.244  16.667 0.0000000000
98099  53.410  7.973  28.517 0.0000000000
98125  53.502  7.921  28.153 0.0000000000
98126  53.350  7.705  28.488 0.0000000000
98151  53.665  8.172  27.395 0.0000000000
98175  53.642  8.257  26.577 0.0000000000
98176  53.456  7.893  26.077 0.0000000000
98201  53.687  8.650  25.774 0.0000000000
98202  53.437  8.038  25.491 0.0000000000
98220  53.709  8.773  25.175 0.0000000000
98221  53.538  8.164  24.761 0.0000000000
98222  53.308  7.599  24.356 0.0000000000
98224  53.555  8.266  24.140 0.0000000000
98225  53.166  7.823  23.760 0.0000000000
98226  52.615  7.489  23.457 0.0000000000
98229  52.835  8.155  23.342 0.0000000000
98230  52.280  7.902  23.114 0.0000000000
98237  51.821  8.143  22.844 0.0000000000
98238  51.206  7.974  22.587 0.0000000000
98239  50.598  7.476  22.247 0.0000000000
98246  50.640  8.243  22.207 0.0000000000
98247  50.004  7.799  21.815 0.0000000000
98248  49.268  7.722  21.222 0.0000000000
98255  48.701  7.707  20.719 0.0000000000
98256  48.290  7.608  20.247 0.0000000000
98257  47.747  7.434  19.770 0.0000000000
98258  47.092  7.351  19.342 0.0000000000
98267  46.406  7.378  19.046 0.0000000000
98268  45.650  7.436  18.711 0.0000000000
98269  44.851  7.384  18.381 0.0000000000
98270  44.091  7.339  18.079 0.0000000000
98279  43.354  7.403  17.750 0.0000000000
98280  42.559  7.457  17.404 0.0000000000
98281  41.725  7.469  17.048 0.0000000000
99542  54.091  9.573  27.031 0.0000000000
99543  53.792  8.795  27.630 0.0000000000
99557  54.202  9.755  26.337 0.0000000000
99558  53.901  8.951  26.835 0.0000000000
99573  54.363  9.984  25.700 0.0000000000
99574  53.961  9.220  26.071 0.0000000000
99597  54.498  10.126  25.329 0.0000000000
99598  54.161  9.591  25.262 0.0000000000
99620  54.031  9.253  24.626 0.0000000000
99621  53.937  8.980  24.142 0.0000000000
99629  53.731  8.810  23.683 0.0000000000
99630  53.335  8.781  23.298 0.0000000000
99637  52.770  8.773  23.023 0.0000000000
99638  52.219  8.604  22.864 0.0000000000
99648  51.810  8.802  22.580 0.0000000000
99649  51.175  8.950  22.221 0.0000000000
99657  50.429  8.958  21.822 0.0000000000
99658  49.646  8.857  21.360 0.0000000000
99659  48.970  8.705  20.898 0.0000000000
99665  48.428  8.643  20.474 0.0000000000
99666  47.883  8.543  19.998 0.0000000000
99667  47.271  8.332  19.515 0.0000000000
99668  46.756  8.028  19.229 0.0000000000
99676  46.789  8.700  19.236 0.0000000000
99677  46.149  8.396  18.919 0.0000000000
99678  45.249  8.312  18.406 0.0000000000
99679  44.486  8.082  18.132 0.0000000000
99680  43.843  7.981  17.876 0.0000000000
99689  44.802  8.698  17.990 0.0000000000
99690  44.174  8.617  17.682 0.0000000000
99691  43.204  8.321  17.403 0.0000000000
99692  42.291  8.152  17.065 0.0000000000
99702  42.671  8.722  16.947 0.0000000000
100923  54.229  10.044  27.105 0.0000000000
100932  54.400  10.244  26.590 0.0000000000
100946  54.625  10.446  25.934 0.0000000000
100959  54.838  10.564  25.331 0.0000000000
100960  54.663  10.237  25.031 0.0000000000
100974  55.110  10.617  24.812 0.0000000000
100975  54.749  10.114  24.466 0.0000000000
100976  54.404  9.632  24.120 0.0000000000
100979  54.855  10.068  23.884 0.0000000000
100980  54.415  9.668  23.553 0.0000000000
100981  53.917  9.323  23.201 0.0000000000
100987  54.259  9.853  22.972 0.0000000000
100988  53.554  9.721  22.647 0.0000000000
100989  52.518  9.297  22.587 0.0000000000
100996  52.833  10.042  22.134 0.0000000000
100997  51.924  9.761  22.096 0.0000000000
100998  51.049  9.885  21.728 0.0000000000
101011  50.244  9.914  21.242 0.0000000000
101012  49.354  9.922  20.616 0.0000000000
101013  48.754  9.331  20.532 0.0000000000
101021  49.157  10.515  20.030 0.0000000000
101022  48.396  9.978  19.911 0.0000000000
101023  47.478  9.294  19.525 0.0000000000
101024  47.060  9.016  19.356 0.0000000000
101031  48.157  10.607  19.192 0.0000000000
101032  47.620  10.151  19.182 0.0000000000
101033  46.695  9.653  18.847 0.0000000000
101034  45.666  9.134  18.350 0.0000000000
101035  45.167  8.920  18.085 0.0000000000
101043  46.397  10.189  18.142 0.0000000000
101044  45.904  9.822  17.994 0.0000000000
101045  44.948  9.438  17.483 0.0000000000
101046  43.733  9.094  17.098 0.0000000000
101047  43.095  8.914  17.020 0.0000000000
101055  44.864  9.837  16.755 0.0000000000
102191  54.814  10.937  26.205 0.0000000000
102209  55.510  11.613  25.375 0.0000000000
102210  55.080  11.081  25.577 0.0000000000
102223  55.746  11.701  25.126 0.0000000000
102224  55.521  11.259  24.989 0.0000000000
102235  55.564  10.932  24.184 0.0000000000
102236  55.186  10.393  23.966 0.0000000000
102239  55.832  11.154  23.634 0.0000000000
102240  55.298  10.624  23.324 0.0000000000
102241  54.670  10.146  23.070 0.0000000000
102244  55.321  10.925  22.636 0.0000000000
102245  54.569  10.558  22.427 0.0000000000
102246  53.961  10.263  22.274 0.0000000000
102249  54.368  11.012  21.762 0.0000000000
102250  53.671  10.637  21.870 0.0000000000
102251  52.418  10.847  21.472 0.0000000000
102252  51.617  10.417  21.584 0.0000000000
102264  52.063  11.401  20.907 0.0000000000
102265  51.116  11.032  20.823 0.0000000000
102266  50.104  10.566  20.659 0.0000000000
102280  50.766  11.561  19.937 0.0000000000
102281  49.889  11.122  19.753 0.0000000000
102282  49.055  10.761  19.640 0.0000000000
102288  49.743  11.390  18.829 0.0000000000
102289  48.903  11.163  18.791 0.0000000000
102290  47.822  10.761  18.626 0.0000000000
102291  47.261  10.375  18.711 0.0000000000
102298  48.791  11.480  17.934 0.0000000000
102299  48.034  11.381  17.772 0.0000000000
102300  46.951  10.677  17.990 0.0000000000
102301  46.088  10.331  17.568 0.0000000000
102302  45.604  9.960  17.449 0.0000000000
102309  47.697  11.702  17.201 0.0000000000
102310  47.083  11.466  17.036 0.0000000000
102311  46.308  10.859  16.954 0.0000000000
102322  46.847  11.611  16.573 0.0000000000
102323  46.575  11.384  16.383 0.0000000000
103492  55.197  11.473  25.807 0.0000000000
103502  55.928  11.804  24.915 0.0000000000
103507  56.216  12.210  24.691 0.0000000000
103508  56.020  11.724  24.472 0.0000000000
103511  56.373  12.238  24.217 0.0000000000
103512  56.213  11.790  23.747 0.0000000000
103513  55.960  11.376  23.298 0.0000000000
103515  56.260  11.908  23.139 0.0000000000
103516  55.852  11.519  22.665 0.0000000000
103517  55.303  11.214  22.260 0.0000000000
103519  55.615  11.727  22.020 0.0000000000
103520  54.962  11.506  21.702 0.0000000000
103521  54.152  11.528  21.260 0.0000000000
103522  53.338  11.354  21.231 0.0000000000
103525  53.625  11.893  20.844 0.0000000000
103526  52.790  11.850  20.701 0.0000000000
103527  51.950  11.756  20.468 0.0000000000
103540  52.325  12.244  20.095 0.0000000000
103541  51.512  12.047  19.730 0.0000000000
103542  50.703  11.759  19.345 0.0000000000
103555  51.091  12.217  18.800 0.0000000000
103556  50.323  11.733  18.632 0.0000000000
103557  49.749  11.544  18.281 0.0000000000
103564  50.828  12.224  18.042 0.0000000000
103565  50.221  11.924  17.620 0.0000000000
103566  49.358  11.695  17.715 0.0000000000
103567  48.712  11.742  17.492 0.0000000000
103574  49.773  12.076  17.040 0.0000000000
103575  49.080  12.123  16.968 0.0000000000
103576  48.155  12.050  17.013 0.0000000000
103577  47.470  11.946  16.891 0.0000000000
103584  47.596  12.309  16.588 0.0000000000
103585  46.956  11.992  16.267 0.0000000000
103586  46.332  11.582  15.653 0.0000000000
103587  45.805  11.319  15.173 0.0000000000
103598  46.558  12.148  15.458 0.0000000000
103599  46.110  11.902  14.835 0.0000000000
104726  56.431  12.730  24.323 0.0000000000
104730  56.527  12.683  23.728 0.0000000000
104731  56.452  12.380  23.307 0.0000000000
104733  56.582  12.882  23.204 0.0000000000
104734  56.377  12.555  22.710 0.0000000000
104735  56.003  12.180  22.166 0.0000000000
104737  56.208  12.776  22.026 0.0000000000
104738  55.653  12.439  21.567 0.0000000000
104739  54.841  12.335  20.960 0.0000000000
104740  54.136  12.204  20.776 0.0000000000
104743  54.376  12.739  20.583 0.0000000000
104744  53.642  12.625  20.372 0.0000000000
104745  52.875  12.557  20.110 0.0000000000
104752  53.192  13.013  19.869 0.0000000000
104753  52.483  12.848  19.460 0.0000000000
104754  51.755  12.627  18.966 0.0000000000
104768  52.117  13.174  18.778 0.0000000000
104769  51.469  12.864  18.254 0.0000000000
104778  50.745  12.830  17.231 0.0000000000
104779  50.196  12.343  16.985 0.0000000000
104786  50.518  13.190  16.546 0.0000000000
104787  49.770  12.916  16.402 0.0000000000
104788  48.540  12.683  16.468 0.0000000000
104789  47.957  12.524  16.563 0.0000000000
104797  49.429  13.602  15.873 0.0000000000
104798  48.640  13.563  15.744 0.0000000000
104799  47.572  12.815  15.925 0.0000000000
104800  46.898  12.464  15.647 0.0000000000
104808  48.263  14.014  15.167 0.0000000000
104809  47.643  13.678  14.817 0.0000000000
104810  46.704  12.687  14.789 0.0000000000
104811  46.129  12.287  14.323 0.0000000000
104820  47.441  13.893  14.063 0.0000000000
104821  46.969  13.450  13.664 0.0000000000
105998  56.517  13.254  23.888 0.0000000000
106012  56.549  13.323  23.353 0.0000000000
106026  56.552  13.364  22.860 0.0000000000
106027  56.413  13.395  22.281 0.0000000000
106035  56.107  13.379  21.613 0.0000000000
106036  55.419  13.371  20.866 0.0000000000
106037  54.795  12.983  20.612 0.0000000000
106043  55.239  13.955  20.460 0.0000000000
106044  54.448  13.574  20.189 0.0000000000
106045  53.634  13.254  19.975 0.0000000000
106050  54.125  14.123  19.704 0.0000000000
106051  53.354  13.769  19.431 0.0000000000
106052  52.575  13.431  19.077 0.0000000000
106063  53.068  14.285  18.970 0.0000000000
106064  52.450  13.947  18.647 0.0000000000
106065  51.929  13.418  18.379 0.0000000000
106079  52.126  14.252  18.161 0.0000000000
106080  51.667  13.788  17.791 0.0000000000
106086  50.891  13.886  16.637 0.0000000000
106087  50.362  13.453  16.251 0.0000000000
106093  50.729  14.394  16.111 0.0000000000
106094  49.985  14.090  15.799 0.0000000000
106095  49.223  13.936  15.644 0.0000000000
106103  49.541  14.690  15.324 0.0000000000
106104  48.789  14.454  15.074 0.0000000000
106105  48.104  14.190  14.808 0.0000000000
106120  47.385  13.976  13.704 0.0000000000
107301  56.424  13.682  23.463 0.0000000000
107318  56.435  13.919  22.922 0.0000000000
107319  56.430  13.897  22.526 0.0000000000
107331  56.338  14.283  22.408 0.0000000000
107332  56.321  14.232  21.922 0.0000000000
107333  56.014  14.034  21.276 0.0000000000
107346  56.072  14.626  21.350 0.0000000000
107347  55.710  14.442  20.765 0.0000000000
107348  55.184  14.473  20.192 0.0000000000
107360  54.635  14.534  19.788 0.0000000000
107361  54.076  14.606  19.416 0.0000000000
107375  53.524  14.675  19.074 0.0000000000
107376  52.994  14.728  18.681 0.0000000000
107395  52.480  14.739  18.199 0.0000000000
107396  52.025  14.525  17.824 0.0000000000
107405  52.245  15.008  17.684 0.0000000000
107406  51.742  14.738  17.179 0.0000000000
107412  51.171  14.832  16.404 0.0000000000
107413  50.634  14.910  15.840 0.0000000000
107419  49.985  15.036  15.402 0.0000000000
107420  49.297  15.197  15.017 0.0000000000
108600  56.191  14.443  22.541 0.0000000000
108609  56.237  14.709  22.116 0.0000000000
108610  56.104  14.970  21.656 0.0000000000
108620  55.918  15.216  21.058 0.0000000000
108621  55.533  15.300  20.401 0.0000000000
108622  55.121  15.070  19.910 0.0000000000
108633  55.165  15.625  20.001 0.0000000000
108634  54.622  15.388  19.573 0.0000000000
108635  54.009  15.169  19.193 0.0000000000
108646  54.103  15.686  19.284 0.0000000000
108647  53.516  15.476  18.817 0.0000000000
108648  52.928  15.222  18.358 0.0000000000
108667  52.999  15.805  18.246 0.0000000000
108668  52.626  15.385  17.905 0.0000000000
108687  52.735  15.916  17.730 0.0000000000
108688  52.321  15.618  17.348 0.0000000000
108689  51.738  15.586  16.715 0.0000000000
108701  51.040  15.616  16.217 0.0000000000
108702  50.321  15.697  15.759 0.0000000000
108710  49.598  15.799  15.298 0.0000000000
109861  55.598  15.940  20.837 0.0000000000
90006  42.284  2.037  35.280 0.0000000000
90007  41.749  1.862  35.231 0.0000000000
90008  40.743  1.762  35.449 0.0000000000
91463  43.685  3.037  36.150 0.0000000000
91464  43.214  2.918  36.245 0.0000000000
91487  41.832  2.244  35.748 0.0000000000
91488  41.297  2.013  35.679 0.0000000000
91506  46.332  3.259  31.963 0.0000000000
91517  46.392  2.968  31.421 0.0000000000
91528  46.523  2.788  30.331 0.0000000000
91541  46.630  2.626  29.471 0.0000000000
92749  45.338  4.513  37.658 0.0000000000
92763  45.480  4.448  36.701 0.0000000000
92764  44.953  4.102  37.142 0.0000000000
92782  44.551  3.671  36.551 0.0000000000
92783  43.782  3.325  36.585 0.0000000000
92801  44.303  3.328  36.143 0.0000000000
92813  46.434  4.197  33.082 0.0000000000
92817  46.562  3.718  32.110 0.0000000000
92818  46.275  3.683  32.720 0.0000000000
92824  46.727  3.587  31.021 0.0000000000
92830  46.677  3.372  30.097 0.0000000000
92833  46.642  3.103  29.133 0.0000000000
94020  45.673  4.959  38.005 0.0000000000
94028  45.875  5.411  37.390 0.0000000000
94029  45.726  4.918  37.109 0.0000000000
94037  45.915  5.345  36.610 0.0000000000
94038  45.807  4.808  36.255 0.0000000000
94046  46.025  5.216  35.800 0.0000000000
94056  46.283  4.975  34.820 0.0000000000
94060  46.588  4.895  33.751 0.0000000000
94062  46.826  4.669  32.682 0.0000000000
94066  47.014  4.401  31.601 0.0000000000
94074  46.943  4.194  30.585 0.0000000000
94081  46.699  3.846  29.894 0.0000000000
92840  50.680  4.019  28.211 0.0000000000
92841  50.284  4.186  28.080 0.0000000000
92857  50.031  3.501  27.961 0.0000000000
92858  48.818  3.239  27.529 0.0000000000
92859  47.544  2.747  27.677 0.0000000000
94079  51.947  5.313  28.653 0.0000000000
94080  51.440  5.300  28.593 0.0000000000
94089  51.006  4.758  28.489 0.0000000000
94090  50.487  4.693  28.224 0.0000000000
94099  50.028  4.595  27.905 0.0000000000
94100  49.360  4.356  27.403 0.0000000000
95355  52.021  6.646  29.032 0.0000000000
95356  51.702  6.771  29.007 0.0000000000
95372  52.268  5.752  28.761 0.0000000000
95373  51.617  6.153  28.775 0.0000000000
95374  50.956  5.829  28.572 0.0000000000
95375  50.588  6.198  28.504 0.0000000000
95385  50.696  5.173  28.380 0.0000000000
95386  50.367  5.575  28.152 0.0000000000
96648  52.125  7.772  29.840 0.0000000000
96649  51.881  7.800  29.825 0.0000000000
96660  53.065  7.650  29.198 0.0000000000
96661  52.889  7.518  29.270 0.0000000000
96662  52.328  7.434  29.488 0.0000000000
96663  51.637  7.386  29.423 0.0000000000
96664  51.199  7.374  29.376 0.0000000000
96685  53.085  7.482  29.012 0.0000000000
96686  52.890  6.891  28.965 0.0000000000
96687  52.452  6.533  28.935 0.0000000000
96688  51.430  6.913  29.077 0.0000000000
96689  51.045  6.874  29.108 0.0000000000
96690  50.653  6.743  28.874 0.0000000000
98062  52.901  8.224  29.754 0.0000000000
98063  52.546  8.261  30.016 0.0000000000
98064  52.028  8.183  30.131 0.0000000000
98065  51.246  8.340  30.188 0.0000000000
98080  53.082  7.882  29.315 0.0000000000
98081  52.749  7.835  29.644 0.0000000000
98082  52.451  7.886  29.863 0.0000000000
98083  51.206  7.760  29.663 0.0000000000
98100  53.286  7.844  28.789 0.0000000000
99494  52.686  8.837  30.038 0.0000000000
99512  53.312  8.912  29.225 0.0000000000
99513  53.096  8.503  29.552 0.0000000000
99528  53.531  8.592  28.518 0.0000000000
99529  53.273  8.304  29.097 0.0000000000
100908  52.999  9.099  29.725 0.0000000000
100916  53.553  9.582  28.759 0.0000000000
100924  53.921  9.738  27.757 0.0000000000
102167  53.845  10.351  28.269 0.0000000000
102176  54.413  10.673  27.098 0.0000000000
102177  54.091  10.413  27.725 0.0000000000
88473  42.081  1.168  33.295 0.0000000000
88489  42.541  0.970  32.671 0.0000000000
90016  43.325  1.960  34.411 0.0000000000
90017  42.663  1.845  34.618 0.0000000000
90018  41.675  1.525  34.500 0.0000000000
90028  44.977  2.180  33.350 0.0000000000
90029  44.549  1.903  33.365 0.0000000000
90030  43.646  1.734  33.740 0.0000000000
90031  42.597  1.364  33.545 0.0000000000
90032  41.625  1.228  33.773 0.0000000000
90041  45.740  2.413  32.355 0.0000000000
90042  45.277  2.059  32.689 0.0000000000
90043  44.478  1.420  32.632 0.0000000000
90044  43.552  1.257  32.955 0.0000000000
90045  43.051  1.119  32.900 0.0000000000
90056  45.983  2.026  31.665 0.0000000000
90057  45.341  1.478  32.023 0.0000000000
91483  45.380  3.231  35.020 0.0000000000
91484  45.038  3.084  35.174 0.0000000000
91485  44.037  2.907  35.626 0.0000000000
91486  42.873  2.380  35.434 0.0000000000
91494  45.847  3.330  34.195 0.0000000000
91495  45.533  3.183  34.518 0.0000000000
91496  44.760  2.675  34.541 0.0000000000
91497  43.826  2.238  34.529 0.0000000000
91498  43.173  2.082  34.755 0.0000000000
91500  45.859  3.234  33.723 0.0000000000
91501  45.380  2.604  33.488 0.0000000000
91502  44.628  2.237  33.865 0.0000000000
91503  44.178  1.987  33.887 0.0000000000
91507  46.111  2.958  32.476 0.0000000000
91508  45.637  2.514  32.735 0.0000000000
92780  45.674  4.215  35.841 0.0000000000
92781  45.207  3.881  36.238 0.0000000000
92798  45.877  3.973  35.086 0.0000000000
92799  45.433  3.554  35.315 0.0000000000
92800  44.786  3.388  35.841 0.0000000000
92808  46.270  4.311  34.009 0.0000000000
92809  45.979  3.683  34.314 0.0000000000
92810  45.752  3.573  34.818 0.0000000000
92814  46.144  3.698  33.371 0.0000000000
94047  45.964  4.600  35.426 0.0000000000
94057  46.101  4.315  34.735 0.0000000000
