#!ascii label  , from subject colin27 vox2ras=TkReg coords=white
1433
137851  52.076  40.711  -25.359 0.0000000000
137858  52.342  40.868  -25.931 0.0000000000
138847  55.125  42.056  -19.803 0.0000000000
138848  54.720  42.148  -20.001 0.0000000000
138882  51.856  41.247  -24.700 0.0000000000
138892  53.004  42.129  -25.267 0.0000000000
138893  52.676  41.642  -25.305 0.0000000000
138900  53.084  42.184  -25.487 0.0000000000
138901  52.962  41.873  -26.071 0.0000000000
139752  55.513  42.392  -19.586 0.0000000000
139759  55.655  42.859  -19.552 0.0000000000
139760  55.162  42.657  -19.854 0.0000000000
139761  54.442  42.692  -19.962 0.0000000000
139762  53.942  43.029  -19.750 0.0000000000
139799  52.971  42.819  -24.814 0.0000000000
139800  52.502  42.369  -24.759 0.0000000000
139801  51.375  42.240  -24.284 0.0000000000
139809  53.153  42.590  -25.095 0.0000000000
139810  52.904  42.155  -25.071 0.0000000000
139816  53.425  42.736  -25.695 0.0000000000
139817  53.337  42.551  -26.154 0.0000000000
139826  53.570  43.018  -26.195 0.0000000000
139827  53.118  42.687  -26.652 0.0000000000
140676  55.991  43.359  -19.295 0.0000000000
140677  55.466  43.563  -19.476 0.0000000000
140678  54.983  43.663  -19.541 0.0000000000
140679  53.462  43.019  -19.522 0.0000000000
140680  52.905  43.648  -19.259 0.0000000000
140681  52.399  44.171  -19.090 0.0000000000
140684  55.459  43.147  -19.622 0.0000000000
140685  55.005  43.223  -19.769 0.0000000000
140686  54.417  43.469  -19.632 0.0000000000
140687  53.716  43.582  -19.435 0.0000000000
140688  53.294  43.826  -19.266 0.0000000000
140728  53.163  43.054  -24.869 0.0000000000
140729  52.720  43.342  -24.720 0.0000000000
140730  51.713  43.156  -24.518 0.0000000000
140731  50.609  43.177  -24.277 0.0000000000
140740  53.382  43.533  -25.123 0.0000000000
140741  53.005  43.869  -24.783 0.0000000000
140748  53.828  43.638  -25.873 0.0000000000
140760  53.611  43.668  -26.561 0.0000000000
140761  52.915  43.631  -27.148 0.0000000000
141532  46.756  44.172  -1.472 0.0000000000
141533  45.787  44.023  -1.390 0.0000000000
141534  44.796  43.935  -1.460 0.0000000000
141547  46.593  44.516  -2.135 0.0000000000
141548  45.642  44.404  -2.179 0.0000000000
141549  44.622  44.273  -2.252 0.0000000000
141550  43.502  44.248  -2.403 0.0000000000
141551  42.318  44.355  -2.362 0.0000000000
141552  41.450  44.617  -2.193 0.0000000000
141560  43.128  44.479  -2.988 0.0000000000
141561  42.586  44.603  -3.119 0.0000000000
141675  56.589  44.631  -18.174 0.0000000000
141676  56.247  44.614  -18.279 0.0000000000
141684  56.493  44.326  -18.465 0.0000000000
141685  55.747  44.389  -18.761 0.0000000000
141686  55.103  44.334  -18.990 0.0000000000
141693  56.447  43.832  -18.844 0.0000000000
141694  55.966  43.937  -19.100 0.0000000000
141695  55.345  44.008  -19.282 0.0000000000
141696  54.642  44.087  -19.284 0.0000000000
141697  52.710  44.544  -19.162 0.0000000000
141698  52.064  44.685  -19.034 0.0000000000
141708  54.070  43.967  -19.320 0.0000000000
141709  53.602  44.033  -19.202 0.0000000000
141710  53.184  44.270  -19.211 0.0000000000
141751  52.544  44.070  -24.770 0.0000000000
141752  51.847  43.944  -24.728 0.0000000000
141753  50.918  43.908  -24.664 0.0000000000
141754  49.807  44.267  -24.546 0.0000000000
141762  54.335  45.407  -26.086 0.0000000000
141763  53.804  44.685  -25.520 0.0000000000
141764  52.919  44.540  -24.995 0.0000000000
141765  51.943  44.638  -24.952 0.0000000000
141766  51.049  44.541  -24.931 0.0000000000
141767  50.447  44.432  -24.836 0.0000000000
141775  54.244  45.285  -26.744 0.0000000000
141776  54.047  44.519  -26.313 0.0000000000
141794  54.036  45.360  -27.124 0.0000000000
141795  53.570  44.724  -27.065 0.0000000000
141796  52.487  44.518  -27.457 0.0000000000
142561  46.486  44.989  -2.790 0.0000000000
142562  45.553  44.869  -2.894 0.0000000000
142563  44.603  44.746  -3.039 0.0000000000
142564  43.838  44.709  -3.176 0.0000000000
142565  41.899  44.620  -2.830 0.0000000000
142566  41.063  44.990  -2.685 0.0000000000
142567  40.357  45.704  -2.705 0.0000000000
142579  46.415  45.537  -3.411 0.0000000000
142580  45.488  45.422  -3.526 0.0000000000
142581  44.526  45.281  -3.701 0.0000000000
142582  43.393  44.949  -3.606 0.0000000000
142583  42.232  44.974  -3.580 0.0000000000
142584  41.224  45.449  -3.659 0.0000000000
142585  40.452  45.921  -3.401 0.0000000000
142596  44.081  45.513  -4.111 0.0000000000
142597  43.294  45.466  -4.236 0.0000000000
142598  42.332  45.569  -4.317 0.0000000000
142599  41.615  45.844  -4.365 0.0000000000
142610  50.582  45.901  -5.611 0.0000000000
142627  50.625  46.324  -6.010 0.0000000000
142708  56.149  45.427  -17.116 0.0000000000
142709  55.115  45.501  -17.047 0.0000000000
142710  54.125  45.859  -17.030 0.0000000000
142711  53.664  46.242  -17.146 0.0000000000
142718  56.551  44.906  -17.795 0.0000000000
142719  55.532  44.903  -18.059 0.0000000000
142720  54.430  45.402  -17.850 0.0000000000
142721  53.695  45.990  -17.679 0.0000000000
142728  56.871  44.467  -18.098 0.0000000000
142729  56.781  44.665  -18.017 0.0000000000
142730  55.243  44.594  -18.699 0.0000000000
142731  54.486  44.806  -18.704 0.0000000000
142732  53.626  45.681  -18.335 0.0000000000
142745  54.052  44.508  -18.994 0.0000000000
142746  53.308  45.317  -18.916 0.0000000000
142747  52.447  45.415  -19.189 0.0000000000
142748  51.465  45.464  -19.075 0.0000000000
142760  53.828  44.221  -19.132 0.0000000000
142761  53.480  44.527  -19.081 0.0000000000
142762  53.032  44.841  -19.177 0.0000000000
142801  49.494  44.920  -24.860 0.0000000000
142802  48.850  45.214  -24.639 0.0000000000
142812  54.447  46.351  -25.986 0.0000000000
142813  53.928  45.862  -25.551 0.0000000000
142814  53.089  45.548  -25.258 0.0000000000
142815  52.086  45.421  -25.173 0.0000000000
142816  51.077  45.295  -25.194 0.0000000000
142817  50.069  45.027  -25.081 0.0000000000
142818  49.400  45.227  -24.977 0.0000000000
142834  54.466  46.069  -26.594 0.0000000000
142848  54.228  45.912  -27.121 0.0000000000
142849  53.653  45.690  -27.345 0.0000000000
142850  52.782  45.415  -27.454 0.0000000000
142851  51.857  45.215  -27.609 0.0000000000
143487  47.264  46.155  -3.926 0.0000000000
143488  46.349  46.151  -4.026 0.0000000000
143489  45.430  45.904  -4.082 0.0000000000
143490  44.769  45.816  -4.245 0.0000000000
143491  40.914  45.944  -4.034 0.0000000000
143492  40.182  46.448  -3.742 0.0000000000
143499  45.996  46.430  -4.389 0.0000000000
143500  45.365  46.334  -4.554 0.0000000000
143501  44.361  46.118  -4.683 0.0000000000
143502  43.284  46.026  -4.773 0.0000000000
143503  42.368  46.128  -4.854 0.0000000000
143504  41.272  46.379  -4.739 0.0000000000
143505  40.356  46.767  -4.490 0.0000000000
143507  50.135  46.530  -5.466 0.0000000000
143508  49.715  47.003  -5.089 0.0000000000
143509  43.986  46.459  -5.134 0.0000000000
143510  43.283  46.541  -5.282 0.0000000000
143511  42.385  46.674  -5.368 0.0000000000
143512  41.646  46.915  -5.383 0.0000000000
143517  50.667  46.889  -6.276 0.0000000000
143585  55.315  47.245  -14.968 0.0000000000
143586  54.835  47.187  -14.828 0.0000000000
143587  54.064  47.156  -14.712 0.0000000000
143598  55.358  46.798  -15.407 0.0000000000
143599  54.256  46.686  -15.389 0.0000000000
143600  53.315  47.057  -15.182 0.0000000000
143601  52.868  47.210  -15.437 0.0000000000
143612  55.749  46.083  -16.299 0.0000000000
143613  54.670  46.160  -16.211 0.0000000000
143614  53.437  46.630  -16.355 0.0000000000
143615  53.043  47.034  -15.716 0.0000000000
143625  53.403  46.669  -17.422 0.0000000000
143639  53.326  46.611  -18.127 0.0000000000
143655  53.067  46.497  -18.672 0.0000000000
143656  52.612  46.440  -19.114 0.0000000000
143657  51.815  46.393  -19.377 0.0000000000
143658  50.730  46.270  -19.015 0.0000000000
143717  48.581  46.408  -24.883 0.0000000000
143732  54.430  47.253  -25.935 0.0000000000
143733  53.961  46.851  -25.568 0.0000000000
143734  53.185  46.547  -25.333 0.0000000000
143735  52.204  46.344  -25.283 0.0000000000
143736  51.179  46.180  -25.369 0.0000000000
143737  50.197  45.984  -25.319 0.0000000000
143738  49.367  45.763  -25.097 0.0000000000
143749  54.548  46.932  -26.498 0.0000000000
143753  54.404  46.753  -27.096 0.0000000000
143754  53.845  46.569  -27.487 0.0000000000
143755  52.991  46.322  -27.575 0.0000000000
143756  51.838  46.120  -27.539 0.0000000000
144345  48.144  46.880  -4.352 0.0000000000
144346  47.201  46.829  -4.404 0.0000000000
144347  46.554  46.705  -4.480 0.0000000000
144353  49.820  47.752  -4.950 0.0000000000
144354  49.342  47.378  -4.767 0.0000000000
144355  48.527  47.697  -4.607 0.0000000000
144356  46.904  47.136  -4.697 0.0000000000
144357  46.215  46.994  -4.839 0.0000000000
144358  45.315  46.760  -5.034 0.0000000000
144359  44.656  46.704  -5.214 0.0000000000
144360  40.922  46.936  -5.065 0.0000000000
144361  40.078  47.267  -4.870 0.0000000000
144365  50.105  47.467  -5.307 0.0000000000
144366  49.720  47.277  -5.019 0.0000000000
144367  45.887  47.263  -5.259 0.0000000000
144368  45.266  47.234  -5.537 0.0000000000
144369  44.262  47.003  -5.602 0.0000000000
144370  43.323  47.097  -5.799 0.0000000000
144371  42.380  47.256  -5.857 0.0000000000
144372  41.248  47.475  -5.742 0.0000000000
144373  40.158  47.738  -5.583 0.0000000000
144377  50.861  47.812  -6.092 0.0000000000
144378  44.946  47.508  -5.945 0.0000000000
144379  44.252  47.574  -6.178 0.0000000000
144380  43.285  47.678  -6.342 0.0000000000
144381  42.331  47.841  -6.360 0.0000000000
144382  41.625  48.065  -6.365 0.0000000000
144445  54.303  48.229  -13.840 0.0000000000
144446  53.934  48.089  -13.833 0.0000000000
144447  53.277  47.961  -13.858 0.0000000000
144461  54.488  47.910  -14.176 0.0000000000
144462  53.535  47.528  -14.344 0.0000000000
144463  52.841  47.750  -14.269 0.0000000000
144475  55.551  47.291  -15.037 0.0000000000
144476  53.034  47.394  -14.678 0.0000000000
144477  52.651  47.556  -14.987 0.0000000000
144486  53.025  47.292  -16.544 0.0000000000
144487  52.757  47.512  -15.903 0.0000000000
144502  53.134  47.320  -17.112 0.0000000000
144518  53.240  47.445  -17.856 0.0000000000
144531  53.139  47.487  -18.472 0.0000000000
144532  52.869  47.463  -19.015 0.0000000000
144533  52.267  47.409  -19.474 0.0000000000
144534  51.235  47.313  -19.600 0.0000000000
144535  49.912  47.214  -18.958 0.0000000000
144536  49.209  47.810  -18.825 0.0000000000
144592  48.690  47.489  -25.050 0.0000000000
144593  47.800  47.212  -24.609 0.0000000000
144598  54.328  48.058  -25.884 0.0000000000
144599  53.955  47.765  -25.552 0.0000000000
144600  53.264  47.511  -25.313 0.0000000000
144601  52.328  47.283  -25.245 0.0000000000
144602  51.293  47.113  -25.331 0.0000000000
144603  50.297  46.916  -25.406 0.0000000000
144604  49.396  46.697  -25.256 0.0000000000
144607  54.560  47.770  -26.387 0.0000000000
144612  54.609  47.598  -27.013 0.0000000000
144613  54.096  47.656  -27.686 0.0000000000
144614  53.238  47.241  -27.814 0.0000000000
144615  52.278  46.961  -27.702 0.0000000000
144616  51.675  46.766  -27.636 0.0000000000
144620  53.871  48.310  -28.067 0.0000000000
144621  53.404  48.106  -28.141 0.0000000000
144622  52.492  47.878  -28.006 0.0000000000
144623  51.252  47.365  -27.789 0.0000000000
145214  47.765  47.490  -4.599 0.0000000000
145215  47.281  47.321  -4.689 0.0000000000
145222  50.953  48.813  -4.969 0.0000000000
145223  50.081  48.388  -4.859 0.0000000000
145224  49.141  48.422  -4.630 0.0000000000
145225  48.217  48.290  -4.733 0.0000000000
145226  47.160  47.817  -5.077 0.0000000000
145227  46.384  47.470  -5.220 0.0000000000
145233  51.354  48.706  -5.537 0.0000000000
145234  50.734  48.245  -5.414 0.0000000000
145235  47.030  48.452  -5.669 0.0000000000
145236  46.178  47.820  -5.680 0.0000000000
145237  45.466  47.665  -5.906 0.0000000000
145238  40.847  48.085  -6.177 0.0000000000
145239  40.006  48.176  -6.096 0.0000000000
145246  51.149  48.298  -5.884 0.0000000000
145247  47.176  48.920  -6.008 0.0000000000
145248  46.585  48.674  -6.189 0.0000000000
145249  45.375  48.167  -6.363 0.0000000000
145250  44.185  48.247  -6.708 0.0000000000
145251  43.163  48.336  -6.809 0.0000000000
145252  42.256  48.472  -6.763 0.0000000000
145253  41.418  48.566  -6.657 0.0000000000
145254  40.584  48.595  -6.555 0.0000000000
145255  39.841  48.615  -6.471 0.0000000000
145303  54.336  49.126  -13.103 0.0000000000
145304  53.925  49.026  -13.058 0.0000000000
145305  53.087  48.875  -13.017 0.0000000000
145306  52.359  48.982  -13.115 0.0000000000
145319  53.551  48.465  -13.455 0.0000000000
145320  52.691  48.354  -13.610 0.0000000000
145321  51.913  48.857  -13.609 0.0000000000
145337  54.701  48.330  -13.898 0.0000000000
145338  52.254  48.237  -14.325 0.0000000000
145339  51.715  48.924  -14.351 0.0000000000
145355  52.192  48.411  -15.177 0.0000000000
145356  51.787  49.200  -14.915 0.0000000000
145374  52.951  47.950  -16.702 0.0000000000
145375  52.596  48.575  -16.109 0.0000000000
145393  53.219  48.250  -17.468 0.0000000000
145404  53.381  48.389  -18.163 0.0000000000
145412  53.231  48.414  -18.754 0.0000000000
145413  52.794  48.419  -19.287 0.0000000000
145414  51.951  48.399  -19.717 0.0000000000
145415  50.782  48.380  -19.683 0.0000000000
145416  49.696  48.467  -19.278 0.0000000000
145417  48.546  48.434  -18.816 0.0000000000
145446  53.165  48.925  -25.092 0.0000000000
145447  52.762  48.907  -24.993 0.0000000000
145448  51.803  48.874  -24.912 0.0000000000
145449  50.642  48.803  -24.917 0.0000000000
145450  49.225  48.632  -24.917 0.0000000000
145451  47.964  48.309  -24.724 0.0000000000
145452  47.077  48.073  -24.290 0.0000000000
145454  54.136  48.674  -25.836 0.0000000000
145455  53.913  48.530  -25.566 0.0000000000
145456  53.352  48.513  -25.248 0.0000000000
145457  52.509  48.189  -25.132 0.0000000000
145458  51.474  48.026  -25.125 0.0000000000
145459  50.383  47.857  -25.192 0.0000000000
145460  49.559  47.540  -25.221 0.0000000000
145464  54.393  48.514  -26.205 0.0000000000
145469  54.581  48.478  -26.827 0.0000000000
145470  54.475  48.220  -27.394 0.0000000000
145473  54.429  48.814  -27.380 0.0000000000
145474  54.136  48.675  -27.865 0.0000000000
145475  53.576  48.841  -28.284 0.0000000000
145476  52.805  48.787  -28.418 0.0000000000
145477  51.742  48.639  -28.263 0.0000000000
145478  50.342  48.445  -28.236 0.0000000000
146160  50.880  49.567  -4.524 0.0000000000
146161  49.803  49.368  -4.535 0.0000000000
146162  48.864  49.368  -4.922 0.0000000000
146163  47.886  48.781  -5.162 0.0000000000
146164  47.409  48.522  -5.371 0.0000000000
146169  52.396  49.763  -5.207 0.0000000000
146170  51.624  49.291  -4.957 0.0000000000
146171  48.771  49.896  -5.338 0.0000000000
146172  48.192  49.539  -5.572 0.0000000000
146173  47.525  48.988  -5.677 0.0000000000
146180  53.625  49.941  -6.965 0.0000000000
146181  52.763  49.561  -6.344 0.0000000000
146182  51.957  49.174  -5.689 0.0000000000
146183  48.217  49.949  -6.009 0.0000000000
146184  47.432  49.634  -6.428 0.0000000000
146185  46.134  49.180  -6.813 0.0000000000
146186  45.000  48.968  -7.069 0.0000000000
146187  43.925  48.950  -7.217 0.0000000000
146188  42.933  49.005  -7.211 0.0000000000
146189  42.017  49.091  -7.088 0.0000000000
146190  41.121  49.111  -6.999 0.0000000000
146191  40.221  49.056  -6.936 0.0000000000
146200  47.208  50.240  -7.051 0.0000000000
146201  46.613  50.002  -7.190 0.0000000000
146202  45.613  49.821  -7.358 0.0000000000
146203  44.584  49.725  -7.479 0.0000000000
146204  43.583  49.694  -7.525 0.0000000000
146205  42.623  49.689  -7.501 0.0000000000
146206  41.691  49.689  -7.432 0.0000000000
146207  40.753  49.654  -7.377 0.0000000000
146238  54.428  50.034  -12.359 0.0000000000
146239  53.998  49.995  -12.271 0.0000000000
146240  53.106  49.893  -12.117 0.0000000000
146241  52.244  49.923  -12.164 0.0000000000
146253  53.541  49.446  -12.610 0.0000000000
146254  52.631  49.397  -12.591 0.0000000000
146255  51.685  49.590  -12.785 0.0000000000
146256  51.044  49.904  -13.013 0.0000000000
146262  51.317  49.557  -13.646 0.0000000000
146263  50.902  50.121  -13.400 0.0000000000
146266  51.396  49.666  -14.427 0.0000000000
146271  52.193  49.295  -15.531 0.0000000000
146272  51.755  49.886  -15.032 0.0000000000
146279  53.156  48.958  -16.859 0.0000000000
146280  52.814  49.549  -16.186 0.0000000000
146289  54.171  49.775  -17.896 0.0000000000
146290  53.795  49.414  -17.685 0.0000000000
146299  54.163  49.781  -18.151 0.0000000000
146300  53.699  49.215  -18.417 0.0000000000
146310  54.035  49.785  -18.577 0.0000000000
146311  53.512  49.387  -19.000 0.0000000000
146312  52.664  49.431  -19.433 0.0000000000
146313  51.606  49.463  -19.684 0.0000000000
146314  50.468  49.486  -19.580 0.0000000000
146315  49.356  49.501  -19.445 0.0000000000
146316  48.306  49.588  -19.305 0.0000000000
146348  47.476  49.706  -24.107 0.0000000000
146349  46.820  49.315  -23.986 0.0000000000
146353  53.567  49.597  -25.319 0.0000000000
146354  53.264  49.352  -25.113 0.0000000000
146355  52.289  49.594  -24.766 0.0000000000
146356  51.158  49.685  -24.632 0.0000000000
146357  49.955  49.651  -24.599 0.0000000000
146358  48.966  49.651  -24.506 0.0000000000
146359  47.969  49.451  -24.384 0.0000000000
146360  47.416  48.812  -24.397 0.0000000000
146362  54.118  49.105  -25.946 0.0000000000
146363  53.764  49.324  -25.545 0.0000000000
146364  53.618  48.928  -25.372 0.0000000000
146370  54.269  49.213  -26.379 0.0000000000
146374  54.348  49.362  -27.019 0.0000000000
146376  54.141  49.432  -27.635 0.0000000000
146377  53.758  49.522  -28.148 0.0000000000
146378  53.135  49.639  -28.553 0.0000000000
146379  52.241  49.621  -28.648 0.0000000000
146380  51.167  49.542  -28.539 0.0000000000
146381  50.033  49.506  -28.510 0.0000000000
147054  52.231  50.883  -4.221 0.0000000000
147055  51.393  50.596  -4.147 0.0000000000
147056  50.297  50.513  -4.406 0.0000000000
147057  49.567  49.971  -4.682 0.0000000000
147066  53.236  51.005  -5.347 0.0000000000
147067  52.706  50.536  -4.777 0.0000000000
147068  51.947  50.027  -4.446 0.0000000000
147069  50.050  51.063  -4.800 0.0000000000
147070  49.349  50.591  -5.288 0.0000000000
147071  48.612  50.114  -5.680 0.0000000000
147076  53.636  50.563  -6.263 0.0000000000
147077  53.022  50.250  -5.518 0.0000000000
147078  49.066  51.154  -5.993 0.0000000000
147079  48.453  50.630  -6.249 0.0000000000
147080  47.656  50.686  -6.951 0.0000000000
147087  54.565  50.669  -7.836 0.0000000000
147088  54.075  50.493  -7.164 0.0000000000
147089  46.942  50.777  -7.359 0.0000000000
147090  46.070  50.665  -7.547 0.0000000000
147091  45.125  50.546  -7.683 0.0000000000
147092  44.160  50.473  -7.749 0.0000000000
147093  43.205  50.394  -7.800 0.0000000000
147094  42.270  50.329  -7.795 0.0000000000
147095  41.329  50.298  -7.765 0.0000000000
147111  54.483  50.891  -11.079 0.0000000000
147112  53.335  50.972  -11.040 0.0000000000
147113  52.171  50.943  -11.069 0.0000000000
147114  51.514  50.968  -11.156 0.0000000000
147123  53.704  50.417  -11.674 0.0000000000
147124  52.624  50.389  -11.600 0.0000000000
147125  51.362  50.507  -11.822 0.0000000000
147126  50.583  50.914  -12.056 0.0000000000
147138  51.134  50.106  -12.582 0.0000000000
147139  50.661  50.537  -12.773 0.0000000000
147149  51.006  50.130  -13.967 0.0000000000
147150  50.741  50.601  -13.612 0.0000000000
147157  51.323  50.525  -14.538 0.0000000000
147158  50.916  50.561  -14.060 0.0000000000
147160  52.392  50.317  -15.583 0.0000000000
147161  51.804  50.430  -15.061 0.0000000000
147163  54.422  50.643  -17.073 0.0000000000
147164  53.642  50.062  -16.714 0.0000000000
147165  53.046  50.163  -16.121 0.0000000000
147167  54.352  50.171  -17.747 0.0000000000
147168  54.138  50.042  -17.321 0.0000000000
147170  54.388  50.493  -18.316 0.0000000000
147171  54.166  50.839  -18.761 0.0000000000
147176  54.024  50.165  -18.832 0.0000000000
147177  53.455  50.460  -19.140 0.0000000000
147178  52.372  50.482  -19.437 0.0000000000
147179  51.249  50.514  -19.517 0.0000000000
147180  50.145  50.529  -19.563 0.0000000000
147181  49.088  50.536  -19.673 0.0000000000
147182  48.016  50.441  -19.788 0.0000000000
147209  50.126  50.981  -23.836 0.0000000000
147210  49.697  50.905  -23.848 0.0000000000
147211  48.791  50.710  -23.854 0.0000000000
147212  47.730  50.264  -23.853 0.0000000000
147213  46.492  50.496  -23.130 0.0000000000
147217  53.706  50.344  -25.449 0.0000000000
147218  53.545  50.080  -25.266 0.0000000000
147219  52.800  50.280  -24.713 0.0000000000
147220  51.792  50.429  -24.399 0.0000000000
147221  50.506  50.648  -24.094 0.0000000000
147222  49.375  50.299  -24.210 0.0000000000
147223  48.454  50.076  -24.184 0.0000000000
147224  48.032  49.942  -24.145 0.0000000000
147229  53.891  49.962  -25.756 0.0000000000
147230  53.734  49.776  -25.525 0.0000000000
147236  54.048  50.073  -26.523 0.0000000000
147239  53.986  50.232  -27.302 0.0000000000
147240  53.720  50.660  -27.822 0.0000000000
147243  53.870  50.067  -27.902 0.0000000000
147244  53.412  50.464  -28.310 0.0000000000
147245  52.666  50.532  -28.713 0.0000000000
147246  51.760  50.500  -28.752 0.0000000000
147247  50.764  50.413  -28.597 0.0000000000
147248  49.691  50.369  -28.438 0.0000000000
147834  52.283  51.400  -4.254 0.0000000000
147835  51.829  51.352  -4.076 0.0000000000
147836  51.100  51.349  -4.179 0.0000000000
147849  53.197  51.620  -5.326 0.0000000000
147850  52.746  51.537  -4.691 0.0000000000
147851  50.519  51.499  -4.606 0.0000000000
147852  50.034  51.618  -5.172 0.0000000000
147860  53.494  51.554  -5.981 0.0000000000
147861  49.486  51.710  -5.822 0.0000000000
147862  48.777  51.769  -6.463 0.0000000000
147863  48.131  51.352  -6.849 0.0000000000
147868  54.491  51.151  -7.753 0.0000000000
147869  54.047  51.418  -7.201 0.0000000000
147870  48.109  52.078  -6.942 0.0000000000
147871  47.415  51.663  -7.287 0.0000000000
147872  46.454  51.524  -7.623 0.0000000000
147873  45.560  51.376  -7.834 0.0000000000
147874  44.671  51.253  -7.970 0.0000000000
147875  43.728  51.190  -8.084 0.0000000000
147876  42.807  50.984  -8.100 0.0000000000
147877  41.919  50.921  -8.129 0.0000000000
147878  40.970  50.897  -8.152 0.0000000000
147886  54.585  51.325  -8.267 0.0000000000
147887  53.907  52.094  -8.004 0.0000000000
147888  43.182  51.500  -8.394 0.0000000000
147889  42.486  51.473  -8.494 0.0000000000
147890  41.611  51.452  -8.540 0.0000000000
147891  40.713  51.446  -8.613 0.0000000000
147898  55.469  50.887  -9.986 0.0000000000
147899  55.085  51.093  -9.457 0.0000000000
147900  53.737  51.940  -9.170 0.0000000000
147901  52.301  52.051  -9.622 0.0000000000
147902  51.245  52.216  -9.793 0.0000000000
147903  50.737  52.520  -9.951 0.0000000000
147905  55.617  50.866  -10.281 0.0000000000
147906  55.147  51.033  -10.341 0.0000000000
147907  54.157  51.296  -10.243 0.0000000000
147908  52.876  51.499  -10.315 0.0000000000
147909  51.516  51.483  -10.581 0.0000000000
147910  50.684  52.143  -10.458 0.0000000000
147912  51.176  51.057  -11.200 0.0000000000
147913  50.597  51.501  -11.388 0.0000000000
147915  50.377  51.531  -12.480 0.0000000000
147922  50.596  51.352  -13.370 0.0000000000
147932  51.410  51.527  -14.471 0.0000000000
147933  50.870  51.067  -14.053 0.0000000000
147943  53.591  51.795  -15.805 0.0000000000
147944  52.645  51.444  -15.451 0.0000000000
147945  51.874  51.031  -15.053 0.0000000000
147954  54.912  52.165  -17.171 0.0000000000
147955  54.680  51.603  -16.790 0.0000000000
147956  54.064  51.120  -16.414 0.0000000000
147957  53.277  50.791  -15.985 0.0000000000
147964  54.845  52.102  -17.751 0.0000000000
147965  54.768  51.219  -17.615 0.0000000000
147973  54.743  52.251  -18.073 0.0000000000
147974  54.555  51.659  -18.348 0.0000000000
147975  53.924  51.517  -18.935 0.0000000000
147984  53.043  51.469  -19.199 0.0000000000
147985  51.976  51.510  -19.353 0.0000000000
147986  50.879  51.519  -19.497 0.0000000000
147987  49.871  51.491  -19.745 0.0000000000
147988  48.883  51.548  -20.214 0.0000000000
147989  47.673  50.991  -20.362 0.0000000000
147996  48.906  52.137  -20.668 0.0000000000
147997  48.172  51.772  -21.035 0.0000000000
147998  46.948  50.989  -20.918 0.0000000000
148003  48.062  51.821  -21.969 0.0000000000
148004  47.279  51.397  -21.696 0.0000000000
148005  46.478  50.983  -21.622 0.0000000000
148008  48.939  51.761  -22.895 0.0000000000
148009  48.146  51.575  -22.676 0.0000000000
148010  47.424  51.399  -22.422 0.0000000000
148011  46.714  51.109  -22.323 0.0000000000
148014  52.035  51.889  -23.795 0.0000000000
148015  51.120  51.738  -23.537 0.0000000000
148016  50.205  51.386  -23.599 0.0000000000
148017  49.262  51.329  -23.459 0.0000000000
148018  48.366  51.171  -23.340 0.0000000000
148019  47.484  51.086  -23.090 0.0000000000
148020  46.985  51.105  -22.770 0.0000000000
148023  53.657  50.979  -25.303 0.0000000000
148024  53.143  51.088  -24.734 0.0000000000
148025  52.378  51.131  -24.306 0.0000000000
148026  51.471  51.181  -23.966 0.0000000000
148027  50.832  51.235  -23.776 0.0000000000
148033  53.955  50.890  -25.973 0.0000000000
148037  53.939  50.970  -26.720 0.0000000000
148040  53.745  51.192  -27.395 0.0000000000
148041  53.429  51.328  -27.983 0.0000000000
148042  50.340  51.732  -27.906 0.0000000000
148043  49.772  51.782  -27.795 0.0000000000
148045  52.952  51.367  -28.452 0.0000000000
148046  52.218  51.427  -28.644 0.0000000000
148047  51.374  51.289  -28.529 0.0000000000
148048  50.458  51.142  -28.317 0.0000000000
148049  49.342  51.276  -28.089 0.0000000000
148601  52.180  51.792  -4.329 0.0000000000
148602  51.626  51.995  -4.296 0.0000000000
148603  51.020  52.008  -4.468 0.0000000000
148619  53.121  52.339  -5.434 0.0000000000
148620  52.259  52.562  -4.675 0.0000000000
148621  51.296  52.695  -4.639 0.0000000000
148622  50.574  52.381  -4.971 0.0000000000
148623  49.961  52.514  -5.533 0.0000000000
148636  53.454  52.312  -6.450 0.0000000000
148637  49.302  52.702  -6.158 0.0000000000
148638  48.491  52.807  -6.737 0.0000000000
148643  53.542  52.474  -7.280 0.0000000000
148644  53.139  52.804  -7.523 0.0000000000
148645  47.642  52.753  -7.226 0.0000000000
148646  46.766  52.467  -7.679 0.0000000000
148647  45.910  52.167  -7.962 0.0000000000
148648  45.072  52.065  -8.208 0.0000000000
148649  44.321  51.805  -8.319 0.0000000000
148650  43.700  51.766  -8.460 0.0000000000
148654  53.398  52.527  -7.823 0.0000000000
148655  52.835  52.815  -7.996 0.0000000000
148656  52.108  52.976  -8.354 0.0000000000
148657  51.447  53.204  -8.694 0.0000000000
148658  44.614  52.251  -8.513 0.0000000000
148659  44.077  52.219  -8.701 0.0000000000
148660  43.133  52.030  -8.836 0.0000000000
148661  42.193  51.919  -8.927 0.0000000000
148662  41.325  51.924  -9.003 0.0000000000
148663  40.466  51.905  -9.079 0.0000000000
148671  53.355  52.377  -8.341 0.0000000000
148672  52.701  52.475  -8.758 0.0000000000
148673  51.742  52.589  -9.060 0.0000000000
148674  50.903  52.957  -9.408 0.0000000000
148675  42.613  52.293  -9.238 0.0000000000
148676  41.912  52.297  -9.423 0.0000000000
148677  40.990  52.318  -9.565 0.0000000000
148686  50.406  52.940  -10.252 0.0000000000
148687  50.223  53.058  -10.750 0.0000000000
148696  50.266  52.646  -11.047 0.0000000000
148697  50.200  53.152  -11.040 0.0000000000
148699  50.287  52.508  -12.019 0.0000000000
148701  51.245  52.941  -13.614 0.0000000000
148702  50.768  52.592  -13.205 0.0000000000
148704  52.372  53.035  -14.518 0.0000000000
148705  51.687  52.752  -14.190 0.0000000000
148706  50.994  51.862  -13.894 0.0000000000
148711  54.438  52.945  -15.964 0.0000000000
148712  54.109  52.743  -15.742 0.0000000000
148713  52.879  52.725  -15.012 0.0000000000
148714  52.051  51.913  -14.889 0.0000000000
148721  54.917  52.728  -17.011 0.0000000000
148722  54.688  52.725  -16.469 0.0000000000
148723  54.340  51.971  -16.197 0.0000000000
148731  54.864  52.700  -17.396 0.0000000000
148739  54.763  52.684  -17.868 0.0000000000
148740  54.542  52.599  -18.314 0.0000000000
148741  54.183  52.389  -18.754 0.0000000000
148745  53.588  52.344  -19.073 0.0000000000
148746  52.662  52.474  -19.255 0.0000000000
148747  51.563  52.474  -19.489 0.0000000000
148748  50.535  52.387  -19.771 0.0000000000
148749  49.805  52.175  -20.061 0.0000000000
148752  50.167  52.683  -20.142 0.0000000000
148753  49.624  52.561  -20.574 0.0000000000
148754  49.041  52.443  -21.036 0.0000000000
148756  50.486  53.174  -21.606 0.0000000000
148757  49.900  52.929  -21.390 0.0000000000
148758  48.863  52.326  -21.689 0.0000000000
148761  52.497  53.233  -23.020 0.0000000000
148762  52.046  53.170  -22.786 0.0000000000
148763  50.871  53.056  -22.179 0.0000000000
148764  49.612  52.374  -22.387 0.0000000000
148765  48.697  52.024  -22.329 0.0000000000
148768  53.120  52.829  -24.072 0.0000000000
148769  52.665  52.835  -23.565 0.0000000000
148770  51.569  52.506  -23.146 0.0000000000
148771  50.504  52.192  -23.004 0.0000000000
148772  49.681  51.864  -23.101 0.0000000000
148777  53.649  51.609  -25.139 0.0000000000
148778  53.395  52.213  -24.701 0.0000000000
148779  52.777  51.838  -24.212 0.0000000000
148786  53.783  51.651  -25.480 0.0000000000
148787  53.784  52.502  -25.704 0.0000000000
148791  53.918  51.718  -26.227 0.0000000000
148792  53.760  52.501  -26.626 0.0000000000
148795  53.835  51.736  -26.914 0.0000000000
148796  53.456  52.208  -27.490 0.0000000000
148797  52.997  52.532  -27.906 0.0000000000
148798  51.660  52.623  -27.925 0.0000000000
148799  51.149  52.381  -27.754 0.0000000000
148800  50.017  52.282  -27.447 0.0000000000
148801  49.034  52.371  -27.348 0.0000000000
148805  53.100  51.963  -28.077 0.0000000000
148806  52.568  52.230  -28.224 0.0000000000
148807  51.806  52.303  -28.211 0.0000000000
148808  51.078  51.759  -28.160 0.0000000000
148809  49.355  51.904  -27.711 0.0000000000
149364  53.134  53.015  -6.074 0.0000000000
149365  52.576  53.366  -5.488 0.0000000000
149366  51.644  53.549  -5.037 0.0000000000
149367  50.759  53.278  -5.138 0.0000000000
149368  50.327  52.966  -5.346 0.0000000000
149383  53.180  52.999  -6.796 0.0000000000
149384  52.711  53.666  -6.426 0.0000000000
149385  51.889  54.342  -5.936 0.0000000000
149386  50.911  54.184  -5.497 0.0000000000
149387  49.955  53.606  -5.748 0.0000000000
149388  48.959  53.704  -6.462 0.0000000000
149399  53.160  52.911  -7.230 0.0000000000
149400  52.673  53.322  -7.350 0.0000000000
149401  52.073  54.169  -6.969 0.0000000000
149402  48.079  53.712  -7.081 0.0000000000
149403  47.134  53.642  -7.897 0.0000000000
149404  46.117  52.904  -8.290 0.0000000000
149405  45.511  52.522  -8.307 0.0000000000
149412  52.341  53.223  -7.900 0.0000000000
149413  51.722  53.756  -7.930 0.0000000000
149414  50.920  53.837  -8.788 0.0000000000
149415  46.996  54.138  -8.480 0.0000000000
149416  46.315  53.765  -8.935 0.0000000000
149417  44.954  52.838  -8.856 0.0000000000
149418  43.677  52.523  -9.243 0.0000000000
149419  43.049  52.399  -9.273 0.0000000000
149422  50.550  53.813  -9.711 0.0000000000
149423  46.152  54.015  -9.608 0.0000000000
149424  45.353  53.690  -10.001 0.0000000000
149425  44.014  53.023  -9.924 0.0000000000
149426  42.728  52.678  -9.798 0.0000000000
149427  41.538  52.607  -10.002 0.0000000000
149432  50.423  53.694  -10.660 0.0000000000
149433  50.246  53.283  -10.821 0.0000000000
149434  45.169  53.760  -11.252 0.0000000000
149435  44.225  53.350  -10.930 0.0000000000
149436  43.073  53.079  -10.766 0.0000000000
149437  41.907  52.854  -10.716 0.0000000000
149447  50.424  53.478  -11.428 0.0000000000
149448  50.281  53.390  -11.010 0.0000000000
149449  45.169  53.825  -12.282 0.0000000000
149450  44.333  53.460  -11.978 0.0000000000
149451  43.331  53.206  -11.759 0.0000000000
149452  42.243  53.052  -11.633 0.0000000000
149453  41.117  52.986  -11.564 0.0000000000
149462  51.230  53.916  -12.581 0.0000000000
149463  50.664  53.352  -12.386 0.0000000000
149464  45.150  54.071  -13.157 0.0000000000
149465  44.419  53.711  -12.945 0.0000000000
149466  43.508  53.433  -12.726 0.0000000000
149467  42.503  53.274  -12.563 0.0000000000
149468  41.450  53.207  -12.456 0.0000000000
149476  52.169  54.112  -13.496 0.0000000000
149477  51.439  53.443  -13.357 0.0000000000
149478  50.974  53.334  -12.902 0.0000000000
149479  45.119  54.320  -13.607 0.0000000000
149480  44.543  54.208  -13.810 0.0000000000
149481  43.656  53.820  -13.601 0.0000000000
149482  42.714  53.614  -13.443 0.0000000000
149483  41.712  53.520  -13.307 0.0000000000
149490  53.303  54.152  -14.597 0.0000000000
149491  52.558  53.601  -14.304 0.0000000000
149492  51.943  53.498  -13.859 0.0000000000
149493  44.276  54.486  -14.351 0.0000000000
149494  43.765  54.310  -14.291 0.0000000000
149495  42.910  54.108  -14.212 0.0000000000
149496  41.950  53.928  -14.124 0.0000000000
149501  54.405  53.573  -15.910 0.0000000000
149502  53.717  53.541  -15.139 0.0000000000
149503  53.164  53.516  -14.752 0.0000000000
149505  54.869  53.352  -17.012 0.0000000000
149506  54.723  53.472  -16.498 0.0000000000
149508  54.791  53.241  -17.606 0.0000000000
149511  54.611  53.286  -18.122 0.0000000000
149512  54.114  53.383  -18.786 0.0000000000
149513  53.919  52.860  -19.011 0.0000000000
149516  53.747  53.851  -19.283 0.0000000000
149517  53.402  53.316  -19.283 0.0000000000
149518  52.280  53.490  -19.758 0.0000000000
149519  51.098  53.108  -19.905 0.0000000000
149520  50.518  52.898  -20.013 0.0000000000
149523  52.257  54.004  -20.723 0.0000000000
149524  51.389  53.605  -20.534 0.0000000000
149525  50.446  53.133  -20.492 0.0000000000
149526  50.005  53.034  -20.826 0.0000000000
149529  52.368  54.046  -21.666 0.0000000000
149530  51.651  53.761  -21.326 0.0000000000
149531  50.740  53.421  -21.275 0.0000000000
149532  50.237  53.214  -20.972 0.0000000000
149535  53.018  54.103  -23.033 0.0000000000
149536  52.561  53.649  -22.712 0.0000000000
149537  51.820  53.585  -22.076 0.0000000000
149538  51.272  53.516  -21.718 0.0000000000
149545  53.155  53.484  -24.001 0.0000000000
149546  52.908  53.510  -23.314 0.0000000000
149554  53.518  53.405  -25.141 0.0000000000
149559  53.569  53.418  -26.192 0.0000000000
149562  53.413  53.227  -27.075 0.0000000000
149563  51.269  54.035  -27.010 0.0000000000
149564  50.311  53.904  -26.579 0.0000000000
149565  49.395  53.867  -26.300 0.0000000000
149566  48.541  53.563  -26.443 0.0000000000
149570  53.124  52.977  -27.597 0.0000000000
149571  52.606  53.084  -27.779 0.0000000000
149572  51.813  53.169  -27.710 0.0000000000
149573  50.760  53.088  -27.137 0.0000000000
149574  49.522  53.067  -26.795 0.0000000000
149575  48.465  52.900  -26.963 0.0000000000
149579  52.188  52.726  -28.043 0.0000000000
149580  51.953  52.745  -28.028 0.0000000000
150145  51.554  54.711  -6.215 0.0000000000
150146  51.155  54.764  -6.133 0.0000000000
150147  50.269  54.695  -6.089 0.0000000000
150148  49.460  54.438  -6.346 0.0000000000
150163  51.500  54.661  -6.601 0.0000000000
150164  50.755  55.030  -6.928 0.0000000000
150165  49.671  55.157  -6.799 0.0000000000
150166  48.625  54.734  -6.999 0.0000000000
150167  47.875  54.380  -7.559 0.0000000000
150179  51.400  54.514  -7.316 0.0000000000
150180  50.877  54.780  -8.071 0.0000000000
150181  48.088  54.978  -7.667 0.0000000000
150182  47.486  54.702  -8.249 0.0000000000
150183  46.978  54.401  -8.838 0.0000000000
150193  50.611  54.792  -9.132 0.0000000000
150194  47.216  54.978  -8.978 0.0000000000
150195  46.667  54.461  -9.482 0.0000000000
150196  46.164  54.196  -10.009 0.0000000000
150205  50.689  54.813  -10.075 0.0000000000
150206  47.150  55.160  -9.756 0.0000000000
150207  46.618  54.642  -10.297 0.0000000000
150208  45.990  54.143  -10.728 0.0000000000
150216  51.597  55.126  -11.471 0.0000000000
150217  51.094  54.844  -11.132 0.0000000000
150218  47.154  55.225  -10.683 0.0000000000
150219  46.582  54.619  -11.191 0.0000000000
150220  45.933  54.111  -11.703 0.0000000000
150229  52.219  55.126  -12.233 0.0000000000
150230  51.762  54.899  -11.997 0.0000000000
150231  50.928  54.155  -11.947 0.0000000000
150232  47.144  55.123  -11.651 0.0000000000
150233  46.558  54.583  -12.136 0.0000000000
150234  45.868  54.230  -12.668 0.0000000000
150243  52.349  54.926  -12.777 0.0000000000
150244  51.783  54.277  -12.841 0.0000000000
150245  47.068  55.020  -12.478 0.0000000000
150246  46.533  54.735  -13.115 0.0000000000
150247  45.671  54.487  -13.537 0.0000000000
150248  45.139  54.521  -13.948 0.0000000000
150258  53.340  54.774  -14.440 0.0000000000
150259  52.921  54.778  -13.811 0.0000000000
150260  46.215  54.880  -13.857 0.0000000000
150261  45.612  54.902  -14.305 0.0000000000
150262  44.771  54.739  -14.476 0.0000000000
150263  44.029  54.773  -14.804 0.0000000000
150264  43.174  54.643  -14.913 0.0000000000
150265  42.206  54.446  -14.891 0.0000000000
150275  54.306  54.297  -15.877 0.0000000000
150276  53.782  54.545  -15.178 0.0000000000
150277  45.232  55.164  -14.880 0.0000000000
150278  44.601  55.181  -15.229 0.0000000000
150279  43.670  55.117  -15.716 0.0000000000
150280  42.558  54.822  -15.768 0.0000000000
150281  41.514  54.596  -15.701 0.0000000000
150288  54.812  53.885  -17.115 0.0000000000
150289  54.594  54.247  -16.649 0.0000000000
150290  43.000  55.088  -16.819 0.0000000000
150291  41.861  54.784  -16.664 0.0000000000
150292  40.830  54.581  -16.542 0.0000000000
150299  54.729  53.865  -17.429 0.0000000000
150300  54.578  54.574  -17.541 0.0000000000
150301  43.079  55.109  -17.956 0.0000000000
150302  42.148  54.854  -17.676 0.0000000000
150303  41.156  54.628  -17.501 0.0000000000
150304  40.177  54.507  -17.358 0.0000000000
150309  54.684  53.640  -17.859 0.0000000000
150310  54.443  54.221  -18.310 0.0000000000
150311  43.212  55.155  -18.873 0.0000000000
150312  42.361  54.905  -18.654 0.0000000000
150313  41.430  54.671  -18.466 0.0000000000
150314  40.469  54.524  -18.287 0.0000000000
150315  39.577  54.487  -18.095 0.0000000000
150318  53.805  54.521  -19.450 0.0000000000
150319  53.408  54.095  -19.656 0.0000000000
150320  53.054  53.803  -19.693 0.0000000000
150321  43.379  55.253  -19.513 0.0000000000
150322  42.580  55.050  -19.639 0.0000000000
150323  41.679  54.799  -19.310 0.0000000000
150324  40.720  54.646  -19.338 0.0000000000
150325  39.732  54.569  -18.910 0.0000000000
150328  53.583  55.101  -20.445 0.0000000000
150329  53.326  54.620  -20.321 0.0000000000
150330  52.899  54.146  -20.166 0.0000000000
150331  42.231  55.088  -20.197 0.0000000000
150332  41.732  54.920  -19.986 0.0000000000
150333  41.230  54.777  -19.750 0.0000000000
150336  53.555  55.332  -20.926 0.0000000000
150337  53.388  55.001  -21.331 0.0000000000
150338  52.868  54.449  -21.036 0.0000000000
150346  53.272  54.888  -22.523 0.0000000000
150347  52.905  54.414  -22.063 0.0000000000
150356  53.217  54.645  -23.583 0.0000000000
150360  53.276  54.431  -24.658 0.0000000000
150363  53.319  54.346  -25.717 0.0000000000
150364  49.150  55.341  -25.803 0.0000000000
150365  48.129  55.074  -25.657 0.0000000000
150366  47.466  55.007  -25.728 0.0000000000
150369  53.126  54.333  -26.775 0.0000000000
150370  52.743  54.821  -27.091 0.0000000000
150371  51.592  54.895  -26.935 0.0000000000
150372  50.764  54.860  -26.556 0.0000000000
150373  49.786  54.684  -26.145 0.0000000000
150374  48.722  54.359  -25.931 0.0000000000
150375  47.275  54.167  -26.377 0.0000000000
150381  53.006  53.629  -27.414 0.0000000000
150382  52.477  54.175  -27.326 0.0000000000
150383  51.897  54.263  -27.283 0.0000000000
150970  50.055  55.529  -7.636 0.0000000000
150971  49.031  55.505  -7.498 0.0000000000
150972  48.470  55.245  -7.561 0.0000000000
150983  50.256  55.640  -8.575 0.0000000000
150984  49.320  56.049  -8.244 0.0000000000
150985  48.233  55.542  -8.223 0.0000000000
150986  47.619  55.250  -8.610 0.0000000000
150997  50.556  56.000  -9.463 0.0000000000
150998  49.693  56.379  -8.960 0.0000000000
150999  48.596  56.306  -9.224 0.0000000000
151000  47.668  55.619  -9.102 0.0000000000
151011  51.105  55.858  -10.325 0.0000000000
151012  48.395  56.420  -10.365 0.0000000000
151013  47.689  55.881  -10.043 0.0000000000
151022  52.340  56.028  -11.581 0.0000000000
151023  51.838  55.689  -11.427 0.0000000000
151024  51.475  55.831  -10.856 0.0000000000
151025  48.492  56.430  -11.161 0.0000000000
151026  47.790  55.869  -11.171 0.0000000000
151036  52.392  55.583  -12.073 0.0000000000
151037  52.068  55.355  -11.743 0.0000000000
151038  48.335  56.154  -11.953 0.0000000000
151039  47.658  55.525  -12.240 0.0000000000
151048  53.041  55.973  -13.643 0.0000000000
151049  52.894  55.647  -13.216 0.0000000000
151050  48.177  55.839  -12.931 0.0000000000
151051  47.365  55.294  -13.215 0.0000000000
151052  46.788  55.088  -13.783 0.0000000000
151062  53.188  55.500  -14.188 0.0000000000
151063  53.037  55.343  -13.714 0.0000000000
151064  47.870  55.734  -13.716 0.0000000000
151065  47.284  55.467  -14.131 0.0000000000
151066  46.462  55.297  -14.479 0.0000000000
151067  45.810  55.313  -14.909 0.0000000000
151078  54.122  54.801  -15.855 0.0000000000
151079  53.638  55.609  -15.340 0.0000000000
151080  47.859  55.916  -14.410 0.0000000000
151081  47.202  55.845  -14.989 0.0000000000
151082  46.337  55.656  -15.300 0.0000000000
151083  45.438  55.547  -15.564 0.0000000000
151084  44.572  55.513  -16.071 0.0000000000
151085  43.915  55.397  -16.583 0.0000000000
151094  54.066  55.336  -16.297 0.0000000000
151095  53.682  56.064  -16.028 0.0000000000
151096  46.879  55.994  -15.676 0.0000000000
151097  46.244  56.000  -16.127 0.0000000000
151098  45.349  55.851  -16.493 0.0000000000
151099  44.579  55.692  -16.955 0.0000000000
151100  43.835  55.412  -17.411 0.0000000000
151107  54.275  55.256  -17.195 0.0000000000
151108  46.024  56.159  -16.927 0.0000000000
151109  45.323  55.991  -17.383 0.0000000000
151110  44.603  55.713  -17.855 0.0000000000
151111  43.880  55.421  -18.330 0.0000000000
151115  54.288  55.251  -18.121 0.0000000000
151116  46.099  56.249  -17.779 0.0000000000
151117  45.416  55.971  -18.319 0.0000000000
151118  44.659  55.642  -18.752 0.0000000000
151119  43.941  55.418  -19.156 0.0000000000
151123  54.065  55.266  -19.067 0.0000000000
151124  46.836  56.266  -19.157 0.0000000000
151125  46.436  56.204  -18.851 0.0000000000
151126  45.475  55.784  -19.260 0.0000000000
151127  44.655  55.527  -19.598 0.0000000000
151128  43.908  55.396  -19.877 0.0000000000
151129  43.262  55.256  -20.027 0.0000000000
151130  40.477  54.757  -19.801 0.0000000000
151131  39.946  54.779  -19.713 0.0000000000
151132  38.584  54.950  -19.254 0.0000000000
151133  37.442  55.850  -19.737 0.0000000000
151135  53.788  55.434  -19.985 0.0000000000
151136  46.825  56.143  -19.471 0.0000000000
151137  46.287  55.850  -19.895 0.0000000000
151138  45.380  55.599  -20.136 0.0000000000
151139  44.535  55.501  -20.402 0.0000000000
151140  43.678  55.420  -20.558 0.0000000000
151141  42.753  55.262  -20.529 0.0000000000
151142  41.858  55.168  -20.620 0.0000000000
151143  40.772  54.954  -20.301 0.0000000000
151144  39.463  55.214  -20.490 0.0000000000
151145  38.273  55.741  -20.599 0.0000000000
151146  37.477  56.267  -20.500 0.0000000000
151154  53.649  55.573  -20.686 0.0000000000
151155  53.597  55.627  -21.233 0.0000000000
151156  45.954  55.793  -20.632 0.0000000000
151157  45.255  55.728  -20.977 0.0000000000
151158  44.281  55.673  -21.192 0.0000000000
151159  43.296  55.637  -21.262 0.0000000000
151160  42.319  55.573  -21.293 0.0000000000
151161  41.311  55.526  -21.282 0.0000000000
151162  40.232  55.656  -21.297 0.0000000000
151163  39.152  55.952  -21.352 0.0000000000
151164  38.395  56.322  -21.303 0.0000000000
151173  53.472  55.645  -22.034 0.0000000000
151177  53.274  55.606  -23.119 0.0000000000
151180  53.108  55.449  -24.225 0.0000000000
151182  53.049  55.307  -25.312 0.0000000000
151183  52.792  55.696  -25.909 0.0000000000
151184  49.323  56.054  -25.884 0.0000000000
151185  48.610  56.047  -25.717 0.0000000000
151186  47.551  55.873  -25.677 0.0000000000
151187  46.602  55.952  -25.798 0.0000000000
151188  45.833  55.917  -25.972 0.0000000000
151191  53.051  55.067  -26.115 0.0000000000
151192  52.600  55.425  -26.591 0.0000000000
151193  51.976  55.533  -26.921 0.0000000000
151194  51.157  55.690  -26.619 0.0000000000
151195  50.086  55.861  -26.185 0.0000000000
151196  47.002  55.171  -25.786 0.0000000000
151197  46.307  55.148  -26.059 0.0000000000
151198  45.368  55.382  -26.305 0.0000000000
151204  52.413  55.019  -27.118 0.0000000000
151205  52.099  54.831  -27.202 0.0000000000
151796  50.297  56.737  -9.733 0.0000000000
151797  49.826  56.741  -9.484 0.0000000000
151798  49.283  56.588  -9.372 0.0000000000
151806  50.562  56.706  -10.210 0.0000000000
151807  49.787  56.971  -10.125 0.0000000000
151808  49.124  56.691  -9.879 0.0000000000
151815  52.558  56.276  -11.825 0.0000000000
151816  52.178  56.626  -11.580 0.0000000000
151817  51.260  57.003  -11.121 0.0000000000
151818  49.905  57.039  -10.924 0.0000000000
151819  49.085  56.772  -10.678 0.0000000000
151824  52.727  56.443  -12.441 0.0000000000
151825  52.576  56.662  -11.912 0.0000000000
151826  50.665  57.323  -12.615 0.0000000000
151827  49.868  57.028  -11.993 0.0000000000
151828  49.072  56.694  -11.556 0.0000000000
151833  53.046  56.196  -13.893 0.0000000000
151834  53.007  56.431  -13.375 0.0000000000
151835  50.427  57.350  -13.852 0.0000000000
151836  49.668  56.902  -13.225 0.0000000000
151837  48.945  56.492  -12.584 0.0000000000
151842  53.139  56.428  -14.478 0.0000000000
151843  53.002  56.538  -13.903 0.0000000000
151844  50.295  57.456  -14.963 0.0000000000
151845  49.508  56.879  -14.506 0.0000000000
151846  48.646  56.248  -13.825 0.0000000000
151853  53.374  56.554  -15.427 0.0000000000
151854  50.237  57.605  -15.580 0.0000000000
151855  49.523  57.272  -15.787 0.0000000000
151856  48.256  56.404  -15.297 0.0000000000
151857  47.392  56.139  -15.587 0.0000000000
151867  53.811  56.041  -16.822 0.0000000000
151868  53.440  56.743  -16.335 0.0000000000
151869  49.268  57.374  -16.534 0.0000000000
151870  48.478  57.050  -16.711 0.0000000000
151871  47.236  56.360  -16.334 0.0000000000
151872  46.541  56.231  -16.644 0.0000000000
151884  53.937  56.063  -17.776 0.0000000000
151885  53.522  56.835  -17.326 0.0000000000
151886  48.141  57.072  -17.829 0.0000000000
151887  47.447  56.717  -17.387 0.0000000000
151888  46.681  56.400  -17.177 0.0000000000
151892  53.960  56.083  -18.764 0.0000000000
151893  53.631  56.907  -18.379 0.0000000000
151894  48.901  57.086  -19.030 0.0000000000
151895  48.129  56.792  -18.682 0.0000000000
151896  47.452  56.682  -18.271 0.0000000000
151897  46.827  56.503  -18.010 0.0000000000
151898  36.829  56.619  -19.019 0.0000000000
151901  53.879  56.079  -19.718 0.0000000000
151902  53.701  56.895  -19.433 0.0000000000
151903  49.071  57.059  -19.965 0.0000000000
151904  48.215  56.612  -19.634 0.0000000000
151905  47.277  56.372  -19.115 0.0000000000
151906  46.991  56.452  -18.566 0.0000000000
151907  36.901  56.732  -20.054 0.0000000000
151917  53.761  56.014  -20.543 0.0000000000
151918  53.627  56.737  -20.417 0.0000000000
151919  49.208  57.238  -20.810 0.0000000000
151920  48.425  56.743  -20.680 0.0000000000
151921  47.241  56.205  -20.343 0.0000000000
151922  46.459  55.964  -20.596 0.0000000000
151923  37.792  56.458  -21.046 0.0000000000
151924  37.237  56.903  -20.835 0.0000000000
151934  53.684  55.890  -20.974 0.0000000000
151935  53.523  56.371  -21.385 0.0000000000
151936  49.246  57.444  -21.270 0.0000000000
151937  48.737  57.227  -21.358 0.0000000000
151938  47.708  56.959  -21.683 0.0000000000
151939  46.262  56.290  -21.396 0.0000000000
151940  44.969  56.204  -21.783 0.0000000000
151941  43.862  56.218  -21.845 0.0000000000
151942  42.825  56.206  -21.857 0.0000000000
151943  41.818  56.165  -21.881 0.0000000000
151944  40.858  56.225  -21.889 0.0000000000
151945  39.922  56.705  -21.958 0.0000000000
151946  38.878  56.831  -21.721 0.0000000000
151947  38.061  56.963  -21.448 0.0000000000
151948  37.601  56.971  -21.199 0.0000000000
151952  53.223  56.431  -22.548 0.0000000000
151953  47.373  57.540  -22.298 0.0000000000
151954  46.670  57.287  -22.228 0.0000000000
151955  45.561  57.070  -22.279 0.0000000000
151956  44.417  57.031  -22.307 0.0000000000
151957  43.330  57.018  -22.294 0.0000000000
151958  42.279  56.981  -22.285 0.0000000000
151959  41.273  56.923  -22.243 0.0000000000
151960  40.615  56.851  -22.149 0.0000000000
151963  52.801  56.595  -23.757 0.0000000000
151964  52.348  57.267  -24.108 0.0000000000
151967  52.714  56.123  -24.887 0.0000000000
151968  52.316  56.921  -24.666 0.0000000000
151971  52.739  55.941  -25.502 0.0000000000
151972  52.197  56.506  -25.726 0.0000000000
151973  51.143  57.072  -25.906 0.0000000000
151974  50.267  57.256  -26.013 0.0000000000
151975  49.339  56.899  -25.924 0.0000000000
151976  48.073  56.975  -25.794 0.0000000000
151977  46.999  56.917  -25.810 0.0000000000
151978  46.008  56.799  -25.926 0.0000000000
151979  44.944  56.437  -26.052 0.0000000000
151980  43.853  56.659  -26.169 0.0000000000
151981  43.320  56.665  -26.198 0.0000000000
151985  52.153  56.024  -26.531 0.0000000000
151986  51.592  56.267  -26.412 0.0000000000
151987  50.753  56.518  -26.326 0.0000000000
151988  50.141  56.663  -26.149 0.0000000000
151989  44.789  55.697  -26.282 0.0000000000
151990  44.236  55.877  -26.343 0.0000000000
151991  43.342  56.115  -26.509 0.0000000000
152580  52.255  57.033  -11.671 0.0000000000
152581  51.953  57.104  -11.696 0.0000000000
152587  52.700  56.843  -12.442 0.0000000000
152588  52.415  57.048  -12.161 0.0000000000
152589  51.643  57.354  -12.304 0.0000000000
152595  52.693  56.900  -12.885 0.0000000000
152596  52.204  57.347  -13.109 0.0000000000
152597  51.351  57.552  -13.390 0.0000000000
152602  53.043  56.853  -14.396 0.0000000000
152603  52.836  57.037  -13.971 0.0000000000
152604  52.008  57.610  -14.162 0.0000000000
152605  51.118  57.731  -14.493 0.0000000000
152610  53.063  57.004  -14.801 0.0000000000
152611  52.560  57.554  -14.977 0.0000000000
152612  51.760  57.990  -15.212 0.0000000000
152613  50.819  57.935  -15.542 0.0000000000
152614  50.235  57.736  -16.013 0.0000000000
152621  53.056  57.306  -15.718 0.0000000000
152622  52.392  58.019  -16.148 0.0000000000
152623  51.450  58.309  -16.194 0.0000000000
152624  50.636  58.170  -16.485 0.0000000000
152625  49.846  57.703  -16.631 0.0000000000
152626  49.232  57.459  -16.980 0.0000000000
152639  53.056  57.498  -16.780 0.0000000000
152640  52.566  58.147  -17.353 0.0000000000
152641  50.280  58.170  -17.140 0.0000000000
152642  49.643  57.780  -17.421 0.0000000000
152643  48.936  57.373  -17.590 0.0000000000
152654  53.170  57.634  -17.874 0.0000000000
152655  52.686  58.258  -18.390 0.0000000000
152656  50.175  58.171  -17.891 0.0000000000
152657  49.469  57.604  -18.327 0.0000000000
152658  48.715  57.176  -18.285 0.0000000000
152670  53.218  57.760  -19.066 0.0000000000
152671  52.654  58.328  -19.228 0.0000000000
152672  50.276  57.997  -18.759 0.0000000000
152673  49.684  57.490  -19.332 0.0000000000
152674  36.577  57.673  -19.428 0.0000000000
152675  36.476  58.104  -20.003 0.0000000000
152687  53.300  57.547  -20.171 0.0000000000
152688  50.408  57.848  -19.682 0.0000000000
152689  49.819  57.462  -20.266 0.0000000000
152690  36.764  57.664  -20.451 0.0000000000
152691  36.636  58.265  -20.347 0.0000000000
152695  53.221  57.391  -21.176 0.0000000000
152696  52.826  57.703  -21.797 0.0000000000
152697  50.421  57.783  -20.537 0.0000000000
152698  49.822  57.656  -21.220 0.0000000000
152699  49.172  57.649  -21.642 0.0000000000
152700  48.547  57.543  -21.890 0.0000000000
152701  39.923  57.312  -22.141 0.0000000000
152702  39.456  57.610  -22.037 0.0000000000
152703  38.451  57.733  -21.732 0.0000000000
152704  37.478  57.733  -21.255 0.0000000000
152707  53.102  57.170  -22.062 0.0000000000
152708  52.590  57.744  -22.507 0.0000000000
152709  49.601  57.949  -21.862 0.0000000000
152710  48.981  58.087  -22.128 0.0000000000
152711  48.016  57.960  -22.392 0.0000000000
152712  47.037  58.122  -22.634 0.0000000000
152713  46.012  58.086  -22.634 0.0000000000
152714  44.917  58.033  -22.573 0.0000000000
152715  43.822  58.000  -22.516 0.0000000000
152716  42.741  57.958  -22.490 0.0000000000
152717  41.649  57.883  -22.443 0.0000000000
152718  40.402  57.696  -22.290 0.0000000000
152719  39.690  58.376  -22.175 0.0000000000
152722  52.817  57.142  -22.881 0.0000000000
152723  52.291  57.692  -23.534 0.0000000000
152726  51.873  57.737  -24.423 0.0000000000
152727  51.439  58.102  -24.626 0.0000000000
152731  51.944  57.233  -25.005 0.0000000000
152732  51.398  57.707  -25.132 0.0000000000
152733  50.526  58.007  -25.542 0.0000000000
152734  49.553  58.098  -25.743 0.0000000000
152735  48.487  58.025  -25.788 0.0000000000
152736  47.403  57.985  -25.865 0.0000000000
152737  46.359  57.886  -25.934 0.0000000000
152738  45.311  57.724  -25.939 0.0000000000
152739  44.226  57.594  -25.983 0.0000000000
152740  43.083  57.331  -25.997 0.0000000000
152741  41.888  57.461  -25.862 0.0000000000
152742  40.809  57.461  -25.875 0.0000000000
152743  39.845  57.550  -25.917 0.0000000000
152744  38.999  57.677  -25.908 0.0000000000
152745  38.451  57.762  -25.992 0.0000000000
152750  43.036  56.638  -26.235 0.0000000000
152751  42.431  56.534  -26.356 0.0000000000
152752  41.343  56.728  -26.427 0.0000000000
152753  40.234  56.904  -26.822 0.0000000000
152754  39.247  57.418  -26.626 0.0000000000
152755  38.506  57.681  -26.540 0.0000000000
153350  51.871  58.515  -17.020 0.0000000000
153351  51.126  58.544  -16.949 0.0000000000
153352  50.688  58.413  -16.997 0.0000000000
153361  52.085  58.627  -17.968 0.0000000000
153362  51.368  58.678  -17.689 0.0000000000
153363  50.733  58.497  -17.473 0.0000000000
153374  52.164  58.586  -18.905 0.0000000000
153375  51.517  58.627  -18.569 0.0000000000
153376  50.828  58.480  -18.251 0.0000000000
153386  52.796  58.164  -19.992 0.0000000000
153387  52.207  58.482  -19.817 0.0000000000
153388  51.603  58.463  -19.499 0.0000000000
153389  50.962  58.310  -19.138 0.0000000000
153390  36.454  58.569  -19.560 0.0000000000
153391  36.483  58.532  -20.111 0.0000000000
153397  52.813  57.972  -20.892 0.0000000000
153398  52.231  58.327  -20.769 0.0000000000
153399  51.584  58.311  -20.516 0.0000000000
153400  51.016  58.104  -20.112 0.0000000000
153401  36.915  58.580  -20.729 0.0000000000
153402  36.648  58.532  -20.378 0.0000000000
153405  52.817  57.857  -21.422 0.0000000000
153406  52.298  58.180  -21.819 0.0000000000
153407  51.507  58.325  -21.582 0.0000000000
153408  50.703  58.049  -21.351 0.0000000000
153409  50.043  57.990  -21.753 0.0000000000
153410  39.001  58.731  -21.923 0.0000000000
153411  38.007  58.647  -21.591 0.0000000000
153412  37.439  58.628  -21.216 0.0000000000
153415  52.007  58.302  -22.923 0.0000000000
153416  51.344  58.595  -22.634 0.0000000000
153417  50.750  58.547  -22.325 0.0000000000
153418  49.823  58.431  -22.331 0.0000000000
153419  48.690  58.727  -22.684 0.0000000000
153420  47.606  58.914  -22.862 0.0000000000
153421  46.495  59.030  -22.883 0.0000000000
153422  45.389  59.030  -22.788 0.0000000000
153423  44.296  59.003  -22.705 0.0000000000
153424  43.212  58.959  -22.667 0.0000000000
153425  42.132  58.907  -22.592 0.0000000000
153426  41.049  58.838  -22.481 0.0000000000
153427  40.085  58.881  -22.316 0.0000000000
153428  39.546  58.926  -22.115 0.0000000000
153431  51.775  58.313  -23.608 0.0000000000
153432  51.403  58.669  -23.359 0.0000000000
153436  51.884  58.024  -24.028 0.0000000000
153437  51.290  58.613  -24.209 0.0000000000
153438  50.411  59.216  -24.575 0.0000000000
153439  49.908  59.508  -24.721 0.0000000000
153443  51.234  58.270  -24.734 0.0000000000
153444  50.813  58.543  -24.940 0.0000000000
153445  49.821  59.062  -25.180 0.0000000000
153446  48.738  58.970  -25.458 0.0000000000
153447  47.729  58.964  -25.641 0.0000000000
153448  46.717  58.938  -25.806 0.0000000000
153449  45.690  58.828  -25.820 0.0000000000
153450  44.639  58.724  -25.782 0.0000000000
153451  43.544  58.613  -25.720 0.0000000000
153452  42.418  58.526  -25.580 0.0000000000
153453  41.301  58.461  -25.440 0.0000000000
153454  40.402  58.266  -25.501 0.0000000000
153455  39.595  58.388  -25.444 0.0000000000
153456  38.584  58.234  -25.504 0.0000000000
153457  37.649  58.327  -25.561 0.0000000000
153458  36.977  58.571  -25.689 0.0000000000
153465  37.961  57.983  -26.224 0.0000000000
154117  36.458  58.996  -19.936 0.0000000000
154119  36.669  59.524  -20.347 0.0000000000
154120  36.619  58.819  -20.307 0.0000000000
154123  38.942  59.314  -21.979 0.0000000000
154124  38.429  59.491  -21.882 0.0000000000
154125  37.351  59.565  -21.289 0.0000000000
154128  51.043  58.826  -22.907 0.0000000000
154129  50.802  58.880  -22.893 0.0000000000
154130  50.222  58.994  -22.920 0.0000000000
154131  49.349  59.211  -23.051 0.0000000000
154132  48.290  59.511  -23.206 0.0000000000
154133  47.060  59.863  -23.234 0.0000000000
154134  45.849  59.874  -23.071 0.0000000000
154135  44.757  59.892  -22.926 0.0000000000
154136  43.671  59.859  -22.886 0.0000000000
154137  42.596  59.803  -22.856 0.0000000000
154138  41.527  59.750  -22.753 0.0000000000
154139  40.464  59.684  -22.611 0.0000000000
154140  39.317  59.580  -22.279 0.0000000000
154141  38.505  60.077  -22.281 0.0000000000
154144  50.928  58.959  -23.074 0.0000000000
154145  50.600  59.167  -23.328 0.0000000000
154146  49.947  59.448  -23.504 0.0000000000
154147  49.042  59.758  -23.670 0.0000000000
154148  47.911  60.057  -23.855 0.0000000000
154149  46.945  60.255  -23.810 0.0000000000
154153  51.002  59.019  -23.597 0.0000000000
154154  50.573  59.339  -23.918 0.0000000000
154155  49.777  59.676  -24.218 0.0000000000
154156  48.834  59.898  -24.349 0.0000000000
154157  47.907  59.999  -24.578 0.0000000000
154158  47.379  60.016  -24.845 0.0000000000
154159  40.330  60.120  -24.800 0.0000000000
154160  39.855  60.020  -24.730 0.0000000000
154161  38.910  59.754  -24.560 0.0000000000
154162  37.947  59.451  -24.420 0.0000000000
154163  36.939  59.272  -24.463 0.0000000000
154164  36.002  59.276  -24.654 0.0000000000
154169  49.462  59.678  -24.733 0.0000000000
154170  48.813  59.676  -24.983 0.0000000000
154171  47.936  59.636  -25.151 0.0000000000
154172  46.994  59.775  -25.273 0.0000000000
154173  46.041  59.683  -25.419 0.0000000000
154174  45.065  59.633  -25.393 0.0000000000
154175  44.018  59.623  -25.381 0.0000000000
154176  42.924  59.590  -25.320 0.0000000000
154177  41.802  59.527  -25.187 0.0000000000
154178  40.527  59.544  -25.021 0.0000000000
154179  39.286  59.173  -25.034 0.0000000000
154180  38.290  58.899  -24.930 0.0000000000
154181  37.339  58.805  -25.009 0.0000000000
154182  36.416  58.931  -25.400 0.0000000000
154879  36.789  60.537  -20.779 0.0000000000
154881  37.772  60.256  -21.969 0.0000000000
154882  36.856  60.791  -21.641 0.0000000000
154883  36.278  61.140  -21.846 0.0000000000
154886  46.166  60.322  -23.602 0.0000000000
154887  45.163  60.377  -23.460 0.0000000000
154888  44.116  60.454  -23.335 0.0000000000
154889  43.046  60.441  -23.290 0.0000000000
154890  41.975  60.375  -23.246 0.0000000000
154891  40.908  60.333  -23.114 0.0000000000
154892  39.856  60.286  -22.926 0.0000000000
154893  38.883  60.307  -22.783 0.0000000000
154894  38.000  60.401  -22.647 0.0000000000
154895  37.111  60.524  -22.454 0.0000000000
154896  36.076  60.752  -22.326 0.0000000000
154902  47.191  60.215  -24.260 0.0000000000
154903  46.422  60.418  -24.121 0.0000000000
154904  45.542  60.570  -23.976 0.0000000000
154905  44.550  60.674  -23.877 0.0000000000
154906  43.504  60.771  -23.814 0.0000000000
154907  42.430  60.747  -23.787 0.0000000000
154908  41.336  60.649  -23.764 0.0000000000
154909  40.256  60.549  -23.649 0.0000000000
154910  39.235  60.469  -23.466 0.0000000000
154911  38.270  60.365  -23.319 0.0000000000
154912  37.324  60.277  -23.171 0.0000000000
154913  36.509  60.303  -22.970 0.0000000000
154914  35.583  60.152  -23.178 0.0000000000
154920  47.284  60.100  -24.568 0.0000000000
154921  46.776  60.225  -24.636 0.0000000000
154922  45.916  60.408  -24.485 0.0000000000
154923  44.990  60.504  -24.398 0.0000000000
154924  43.982  60.678  -24.384 0.0000000000
154925  42.918  60.738  -24.373 0.0000000000
154926  41.823  60.691  -24.379 0.0000000000
154927  40.623  60.476  -24.524 0.0000000000
154928  39.552  60.425  -24.195 0.0000000000
154929  38.565  60.189  -24.003 0.0000000000
154930  37.587  59.891  -23.831 0.0000000000
154931  36.428  59.737  -23.726 0.0000000000
154932  35.132  59.783  -24.300 0.0000000000
154941  46.255  60.181  -24.978 0.0000000000
154942  45.469  60.236  -24.955 0.0000000000
154943  44.497  60.298  -24.929 0.0000000000
154944  43.446  60.368  -24.937 0.0000000000
154945  42.358  60.374  -24.933 0.0000000000
154946  41.313  60.270  -24.867 0.0000000000
154947  40.804  60.209  -24.836 0.0000000000
155693  36.647  61.162  -21.068 0.0000000000
155694  36.065  61.628  -21.380 0.0000000000
155700  35.955  61.214  -21.914 0.0000000000
141504  49.393  44.947  0.768 0.0000000000
141505  48.728  44.548  0.518 0.0000000000
141506  47.942  44.125  0.304 0.0000000000
141513  50.469  44.886  -0.637 0.0000000000
141514  49.874  44.797  -0.289 0.0000000000
141515  48.749  44.354  -0.450 0.0000000000
141516  47.704  44.062  -0.507 0.0000000000
141527  51.331  44.845  -1.495 0.0000000000
141528  50.772  44.786  -1.179 0.0000000000
141529  49.666  44.518  -1.315 0.0000000000
141530  48.606  44.318  -1.381 0.0000000000
141531  47.636  44.228  -1.419 0.0000000000
141541  52.009  44.912  -2.351 0.0000000000
141542  51.573  44.779  -2.026 0.0000000000
141543  50.547  44.568  -2.183 0.0000000000
141544  49.475  44.517  -2.357 0.0000000000
141545  48.417  44.506  -2.184 0.0000000000
141546  47.511  44.556  -2.139 0.0000000000
141557  51.334  44.632  -2.938 0.0000000000
141558  50.450  44.635  -3.230 0.0000000000
141559  49.641  44.709  -3.226 0.0000000000
141569  50.718  44.842  -4.108 0.0000000000
142512  50.578  45.828  1.761 0.0000000000
142513  49.669  45.248  1.376 0.0000000000
142526  51.636  45.953  0.298 0.0000000000
142527  51.051  45.747  0.617 0.0000000000
142528  50.155  45.149  0.316 0.0000000000
142533  52.482  46.005  -0.624 0.0000000000
142534  51.928  45.824  -0.271 0.0000000000
142535  50.793  45.127  -0.422 0.0000000000
142536  50.257  45.020  -0.137 0.0000000000
142546  51.626  45.112  -1.285 0.0000000000
142547  51.071  44.943  -0.950 0.0000000000
142557  51.890  44.987  -1.849 0.0000000000
142558  49.005  44.683  -2.897 0.0000000000
142559  48.291  44.855  -2.877 0.0000000000
142560  47.400  44.983  -2.789 0.0000000000
142575  50.063  44.852  -3.829 0.0000000000
142576  49.244  45.152  -3.711 0.0000000000
142577  48.208  45.413  -3.456 0.0000000000
142578  47.316  45.537  -3.369 0.0000000000
142594  50.344  45.320  -4.684 0.0000000000
142595  49.550  45.681  -4.514 0.0000000000
143411  53.156  46.592  2.502 0.0000000000
143412  52.594  46.700  2.351 0.0000000000
143413  51.920  46.565  2.315 0.0000000000
143414  51.268  46.240  2.106 0.0000000000
143432  52.608  46.859  1.636 0.0000000000
143433  52.013  46.576  1.409 0.0000000000
143434  51.397  46.130  1.200 0.0000000000
143449  51.928  46.228  0.481 0.0000000000
143450  51.474  46.038  0.783 0.0000000000
143462  52.202  46.159  -0.063 0.0000000000
143485  48.865  45.832  -4.167 0.0000000000
143486  48.096  46.054  -3.935 0.0000000000
143497  49.963  45.906  -5.069 0.0000000000
143498  49.451  46.385  -4.802 0.0000000000
144279  53.172  46.932  1.781 0.0000000000
144280  52.890  46.942  1.740 0.0000000000
144296  53.100  47.080  1.353 0.0000000000
144344  48.756  46.490  -4.435 0.0000000000
