#!ascii label  , from subject colin27 vox2ras=TkReg coords=white
281
135817  50.264  39.100  -27.737 0.0000000000
135826  50.108  39.188  -28.197 0.0000000000
135827  49.510  38.895  -28.447 0.0000000000
135836  49.165  38.931  -29.057 0.0000000000
135837  48.579  38.612  -29.291 0.0000000000
136790  51.937  40.203  -25.836 0.0000000000
136800  52.012  40.320  -26.156 0.0000000000
136801  51.592  39.860  -26.505 0.0000000000
136810  51.562  40.098  -27.045 0.0000000000
136811  51.040  39.664  -27.295 0.0000000000
136820  50.487  39.595  -28.026 0.0000000000
136821  49.944  39.518  -28.516 0.0000000000
136829  49.404  39.379  -29.008 0.0000000000
136830  48.957  39.172  -29.395 0.0000000000
136839  48.501  39.284  -29.942 0.0000000000
137859  52.089  40.519  -26.385 0.0000000000
137867  52.400  41.090  -26.432 0.0000000000
137868  51.981  40.673  -26.932 0.0000000000
137869  51.420  40.472  -27.419 0.0000000000
137877  50.890  40.318  -27.862 0.0000000000
137878  50.250  40.316  -28.374 0.0000000000
137886  49.549  40.209  -28.868 0.0000000000
137887  48.883  40.012  -29.489 0.0000000000
137896  48.331  40.177  -30.261 0.0000000000
138909  52.491  41.698  -26.879 0.0000000000
138910  51.598  41.554  -27.613 0.0000000000
138911  51.178  40.879  -27.771 0.0000000000
138921  51.003  42.107  -28.150 0.0000000000
138922  50.654  41.351  -28.234 0.0000000000
138923  49.761  41.220  -28.736 0.0000000000
138934  49.043  41.109  -29.236 0.0000000000
138935  48.534  41.082  -29.860 0.0000000000
139828  52.306  42.661  -27.366 0.0000000000
139840  51.327  42.898  -28.084 0.0000000000
139841  50.260  42.687  -28.635 0.0000000000
139842  49.964  41.941  -28.693 0.0000000000
139856  49.610  43.188  -29.151 0.0000000000
139857  49.176  42.492  -29.349 0.0000000000
139858  48.737  41.757  -29.606 0.0000000000
139872  48.650  42.955  -30.045 0.0000000000
139873  48.400  42.343  -30.178 0.0000000000
140762  51.978  43.690  -27.639 0.0000000000
140777  51.175  43.993  -28.169 0.0000000000
140778  50.492  43.709  -28.589 0.0000000000
140790  49.769  43.728  -29.078 0.0000000000
140791  49.212  43.732  -29.650 0.0000000000
140799  48.654  43.703  -30.379 0.0000000000
140800  48.494  43.155  -30.406 0.0000000000
140804  48.457  44.090  -31.050 0.0000000000
140805  48.259  43.529  -31.032 0.0000000000
141797  51.583  44.522  -27.771 0.0000000000
141810  50.937  44.647  -28.090 0.0000000000
141811  50.443  44.489  -28.468 0.0000000000
141817  49.803  44.436  -28.968 0.0000000000
141818  49.265  44.493  -29.653 0.0000000000
141822  48.811  44.576  -30.419 0.0000000000
141828  48.485  44.715  -31.336 0.0000000000
142857  51.065  45.171  -27.806 0.0000000000
142858  50.423  45.134  -28.221 0.0000000000
142861  49.851  45.087  -28.784 0.0000000000
142862  49.295  45.154  -29.535 0.0000000000
142867  48.835  45.218  -30.372 0.0000000000
142874  48.604  45.366  -31.204 0.0000000000
142881  48.481  45.565  -31.980 0.0000000000
143757  51.291  46.591  -27.612 0.0000000000
143761  51.293  45.626  -27.635 0.0000000000
143762  50.470  46.080  -27.889 0.0000000000
143763  49.512  46.534  -28.500 0.0000000000
143765  49.961  45.518  -28.457 0.0000000000
143766  49.298  45.920  -29.064 0.0000000000
143774  48.731  45.804  -30.265 0.0000000000
143782  48.600  45.863  -31.138 0.0000000000
143788  48.564  46.058  -31.870 0.0000000000
143789  48.392  46.263  -32.660 0.0000000000
144624  49.799  47.225  -28.124 0.0000000000
144630  48.684  47.091  -29.085 0.0000000000
144631  48.032  47.613  -29.643 0.0000000000
144641  48.483  46.518  -30.236 0.0000000000
144642  48.086  47.278  -30.352 0.0000000000
144650  48.526  46.396  -31.214 0.0000000000
144651  48.319  47.112  -31.364 0.0000000000
144657  48.558  46.301  -31.679 0.0000000000
144658  48.476  46.852  -32.291 0.0000000000
144671  48.234  47.025  -33.362 0.0000000000
145479  49.277  48.759  -28.422 0.0000000000
145487  49.164  47.958  -28.435 0.0000000000
145488  48.119  48.429  -29.015 0.0000000000
145489  47.469  49.244  -29.312 0.0000000000
145508  47.630  48.012  -30.276 0.0000000000
145509  47.233  48.873  -30.068 0.0000000000
145526  47.911  47.899  -31.381 0.0000000000
145527  47.369  48.726  -31.252 0.0000000000
145547  48.222  47.823  -32.399 0.0000000000
145548  47.749  48.668  -32.356 0.0000000000
145574  48.210  47.716  -33.330 0.0000000000
145575  47.956  48.591  -33.374 0.0000000000
145598  47.982  47.605  -33.798 0.0000000000
145599  47.656  48.308  -34.307 0.0000000000
146382  48.915  49.486  -28.485 0.0000000000
146402  47.972  49.590  -28.790 0.0000000000
146403  47.363  49.848  -29.142 0.0000000000
146429  46.951  49.741  -29.806 0.0000000000
146444  46.773  49.728  -30.995 0.0000000000
146458  47.154  49.548  -32.196 0.0000000000
146473  47.541  49.504  -33.231 0.0000000000
146486  47.588  49.442  -34.210 0.0000000000
146500  47.181  49.468  -35.115 0.0000000000
147249  48.580  50.383  -28.505 0.0000000000
147275  47.693  50.387  -28.832 0.0000000000
147276  47.100  50.476  -29.362 0.0000000000
147291  46.623  50.660  -30.328 0.0000000000
147292  46.436  51.087  -31.011 0.0000000000
147298  46.530  50.596  -31.184 0.0000000000
147299  46.446  51.094  -31.524 0.0000000000
147307  46.639  50.554  -31.986 0.0000000000
147308  46.496  51.295  -32.000 0.0000000000
147319  46.984  50.399  -32.998 0.0000000000
147325  47.288  50.378  -33.924 0.0000000000
147330  47.169  50.399  -34.814 0.0000000000
147331  46.721  50.453  -35.576 0.0000000000
148050  47.905  51.265  -28.471 0.0000000000
148051  47.432  51.843  -28.773 0.0000000000
148077  47.372  50.883  -28.962 0.0000000000
148078  46.986  51.462  -29.408 0.0000000000
148093  46.528  51.722  -30.789 0.0000000000
148094  46.439  51.405  -31.236 0.0000000000
148106  46.505  52.103  -31.349 0.0000000000
148107  46.463  51.701  -31.588 0.0000000000
148118  46.616  51.509  -32.640 0.0000000000
148119  46.506  51.654  -32.085 0.0000000000
148130  46.842  51.144  -33.569 0.0000000000
148136  46.868  51.293  -34.336 0.0000000000
148142  46.706  51.351  -35.158 0.0000000000
148143  46.333  51.388  -35.828 0.0000000000
148802  48.293  52.487  -27.559 0.0000000000
148810  48.611  51.916  -27.898 0.0000000000
148811  47.770  52.298  -28.256 0.0000000000
148831  47.129  52.385  -29.060 0.0000000000
148840  46.736  52.515  -30.097 0.0000000000
148852  46.632  52.734  -31.393 0.0000000000
148853  46.522  52.176  -31.595 0.0000000000
148872  46.626  52.687  -32.503 0.0000000000
148873  46.508  52.097  -31.994 0.0000000000
148885  46.657  52.299  -33.578 0.0000000000
148893  46.575  52.349  -34.587 0.0000000000
148900  46.312  52.329  -35.351 0.0000000000
149567  47.957  53.380  -26.750 0.0000000000
149576  47.642  53.079  -27.413 0.0000000000
149581  47.128  53.028  -28.467 0.0000000000
149599  46.831  53.207  -29.505 0.0000000000
149614  46.774  53.493  -30.572 0.0000000000
149626  46.892  53.811  -31.409 0.0000000000
149644  46.872  53.696  -32.163 0.0000000000
149657  46.780  53.594  -33.082 0.0000000000
149666  46.636  53.488  -33.999 0.0000000000
149676  46.387  53.407  -34.827 0.0000000000
150376  45.962  54.667  -26.684 0.0000000000
150377  45.204  54.858  -26.853 0.0000000000
150378  44.795  54.862  -26.980 0.0000000000
150384  46.766  53.597  -27.770 0.0000000000
150385  46.193  54.181  -27.419 0.0000000000
150386  45.520  54.550  -27.357 0.0000000000
150387  44.977  54.716  -27.376 0.0000000000
150393  46.597  53.687  -28.886 0.0000000000
150394  46.241  54.106  -28.367 0.0000000000
150395  45.608  54.496  -28.203 0.0000000000
150396  45.216  54.613  -27.771 0.0000000000
150404  46.651  54.141  -29.997 0.0000000000
150405  46.290  54.336  -29.195 0.0000000000
150406  45.967  54.453  -28.749 0.0000000000
150416  46.917  54.401  -31.017 0.0000000000
150433  47.121  54.549  -31.875 0.0000000000
150456  47.107  54.536  -32.666 0.0000000000
150473  46.987  54.581  -33.496 0.0000000000
150486  46.694  54.545  -34.336 0.0000000000
151199  44.669  55.247  -26.653 0.0000000000
151200  43.935  55.378  -26.824 0.0000000000
151201  43.332  55.511  -27.079 0.0000000000
151206  44.449  54.907  -27.220 0.0000000000
151207  43.827  55.124  -27.556 0.0000000000
151208  43.050  55.446  -27.694 0.0000000000
151216  45.349  54.708  -28.547 0.0000000000
151217  44.774  54.823  -28.201 0.0000000000
151218  43.697  55.327  -28.427 0.0000000000
151219  42.816  55.720  -28.448 0.0000000000
151224  46.568  54.519  -30.203 0.0000000000
151225  46.404  54.683  -29.957 0.0000000000
151226  45.628  54.875  -29.235 0.0000000000
151227  44.486  55.499  -29.358 0.0000000000
151228  43.431  55.866  -29.186 0.0000000000
151229  42.675  56.220  -29.046 0.0000000000
151231  46.654  54.769  -30.587 0.0000000000
151232  46.271  55.401  -30.567 0.0000000000
151233  45.387  55.748  -30.234 0.0000000000
151234  44.641  56.155  -30.180 0.0000000000
151247  47.136  55.819  -32.164 0.0000000000
151248  46.990  55.503  -31.672 0.0000000000
151249  46.510  56.121  -31.347 0.0000000000
151265  47.268  55.889  -32.512 0.0000000000
151266  47.273  55.194  -32.340 0.0000000000
151281  47.334  55.356  -33.011 0.0000000000
151992  42.665  55.823  -27.002 0.0000000000
151993  41.806  56.104  -26.989 0.0000000000
151994  41.102  56.476  -27.119 0.0000000000
152001  42.255  55.808  -27.719 0.0000000000
152002  41.481  56.247  -27.751 0.0000000000
152003  40.761  56.663  -27.710 0.0000000000
152011  42.048  56.207  -28.466 0.0000000000
152012  41.253  56.833  -28.500 0.0000000000
152013  40.639  56.975  -28.188 0.0000000000
152016  43.954  56.176  -29.813 0.0000000000
152017  43.207  56.770  -29.729 0.0000000000
152018  42.106  56.891  -29.179 0.0000000000
152019  41.538  57.182  -29.008 0.0000000000
152026  45.982  56.174  -30.891 0.0000000000
152027  45.299  56.746  -30.866 0.0000000000
152028  44.170  56.903  -30.352 0.0000000000
152041  47.119  56.064  -32.219 0.0000000000
152042  46.860  56.685  -32.095 0.0000000000
152043  46.196  56.910  -31.422 0.0000000000
152762  40.138  57.093  -27.874 0.0000000000
152763  39.329  57.447  -27.512 0.0000000000
152764  38.706  57.635  -27.133 0.0000000000
152769  41.212  57.424  -28.909 0.0000000000
152770  40.555  57.567  -28.586 0.0000000000
152771  39.745  57.714  -28.194 0.0000000000
153474  38.722  57.871  -27.560 0.0000000000
153475  38.010  58.303  -27.357 0.0000000000
153481  38.970  58.340  -28.139 0.0000000000
134876  47.774  38.096  -29.945 0.0000000000
134885  47.651  38.187  -30.467 0.0000000000
134886  47.280  37.826  -30.774 0.0000000000
135844  47.953  38.646  -30.395 0.0000000000
135845  47.607  38.290  -30.721 0.0000000000
135853  47.870  38.971  -30.884 0.0000000000
135854  47.569  38.582  -31.214 0.0000000000
136851  48.081  39.414  -30.638 0.0000000000
136852  47.771  39.377  -31.180 0.0000000000
137914  47.861  40.258  -30.971 0.0000000000
137915  47.578  39.925  -31.459 0.0000000000
137934  47.490  40.585  -31.417 0.0000000000
138954  48.078  41.241  -30.563 0.0000000000
138972  47.629  41.342  -31.172 0.0000000000
139879  47.852  42.396  -30.984 0.0000000000
140811  47.688  43.479  -31.641 0.0000000000
141829  48.340  44.275  -31.400 0.0000000000
141835  48.360  45.167  -32.033 0.0000000000
141836  48.049  44.641  -32.101 0.0000000000
141837  47.567  44.139  -32.150 0.0000000000
141847  47.751  45.149  -32.783 0.0000000000
142882  48.237  45.607  -32.579 0.0000000000
142891  47.949  45.486  -32.919 0.0000000000
143800  47.882  46.351  -33.539 0.0000000000
143816  47.531  47.005  -34.229 0.0000000000
144685  47.779  47.339  -34.056 0.0000000000
145617  46.952  48.651  -35.251 0.0000000000
146516  46.021  50.154  -36.243 0.0000000000
147340  46.209  50.585  -36.125 0.0000000000
147341  45.676  50.610  -36.303 0.0000000000
148149  45.814  51.407  -36.226 0.0000000000
148901  45.893  52.306  -35.912 0.0000000000
148908  45.379  52.305  -36.214 0.0000000000
149677  45.993  53.313  -35.492 0.0000000000
149689  45.485  53.250  -35.942 0.0000000000
149690  45.015  53.263  -36.209 0.0000000000
150499  45.720  54.264  -35.646 0.0000000000
134899  46.640  37.251  -31.589 0.0000000000
134898  47.086  37.960  -31.763 0.0000000000
134914  46.889  38.176  -32.231 0.0000000000
134915  46.467  37.741  -32.459 0.0000000000
135870  47.165  38.618  -32.010 0.0000000000
135871  46.643  38.547  -32.507 0.0000000000
136871  47.424  39.319  -31.717 0.0000000000
136872  46.840  39.338  -32.193 0.0000000000
137935  47.098  40.247  -31.804 0.0000000000
137936  46.329  40.165  -32.097 0.0000000000
138986  47.155  41.331  -31.563 0.0000000000
138987  46.554  41.215  -31.784 0.0000000000
139892  47.358  42.414  -31.518 0.0000000000
139893  46.793  42.354  -31.750 0.0000000000
140812  47.130  43.601  -32.121 0.0000000000
