#!ascii label  , from subject colin27 vox2ras=TkReg coords=white
1071
153513  25.295  58.382  -31.788 0.0000000000
153514  24.824  58.715  -31.752 0.0000000000
153528  25.309  59.181  -32.065 0.0000000000
154240  24.207  59.736  -31.539 0.0000000000
154255  25.627  59.806  -32.525 0.0000000000
154256  25.002  59.605  -31.909 0.0000000000
154274  26.658  59.897  -33.796 0.0000000000
154275  26.152  59.904  -33.185 0.0000000000
154295  27.068  59.859  -34.380 0.0000000000
154312  28.071  59.795  -35.708 0.0000000000
155005  24.209  60.480  -31.557 0.0000000000
155006  23.599  60.515  -31.284 0.0000000000
155025  25.511  60.645  -32.622 0.0000000000
155026  24.885  60.585  -31.970 0.0000000000
155046  26.609  60.531  -33.910 0.0000000000
155047  26.077  60.643  -33.305 0.0000000000
155064  28.580  60.542  -34.761 0.0000000000
155065  27.417  60.125  -34.836 0.0000000000
155066  27.106  60.440  -34.444 0.0000000000
155077  28.348  60.273  -35.227 0.0000000000
155078  27.673  60.273  -35.050 0.0000000000
155079  27.400  60.878  -34.543 0.0000000000
155087  28.504  59.763  -35.854 0.0000000000
155779  24.097  61.095  -31.580 0.0000000000
155780  23.302  61.577  -31.318 0.0000000000
155804  28.610  62.179  -33.042 0.0000000000
155805  25.349  61.528  -32.778 0.0000000000
155806  24.485  61.640  -32.069 0.0000000000
155807  23.905  61.700  -31.702 0.0000000000
155824  28.397  61.874  -33.549 0.0000000000
155825  26.563  61.113  -33.952 0.0000000000
155826  26.021  61.682  -33.602 0.0000000000
155837  28.569  60.795  -34.408 0.0000000000
155838  28.041  61.278  -34.386 0.0000000000
155839  27.360  61.686  -34.268 0.0000000000
155840  26.935  61.559  -34.283 0.0000000000
155841  26.475  61.765  -33.982 0.0000000000
155848  27.925  60.716  -34.907 0.0000000000
155849  27.648  60.971  -34.593 0.0000000000
155850  27.359  61.252  -34.426 0.0000000000
156523  23.264  62.143  -31.526 0.0000000000
156524  22.758  62.345  -31.424 0.0000000000
156548  25.213  62.112  -32.922 0.0000000000
156549  24.780  62.363  -32.718 0.0000000000
156550  23.688  62.455  -31.969 0.0000000000
156551  22.870  63.123  -31.909 0.0000000000
156561  28.304  62.726  -33.232 0.0000000000
156562  25.405  62.384  -33.334 0.0000000000
156563  24.874  63.035  -33.292 0.0000000000
156573  27.837  62.588  -33.820 0.0000000000
156574  27.328  62.609  -34.163 0.0000000000
156575  26.835  62.672  -34.322 0.0000000000
156576  26.153  62.623  -34.076 0.0000000000
157269  22.048  63.095  -31.609 0.0000000000
157290  28.475  63.588  -32.839 0.0000000000
157291  24.234  63.238  -32.868 0.0000000000
157292  23.367  63.731  -32.634 0.0000000000
157293  22.388  63.820  -32.195 0.0000000000
157294  21.433  63.798  -31.902 0.0000000000
157308  27.940  63.559  -33.533 0.0000000000
157309  25.348  63.315  -33.822 0.0000000000
157310  24.607  63.899  -33.604 0.0000000000
157311  23.981  63.859  -33.103 0.0000000000
157322  27.465  63.614  -34.093 0.0000000000
157323  26.872  63.894  -34.563 0.0000000000
157324  26.315  63.595  -34.532 0.0000000000
157325  25.676  63.935  -34.442 0.0000000000
157326  25.204  63.963  -34.073 0.0000000000
157334  26.584  64.577  -34.827 0.0000000000
157335  26.312  64.330  -34.814 0.0000000000
157336  25.993  64.120  -34.768 0.0000000000
158034  28.853  64.542  -32.496 0.0000000000
158035  23.304  64.288  -32.891 0.0000000000
158036  22.841  64.568  -32.743 0.0000000000
158037  21.834  64.654  -32.284 0.0000000000
158038  20.845  64.578  -31.992 0.0000000000
158050  28.065  64.586  -33.223 0.0000000000
158051  27.607  64.988  -33.813 0.0000000000
158052  24.450  64.606  -33.788 0.0000000000
158053  23.717  64.580  -33.281 0.0000000000
158054  23.077  65.292  -33.082 0.0000000000
158064  27.662  64.294  -33.850 0.0000000000
158065  27.264  64.750  -34.336 0.0000000000
158066  25.516  64.475  -34.593 0.0000000000
158067  25.054  64.684  -34.345 0.0000000000
158076  26.776  64.988  -34.781 0.0000000000
158077  26.333  65.051  -34.968 0.0000000000
158078  25.737  64.834  -34.853 0.0000000000
158079  25.227  65.443  -34.804 0.0000000000
158718  27.788  65.029  -27.714 0.0000000000
158719  26.719  65.091  -27.816 0.0000000000
158720  25.821  65.250  -27.775 0.0000000000
158721  25.157  65.465  -27.573 0.0000000000
158722  24.619  65.832  -27.345 0.0000000000
158731  29.955  66.197  -28.293 0.0000000000
158732  29.360  65.919  -28.242 0.0000000000
158733  28.340  65.721  -28.282 0.0000000000
158734  27.246  65.683  -28.375 0.0000000000
158735  26.192  65.729  -28.369 0.0000000000
158736  25.269  65.821  -28.140 0.0000000000
158737  24.819  65.857  -27.811 0.0000000000
158756  20.002  66.080  -31.783 0.0000000000
158757  19.515  66.176  -31.820 0.0000000000
158772  29.334  65.515  -32.238 0.0000000000
158773  28.478  65.555  -32.749 0.0000000000
158774  22.316  65.694  -32.647 0.0000000000
158775  21.242  65.490  -32.138 0.0000000000
158776  20.312  65.371  -31.939 0.0000000000
158789  27.828  65.656  -33.425 0.0000000000
158790  27.363  65.713  -34.077 0.0000000000
158791  24.303  65.247  -33.936 0.0000000000
158792  23.561  65.810  -33.591 0.0000000000
158793  22.966  65.837  -33.109 0.0000000000
158804  26.962  65.747  -34.634 0.0000000000
158805  24.665  65.890  -34.565 0.0000000000
158806  24.142  65.881  -34.101 0.0000000000
158817  26.493  65.807  -34.979 0.0000000000
158818  25.995  65.802  -35.207 0.0000000000
158819  25.464  65.916  -35.061 0.0000000000
158820  25.100  65.988  -34.927 0.0000000000
159415  23.843  67.028  -26.659 0.0000000000
159423  32.354  66.722  -27.664 0.0000000000
159424  31.696  66.421  -27.858 0.0000000000
159425  31.049  66.291  -27.990 0.0000000000
159426  24.092  66.391  -27.017 0.0000000000
159427  23.704  67.051  -27.352 0.0000000000
159431  31.997  66.889  -28.178 0.0000000000
159432  31.321  66.819  -28.299 0.0000000000
159433  30.455  66.622  -28.395 0.0000000000
159434  29.549  66.675  -28.588 0.0000000000
159435  28.701  66.523  -28.671 0.0000000000
159436  27.753  66.511  -28.823 0.0000000000
159437  26.673  66.367  -28.848 0.0000000000
159438  25.526  66.582  -28.809 0.0000000000
159439  24.358  66.517  -28.057 0.0000000000
159440  23.726  67.183  -27.911 0.0000000000
159446  27.084  66.969  -29.150 0.0000000000
159447  26.277  66.994  -29.197 0.0000000000
159448  25.745  67.086  -29.166 0.0000000000
159473  20.988  66.831  -31.917 0.0000000000
159474  20.570  66.704  -31.806 0.0000000000
159475  19.659  66.725  -31.687 0.0000000000
159476  18.956  66.860  -31.761 0.0000000000
159492  29.848  66.482  -32.135 0.0000000000
159493  28.933  66.506  -32.448 0.0000000000
159494  22.197  66.548  -32.661 0.0000000000
159495  21.402  66.607  -32.189 0.0000000000
159496  20.708  66.045  -31.949 0.0000000000
159497  19.170  66.343  -31.856 0.0000000000
159513  28.162  66.554  -33.014 0.0000000000
159514  27.553  66.593  -33.687 0.0000000000
159515  23.436  66.528  -33.709 0.0000000000
159516  22.851  66.558  -33.187 0.0000000000
159528  27.090  66.610  -34.330 0.0000000000
159529  24.495  66.634  -34.700 0.0000000000
159530  23.978  66.611  -34.224 0.0000000000
159539  26.642  66.630  -34.815 0.0000000000
159540  26.191  66.670  -35.184 0.0000000000
159541  25.625  66.759  -35.242 0.0000000000
159542  24.933  66.777  -35.069 0.0000000000
160092  23.725  67.980  -25.951 0.0000000000
160100  34.063  68.036  -26.678 0.0000000000
160103  23.871  67.404  -26.163 0.0000000000
160104  23.488  67.771  -26.687 0.0000000000
160108  43.558  68.003  -27.501 0.0000000000
160109  34.146  67.888  -26.965 0.0000000000
160110  33.669  67.487  -27.160 0.0000000000
160111  33.032  67.107  -27.447 0.0000000000
160112  23.348  67.873  -27.691 0.0000000000
160117  43.308  68.135  -28.331 0.0000000000
160118  42.765  68.642  -28.549 0.0000000000
160119  34.124  67.838  -27.573 0.0000000000
160120  33.580  67.618  -27.934 0.0000000000
160121  32.663  67.368  -28.227 0.0000000000
160122  31.774  67.443  -28.547 0.0000000000
160123  30.878  67.456  -28.647 0.0000000000
160124  29.918  67.462  -28.787 0.0000000000
160125  28.866  67.427  -28.954 0.0000000000
160126  28.306  66.981  -28.937 0.0000000000
160127  25.360  67.260  -29.143 0.0000000000
160128  24.617  67.390  -28.897 0.0000000000
160129  23.828  67.551  -28.374 0.0000000000
160135  42.586  68.007  -29.226 0.0000000000
160136  41.874  68.080  -29.490 0.0000000000
160137  28.484  67.843  -29.194 0.0000000000
160138  27.889  67.500  -29.210 0.0000000000
160139  26.817  67.591  -29.419 0.0000000000
160140  25.870  67.583  -29.424 0.0000000000
160141  25.124  67.746  -29.332 0.0000000000
160156  37.551  67.904  -31.191 0.0000000000
160169  36.576  67.622  -32.144 0.0000000000
160170  20.924  67.194  -31.891 0.0000000000
160171  20.189  67.510  -31.668 0.0000000000
160172  19.264  67.484  -31.633 0.0000000000
160173  18.303  67.425  -31.922 0.0000000000
160174  17.733  67.821  -32.067 0.0000000000
160182  30.350  67.441  -32.179 0.0000000000
160183  29.429  67.421  -32.341 0.0000000000
160184  28.633  67.466  -32.740 0.0000000000
160185  22.128  67.328  -32.758 0.0000000000
160186  21.378  67.642  -32.263 0.0000000000
160187  20.803  67.863  -31.912 0.0000000000
160200  27.923  67.541  -33.325 0.0000000000
160201  27.323  67.536  -33.970 0.0000000000
160202  23.325  67.155  -33.800 0.0000000000
160203  22.706  67.560  -33.385 0.0000000000
160212  26.864  67.529  -34.558 0.0000000000
160213  24.304  67.294  -34.791 0.0000000000
160214  23.683  67.715  -34.434 0.0000000000
160215  23.095  67.923  -33.929 0.0000000000
160222  26.393  67.549  -35.005 0.0000000000
160223  25.868  67.631  -35.316 0.0000000000
160224  25.185  67.877  -35.434 0.0000000000
160225  24.520  68.032  -35.249 0.0000000000
160226  24.030  68.020  -34.915 0.0000000000
160231  24.950  68.429  -35.573 0.0000000000
160232  24.819  68.262  -35.483 0.0000000000
160799  23.434  68.640  -26.096 0.0000000000
160802  43.407  68.836  -26.855 0.0000000000
160803  35.238  68.786  -27.102 0.0000000000
160804  34.374  68.374  -26.654 0.0000000000
160806  22.917  68.735  -26.992 0.0000000000
160807  22.647  69.289  -27.248 0.0000000000
160811  43.293  68.931  -27.545 0.0000000000
160812  35.229  68.632  -27.928 0.0000000000
160813  34.631  68.226  -27.425 0.0000000000
160814  22.930  68.571  -27.837 0.0000000000
160815  22.662  69.079  -27.707 0.0000000000
160819  42.980  69.134  -28.086 0.0000000000
160820  42.478  69.331  -28.536 0.0000000000
160821  42.104  69.656  -28.704 0.0000000000
160822  35.043  68.763  -28.427 0.0000000000
160823  34.381  68.309  -28.283 0.0000000000
160824  33.315  68.166  -28.610 0.0000000000
160825  32.328  68.148  -28.789 0.0000000000
160826  31.367  68.210  -28.856 0.0000000000
160827  30.416  68.251  -28.939 0.0000000000
160828  29.352  68.358  -29.159 0.0000000000
160829  28.773  68.016  -29.178 0.0000000000
160830  23.920  68.017  -28.923 0.0000000000
160831  23.250  68.549  -28.587 0.0000000000
160832  22.815  68.883  -28.169 0.0000000000
160841  42.398  68.712  -28.794 0.0000000000
160842  41.746  68.972  -29.065 0.0000000000
160843  41.065  69.335  -29.399 0.0000000000
160844  28.951  68.862  -29.421 0.0000000000
160845  28.406  68.422  -29.398 0.0000000000
160846  27.379  68.322  -29.589 0.0000000000
160847  26.410  68.274  -29.709 0.0000000000
160848  25.454  68.308  -29.656 0.0000000000
160849  24.450  68.327  -29.354 0.0000000000
160850  23.756  68.546  -29.108 0.0000000000
160858  41.506  68.218  -29.624 0.0000000000
160859  40.754  68.633  -29.814 0.0000000000
160860  39.610  68.570  -30.457 0.0000000000
160861  38.644  68.502  -30.755 0.0000000000
160862  37.853  68.523  -31.013 0.0000000000
160865  37.191  68.395  -31.404 0.0000000000
160866  36.677  68.114  -31.822 0.0000000000
160867  20.294  68.454  -31.867 0.0000000000
160868  19.658  68.133  -31.646 0.0000000000
160869  18.877  68.274  -31.652 0.0000000000
160870  17.942  68.399  -31.809 0.0000000000
160871  17.304  68.671  -31.961 0.0000000000
160878  36.293  68.303  -32.370 0.0000000000
160881  30.825  68.376  -32.294 0.0000000000
160882  29.843  68.403  -32.394 0.0000000000
160883  29.104  68.147  -32.591 0.0000000000
160884  22.280  67.932  -33.132 0.0000000000
160885  21.763  68.370  -32.874 0.0000000000
160886  21.014  68.438  -32.267 0.0000000000
160887  17.423  68.141  -32.143 0.0000000000
160895  35.876  68.323  -33.075 0.0000000000
160896  35.468  68.726  -33.439 0.0000000000
160897  34.016  68.371  -33.771 0.0000000000
160898  33.423  68.519  -33.263 0.0000000000
160899  29.259  68.788  -32.739 0.0000000000
160900  28.527  68.546  -33.056 0.0000000000
160901  27.729  68.500  -33.681 0.0000000000
160902  22.412  68.431  -33.596 0.0000000000
160903  21.912  68.774  -33.343 0.0000000000
160908  35.605  67.945  -33.623 0.0000000000
160909  35.239  68.278  -33.835 0.0000000000
160910  34.844  68.241  -34.032 0.0000000000
160911  34.460  68.262  -33.967 0.0000000000
160912  27.197  68.467  -34.261 0.0000000000
160913  23.707  68.308  -34.772 0.0000000000
160914  23.146  68.691  -34.482 0.0000000000
160919  26.684  68.500  -34.735 0.0000000000
160920  26.154  68.517  -35.153 0.0000000000
160921  25.565  68.604  -35.414 0.0000000000
160922  24.324  68.527  -35.325 0.0000000000
160923  23.840  68.805  -35.157 0.0000000000
160924  23.271  69.199  -34.938 0.0000000000
160930  25.046  68.730  -35.584 0.0000000000
160931  24.516  68.778  -35.462 0.0000000000
160932  24.005  69.302  -35.411 0.0000000000
161429  43.096  69.755  -25.867 0.0000000000
161433  35.572  70.165  -26.159 0.0000000000
161438  23.715  69.442  -25.542 0.0000000000
161441  43.278  69.697  -26.412 0.0000000000
161442  36.530  70.132  -26.792 0.0000000000
161443  35.866  69.743  -26.632 0.0000000000
161444  34.941  69.104  -26.460 0.0000000000
161445  23.174  69.525  -26.180 0.0000000000
161446  22.692  69.679  -26.822 0.0000000000
161450  43.328  69.723  -27.074 0.0000000000
161451  37.233  70.242  -27.623 0.0000000000
161452  36.724  69.937  -27.369 0.0000000000
161453  35.961  69.237  -27.645 0.0000000000
161454  22.437  69.740  -27.508 0.0000000000
161461  43.106  69.793  -27.634 0.0000000000
161462  42.791  69.958  -28.099 0.0000000000
161463  42.349  70.145  -28.483 0.0000000000
161464  37.106  70.087  -27.952 0.0000000000
161465  36.568  69.786  -28.292 0.0000000000
161466  35.639  69.234  -28.521 0.0000000000
161467  34.837  69.063  -28.876 0.0000000000
161468  33.914  68.933  -29.040 0.0000000000
161469  32.893  68.946  -29.094 0.0000000000
161470  31.889  68.983  -29.122 0.0000000000
161471  30.930  68.999  -29.146 0.0000000000
161472  30.105  68.959  -29.211 0.0000000000
161473  23.029  69.066  -28.932 0.0000000000
161474  22.601  69.460  -28.521 0.0000000000
161482  41.816  70.101  -28.841 0.0000000000
161483  41.212  69.951  -29.228 0.0000000000
161484  36.130  69.906  -28.939 0.0000000000
161485  35.388  69.795  -29.208 0.0000000000
161486  34.462  69.781  -29.361 0.0000000000
161487  33.457  69.805  -29.381 0.0000000000
161488  32.430  69.840  -29.332 0.0000000000
161489  31.417  69.841  -29.297 0.0000000000
161490  30.427  69.752  -29.359 0.0000000000
161491  29.437  69.399  -29.465 0.0000000000
161492  28.616  69.257  -29.628 0.0000000000
161493  27.816  69.198  -29.782 0.0000000000
161494  26.943  68.980  -29.881 0.0000000000
161495  26.029  68.965  -30.007 0.0000000000
161496  24.951  69.071  -29.887 0.0000000000
161497  23.505  69.366  -29.522 0.0000000000
161498  22.623  69.894  -29.218 0.0000000000
161501  40.609  69.762  -29.678 0.0000000000
161502  39.864  69.562  -30.206 0.0000000000
161503  38.934  69.451  -30.674 0.0000000000
161504  38.257  69.151  -30.910 0.0000000000
161505  27.326  69.496  -30.016 0.0000000000
161506  26.733  69.612  -30.184 0.0000000000
161507  25.731  69.711  -30.336 0.0000000000
161508  24.660  69.847  -30.329 0.0000000000
161509  23.912  70.132  -30.329 0.0000000000
161514  38.369  69.752  -31.057 0.0000000000
161515  37.627  69.473  -31.330 0.0000000000
161516  36.700  69.195  -31.937 0.0000000000
161517  20.138  68.906  -31.944 0.0000000000
161518  19.622  68.907  -31.791 0.0000000000
161519  18.503  69.274  -31.731 0.0000000000
161520  17.540  69.230  -31.768 0.0000000000
161521  16.873  69.172  -31.942 0.0000000000
161528  36.143  69.344  -32.591 0.0000000000
161529  32.066  69.168  -32.590 0.0000000000
161530  31.259  69.231  -32.470 0.0000000000
161531  30.358  69.281  -32.559 0.0000000000
161532  29.702  69.171  -32.700 0.0000000000
161533  21.195  68.888  -32.656 0.0000000000
161534  20.414  69.285  -32.339 0.0000000000
161535  19.297  69.833  -32.061 0.0000000000
161536  18.457  70.177  -31.929 0.0000000000
161537  16.264  69.277  -32.214 0.0000000000
161542  35.660  69.520  -33.081 0.0000000000
161543  35.233  69.461  -33.491 0.0000000000
161544  34.217  69.743  -33.591 0.0000000000
161545  33.869  69.463  -33.477 0.0000000000
161546  32.797  69.647  -32.902 0.0000000000
161547  29.896  69.704  -32.875 0.0000000000
161548  29.205  69.577  -33.109 0.0000000000
161549  28.247  69.594  -33.644 0.0000000000
161550  27.568  69.228  -34.011 0.0000000000
161551  22.006  68.943  -33.581 0.0000000000
161552  21.438  69.362  -33.305 0.0000000000
161553  20.532  70.090  -33.078 0.0000000000
161559  34.900  69.242  -33.729 0.0000000000
161560  34.486  69.324  -33.686 0.0000000000
161561  34.255  68.862  -33.737 0.0000000000
161562  27.746  69.959  -34.098 0.0000000000
161563  27.165  69.563  -34.455 0.0000000000
161564  22.225  69.215  -34.044 0.0000000000
161565  21.656  70.048  -34.273 0.0000000000
161571  26.506  69.518  -34.901 0.0000000000
161572  25.890  69.515  -35.264 0.0000000000
161573  25.209  69.577  -35.493 0.0000000000
161574  24.668  69.975  -35.527 0.0000000000
161575  23.314  69.438  -35.119 0.0000000000
161576  22.601  69.825  -34.925 0.0000000000
161577  21.753  70.590  -34.853 0.0000000000
161584  24.736  69.329  -35.544 0.0000000000
161585  24.182  69.806  -35.510 0.0000000000
161586  23.390  69.926  -35.397 0.0000000000
161587  22.662  70.588  -35.386 0.0000000000
162060  42.972  70.829  -25.851 0.0000000000
162061  42.849  70.802  -25.628 0.0000000000
162072  43.106  70.521  -26.015 0.0000000000
162073  42.813  70.202  -25.537 0.0000000000
162075  36.072  71.101  -25.982 0.0000000000
162080  23.633  70.373  -25.685 0.0000000000
162083  43.247  70.468  -26.717 0.0000000000
162084  37.927  71.325  -26.693 0.0000000000
162085  37.572  71.192  -26.619 0.0000000000
162086  36.547  70.809  -26.346 0.0000000000
162087  35.893  70.359  -26.258 0.0000000000
162088  22.991  70.441  -26.290 0.0000000000
162089  22.383  70.516  -26.950 0.0000000000
162094  43.157  70.500  -27.337 0.0000000000
162095  42.977  70.847  -27.651 0.0000000000
162096  38.010  71.111  -26.912 0.0000000000
162097  37.394  70.530  -27.128 0.0000000000
162098  36.846  70.279  -26.879 0.0000000000
162099  21.970  70.585  -27.892 0.0000000000
162100  21.578  71.175  -28.487 0.0000000000
162108  42.963  70.404  -27.761 0.0000000000
162109  42.683  70.769  -28.082 0.0000000000
162110  42.098  70.864  -28.621 0.0000000000
162111  38.097  70.883  -27.490 0.0000000000
162112  37.667  70.519  -28.007 0.0000000000
162113  37.154  70.270  -28.390 0.0000000000
162114  22.027  70.542  -28.972 0.0000000000
162115  21.364  71.393  -29.141 0.0000000000
162121  41.404  70.834  -29.126 0.0000000000
162122  40.749  70.546  -29.565 0.0000000000
162123  37.500  70.613  -28.641 0.0000000000
162124  36.857  70.473  -28.965 0.0000000000
162125  35.984  70.577  -29.382 0.0000000000
162126  35.047  70.659  -29.526 0.0000000000
162127  34.042  70.728  -29.555 0.0000000000
162128  33.002  70.757  -29.519 0.0000000000
162129  31.964  70.731  -29.498 0.0000000000
162130  30.924  70.672  -29.533 0.0000000000
162131  29.821  70.560  -29.719 0.0000000000
162132  28.825  69.997  -29.795 0.0000000000
162133  28.269  69.661  -29.859 0.0000000000
162134  23.309  70.298  -30.167 0.0000000000
162135  22.595  70.415  -29.789 0.0000000000
162136  21.742  71.102  -29.818 0.0000000000
162139  40.123  70.424  -30.083 0.0000000000
162140  39.214  70.457  -30.705 0.0000000000
162141  38.726  70.068  -30.986 0.0000000000
162142  29.611  71.056  -29.965 0.0000000000
162143  29.051  70.826  -30.090 0.0000000000
162144  27.829  70.190  -30.219 0.0000000000
162145  26.565  70.357  -30.580 0.0000000000
162146  25.500  70.552  -30.792 0.0000000000
162147  24.514  70.528  -30.772 0.0000000000
162148  23.676  70.722  -30.826 0.0000000000
162156  38.834  70.961  -31.150 0.0000000000
162157  38.244  70.560  -31.287 0.0000000000
162158  37.027  70.539  -32.010 0.0000000000
162159  36.486  69.946  -32.327 0.0000000000
162160  25.501  71.024  -31.059 0.0000000000
162161  25.059  71.019  -31.115 0.0000000000
162162  24.358  71.022  -31.178 0.0000000000
162163  17.710  70.025  -31.763 0.0000000000
162164  16.914  69.839  -31.778 0.0000000000
162165  16.497  69.633  -31.935 0.0000000000
162169  36.579  71.132  -32.436 0.0000000000
162170  36.159  70.557  -32.690 0.0000000000
162171  31.700  70.022  -32.723 0.0000000000
162172  30.760  70.018  -32.741 0.0000000000
162173  30.251  69.891  -32.847 0.0000000000
162174  19.775  70.368  -32.656 0.0000000000
162175  18.811  70.800  -32.396 0.0000000000
162183  35.440  70.530  -33.201 0.0000000000
162184  34.823  70.338  -33.534 0.0000000000
162185  34.158  70.388  -33.523 0.0000000000
162186  33.204  70.721  -33.242 0.0000000000
162187  32.134  70.923  -33.025 0.0000000000
162188  31.049  70.913  -33.076 0.0000000000
162189  29.975  70.527  -33.247 0.0000000000
162190  28.950  70.545  -33.693 0.0000000000
162191  28.275  70.620  -34.075 0.0000000000
162192  20.868  70.424  -33.782 0.0000000000
162193  20.020  70.932  -33.409 0.0000000000
162194  19.335  71.089  -32.939 0.0000000000
162199  34.720  69.726  -33.664 0.0000000000
162200  34.577  69.954  -33.609 0.0000000000
162201  27.666  70.693  -34.435 0.0000000000
162202  26.991  70.602  -34.788 0.0000000000
162203  21.043  70.967  -34.544 0.0000000000
162204  20.425  71.148  -34.059 0.0000000000
162209  26.301  70.558  -35.121 0.0000000000
162210  25.598  70.556  -35.376 0.0000000000
162211  24.915  70.652  -35.525 0.0000000000
162212  24.265  70.748  -35.578 0.0000000000
162213  22.003  70.970  -35.318 0.0000000000
162214  21.418  71.198  -35.057 0.0000000000
162221  23.586  70.838  -35.577 0.0000000000
162222  22.891  71.052  -35.587 0.0000000000
162223  22.369  71.236  -35.537 0.0000000000
162643  42.965  71.116  -25.912 0.0000000000
162644  42.683  71.416  -25.512 0.0000000000
162645  42.158  71.834  -24.939 0.0000000000
162656  43.107  71.152  -26.442 0.0000000000
162657  42.917  71.827  -26.115 0.0000000000
162658  42.572  72.108  -25.598 0.0000000000
162665  23.527  71.264  -25.938 0.0000000000
162669  43.176  71.084  -27.080 0.0000000000
162670  42.989  71.716  -26.884 0.0000000000
162671  38.980  72.141  -26.742 0.0000000000
162672  38.161  71.773  -26.551 0.0000000000
162673  37.311  71.821  -26.100 0.0000000000
162674  36.696  71.601  -25.961 0.0000000000
162675  22.784  71.374  -26.484 0.0000000000
162676  22.101  71.459  -27.176 0.0000000000
162683  43.071  70.991  -27.425 0.0000000000
162684  42.880  71.401  -27.590 0.0000000000
162685  39.436  71.890  -27.358 0.0000000000
162686  38.618  71.408  -27.181 0.0000000000
162687  21.576  71.649  -27.922 0.0000000000
162688  21.151  71.860  -28.619 0.0000000000
162695  42.404  71.476  -28.171 0.0000000000
162696  41.577  71.556  -28.669 0.0000000000
162697  40.692  71.853  -28.658 0.0000000000
162698  39.799  71.805  -28.324 0.0000000000
162699  38.612  71.119  -28.188 0.0000000000
162700  37.918  70.821  -28.533 0.0000000000
162701  20.868  71.949  -29.190 0.0000000000
162704  41.264  71.252  -29.088 0.0000000000
162705  40.697  71.226  -29.336 0.0000000000
162706  39.687  71.508  -29.416 0.0000000000
162707  38.856  71.442  -29.205 0.0000000000
162708  37.767  71.145  -29.196 0.0000000000
162709  36.653  71.322  -29.580 0.0000000000
162710  35.670  71.509  -29.689 0.0000000000
162711  34.664  71.672  -29.680 0.0000000000
162712  33.605  71.752  -29.657 0.0000000000
162713  32.541  71.676  -29.689 0.0000000000
162714  31.513  71.538  -29.761 0.0000000000
162715  30.480  71.482  -29.919 0.0000000000
162716  29.895  71.191  -29.923 0.0000000000
162717  20.958  71.876  -29.894 0.0000000000
162724  40.350  70.874  -29.830 0.0000000000
162725  39.725  71.155  -30.181 0.0000000000
162726  30.313  71.942  -30.199 0.0000000000
162727  29.708  71.614  -30.250 0.0000000000
162728  28.533  71.533  -30.653 0.0000000000
162729  27.314  71.143  -30.789 0.0000000000
162730  26.281  71.047  -30.971 0.0000000000
162731  25.749  71.027  -31.034 0.0000000000
162741  39.134  71.274  -30.896 0.0000000000
162742  38.477  71.447  -31.298 0.0000000000
162743  37.640  71.507  -31.741 0.0000000000
162744  28.458  72.097  -31.054 0.0000000000
162745  27.889  71.954  -31.162 0.0000000000
162746  26.858  71.742  -31.311 0.0000000000
162747  25.754  71.488  -31.370 0.0000000000
162748  24.793  71.553  -31.552 0.0000000000
162749  23.815  71.475  -31.494 0.0000000000
162753  36.841  71.654  -32.255 0.0000000000
162754  36.237  71.623  -32.607 0.0000000000
162763  35.709  71.530  -32.920 0.0000000000
162764  35.083  71.584  -33.260 0.0000000000
162765  34.333  71.624  -33.431 0.0000000000
162766  33.466  71.758  -33.423 0.0000000000
162767  32.461  71.907  -33.385 0.0000000000
162768  31.382  71.933  -33.485 0.0000000000
162769  30.380  71.734  -33.708 0.0000000000
162770  29.362  71.652  -34.116 0.0000000000
162771  28.749  71.128  -34.124 0.0000000000
162778  28.960  72.279  -34.656 0.0000000000
162779  28.400  71.648  -34.565 0.0000000000
162780  27.583  71.620  -34.869 0.0000000000
162781  20.934  71.612  -34.993 0.0000000000
162788  26.835  71.656  -35.160 0.0000000000
162789  26.032  71.620  -35.402 0.0000000000
162790  25.248  71.627  -35.555 0.0000000000
162791  24.490  71.678  -35.667 0.0000000000
162792  21.928  71.628  -35.618 0.0000000000
162793  21.305  71.903  -35.456 0.0000000000
162800  23.745  71.754  -35.757 0.0000000000
162801  23.006  71.844  -35.852 0.0000000000
162802  22.266  71.929  -35.826 0.0000000000
162803  21.677  72.174  -35.764 0.0000000000
163190  41.706  72.764  -24.816 0.0000000000
163191  41.171  72.895  -24.281 0.0000000000
163200  42.578  72.436  -26.044 0.0000000000
163201  42.202  72.744  -25.567 0.0000000000
163202  38.054  73.364  -25.913 0.0000000000
163209  24.498  72.357  -25.770 0.0000000000
163210  23.966  71.811  -25.788 0.0000000000
163214  42.687  72.371  -26.655 0.0000000000
163215  42.298  72.838  -26.336 0.0000000000
163216  40.551  73.217  -26.617 0.0000000000
163217  39.690  72.914  -26.619 0.0000000000
163218  38.696  72.964  -26.288 0.0000000000
163219  37.913  72.563  -26.111 0.0000000000
163220  24.073  72.805  -26.224 0.0000000000
163221  23.486  72.267  -26.242 0.0000000000
163222  22.588  72.284  -26.827 0.0000000000
163229  42.668  72.111  -27.371 0.0000000000
163230  42.115  72.753  -27.124 0.0000000000
163231  41.187  72.927  -27.116 0.0000000000
163232  40.292  72.504  -27.324 0.0000000000
163233  21.889  72.432  -27.490 0.0000000000
163234  21.264  72.565  -28.225 0.0000000000
163238  42.604  71.831  -27.808 0.0000000000
163239  42.209  72.104  -27.926 0.0000000000
163240  41.461  72.327  -27.955 0.0000000000
163241  40.725  72.331  -27.917 0.0000000000
163242  20.615  72.670  -29.014 0.0000000000
163246  38.879  71.776  -29.860 0.0000000000
163247  38.136  71.905  -29.865 0.0000000000
163248  37.196  72.041  -29.939 0.0000000000
163249  36.259  72.285  -29.934 0.0000000000
163250  35.310  72.499  -29.912 0.0000000000
163251  34.252  72.791  -29.903 0.0000000000
163252  33.122  72.755  -29.957 0.0000000000
163253  32.070  72.420  -29.969 0.0000000000
163254  31.128  72.178  -30.122 0.0000000000
163255  30.600  72.051  -30.182 0.0000000000
163256  20.689  72.283  -29.480 0.0000000000
163263  39.148  71.675  -30.261 0.0000000000
163264  38.446  72.099  -30.472 0.0000000000
163265  37.519  72.532  -30.606 0.0000000000
163266  36.692  72.861  -30.408 0.0000000000
163267  35.844  73.144  -30.318 0.0000000000
163268  35.037  73.311  -30.206 0.0000000000
163269  33.047  73.279  -30.219 0.0000000000
163270  32.549  73.203  -30.282 0.0000000000
163271  31.606  72.972  -30.404 0.0000000000
163272  30.475  72.599  -30.564 0.0000000000
163273  29.329  72.280  -30.833 0.0000000000
163274  28.748  72.160  -30.990 0.0000000000
163279  39.235  71.521  -30.590 0.0000000000
163280  38.821  71.835  -30.892 0.0000000000
163281  37.883  72.271  -31.305 0.0000000000
163282  30.381  73.162  -30.967 0.0000000000
163283  29.826  73.041  -31.149 0.0000000000
163284  28.680  72.783  -31.436 0.0000000000
163285  27.502  72.546  -31.681 0.0000000000
163286  26.440  72.385  -31.849 0.0000000000
163287  25.412  72.276  -31.992 0.0000000000
163288  24.426  72.222  -32.061 0.0000000000
163294  37.120  72.322  -31.920 0.0000000000
163295  36.235  72.534  -32.436 0.0000000000
163296  35.724  73.019  -32.576 0.0000000000
163297  28.580  73.408  -31.808 0.0000000000
163298  28.056  73.334  -31.980 0.0000000000
163299  27.078  73.255  -32.212 0.0000000000
163300  26.051  73.178  -32.403 0.0000000000
163301  25.038  73.069  -32.522 0.0000000000
163312  35.894  72.097  -32.705 0.0000000000
163313  35.469  72.566  -32.863 0.0000000000
163314  34.624  72.668  -33.223 0.0000000000
163315  33.717  72.764  -33.382 0.0000000000
163316  32.730  72.869  -33.488 0.0000000000
163317  31.693  72.926  -33.705 0.0000000000
163318  30.552  72.916  -34.155 0.0000000000
163319  29.963  72.318  -34.196 0.0000000000
163327  30.024  73.478  -34.618 0.0000000000
163328  29.517  72.928  -34.678 0.0000000000
163329  28.513  72.869  -35.121 0.0000000000
163330  28.037  72.231  -35.019 0.0000000000
163339  28.076  73.375  -35.454 0.0000000000
163340  27.562  72.774  -35.384 0.0000000000
163341  26.525  72.714  -35.589 0.0000000000
163342  25.644  72.682  -35.722 0.0000000000
163343  24.811  72.687  -35.834 0.0000000000
163727  41.370  73.401  -24.800 0.0000000000
163728  40.944  73.754  -24.407 0.0000000000
163736  41.664  73.380  -25.390 0.0000000000
163737  41.221  73.864  -25.165 0.0000000000
163738  39.546  74.326  -25.599 0.0000000000
163739  38.687  74.124  -25.687 0.0000000000
163745  25.513  73.182  -25.832 0.0000000000
163746  25.042  72.831  -25.775 0.0000000000
163750  41.888  73.218  -26.072 0.0000000000
163751  41.180  73.663  -26.016 0.0000000000
163752  40.206  73.922  -26.021 0.0000000000
163753  39.381  73.707  -26.077 0.0000000000
163754  26.014  74.219  -26.296 0.0000000000
163755  25.497  73.876  -26.272 0.0000000000
163756  24.652  73.297  -26.227 0.0000000000
163757  23.581  73.333  -26.691 0.0000000000
163758  23.029  72.805  -26.718 0.0000000000
163764  42.027  73.046  -26.531 0.0000000000
163765  41.703  73.149  -26.567 0.0000000000
163766  23.110  73.847  -27.267 0.0000000000
163767  22.529  73.300  -27.274 0.0000000000
163768  21.629  73.351  -27.916 0.0000000000
163771  20.799  73.532  -28.529 0.0000000000
163775  33.639  73.321  -30.168 0.0000000000
163776  33.287  73.299  -30.210 0.0000000000
163784  36.879  73.181  -30.924 0.0000000000
163785  36.225  73.544  -30.864 0.0000000000
163786  35.336  73.934  -30.755 0.0000000000
163787  34.288  73.795  -30.426 0.0000000000
163788  33.211  73.768  -30.456 0.0000000000
163789  32.192  73.866  -30.796 0.0000000000
163790  31.187  73.442  -30.858 0.0000000000
163791  30.654  73.249  -30.904 0.0000000000
163795  37.170  72.942  -31.331 0.0000000000
163796  36.442  73.439  -31.476 0.0000000000
163797  35.770  73.946  -31.470 0.0000000000
163798  32.110  74.260  -31.204 0.0000000000
163799  31.586  74.075  -31.287 0.0000000000
163800  30.563  73.702  -31.352 0.0000000000
163801  29.475  73.756  -31.733 0.0000000000
163802  28.864  73.497  -31.755 0.0000000000
163807  37.237  72.677  -31.633 0.0000000000
163808  36.703  72.997  -31.898 0.0000000000
163809  35.716  73.581  -32.253 0.0000000000
163810  35.087  73.872  -32.477 0.0000000000
163811  29.334  74.232  -32.072 0.0000000000
163812  28.740  74.012  -32.112 0.0000000000
163813  27.714  74.132  -32.445 0.0000000000
163814  26.691  74.116  -32.689 0.0000000000
163815  25.653  74.157  -32.914 0.0000000000
163827  35.471  73.217  -32.651 0.0000000000
163828  34.971  73.520  -32.810 0.0000000000
163829  34.029  73.590  -33.158 0.0000000000
163830  32.971  73.692  -33.321 0.0000000000
163831  31.923  73.770  -33.593 0.0000000000
163832  31.038  73.819  -34.037 0.0000000000
163843  30.317  73.954  -34.522 0.0000000000
163844  29.675  73.983  -34.965 0.0000000000
163845  28.976  73.823  -35.233 0.0000000000
163852  28.377  73.874  -35.474 0.0000000000
163853  27.751  73.915  -35.621 0.0000000000
163854  26.928  73.796  -35.759 0.0000000000
163855  26.020  73.736  -35.905 0.0000000000
163856  25.173  73.695  -36.046 0.0000000000
164217  40.448  74.410  -24.380 0.0000000000
164218  39.826  74.840  -24.323 0.0000000000
164219  39.259  75.216  -24.138 0.0000000000
164228  40.825  74.282  -25.005 0.0000000000
164229  40.155  74.540  -25.139 0.0000000000
164230  39.193  74.970  -24.935 0.0000000000
164239  40.989  74.051  -25.412 0.0000000000
164240  40.691  74.140  -25.504 0.0000000000
164241  27.051  75.034  -26.427 0.0000000000
164242  26.514  74.602  -26.356 0.0000000000
164243  25.583  74.740  -26.810 0.0000000000
164244  24.712  74.202  -26.732 0.0000000000
164245  24.163  73.819  -26.692 0.0000000000
164251  25.224  75.315  -27.375 0.0000000000
164252  24.655  74.975  -27.355 0.0000000000
164253  23.730  74.365  -27.282 0.0000000000
164254  22.572  74.441  -27.769 0.0000000000
164255  22.015  73.878  -27.811 0.0000000000
164257  21.995  75.074  -28.157 0.0000000000
164258  21.322  74.513  -28.222 0.0000000000
164269  34.607  74.378  -30.998 0.0000000000
164270  33.781  74.413  -30.970 0.0000000000
164271  32.858  74.373  -31.063 0.0000000000
164272  32.366  74.318  -31.162 0.0000000000
164275  35.104  74.347  -31.499 0.0000000000
164276  34.278  74.506  -31.623 0.0000000000
164277  33.307  74.552  -31.673 0.0000000000
164278  32.220  74.484  -31.651 0.0000000000
164279  31.114  74.422  -31.884 0.0000000000
164280  30.149  74.326  -31.999 0.0000000000
164281  29.621  74.299  -32.053 0.0000000000
164288  35.418  74.140  -31.899 0.0000000000
164289  34.863  74.244  -32.218 0.0000000000
164290  33.832  74.455  -32.280 0.0000000000
164291  32.711  74.515  -32.379 0.0000000000
164292  31.519  74.652  -32.541 0.0000000000
164293  30.545  74.743  -32.514 0.0000000000
164294  29.503  74.673  -32.470 0.0000000000
164295  28.411  74.859  -32.735 0.0000000000
164296  27.348  75.087  -33.029 0.0000000000
164297  26.333  74.857  -33.106 0.0000000000
164309  34.817  73.980  -32.576 0.0000000000
164310  34.328  74.078  -32.696 0.0000000000
164311  33.327  74.212  -32.868 0.0000000000
164312  31.941  74.448  -33.141 0.0000000000
164313  31.081  74.414  -33.702 0.0000000000
164314  27.297  75.538  -33.462 0.0000000000
164315  26.771  75.482  -33.486 0.0000000000
164328  30.506  74.520  -34.184 0.0000000000
164329  29.824  74.667  -34.618 0.0000000000
164330  28.906  74.769  -35.100 0.0000000000
164331  28.293  75.117  -35.158 0.0000000000
164338  28.617  74.353  -35.376 0.0000000000
164339  28.125  74.734  -35.428 0.0000000000
164340  27.238  74.720  -35.631 0.0000000000
164719  20.688  75.919  -22.903 0.0000000000
164720  19.910  75.783  -22.996 0.0000000000
164721  19.413  75.742  -23.102 0.0000000000
164732  22.812  76.186  -23.606 0.0000000000
164733  22.265  76.031  -23.530 0.0000000000
164734  21.412  75.849  -23.348 0.0000000000
164735  20.436  75.704  -23.549 0.0000000000
164736  19.484  75.662  -23.627 0.0000000000
164737  19.014  75.687  -24.052 0.0000000000
164747  23.100  76.204  -23.869 0.0000000000
164748  22.692  76.070  -24.054 0.0000000000
164749  21.921  75.903  -24.144 0.0000000000
164750  21.018  75.797  -24.206 0.0000000000
164751  20.114  75.742  -24.274 0.0000000000
164752  19.416  75.767  -24.306 0.0000000000
164757  38.958  75.267  -24.435 0.0000000000
164768  26.656  75.328  -26.770 0.0000000000
164769  25.994  74.888  -26.801 0.0000000000
164774  27.037  76.053  -27.093 0.0000000000
164775  26.640  75.954  -27.063 0.0000000000
164776  25.803  75.641  -27.295 0.0000000000
164777  24.789  75.897  -27.888 0.0000000000
164778  23.825  75.342  -27.885 0.0000000000
164779  23.214  74.939  -27.847 0.0000000000
164781  24.405  76.572  -28.248 0.0000000000
164782  23.785  76.274  -28.298 0.0000000000
164783  22.690  75.671  -28.268 0.0000000000
164784  21.418  75.718  -28.326 0.0000000000
164808  30.813  74.905  -32.950 0.0000000000
164809  30.061  75.084  -33.060 0.0000000000
164810  29.078  75.289  -33.202 0.0000000000
164811  28.100  75.439  -33.373 0.0000000000
164812  27.567  75.528  -33.442 0.0000000000
164822  31.237  74.798  -33.044 0.0000000000
164823  30.654  74.851  -33.446 0.0000000000
164824  29.641  75.264  -33.713 0.0000000000
164825  28.654  75.572  -33.928 0.0000000000
164826  27.517  75.724  -33.923 0.0000000000
164840  30.578  74.768  -33.870 0.0000000000
164841  30.090  74.984  -34.077 0.0000000000
164842  29.243  75.236  -34.422 0.0000000000
164843  28.185  75.461  -34.774 0.0000000000
164856  28.052  75.253  -35.211 0.0000000000
164857  27.566  75.287  -35.230 0.0000000000
165196  20.642  76.933  -22.004 0.0000000000
165207  23.769  76.986  -23.025 0.0000000000
165208  23.121  76.790  -22.786 0.0000000000
165209  22.373  76.645  -22.587 0.0000000000
165210  21.387  76.480  -22.440 0.0000000000
165211  20.260  76.289  -22.457 0.0000000000
165212  19.190  76.092  -22.667 0.0000000000
165221  25.070  77.077  -23.935 0.0000000000
165222  24.288  76.828  -23.609 0.0000000000
165223  23.339  76.464  -23.466 0.0000000000
165224  22.673  76.323  -23.131 0.0000000000
165225  22.043  76.163  -22.945 0.0000000000
165226  19.135  75.776  -23.229 0.0000000000
165227  18.535  75.909  -23.593 0.0000000000
165237  26.114  77.362  -24.775 0.0000000000
165238  25.530  77.153  -24.523 0.0000000000
165239  24.578  76.801  -24.484 0.0000000000
165240  23.486  76.393  -24.365 0.0000000000
165241  22.489  76.269  -24.731 0.0000000000
165242  21.562  76.221  -24.850 0.0000000000
165243  20.636  76.176  -24.889 0.0000000000
165244  19.731  76.126  -24.867 0.0000000000
165257  26.335  77.346  -25.059 0.0000000000
165258  25.838  77.190  -25.172 0.0000000000
165259  24.993  76.960  -25.218 0.0000000000
165260  24.048  76.814  -25.232 0.0000000000
165261  23.088  76.751  -25.319 0.0000000000
165262  22.128  76.820  -25.418 0.0000000000
165263  21.183  76.864  -25.403 0.0000000000
165264  20.243  76.819  -25.388 0.0000000000
165279  27.346  76.286  -26.654 0.0000000000
165280  26.667  76.420  -27.006 0.0000000000
165281  25.819  76.536  -27.504 0.0000000000
165282  25.388  76.250  -27.787 0.0000000000
165284  25.423  76.960  -27.790 0.0000000000
165285  24.984  76.877  -28.080 0.0000000000
165286  23.959  77.156  -28.336 0.0000000000
165287  22.888  76.987  -28.428 0.0000000000
165288  21.695  76.787  -28.329 0.0000000000
165651  22.448  77.913  -22.008 0.0000000000
165652  21.434  77.613  -21.835 0.0000000000
165663  25.225  78.067  -23.256 0.0000000000
165664  24.406  77.675  -22.955 0.0000000000
165665  23.548  77.510  -22.576 0.0000000000
165666  22.814  77.290  -22.335 0.0000000000
165667  22.114  77.129  -22.148 0.0000000000
165679  26.559  78.049  -24.100 0.0000000000
165680  25.767  77.756  -23.789 0.0000000000
165681  24.956  77.445  -23.489 0.0000000000
165693  26.713  77.649  -24.713 0.0000000000
165694  26.141  77.564  -24.374 0.0000000000
165706  26.615  77.247  -25.523 0.0000000000
165707  25.383  77.208  -25.836 0.0000000000
165708  24.450  77.291  -25.859 0.0000000000
165709  23.596  77.348  -25.844 0.0000000000
165710  22.716  77.476  -25.856 0.0000000000
165711  21.724  77.696  -25.906 0.0000000000
165712  20.806  77.587  -25.772 0.0000000000
165725  26.868  76.963  -26.310 0.0000000000
165726  25.676  77.166  -26.478 0.0000000000
165727  24.659  77.633  -26.530 0.0000000000
165728  23.984  77.785  -26.351 0.0000000000
165729  23.261  77.986  -26.283 0.0000000000
165730  22.454  78.131  -26.257 0.0000000000
165739  27.551  76.501  -26.431 0.0000000000
165740  27.038  76.642  -26.642 0.0000000000
165741  25.980  77.012  -27.127 0.0000000000
165742  24.765  77.795  -27.254 0.0000000000
165743  24.218  78.248  -27.625 0.0000000000
165745  25.605  76.974  -27.584 0.0000000000
165746  25.181  77.291  -27.691 0.0000000000
165747  24.341  77.983  -28.056 0.0000000000
165748  23.158  77.938  -28.194 0.0000000000
165749  21.925  77.838  -28.091 0.0000000000
166082  23.683  79.056  -22.052 0.0000000000
166083  23.095  78.805  -21.929 0.0000000000
166084  22.021  78.744  -21.699 0.0000000000
166098  24.953  78.705  -22.766 0.0000000000
166099  23.930  78.513  -22.323 0.0000000000
166100  23.174  77.988  -22.214 0.0000000000
166113  26.356  78.356  -23.725 0.0000000000
166132  21.174  78.104  -26.080 0.0000000000
166142  24.174  78.018  -26.649 0.0000000000
166143  23.768  78.264  -26.686 0.0000000000
166144  22.940  78.515  -26.679 0.0000000000
166145  21.495  78.624  -26.551 0.0000000000
166159  24.276  78.161  -26.887 0.0000000000
166160  23.803  78.511  -27.245 0.0000000000
166161  22.573  78.717  -27.167 0.0000000000
166169  24.003  78.472  -27.737 0.0000000000
166170  23.394  78.457  -27.723 0.0000000000
166171  22.222  78.463  -27.611 0.0000000000
166484  23.739  79.716  -21.798 0.0000000000
166485  22.600  79.744  -21.544 0.0000000000
166502  24.497  79.350  -22.244 0.0000000000
166503  23.962  79.168  -22.120 0.0000000000
166843  23.105  80.703  -21.138 0.0000000000
162079  24.208  70.278  -25.167 0.0000000000
162663  24.859  72.001  -25.377 0.0000000000
162664  24.337  71.354  -25.417 0.0000000000
163195  26.159  72.876  -25.276 0.0000000000
163207  25.900  73.036  -25.563 0.0000000000
163208  25.392  72.518  -25.429 0.0000000000
163732  27.024  74.012  -25.518 0.0000000000
163733  26.856  73.418  -25.074 0.0000000000
163743  26.879  74.137  -25.747 0.0000000000
163744  26.356  73.722  -25.782 0.0000000000
164223  27.598  74.289  -25.165 0.0000000000
164233  27.254  74.607  -25.940 0.0000000000
164234  26.774  74.261  -25.930 0.0000000000
164729  28.894  75.731  -24.603 0.0000000000
164745  28.812  75.783  -25.395 0.0000000000
164746  28.406  74.977  -24.880 0.0000000000
164759  28.409  75.956  -26.023 0.0000000000
164760  28.113  75.165  -25.700 0.0000000000
164766  28.152  76.111  -26.249 0.0000000000
164767  27.552  75.681  -26.479 0.0000000000
165218  29.480  77.155  -24.544 0.0000000000
165219  29.046  76.518  -23.858 0.0000000000
165235  29.359  77.140  -25.199 0.0000000000
165236  29.311  76.454  -24.965 0.0000000000
165254  29.181  77.166  -25.443 0.0000000000
165255  28.825  76.683  -25.796 0.0000000000
165256  28.227  76.773  -26.061 0.0000000000
165275  28.385  76.314  -26.079 0.0000000000
165276  28.027  76.397  -26.277 0.0000000000
165676  29.454  77.753  -23.747 0.0000000000
165678  27.246  78.296  -24.356 0.0000000000
165690  29.340  77.865  -24.791 0.0000000000
165691  28.646  78.029  -25.084 0.0000000000
165692  27.756  77.929  -24.861 0.0000000000
165703  29.283  77.404  -25.251 0.0000000000
165704  28.983  77.428  -25.420 0.0000000000
165705  28.025  77.236  -25.706 0.0000000000
165724  27.875  76.946  -26.028 0.0000000000
166109  29.538  78.665  -23.082 0.0000000000
166110  28.713  79.287  -24.229 0.0000000000
166111  28.088  78.939  -24.265 0.0000000000
166112  26.994  78.859  -23.780 0.0000000000
166121  29.426  78.686  -23.967 0.0000000000
166122  28.933  78.845  -24.523 0.0000000000
166123  28.406  78.486  -24.726 0.0000000000
166512  29.385  79.388  -23.393 0.0000000000
166513  28.711  79.786  -23.801 0.0000000000
166514  27.692  79.665  -23.557 0.0000000000
166524  29.222  79.317  -24.045 0.0000000000
166525  28.963  79.409  -24.233 0.0000000000
160101  33.637  67.910  -26.405 0.0000000000
160795  34.223  68.949  -26.036 0.0000000000
160796  33.424  68.446  -25.738 0.0000000000
160805  33.921  68.400  -26.211 0.0000000000
161434  34.897  69.874  -25.921 0.0000000000
161435  33.675  69.682  -25.308 0.0000000000
162076  35.575  70.814  -25.841 0.0000000000
162077  34.296  70.904  -25.131 0.0000000000
162659  36.782  72.177  -25.755 0.0000000000
162660  36.115  71.726  -25.693 0.0000000000
162661  35.158  71.783  -25.266 0.0000000000
162662  34.531  71.941  -24.829 0.0000000000
163192  35.060  73.206  -24.592 0.0000000000
163203  37.299  72.981  -25.720 0.0000000000
163204  36.452  72.896  -25.426 0.0000000000
163205  35.606  72.842  -25.075 0.0000000000
163206  34.936  72.515  -24.834 0.0000000000
163729  36.237  74.475  -24.849 0.0000000000
163730  35.505  74.145  -24.548 0.0000000000
163740  37.732  74.084  -25.514 0.0000000000
163741  36.844  74.027  -25.250 0.0000000000
163742  36.096  73.691  -25.082 0.0000000000
164208  39.490  74.695  -23.535 0.0000000000
164209  38.943  75.159  -23.482 0.0000000000
164220  37.551  75.309  -24.723 0.0000000000
164221  36.837  75.110  -24.723 0.0000000000
164222  36.085  75.208  -24.340 0.0000000000
164231  38.184  75.007  -25.085 0.0000000000
164232  37.405  74.775  -25.135 0.0000000000
164724  38.403  75.549  -23.455 0.0000000000
164725  37.718  75.727  -23.459 0.0000000000
164741  38.741  75.443  -24.076 0.0000000000
164742  38.090  75.571  -24.269 0.0000000000
164743  37.302  75.710  -24.174 0.0000000000
164744  36.655  75.705  -24.073 0.0000000000
164758  38.637  75.299  -24.571 0.0000000000
162639  25.228  71.716  -24.627 0.0000000000
162651  25.113  71.774  -25.103 0.0000000000
162652  24.719  71.062  -24.810 0.0000000000
163185  26.277  72.745  -24.781 0.0000000000
163186  25.690  72.340  -24.292 0.0000000000
163196  25.725  72.258  -24.926 0.0000000000
163722  26.581  73.188  -24.339 0.0000000000
163723  25.963  73.131  -23.626 0.0000000000
164202  26.603  74.516  -23.102 0.0000000000
164212  27.763  74.417  -24.442 0.0000000000
164213  27.052  74.065  -23.763 0.0000000000
164214  26.196  73.907  -23.235 0.0000000000
164224  27.244  73.811  -24.549 0.0000000000
164716  27.679  75.558  -23.047 0.0000000000
164717  26.725  75.370  -22.599 0.0000000000
164730  28.155  75.216  -23.857 0.0000000000
164731  27.287  74.906  -23.247 0.0000000000
165204  28.572  76.766  -22.949 0.0000000000
165205  27.680  76.429  -22.481 0.0000000000
165220  28.301  76.059  -23.210 0.0000000000
165660  29.264  77.987  -22.812 0.0000000000
165661  28.427  77.614  -22.201 0.0000000000
165677  29.048  77.319  -23.102 0.0000000000
166094  29.116  78.666  -22.137 0.0000000000
166497  29.392  79.334  -22.498 0.0000000000
166096  26.759  79.242  -23.421 0.0000000000
166097  26.070  78.823  -23.288 0.0000000000
166481  28.949  79.712  -21.738 0.0000000000
166482  25.374  80.356  -21.960 0.0000000000
166483  24.772  80.143  -21.900 0.0000000000
166498  29.037  79.963  -22.789 0.0000000000
166499  27.532  80.059  -23.183 0.0000000000
166500  26.864  79.804  -23.111 0.0000000000
166501  25.618  79.807  -22.480 0.0000000000
166515  27.085  79.418  -23.481 0.0000000000
166830  28.425  80.484  -21.166 0.0000000000
166831  27.991  81.066  -20.602 0.0000000000
166832  24.483  81.016  -20.774 0.0000000000
166833  23.676  81.051  -20.739 0.0000000000
166838  28.404  80.372  -22.175 0.0000000000
166839  27.519  80.930  -21.558 0.0000000000
166840  26.351  80.929  -21.501 0.0000000000
166841  25.271  80.788  -21.336 0.0000000000
166842  24.181  80.585  -21.286 0.0000000000
166858  28.368  80.204  -23.050 0.0000000000
166859  27.631  80.364  -22.686 0.0000000000
166860  26.634  80.504  -22.291 0.0000000000
166861  25.853  80.511  -21.944 0.0000000000
166871  28.193  80.053  -23.473 0.0000000000
166872  27.905  80.142  -23.226 0.0000000000
167168  25.509  81.781  -19.246 0.0000000000
167169  24.552  81.611  -19.539 0.0000000000
167176  27.239  81.320  -20.042 0.0000000000
167177  26.216  81.487  -20.095 0.0000000000
167178  25.160  81.335  -20.300 0.0000000000
167179  24.106  81.317  -20.208 0.0000000000
167190  27.424  81.233  -20.773 0.0000000000
167191  26.804  81.272  -20.830 0.0000000000
167192  25.965  81.213  -20.840 0.0000000000
