#!ascii label  , from subject colin27 vox2ras=TkReg coords=white
1992
109966  35.362  16.554  13.641 0.0000000000
109967  34.731  16.532  13.490 0.0000000000
109968  33.642  16.375  13.671 0.0000000000
109969  32.654  16.441  13.703 0.0000000000
109984  34.675  16.777  12.965 0.0000000000
109985  34.156  16.659  12.996 0.0000000000
109986  33.342  16.553  13.073 0.0000000000
111105  39.209  17.042  16.041 0.0000000000
111121  38.968  17.114  15.478 0.0000000000
111122  38.402  16.955  15.111 0.0000000000
111134  38.102  17.028  14.495 0.0000000000
111135  37.488  16.867  14.081 0.0000000000
111136  36.443  16.580  13.971 0.0000000000
111137  35.819  16.599  13.651 0.0000000000
111145  37.149  16.982  13.304 0.0000000000
111146  36.377  16.792  13.229 0.0000000000
111147  35.609  16.759  13.140 0.0000000000
111148  35.072  16.836  12.907 0.0000000000
111149  32.065  16.607  13.569 0.0000000000
111159  36.873  17.037  12.774 0.0000000000
111160  36.281  16.952  12.622 0.0000000000
111161  35.584  16.949  12.457 0.0000000000
111162  34.749  16.919  12.439 0.0000000000
111163  33.776  16.808  12.388 0.0000000000
111164  32.471  16.752  12.742 0.0000000000
111165  31.170  17.232  12.511 0.0000000000
111166  30.230  17.705  12.653 0.0000000000
111176  36.867  17.183  12.273 0.0000000000
111177  36.292  17.150  11.952 0.0000000000
111178  35.455  17.149  11.745 0.0000000000
111179  34.493  17.143  11.631 0.0000000000
111180  33.400  17.155  11.623 0.0000000000
111181  32.264  17.311  11.621 0.0000000000
111182  31.404  17.634  11.546 0.0000000000
112269  40.146  17.486  16.767 0.0000000000
112278  41.114  18.345  16.794 0.0000000000
112279  40.604  18.127  16.341 0.0000000000
112280  39.870  17.585  16.165 0.0000000000
112291  40.317  18.146  15.504 0.0000000000
112292  39.575  17.628  15.381 0.0000000000
112293  39.080  17.384  14.977 0.0000000000
112301  40.060  18.122  14.859 0.0000000000
112302  39.521  17.818  14.593 0.0000000000
112303  38.796  17.467  14.363 0.0000000000
112304  38.238  17.294  13.963 0.0000000000
112306  29.121  18.858  13.940 0.0000000000
112313  39.417  17.983  13.853 0.0000000000
112314  38.738  17.713  13.556 0.0000000000
112315  37.986  17.375  13.343 0.0000000000
112316  29.555  18.170  13.308 0.0000000000
112317  29.083  18.861  13.060 0.0000000000
112325  39.289  18.131  13.165 0.0000000000
112326  38.645  17.920  12.658 0.0000000000
112327  37.581  17.409  12.517 0.0000000000
112328  30.671  17.758  11.925 0.0000000000
112329  29.777  18.313  12.073 0.0000000000
112330  29.129  19.052  12.282 0.0000000000
112342  38.198  17.913  11.755 0.0000000000
112343  37.200  17.492  11.572 0.0000000000
112344  36.261  17.390  11.149 0.0000000000
112345  35.293  17.411  10.906 0.0000000000
112346  34.238  17.524  10.775 0.0000000000
112347  33.129  17.687  10.770 0.0000000000
112348  32.052  17.879  10.812 0.0000000000
112349  30.885  18.240  10.998 0.0000000000
112350  30.030  18.748  11.186 0.0000000000
112359  37.896  17.995  10.901 0.0000000000
112360  37.076  17.704  10.579 0.0000000000
112361  36.141  17.664  10.246 0.0000000000
112362  35.110  17.839  10.024 0.0000000000
112363  33.964  18.155  9.858 0.0000000000
112364  32.824  18.324  10.095 0.0000000000
112365  31.878  18.578  10.216 0.0000000000
112366  31.174  18.943  10.297 0.0000000000
112376  37.733  18.050  10.117 0.0000000000
112377  37.016  18.017  9.619 0.0000000000
112378  35.988  18.062  9.394 0.0000000000
112379  34.995  18.453  9.115 0.0000000000
112380  34.111  18.795  9.099 0.0000000000
112396  36.654  18.312  8.964 0.0000000000
112397  35.964  18.548  8.651 0.0000000000
112398  35.262  18.944  8.420 0.0000000000
113625  43.166  19.541  17.353 0.0000000000
113626  42.597  19.317  16.895 0.0000000000
113627  41.746  18.853  16.702 0.0000000000
113628  41.257  18.586  16.241 0.0000000000
113629  31.301  19.939  17.360 0.0000000000
113630  30.689  19.611  16.776 0.0000000000
113631  30.118  19.235  16.185 0.0000000000
113639  42.331  19.293  16.106 0.0000000000
113640  41.721  18.968  15.803 0.0000000000
113641  41.074  18.578  15.564 0.0000000000
113642  30.403  19.911  16.264 0.0000000000
113643  29.788  19.570  15.641 0.0000000000
113653  42.255  19.315  15.353 0.0000000000
113654  41.677  19.061  14.860 0.0000000000
113655  40.782  18.587  14.662 0.0000000000
113656  40.096  18.313  14.150 0.0000000000
113657  29.216  19.572  14.730 0.0000000000
113658  28.859  19.623  13.844 0.0000000000
113669  41.349  19.082  14.127 0.0000000000
113670  40.749  18.897  13.636 0.0000000000
113671  39.949  18.471  13.337 0.0000000000
113672  28.706  19.646  12.887 0.0000000000
113681  40.410  18.987  12.823 0.0000000000
113682  39.608  18.557  12.459 0.0000000000
113683  38.983  18.330  11.856 0.0000000000
113684  29.459  19.010  11.609 0.0000000000
113685  28.856  19.701  11.789 0.0000000000
113695  40.236  19.150  12.056 0.0000000000
113696  39.613  18.900  11.373 0.0000000000
113697  38.728  18.388  11.072 0.0000000000
113698  30.508  18.991  10.645 0.0000000000
113699  29.728  19.537  10.825 0.0000000000
113700  29.037  20.157  11.040 0.0000000000
113710  39.173  18.876  10.257 0.0000000000
113711  38.363  18.335  10.315 0.0000000000
113712  33.347  18.857  9.413 0.0000000000
113713  32.540  18.984  9.657 0.0000000000
113714  31.851  19.413  9.756 0.0000000000
113715  30.820  19.717  10.116 0.0000000000
113716  30.131  20.210  10.274 0.0000000000
113723  39.251  19.381  9.028 0.0000000000
113724  38.073  18.556  9.289 0.0000000000
113725  37.217  18.367  9.008 0.0000000000
113726  34.558  19.150  8.574 0.0000000000
113727  33.741  19.619  8.766 0.0000000000
113728  32.929  19.509  9.256 0.0000000000
113729  32.448  19.455  9.496 0.0000000000
113745  39.034  19.664  8.288 0.0000000000
113746  38.324  19.373  8.063 0.0000000000
113747  37.008  18.787  8.265 0.0000000000
113748  35.859  19.121  8.001 0.0000000000
113749  34.966  19.678  7.933 0.0000000000
113750  34.364  19.693  8.371 0.0000000000
113766  37.997  19.748  7.429 0.0000000000
113767  37.369  19.567  7.452 0.0000000000
113768  36.344  19.540  7.471 0.0000000000
113769  35.658  19.643  7.610 0.0000000000
115042  46.359  20.453  20.164 0.0000000000
115056  45.423  20.360  19.307 0.0000000000
115059  33.329  20.932  19.144 0.0000000000
115066  44.391  20.345  18.005 0.0000000000
115068  33.339  21.298  18.282 0.0000000000
115069  32.501  20.414  18.547 0.0000000000
115070  31.897  19.944  18.228 0.0000000000
115074  44.250  20.417  17.007 0.0000000000
115075  43.722  19.948  17.565 0.0000000000
115076  33.417  21.547  17.808 0.0000000000
115077  32.779  21.217  17.602 0.0000000000
115078  31.939  20.327  17.751 0.0000000000
115082  44.245  20.495  16.024 0.0000000000
115083  43.449  19.867  16.477 0.0000000000
115084  42.826  19.519  16.268 0.0000000000
115085  32.566  21.433  17.051 0.0000000000
115086  31.701  20.865  16.826 0.0000000000
115087  30.870  20.294  16.493 0.0000000000
115096  44.284  20.652  15.448 0.0000000000
115097  43.690  20.313  15.163 0.0000000000
115098  42.871  19.651  15.622 0.0000000000
115099  31.451  21.308  16.184 0.0000000000
115100  30.699  20.711  16.008 0.0000000000
115101  29.800  20.556  15.267 0.0000000000
115112  43.408  20.558  13.993 0.0000000000
115113  42.529  19.771  14.439 0.0000000000
115114  41.812  19.361  14.184 0.0000000000
115115  29.144  20.535  14.491 0.0000000000
115116  28.686  20.503  13.614 0.0000000000
115126  43.361  20.806  13.409 0.0000000000
115127  42.728  20.498  13.118 0.0000000000
115128  41.614  19.595  13.372 0.0000000000
115129  40.931  19.263  13.059 0.0000000000
115130  28.481  20.548  12.613 0.0000000000
115139  42.582  20.688  12.340 0.0000000000
115140  41.860  20.284  12.040 0.0000000000
115141  40.934  19.524  12.427 0.0000000000
115142  28.592  20.691  11.591 0.0000000000
115149  40.590  19.693  11.209 0.0000000000
115151  29.524  20.384  10.563 0.0000000000
115152  29.022  20.845  10.794 0.0000000000
115165  30.729  20.704  9.838 0.0000000000
115166  29.906  20.863  10.133 0.0000000000
115167  29.444  20.898  10.431 0.0000000000
115179  33.553  20.549  8.618 0.0000000000
115180  33.042  20.269  8.966 0.0000000000
115181  32.431  19.958  9.345 0.0000000000
115195  39.567  20.017  8.159 0.0000000000
115196  38.906  19.874  7.903 0.0000000000
115197  34.680  20.593  7.666 0.0000000000
115198  34.177  20.379  8.226 0.0000000000
115218  39.050  20.130  7.627 0.0000000000
115219  38.483  20.097  7.332 0.0000000000
115220  37.700  20.095  6.995 0.0000000000
115221  36.712  20.225  6.805 0.0000000000
115222  35.489  20.375  7.160 0.0000000000
115232  38.088  20.474  6.711 0.0000000000
115233  37.435  20.656  6.443 0.0000000000
115234  36.713  20.892  6.272 0.0000000000
116432  52.504  21.906  24.395 0.0000000000
116433  52.358  21.672  24.726 0.0000000000
116434  52.156  21.892  25.065 0.0000000000
116476  35.880  21.815  22.121 0.0000000000
116477  35.235  21.510  21.688 0.0000000000
116478  34.534  21.152  21.206 0.0000000000
116481  52.573  21.666  21.289 0.0000000000
116483  46.703  21.027  20.231 0.0000000000
116484  46.220  20.714  19.847 0.0000000000
116485  34.784  21.888  20.891 0.0000000000
116486  34.213  21.267  20.514 0.0000000000
116493  46.396  21.189  19.667 0.0000000000
116494  45.836  20.905  19.289 0.0000000000
116495  45.345  20.560  18.909 0.0000000000
116496  34.608  22.064  20.050 0.0000000000
116497  33.994  21.466  19.637 0.0000000000
116506  45.563  20.973  18.589 0.0000000000
116507  45.080  20.645  18.325 0.0000000000
116508  34.583  22.175  19.155 0.0000000000
116509  33.980  21.681  18.727 0.0000000000
116515  45.526  21.160  17.898 0.0000000000
116516  44.935  20.786  17.454 0.0000000000
116517  34.611  22.259  18.309 0.0000000000
116518  33.959  21.881  17.902 0.0000000000
116519  33.498  21.774  17.503 0.0000000000
116527  45.453  21.294  17.004 0.0000000000
116528  44.841  20.904  16.528 0.0000000000
116529  34.599  22.381  17.643 0.0000000000
116530  34.061  22.248  17.210 0.0000000000
116531  33.193  21.872  17.044 0.0000000000
116532  32.548  21.679  16.722 0.0000000000
116542  45.374  21.383  16.114 0.0000000000
116543  44.764  21.022  15.601 0.0000000000
116544  44.382  20.820  15.052 0.0000000000
116545  33.695  22.381  16.767 0.0000000000
116546  33.059  22.244  16.511 0.0000000000
116547  32.132  21.893  16.184 0.0000000000
116548  31.191  21.746  15.703 0.0000000000
116549  30.426  21.291  15.439 0.0000000000
116558  45.336  21.506  15.356 0.0000000000
116559  44.898  21.313  14.743 0.0000000000
116560  44.171  20.897  14.391 0.0000000000
116561  30.563  21.915  15.280 0.0000000000
116562  29.787  21.541  14.868 0.0000000000
116563  28.996  21.394  14.133 0.0000000000
116571  44.643  21.362  13.979 0.0000000000
116572  43.930  21.096  13.537 0.0000000000
116573  43.413  21.021  13.029 0.0000000000
116574  28.597  21.396  13.345 0.0000000000
116583  44.529  21.550  13.332 0.0000000000
116584  44.011  21.437  12.734 0.0000000000
116585  43.151  21.088  12.365 0.0000000000
116587  28.370  21.617  12.308 0.0000000000
116588  28.391  22.166  11.697 0.0000000000
116597  28.582  21.599  11.158 0.0000000000
116598  28.519  22.304  11.183 0.0000000000
116612  29.370  21.606  10.251 0.0000000000
116667  39.176  20.442  7.072 0.0000000000
116668  38.513  20.519  6.790 0.0000000000
116669  35.993  20.999  6.458 0.0000000000
117827  52.498  22.202  24.408 0.0000000000
117828  52.429  22.362  24.565 0.0000000000
117829  52.284  22.410  24.888 0.0000000000
117830  52.039  22.475  25.164 0.0000000000
117831  51.617  22.484  25.285 0.0000000000
117841  52.581  22.321  24.189 0.0000000000
117842  52.520  22.817  24.340 0.0000000000
117843  51.030  22.493  25.219 0.0000000000
117844  50.429  22.474  24.771 0.0000000000
117851  52.711  22.237  23.496 0.0000000000
117852  49.877  22.434  24.160 0.0000000000
117853  49.397  22.323  23.472 0.0000000000
117859  52.777  22.585  22.744 0.0000000000
117860  52.798  22.648  22.189 0.0000000000
117861  48.899  22.236  22.753 0.0000000000
117862  48.432  21.876  22.292 0.0000000000
117863  37.280  22.542  23.280 0.0000000000
117864  36.689  22.515  22.595 0.0000000000
117865  36.243  22.264  22.215 0.0000000000
117870  52.759  22.628  21.695 0.0000000000
117871  48.527  22.513  22.108 0.0000000000
117872  48.003  22.070  21.632 0.0000000000
117873  47.578  21.670  21.126 0.0000000000
117874  36.396  22.878  22.029 0.0000000000
117875  35.944  22.587  21.587 0.0000000000
117876  35.346  22.341  21.124 0.0000000000
117881  52.617  22.921  20.941 0.0000000000
117883  47.698  22.232  20.957 0.0000000000
117884  47.307  21.840  20.481 0.0000000000
117885  35.749  22.901  20.818 0.0000000000
117886  35.204  22.543  20.428 0.0000000000
117890  46.859  21.762  19.733 0.0000000000
117891  46.347  21.511  19.247 0.0000000000
117892  35.729  23.106  20.019 0.0000000000
117893  35.165  22.674  19.573 0.0000000000
117901  46.674  22.052  18.975 0.0000000000
117902  46.055  21.535  18.522 0.0000000000
117903  35.810  23.146  19.124 0.0000000000
117904  35.205  22.709  18.695 0.0000000000
117914  46.579  22.202  18.089 0.0000000000
117915  46.022  21.728  17.522 0.0000000000
117916  35.852  23.122  18.270 0.0000000000
117917  35.206  22.721  17.891 0.0000000000
117927  46.528  22.331  17.090 0.0000000000
117928  45.955  21.812  16.551 0.0000000000
117929  35.709  23.195  17.596 0.0000000000
117930  34.971  22.875  17.095 0.0000000000
117931  34.244  22.651  16.759 0.0000000000
117938  46.420  22.388  15.923 0.0000000000
117939  45.799  21.809  15.710 0.0000000000
117940  34.497  23.032  16.567 0.0000000000
117941  33.770  22.842  16.387 0.0000000000
117942  32.831  22.794  16.051 0.0000000000
117943  31.773  22.825  15.630 0.0000000000
117944  30.995  22.413  15.376 0.0000000000
117950  46.515  22.604  15.159 0.0000000000
117951  45.759  22.052  14.690 0.0000000000
117952  45.130  21.608  14.264 0.0000000000
117953  31.025  22.997  15.268 0.0000000000
117954  30.316  22.613  14.949 0.0000000000
117955  29.306  22.465  14.224 0.0000000000
117956  28.835  21.929  13.810 0.0000000000
117962  45.559  22.269  13.663 0.0000000000
117963  45.126  21.785  13.747 0.0000000000
117964  28.966  22.943  13.810 0.0000000000
117965  28.657  22.466  13.308 0.0000000000
117971  45.566  22.458  13.190 0.0000000000
117972  44.949  22.050  12.772 0.0000000000
117974  28.415  22.628  12.280 0.0000000000
117975  28.413  22.778  11.522 0.0000000000
117984  28.797  22.268  10.630 0.0000000000
117985  28.543  22.797  10.883 0.0000000000
118002  29.254  22.602  10.055 0.0000000000
118003  28.832  22.862  10.395 0.0000000000
119176  52.375  22.931  24.634 0.0000000000
119177  52.180  23.051  24.918 0.0000000000
119178  51.874  23.163  25.097 0.0000000000
119179  51.410  23.235  25.107 0.0000000000
119193  52.669  22.964  23.817 0.0000000000
119194  52.437  23.389  24.243 0.0000000000
119195  50.827  23.334  24.807 0.0000000000
119196  50.243  23.339  24.296 0.0000000000
119199  37.650  23.710  24.543 0.0000000000
119206  52.741  23.382  23.173 0.0000000000
119207  49.740  23.322  23.621 0.0000000000
119208  49.263  22.973  23.045 0.0000000000
119209  37.973  22.859  24.369 0.0000000000
119210  37.483  23.722  23.539 0.0000000000
119214  53.044  23.859  22.121 0.0000000000
119215  52.904  23.226  21.918 0.0000000000
119216  49.459  23.676  22.946 0.0000000000
119217  48.957  23.239  22.358 0.0000000000
119218  37.035  23.698  22.346 0.0000000000
119219  36.660  23.208  22.126 0.0000000000
119223  53.526  24.367  21.021 0.0000000000
119224  53.016  23.556  21.437 0.0000000000
119225  48.405  23.118  21.426 0.0000000000
119226  47.962  22.587  21.102 0.0000000000
119227  37.134  24.080  21.618 0.0000000000
119228  36.659  23.600  21.381 0.0000000000
119229  36.138  23.160  21.098 0.0000000000
119236  54.039  24.460  20.177 0.0000000000
119237  53.332  23.898  20.571 0.0000000000
119238  48.375  23.560  20.740 0.0000000000
119239  47.800  22.871  20.335 0.0000000000
119240  47.332  22.218  20.007 0.0000000000
119241  36.862  23.962  20.223 0.0000000000
119242  36.249  23.416  20.533 0.0000000000
119249  47.611  23.067  19.291 0.0000000000
119250  47.255  22.432  19.500 0.0000000000
119251  37.777  24.314  18.544 0.0000000000
119252  37.213  24.068  19.184 0.0000000000
119253  36.383  23.587  19.617 0.0000000000
119261  47.616  23.240  18.408 0.0000000000
119262  47.144  22.641  18.670 0.0000000000
119263  37.681  24.478  17.957 0.0000000000
119264  37.124  24.036  18.264 0.0000000000
119265  36.476  23.604  18.690 0.0000000000
119275  47.622  23.427  17.483 0.0000000000
119276  47.089  22.821  17.747 0.0000000000
119277  37.552  24.629  17.651 0.0000000000
119278  36.979  24.296  17.575 0.0000000000
119279  36.401  23.616  17.860 0.0000000000
119287  47.658  23.608  16.564 0.0000000000
119288  47.075  22.977  16.734 0.0000000000
119289  36.528  24.360  17.214 0.0000000000
119290  35.892  23.797  17.111 0.0000000000
119291  34.904  23.543  16.671 0.0000000000
119297  47.716  23.734  15.956 0.0000000000
119298  47.153  23.173  15.621 0.0000000000
119299  34.263  23.478  16.362 0.0000000000
119300  33.451  23.525  16.126 0.0000000000
119301  32.501  23.599  15.838 0.0000000000
119302  31.840  23.702  15.585 0.0000000000
119307  46.609  22.859  14.485 0.0000000000
119308  45.964  22.504  14.099 0.0000000000
119309  31.331  23.591  15.364 0.0000000000
119310  30.609  23.577  14.988 0.0000000000
119311  29.861  23.404  14.476 0.0000000000
119316  46.677  23.123  13.609 0.0000000000
119317  46.009  22.694  13.621 0.0000000000
119318  29.257  23.427  13.997 0.0000000000
119319  28.855  23.414  13.478 0.0000000000
119327  28.585  23.360  12.790 0.0000000000
119328  28.383  23.453  11.943 0.0000000000
119343  28.433  23.410  11.117 0.0000000000
119364  28.662  23.284  10.553 0.0000000000
120463  52.238  23.464  24.588 0.0000000000
120464  51.983  23.726  24.755 0.0000000000
120465  51.730  23.827  24.809 0.0000000000
120466  51.274  23.879  24.731 0.0000000000
120478  52.556  23.868  23.657 0.0000000000
120479  52.235  24.168  24.135 0.0000000000
120480  51.924  24.326  24.373 0.0000000000
120481  51.556  24.478  24.390 0.0000000000
120482  50.720  24.359  24.178 0.0000000000
120483  50.123  23.908  23.920 0.0000000000
120484  37.556  25.014  24.057 0.0000000000
120493  52.878  24.487  22.885 0.0000000000
120494  52.543  24.579  23.456 0.0000000000
120495  50.470  24.927  23.685 0.0000000000
120496  49.975  24.448  23.375 0.0000000000
120497  37.700  25.010  23.064 0.0000000000
120501  53.326  24.889  22.145 0.0000000000
120502  49.372  24.339  22.269 0.0000000000
120503  48.891  23.748  21.825 0.0000000000
120504  37.588  24.672  22.389 0.0000000000
120507  54.220  25.353  20.480 0.0000000000
120508  53.714  24.996  21.285 0.0000000000
120509  49.386  24.800  21.621 0.0000000000
120510  48.909  24.227  21.168 0.0000000000
120511  38.691  24.846  20.581 0.0000000000
120512  37.771  24.591  21.352 0.0000000000
120513  37.199  24.194  21.283 0.0000000000
120519  54.616  25.212  19.894 0.0000000000
120520  54.143  24.910  20.462 0.0000000000
120521  48.419  23.974  19.969 0.0000000000
120522  47.959  23.404  19.679 0.0000000000
120523  39.963  24.872  19.130 0.0000000000
120524  39.175  24.717  19.754 0.0000000000
120525  38.141  24.578  20.236 0.0000000000
120526  37.335  24.287  20.729 0.0000000000
120535  55.188  24.946  19.347 0.0000000000
120536  54.559  24.822  19.850 0.0000000000
120537  48.542  24.253  18.857 0.0000000000
120538  48.059  23.628  19.069 0.0000000000
120539  40.053  25.089  18.397 0.0000000000
120540  39.278  24.673  18.716 0.0000000000
120541  38.268  24.430  19.203 0.0000000000
120542  37.572  24.298  19.903 0.0000000000
120547  48.588  24.413  17.932 0.0000000000
120548  48.134  23.812  18.170 0.0000000000
120549  40.038  25.305  17.998 0.0000000000
120550  39.340  25.037  17.862 0.0000000000
120551  38.462  24.554  18.246 0.0000000000
120556  48.599  24.531  17.124 0.0000000000
120557  48.169  23.993  17.266 0.0000000000
120558  38.895  25.274  17.478 0.0000000000
120559  38.077  24.955  17.545 0.0000000000
120560  37.422  24.698  17.507 0.0000000000
120566  48.654  24.622  16.638 0.0000000000
120567  48.234  24.202  16.344 0.0000000000
120568  37.578  25.156  17.273 0.0000000000
120569  37.068  24.820  17.236 0.0000000000
120570  36.078  24.614  16.997 0.0000000000
120571  34.991  24.359  16.680 0.0000000000
120572  34.381  24.597  16.583 0.0000000000
120578  47.771  23.907  15.332 0.0000000000
120579  47.236  23.359  14.935 0.0000000000
120580  34.605  23.872  16.452 0.0000000000
120581  34.075  24.211  16.365 0.0000000000
120582  32.993  24.330  16.184 0.0000000000
120583  31.873  24.473  15.800 0.0000000000
120584  31.310  24.863  15.620 0.0000000000
120590  47.901  24.142  14.480 0.0000000000
120591  47.280  23.526  14.397 0.0000000000
120592  31.542  24.048  15.500 0.0000000000
120593  31.017  24.431  15.347 0.0000000000
120594  29.930  24.454  14.639 0.0000000000
120595  29.409  24.969  14.274 0.0000000000
120605  48.160  24.250  13.768 0.0000000000
120606  47.415  23.703  13.688 0.0000000000
120607  29.519  23.927  14.213 0.0000000000
120608  28.986  24.432  13.728 0.0000000000
120609  28.574  24.938  13.072 0.0000000000
120622  28.679  23.886  13.159 0.0000000000
120623  28.430  24.361  12.555 0.0000000000
120637  28.324  24.248  11.354 0.0000000000
120651  28.606  23.986  10.505 0.0000000000
121671  52.032  24.670  24.016 0.0000000000
121672  51.892  25.023  23.876 0.0000000000
121673  51.408  25.206  23.874 0.0000000000
121674  50.822  25.184  23.744 0.0000000000
121675  37.845  26.128  24.154 0.0000000000
121684  52.862  25.090  22.932 0.0000000000
121685  52.262  25.059  23.557 0.0000000000
121686  52.231  25.312  23.715 0.0000000000
121687  50.869  25.673  23.433 0.0000000000
121688  50.515  25.492  23.199 0.0000000000
121689  49.906  25.120  22.677 0.0000000000
121690  38.945  26.273  22.878 0.0000000000
121691  38.275  25.948  23.163 0.0000000000
121694  53.138  25.304  22.448 0.0000000000
121695  50.246  25.790  22.345 0.0000000000
121696  49.730  25.235  21.957 0.0000000000
121697  40.026  26.014  22.073 0.0000000000
121698  39.274  25.935  22.289 0.0000000000
121699  38.310  25.333  22.308 0.0000000000
121702  53.999  25.729  20.863 0.0000000000
121703  53.498  25.563  21.704 0.0000000000
121704  50.061  25.825  21.655 0.0000000000
121705  49.601  25.321  21.011 0.0000000000
121706  49.102  24.731  20.303 0.0000000000
121707  41.143  25.654  21.312 0.0000000000
121708  40.358  25.671  21.441 0.0000000000
121709  39.011  25.220  21.257 0.0000000000
121710  38.145  25.008  21.804 0.0000000000
121713  55.017  26.062  19.537 0.0000000000
121714  54.643  25.771  19.939 0.0000000000
121715  49.574  25.336  19.862 0.0000000000
121716  49.025  24.743  19.432 0.0000000000
121717  42.076  25.681  20.548 0.0000000000
121718  41.447  25.551  20.655 0.0000000000
121719  40.251  25.130  20.109 0.0000000000
121720  39.313  24.946  20.412 0.0000000000
121730  55.441  25.655  19.053 0.0000000000
121731  54.978  25.384  19.523 0.0000000000
121732  49.477  25.240  19.020 0.0000000000
121733  49.024  24.858  18.518 0.0000000000
121734  42.111  25.719  20.126 0.0000000000
121735  41.584  25.523  19.477 0.0000000000
121736  40.742  25.188  18.894 0.0000000000
121747  49.511  25.434  18.197 0.0000000000
121748  48.991  24.959  17.633 0.0000000000
121749  41.378  25.657  18.628 0.0000000000
121750  40.666  25.654  18.056 0.0000000000
121751  39.954  25.477  17.765 0.0000000000
121757  49.429  25.397  17.071 0.0000000000
121758  48.893  24.894  16.927 0.0000000000
121759  40.152  25.822  17.575 0.0000000000
121760  39.429  25.615  17.377 0.0000000000
121761  38.574  25.562  17.255 0.0000000000
121766  49.576  25.366  16.031 0.0000000000
121767  48.817  24.810  16.159 0.0000000000
121768  48.329  24.353  15.761 0.0000000000
121769  37.863  25.494  17.229 0.0000000000
121770  37.187  25.449  17.152 0.0000000000
121771  36.370  25.328  17.085 0.0000000000
121772  35.384  25.217  16.997 0.0000000000
121773  34.272  25.189  16.843 0.0000000000
121774  33.229  25.652  16.866 0.0000000000
121775  32.683  25.893  16.804 0.0000000000
121780  50.160  25.404  14.948 0.0000000000
121781  49.743  25.289  15.201 0.0000000000
121782  49.077  24.895  15.291 0.0000000000
121783  48.425  24.458  15.250 0.0000000000
121784  34.087  24.709  16.555 0.0000000000
121785  33.527  24.892  16.545 0.0000000000
121786  32.433  25.391  16.446 0.0000000000
121787  31.259  25.496  15.879 0.0000000000
121788  30.678  25.910  15.708 0.0000000000
121796  49.792  25.102  14.528 0.0000000000
121797  49.232  24.863  14.601 0.0000000000
121798  48.601  24.555  14.560 0.0000000000
121799  31.018  25.055  15.527 0.0000000000
121800  30.434  25.437  15.316 0.0000000000
121801  29.602  25.491  14.672 0.0000000000
121812  49.321  24.750  14.014 0.0000000000
121813  48.810  24.598  14.077 0.0000000000
121814  29.054  25.501  14.095 0.0000000000
121815  28.595  25.535  13.403 0.0000000000
121824  28.240  25.430  12.622 0.0000000000
121833  28.078  25.224  11.658 0.0000000000
121847  28.409  25.142  10.396 0.0000000000
122818  52.161  25.431  23.872 0.0000000000
122819  51.846  25.452  23.687 0.0000000000
122820  40.483  27.203  24.158 0.0000000000
122821  39.776  27.109  24.161 0.0000000000
122822  38.704  26.640  23.903 0.0000000000
122830  52.949  25.536  22.629 0.0000000000
122831  52.632  25.631  22.883 0.0000000000
122832  52.096  25.675  23.317 0.0000000000
122833  51.616  25.883  23.346 0.0000000000
122834  51.112  26.023  23.140 0.0000000000
122835  42.549  26.865  23.292 0.0000000000
122836  41.981  26.805  23.262 0.0000000000
122837  40.850  26.829  23.453 0.0000000000
122838  39.588  26.488  23.049 0.0000000000
122839  38.832  26.406  23.218 0.0000000000
122842  53.123  26.027  22.144 0.0000000000
122843  52.475  26.187  22.529 0.0000000000
122844  52.014  26.277  22.767 0.0000000000
122845  51.543  26.370  22.630 0.0000000000
122846  50.877  26.202  22.587 0.0000000000
122847  43.539  26.772  22.415 0.0000000000
122848  42.858  26.638  22.679 0.0000000000
122849  41.799  26.343  22.503 0.0000000000
122850  40.644  26.109  22.271 0.0000000000
122851  39.866  26.185  22.395 0.0000000000
122854  54.219  26.317  20.477 0.0000000000
122855  53.676  26.215  21.238 0.0000000000
122856  51.258  26.551  22.125 0.0000000000
122857  50.744  26.398  21.711 0.0000000000
122858  50.226  26.084  21.095 0.0000000000
122859  43.527  26.655  21.879 0.0000000000
122860  42.714  26.192  21.705 0.0000000000
122861  41.696  25.818  21.466 0.0000000000
122862  40.974  25.763  21.643 0.0000000000
122864  55.168  26.410  19.306 0.0000000000
122865  54.698  26.390  19.817 0.0000000000
122866  50.719  26.614  20.718 0.0000000000
122867  50.141  26.013  20.259 0.0000000000
122868  43.427  26.553  20.942 0.0000000000
122869  42.572  25.940  20.622 0.0000000000
122870  41.995  25.681  20.823 0.0000000000
122873  55.586  26.444  18.726 0.0000000000
122874  50.671  26.670  19.698 0.0000000000
122875  50.058  25.919  19.074 0.0000000000
122876  43.234  26.610  20.079 0.0000000000
122877  42.527  26.280  19.473 0.0000000000
122878  41.937  25.997  18.848 0.0000000000
122888  55.729  26.760  18.323 0.0000000000
122889  50.724  26.693  18.594 0.0000000000
122890  50.165  26.043  17.839 0.0000000000
122891  42.253  26.532  18.771 0.0000000000
122892  41.563  26.330  18.212 0.0000000000
122893  41.011  26.180  17.900 0.0000000000
122904  51.667  27.209  17.142 0.0000000000
122905  51.048  26.798  17.365 0.0000000000
122906  50.230  25.929  16.716 0.0000000000
122907  41.108  26.517  17.755 0.0000000000
122908  40.637  26.285  17.591 0.0000000000
122909  39.840  26.341  17.335 0.0000000000
122910  38.798  26.345  17.217 0.0000000000
122911  37.805  26.630  17.290 0.0000000000
122912  36.894  26.719  17.369 0.0000000000
122913  35.972  26.723  17.445 0.0000000000
122914  35.062  26.674  17.566 0.0000000000
122915  34.305  26.661  17.559 0.0000000000
122923  52.534  27.240  16.286 0.0000000000
122924  51.889  26.983  16.500 0.0000000000
122925  50.958  26.221  16.200 0.0000000000
122926  50.237  25.666  15.783 0.0000000000
122927  38.125  25.984  17.166 0.0000000000
122928  37.439  26.033  17.191 0.0000000000
122929  36.615  26.026  17.218 0.0000000000
122930  35.708  25.976  17.254 0.0000000000
122931  34.748  25.969  17.291 0.0000000000
122932  33.713  26.276  17.301 0.0000000000
122933  32.764  26.418  17.102 0.0000000000
122934  32.139  26.716  16.929 0.0000000000
122940  54.053  27.224  15.197 0.0000000000
122941  52.775  26.903  15.605 0.0000000000
122942  51.664  26.260  15.541 0.0000000000
122943  50.727  25.694  15.236 0.0000000000
122944  50.203  25.523  15.290 0.0000000000
122945  32.324  26.159  16.766 0.0000000000
122946  31.634  26.417  16.516 0.0000000000
122947  30.741  26.525  16.006 0.0000000000
122948  30.116  26.839  15.698 0.0000000000
122958  30.309  26.228  15.591 0.0000000000
122959  29.629  26.478  15.173 0.0000000000
122960  28.897  26.784  14.699 0.0000000000
122968  29.120  26.125  14.548 0.0000000000
122969  28.494  26.435  14.022 0.0000000000
122978  27.938  26.396  13.028 0.0000000000
122979  27.433  26.782  12.422 0.0000000000
122990  27.725  26.112  12.070 0.0000000000
122991  27.298  26.848  11.681 0.0000000000
123006  27.737  26.204  10.970 0.0000000000
123980  42.248  27.529  24.737 0.0000000000
123981  41.622  27.606  24.961 0.0000000000
123998  44.384  27.509  23.502 0.0000000000
123999  43.668  27.384  23.872 0.0000000000
124000  42.721  27.345  24.232 0.0000000000
124001  41.904  27.331  24.330 0.0000000000
124002  41.058  27.359  24.370 0.0000000000
124006  45.194  28.166  22.409 0.0000000000
124007  44.748  27.661  22.807 0.0000000000
124008  43.960  27.202  23.118 0.0000000000
124009  43.085  27.034  23.405 0.0000000000
124010  42.293  27.072  23.743 0.0000000000
124011  41.599  27.098  23.836 0.0000000000
124014  53.334  26.603  21.409 0.0000000000
124015  52.821  26.646  21.795 0.0000000000
124016  52.264  26.610  22.131 0.0000000000
124017  51.933  26.556  22.384 0.0000000000
124018  45.180  28.342  22.072 0.0000000000
124019  44.822  27.912  21.817 0.0000000000
124020  44.106  27.114  22.282 0.0000000000
124021  43.538  26.891  22.794 0.0000000000
124023  54.365  26.781  20.133 0.0000000000
124024  53.846  26.862  20.734 0.0000000000
124025  53.225  27.091  21.113 0.0000000000
124026  52.559  27.095  21.389 0.0000000000
124027  51.799  26.819  21.808 0.0000000000
124028  51.286  26.714  21.728 0.0000000000
124029  44.394  27.895  20.846 0.0000000000
124030  44.098  27.191  21.299 0.0000000000
124033  55.265  26.861  19.051 0.0000000000
124034  54.793  26.938  19.539 0.0000000000
124035  54.216  27.261  19.984 0.0000000000
124036  53.635  27.373  20.448 0.0000000000
124037  53.009  27.518  20.645 0.0000000000
124038  52.113  27.479  20.622 0.0000000000
124039  51.322  26.931  21.164 0.0000000000
124040  43.958  27.920  19.994 0.0000000000
124041  43.805  27.232  20.364 0.0000000000
124044  55.491  27.018  18.578 0.0000000000
124045  55.067  27.319  18.965 0.0000000000
124046  54.593  27.353  19.383 0.0000000000
124047  51.791  27.671  19.665 0.0000000000
124048  51.270  27.211  20.218 0.0000000000
124049  43.668  28.073  19.545 0.0000000000
124050  43.253  27.442  19.338 0.0000000000
124051  42.645  26.876  18.985 0.0000000000
124055  55.819  27.151  17.915 0.0000000000
124056  55.358  27.393  18.386 0.0000000000
124057  52.229  27.933  18.306 0.0000000000
124058  51.804  27.730  18.761 0.0000000000
124059  51.251  27.245  19.229 0.0000000000
124060  42.914  27.779  18.868 0.0000000000
124061  42.387  27.319  18.486 0.0000000000
124062  41.231  27.251  17.733 0.0000000000
124063  40.640  27.572  17.606 0.0000000000
124073  53.232  28.121  17.459 0.0000000000
124074  52.604  28.007  17.788 0.0000000000
124075  51.891  27.521  17.698 0.0000000000
124076  51.323  27.227  18.334 0.0000000000
124077  40.892  26.751  17.568 0.0000000000
124078  40.382  27.093  17.458 0.0000000000
124079  39.316  27.155  17.388 0.0000000000
124080  38.244  27.310  17.493 0.0000000000
124081  37.213  27.437  17.600 0.0000000000
124082  36.229  27.472  17.646 0.0000000000
124083  35.254  27.454  17.744 0.0000000000
124084  34.314  27.373  17.756 0.0000000000
124085  33.696  27.105  17.615 0.0000000000
124096  54.586  28.219  16.486 0.0000000000
124097  53.978  28.162  16.817 0.0000000000
124098  52.697  27.632  16.861 0.0000000000
124099  51.991  27.388  17.035 0.0000000000
124100  33.038  27.139  17.458 0.0000000000
124101  32.376  27.273  17.200 0.0000000000
124102  31.725  27.391  16.854 0.0000000000
124115  54.889  27.967  15.766 0.0000000000
124116  53.530  27.572  16.067 0.0000000000
124117  52.866  27.354  16.201 0.0000000000
124118  31.029  27.399  16.414 0.0000000000
124119  30.340  27.503  15.997 0.0000000000
124120  29.696  27.530  15.566 0.0000000000
124131  29.026  27.511  15.086 0.0000000000
124132  28.384  27.475  14.486 0.0000000000
124139  27.727  27.398  13.687 0.0000000000
124140  27.151  27.747  13.132 0.0000000000
124148  27.386  27.132  12.953 0.0000000000
124149  26.968  27.536  12.343 0.0000000000
124163  26.850  27.587  11.344 0.0000000000
125104  46.738  29.593  26.169 0.0000000000
125105  46.538  29.197  25.789 0.0000000000
125106  45.796  28.618  25.594 0.0000000000
125107  44.827  28.096  25.419 0.0000000000
125108  43.673  27.830  25.387 0.0000000000
125109  42.448  27.749  25.348 0.0000000000
125121  46.357  29.037  24.883 0.0000000000
125122  45.626  28.389  24.533 0.0000000000
125123  44.527  27.748  24.275 0.0000000000
125124  43.281  27.574  24.663 0.0000000000
125125  42.654  27.552  24.760 0.0000000000
125131  46.117  28.957  23.895 0.0000000000
125132  45.464  28.181  23.298 0.0000000000
125133  44.851  27.716  23.452 0.0000000000
125136  45.923  28.911  23.037 0.0000000000
125137  45.504  28.661  22.355 0.0000000000
125138  45.208  28.499  21.874 0.0000000000
125141  45.344  28.811  21.929 0.0000000000
125142  44.955  28.616  21.388 0.0000000000
125145  53.897  27.527  19.986 0.0000000000
125146  53.525  27.699  19.999 0.0000000000
125147  52.866  27.867  19.968 0.0000000000
125148  52.321  27.870  19.757 0.0000000000
125149  44.325  28.657  20.422 0.0000000000
125150  43.924  29.012  19.767 0.0000000000
125153  54.702  27.547  19.065 0.0000000000
125154  54.186  27.677  19.377 0.0000000000
125155  53.463  27.990  19.320 0.0000000000
125156  52.718  28.105  19.191 0.0000000000
125157  52.148  27.981  19.254 0.0000000000
125158  43.855  28.424  19.781 0.0000000000
125159  43.432  28.627  19.191 0.0000000000
125160  42.902  29.145  18.845 0.0000000000
125162  55.453  27.617  17.924 0.0000000000
125163  54.874  27.771  18.487 0.0000000000
125164  54.075  28.106  18.603 0.0000000000
125165  53.322  28.238  18.594 0.0000000000
125166  52.684  28.181  18.458 0.0000000000
125167  52.280  28.070  18.800 0.0000000000
125168  43.153  28.039  18.957 0.0000000000
125169  42.681  28.440  18.668 0.0000000000
125170  41.671  28.330  18.110 0.0000000000
125171  40.433  28.279  17.859 0.0000000000
125172  39.139  28.696  18.020 0.0000000000
125173  38.045  28.807  18.175 0.0000000000
125174  37.492  28.812  18.222 0.0000000000
125178  55.877  27.701  17.253 0.0000000000
125179  55.253  28.003  17.549 0.0000000000
125180  54.582  28.243  17.816 0.0000000000
125181  53.814  28.341  17.820 0.0000000000
125182  53.115  28.269  18.022 0.0000000000
125183  40.337  27.686  17.608 0.0000000000
125184  39.745  27.816  17.659 0.0000000000
125185  38.689  28.011  17.768 0.0000000000
125186  37.527  28.279  17.959 0.0000000000
125187  36.494  28.202  17.913 0.0000000000
125188  35.481  28.220  17.943 0.0000000000
125189  34.403  28.245  17.966 0.0000000000
125190  33.171  28.140  17.701 0.0000000000
125191  32.436  28.783  17.516 0.0000000000
125198  55.612  28.129  16.797 0.0000000000
125199  54.857  28.312  16.881 0.0000000000
125200  54.326  28.374  17.342 0.0000000000
125201  32.652  27.714  17.415 0.0000000000
125202  32.072  28.290  17.215 0.0000000000
125203  31.248  28.275  16.663 0.0000000000
125214  55.338  28.274  16.393 0.0000000000
125215  30.631  28.315  16.269 0.0000000000
125216  29.956  28.439  15.871 0.0000000000
125217  29.250  28.458  15.396 0.0000000000
125225  28.557  28.439  14.872 0.0000000000
125226  27.865  28.404  14.272 0.0000000000
125234  27.273  28.431  13.578 0.0000000000
125235  26.778  28.430  12.853 0.0000000000
125246  26.452  28.546  11.867 0.0000000000
125247  26.228  29.163  11.611 0.0000000000
125261  26.572  28.293  10.860 0.0000000000
125262  26.262  28.989  11.103 0.0000000000
125273  26.492  28.863  10.504 0.0000000000
126131  46.844  29.965  26.164 0.0000000000
126137  46.866  29.885  25.441 0.0000000000
126138  46.681  29.456  25.146 0.0000000000
126144  46.865  30.170  24.917 0.0000000000
126145  46.615  29.725  24.498 0.0000000000
126153  46.201  29.547  23.421 0.0000000000
126157  45.829  29.390  22.514 0.0000000000
126158  45.585  29.024  22.111 0.0000000000
126161  45.737  29.693  22.221 0.0000000000
126162  45.429  29.382  21.820 0.0000000000
126163  44.791  29.429  20.981 0.0000000000
126166  44.156  29.578  20.274 0.0000000000
126167  43.364  29.855  19.582 0.0000000000
126168  42.674  30.392  19.613 0.0000000000
126171  43.087  29.411  19.097 0.0000000000
126172  42.377  29.915  19.117 0.0000000000
126173  41.130  30.103  18.940 0.0000000000
126174  39.970  30.141  18.936 0.0000000000
126175  38.887  30.118  19.081 0.0000000000
126176  38.247  30.132  19.206 0.0000000000
126179  42.516  29.199  18.739 0.0000000000
126180  41.907  29.234  18.594 0.0000000000
126181  40.817  29.312  18.356 0.0000000000
126182  39.593  29.408  18.420 0.0000000000
126183  38.231  29.644  18.670 0.0000000000
126184  37.121  29.285  18.568 0.0000000000
126185  35.986  29.342  18.724 0.0000000000
126186  34.985  29.420  18.740 0.0000000000
126187  34.029  29.592  18.718 0.0000000000
126188  33.486  29.818  18.646 0.0000000000
126191  37.224  28.812  18.242 0.0000000000
126192  36.697  28.817  18.258 0.0000000000
126193  35.738  28.857  18.269 0.0000000000
126194  34.699  28.970  18.264 0.0000000000
126195  33.481  29.303  18.228 0.0000000000
126196  32.589  29.321  17.760 0.0000000000
126198  31.962  29.361  17.350 0.0000000000
126199  31.203  29.377  16.763 0.0000000000
126200  30.696  29.938  16.480 0.0000000000
126203  30.879  28.851  16.444 0.0000000000
126204  30.379  29.407  16.204 0.0000000000
126205  29.553  29.421  15.649 0.0000000000
126216  28.859  29.417  15.122 0.0000000000
126217  28.182  29.399  14.568 0.0000000000
126233  27.521  29.377  13.954 0.0000000000
126234  26.931  29.326  13.253 0.0000000000
126248  26.519  29.192  12.590 0.0000000000
126249  26.233  29.508  12.044 0.0000000000
126258  26.079  29.663  11.372 0.0000000000
126266  26.592  29.032  10.084 0.0000000000
126267  26.196  29.598  10.401 0.0000000000
126279  26.286  30.133  9.592 0.0000000000
127090  46.968  30.418  25.707 0.0000000000
127097  46.970  30.464  25.167 0.0000000000
127098  46.800  30.395  24.552 0.0000000000
127111  46.514  30.175  23.778 0.0000000000
127112  46.306  30.503  23.361 0.0000000000
127113  40.765  31.206  23.070 0.0000000000
127114  40.363  31.100  23.116 0.0000000000
127115  39.585  30.903  23.220 0.0000000000
127128  46.175  30.000  22.996 0.0000000000
127129  45.886  30.472  22.704 0.0000000000
127130  45.379  30.685  22.164 0.0000000000
127131  41.513  31.267  22.308 0.0000000000
127132  41.019  31.156  22.598 0.0000000000
127133  40.117  30.781  22.512 0.0000000000
127134  39.051  30.546  22.741 0.0000000000
127135  38.076  30.397  22.682 0.0000000000
127136  37.209  30.461  22.658 0.0000000000
127147  45.915  29.914  22.470 0.0000000000
127148  45.630  30.082  22.100 0.0000000000
127149  44.970  30.378  21.483 0.0000000000
127150  44.118  30.717  21.138 0.0000000000
127151  43.216  31.144  21.103 0.0000000000
127152  41.918  31.304  21.665 0.0000000000
127153  40.793  30.979  21.603 0.0000000000
127154  39.790  30.608  21.674 0.0000000000
127155  38.777  30.324  21.772 0.0000000000
127156  37.757  30.118  21.868 0.0000000000
127157  36.560  30.166  22.036 0.0000000000
127158  35.639  30.302  21.656 0.0000000000
127167  44.398  30.115  20.818 0.0000000000
127168  43.724  30.450  20.435 0.0000000000
127169  42.698  30.886  20.266 0.0000000000
127170  41.535  31.084  20.547 0.0000000000
127171  40.490  30.864  20.645 0.0000000000
127172  39.469  30.554  20.750 0.0000000000
127173  38.455  30.253  20.858 0.0000000000
127174  37.421  29.984  20.986 0.0000000000
127175  36.368  29.914  21.024 0.0000000000
127176  35.282  30.042  20.983 0.0000000000
127177  34.575  30.141  20.704 0.0000000000
127182  42.132  30.679  19.775 0.0000000000
127183  41.317  30.706  19.686 0.0000000000
127184  40.236  30.616  19.735 0.0000000000
127185  39.167  30.443  19.844 0.0000000000
127186  38.156  30.169  19.924 0.0000000000
127187  37.172  29.977  20.134 0.0000000000
127188  36.221  29.868  20.158 0.0000000000
127189  35.273  29.911  20.117 0.0000000000
127190  34.300  30.078  20.117 0.0000000000
127191  33.671  30.266  19.832 0.0000000000
127194  37.758  30.091  19.406 0.0000000000
127195  37.087  29.905  19.317 0.0000000000
127196  36.145  29.715  19.354 0.0000000000
127197  35.153  29.697  19.392 0.0000000000
127198  34.226  29.845  19.329 0.0000000000
127199  33.312  30.223  19.198 0.0000000000
127200  32.675  30.552  18.832 0.0000000000
127203  33.074  30.042  18.604 0.0000000000
127204  32.426  30.280  18.218 0.0000000000
127205  31.784  30.633  17.774 0.0000000000
127208  32.050  30.002  17.644 0.0000000000
127209  31.447  30.352  17.249 0.0000000000
127210  30.834  30.461  16.721 0.0000000000
127215  30.358  30.483  16.285 0.0000000000
127216  29.807  30.399  15.836 0.0000000000
127226  29.173  30.385  15.320 0.0000000000
127227  28.544  30.374  14.772 0.0000000000
127245  27.906  30.357  14.187 0.0000000000
127246  27.258  30.324  13.524 0.0000000000
127261  26.587  30.215  12.689 0.0000000000
127262  26.127  30.372  11.862 0.0000000000
127270  25.909  30.459  11.107 0.0000000000
127283  25.897  30.708  10.218 0.0000000000
127301  26.759  30.309  8.888 0.0000000000
127302  26.094  30.987  9.249 0.0000000000
127320  27.344  30.717  8.239 0.0000000000
127321  26.566  31.112  8.525 0.0000000000
127322  26.218  31.432  8.825 0.0000000000
128156  47.005  30.797  25.456 0.0000000000
128157  46.889  30.966  24.923 0.0000000000
128158  46.286  31.446  24.541 0.0000000000
128159  45.457  31.821  24.086 0.0000000000
128160  44.500  32.077  23.966 0.0000000000
128161  43.490  32.129  24.004 0.0000000000
128162  42.505  32.071  24.076 0.0000000000
128163  41.635  32.003  24.079 0.0000000000
128173  46.595  30.788  24.049 0.0000000000
128174  45.972  31.170  23.440 0.0000000000
128175  45.039  31.582  23.211 0.0000000000
128176  44.024  31.778  23.158 0.0000000000
128177  42.999  31.756  23.297 0.0000000000
128178  42.031  31.638  23.398 0.0000000000
128179  40.920  31.503  23.458 0.0000000000
128180  39.746  31.425  23.664 0.0000000000
128181  38.563  31.328  23.610 0.0000000000
128182  37.644  31.983  23.663 0.0000000000
128191  45.438  31.071  22.683 0.0000000000
128192  44.622  31.222  22.227 0.0000000000
128193  43.468  31.514  22.469 0.0000000000
128194  42.524  31.501  22.661 0.0000000000
128195  41.660  31.329  22.664 0.0000000000
128196  41.197  31.261  22.930 0.0000000000
128197  38.269  30.777  23.179 0.0000000000
128198  37.423  31.277  23.241 0.0000000000
128199  36.425  31.135  22.744 0.0000000000
128208  44.415  30.910  21.581 0.0000000000
128209  43.790  31.157  21.712 0.0000000000
128210  42.849  31.376  21.947 0.0000000000
128211  42.221  31.385  22.227 0.0000000000
128212  35.579  31.040  22.211 0.0000000000
128213  34.763  30.955  21.532 0.0000000000
128214  34.257  31.442  21.282 0.0000000000
128224  34.550  30.435  21.123 0.0000000000
128225  33.924  30.953  20.848 0.0000000000
128226  33.458  31.491  20.490 0.0000000000
128234  33.694  30.526  20.277 0.0000000000
128235  33.212  31.056  20.062 0.0000000000
128243  32.638  31.161  19.312 0.0000000000
128244  32.184  31.211  18.713 0.0000000000
128247  31.787  31.262  18.126 0.0000000000
128248  31.376  31.307  17.558 0.0000000000
128251  30.922  31.274  17.026 0.0000000000
128252  30.451  31.328  16.504 0.0000000000
128261  30.004  31.338  15.978 0.0000000000
128262  29.456  31.328  15.490 0.0000000000
128272  28.882  31.323  14.961 0.0000000000
128273  28.305  31.314  14.386 0.0000000000
128284  27.712  31.303  13.760 0.0000000000
128285  27.083  31.306  13.059 0.0000000000
128301  26.476  31.414  12.068 0.0000000000
128302  26.024  30.961  11.579 0.0000000000
128323  26.387  31.929  11.550 0.0000000000
128324  25.995  31.531  11.072 0.0000000000
128343  25.861  31.693  9.972 0.0000000000
128361  26.011  31.836  9.138 0.0000000000
128378  27.912  31.166  7.691 0.0000000000
128379  27.026  31.627  7.864 0.0000000000
128380  26.386  31.859  8.501 0.0000000000
128396  28.375  31.652  7.182 0.0000000000
128397  27.685  31.861  7.402 0.0000000000
129283  40.816  32.396  24.586 0.0000000000
129295  39.993  31.977  24.135 0.0000000000
129296  39.002  31.960  24.207 0.0000000000
129297  37.834  32.467  23.978 0.0000000000
129298  37.454  32.476  23.675 0.0000000000
129307  37.233  32.927  23.570 0.0000000000
129308  37.061  32.536  23.309 0.0000000000
129309  36.478  32.194  22.918 0.0000000000
129318  35.766  32.098  22.392 0.0000000000
129319  35.017  32.028  21.799 0.0000000000
129320  34.506  31.775  21.448 0.0000000000
129329  34.626  32.319  21.291 0.0000000000
129330  34.072  32.092  21.027 0.0000000000
129331  33.620  31.824  20.688 0.0000000000
129339  33.747  32.356  20.486 0.0000000000
129340  33.305  32.096  20.202 0.0000000000
129349  32.786  32.033  19.629 0.0000000000
129350  32.273  32.053  19.043 0.0000000000
129358  31.850  32.075  18.448 0.0000000000
129359  31.463  32.110  17.857 0.0000000000
129367  31.038  32.183  17.236 0.0000000000
129368  30.623  31.994  16.731 0.0000000000
129380  30.802  32.671  16.590 0.0000000000
129381  30.279  32.381  16.073 0.0000000000
129382  29.753  32.052  15.627 0.0000000000
129395  29.905  32.695  15.418 0.0000000000
129396  29.312  32.375  15.010 0.0000000000
129397  28.691  32.050  14.558 0.0000000000
129410  28.922  32.686  14.334 0.0000000000
129411  28.283  32.357  13.850 0.0000000000
129412  27.609  32.037  13.327 0.0000000000
129431  27.893  32.681  13.134 0.0000000000
129432  27.281  32.358  12.598 0.0000000000
129455  26.806  32.436  11.752 0.0000000000
129456  26.374  32.278  11.220 0.0000000000
129470  26.703  32.815  11.073 0.0000000000
129471  26.248  32.512  10.499 0.0000000000
129480  26.085  32.481  9.659 0.0000000000
129490  26.709  32.657  8.099 0.0000000000
129491  26.253  32.554  8.895 0.0000000000
129503  28.641  32.126  6.722 0.0000000000
129504  27.939  32.571  6.976 0.0000000000
129505  27.303  32.371  7.537 0.0000000000
129519  28.511  32.620  6.555 0.0000000000
130343  36.816  33.714  22.963 0.0000000000
130344  36.533  33.210  22.596 0.0000000000
130345  36.128  32.865  22.266 0.0000000000
130354  36.579  34.237  22.005 0.0000000000
130355  36.266  33.598  21.809 0.0000000000
130356  35.557  33.156  21.464 0.0000000000
130357  34.962  32.632  21.333 0.0000000000
130365  35.355  33.863  20.351 0.0000000000
130366  34.632  32.985  20.711 0.0000000000
130367  34.047  32.631  20.541 0.0000000000
130375  35.326  34.196  19.784 0.0000000000
130376  34.721  33.975  19.619 0.0000000000
130377  33.749  33.015  19.905 0.0000000000
130378  33.143  32.568  19.685 0.0000000000
130386  34.524  34.331  18.965 0.0000000000
130387  33.847  34.079  18.746 0.0000000000
130388  32.780  33.015  18.968 0.0000000000
130389  32.186  32.572  18.601 0.0000000000
130397  33.633  34.410  17.990 0.0000000000
130398  32.927  34.107  17.718 0.0000000000
130399  31.887  33.041  17.924 0.0000000000
130400  31.398  32.626  17.510 0.0000000000
130415  32.713  34.360  16.899 0.0000000000
130416  32.003  33.935  16.715 0.0000000000
130417  31.310  33.047  16.987 0.0000000000
130429  31.664  34.062  15.983 0.0000000000
130430  30.949  33.543  15.837 0.0000000000
130431  30.275  33.047  15.533 0.0000000000
130444  30.717  33.838  15.028 0.0000000000
130445  30.036  33.430  14.762 0.0000000000
130446  29.331  33.015  14.458 0.0000000000
130457  29.812  33.823  14.023 0.0000000000
130458  29.087  33.457  13.691 0.0000000000
130459  28.327  33.016  13.299 0.0000000000
130469  28.918  33.924  12.872 0.0000000000
130470  28.093  33.447  12.450 0.0000000000
130471  27.334  32.894  12.098 0.0000000000
130485  27.757  33.852  11.156 0.0000000000
130486  27.254  33.194  11.493 0.0000000000
130501  27.602  34.042  10.544 0.0000000000
130502  26.970  33.514  10.316 0.0000000000
130503  26.342  32.967  10.002 0.0000000000
130516  26.885  33.678  9.190 0.0000000000
130517  26.427  33.124  9.466 0.0000000000
130527  27.550  33.897  7.723 0.0000000000
130528  27.072  33.659  8.338 0.0000000000
130529  26.572  33.190  8.760 0.0000000000
130541  27.831  33.566  7.088 0.0000000000
130542  27.311  33.150  7.545 0.0000000000
130554  28.838  33.522  5.991 0.0000000000
130555  28.366  33.326  6.483 0.0000000000
130568  29.965  33.581  4.831 0.0000000000
130569  29.459  33.300  5.503 0.0000000000
130594  31.575  33.685  3.347 0.0000000000
130595  30.808  34.158  3.613 0.0000000000
131342  36.983  35.379  21.067 0.0000000000
131343  36.424  34.356  21.220 0.0000000000
131344  36.101  33.805  21.311 0.0000000000
131349  37.507  35.724  19.921 0.0000000000
131350  36.645  34.887  20.318 0.0000000000
131351  36.004  34.121  20.735 0.0000000000
131359  37.653  35.890  19.069 0.0000000000
131360  36.862  35.296  19.331 0.0000000000
131361  35.870  34.560  19.675 0.0000000000
131362  35.266  34.365  19.486 0.0000000000
131372  37.665  36.053  18.636 0.0000000000
131373  37.099  35.763  18.438 0.0000000000
131374  36.140  35.211  18.638 0.0000000000
131375  35.080  34.666  18.834 0.0000000000
131376  34.428  34.485  18.615 0.0000000000
131384  36.883  35.887  17.890 0.0000000000
131385  36.400  35.651  17.895 0.0000000000
131386  35.398  35.375  17.676 0.0000000000
131387  34.225  34.765  17.899 0.0000000000
131388  33.542  34.556  17.564 0.0000000000
131404  35.072  35.629  17.009 0.0000000000
131405  34.531  35.318  17.002 0.0000000000
131406  33.385  34.832  16.648 0.0000000000
131407  32.580  34.428  16.499 0.0000000000
131418  33.103  35.035  15.271 0.0000000000
131419  32.240  34.490  15.751 0.0000000000
131420  31.517  34.141  15.614 0.0000000000
131428  33.045  35.188  14.644 0.0000000000
131429  32.413  34.949  14.448 0.0000000000
131430  31.288  34.300  14.862 0.0000000000
131431  30.600  33.996  14.657 0.0000000000
131441  32.219  35.056  13.708 0.0000000000
131442  31.530  34.862  13.589 0.0000000000
131443  30.422  34.253  13.938 0.0000000000
131444  29.734  34.018  13.662 0.0000000000
131452  31.319  34.986  13.033 0.0000000000
131453  30.804  34.861  12.918 0.0000000000
131454  29.667  34.378  12.941 0.0000000000
131455  28.909  34.222  12.319 0.0000000000
131463  30.213  34.964  12.209 0.0000000000
131464  29.433  34.806  11.723 0.0000000000
131465  28.531  34.305  11.515 0.0000000000
131477  28.924  34.820  10.809 0.0000000000
131478  28.140  34.441  10.557 0.0000000000
131479  27.589  34.232  10.106 0.0000000000
131492  28.612  34.860  10.086 0.0000000000
131493  28.035  34.675  9.596 0.0000000000
131494  27.386  34.173  9.433 0.0000000000
131502  28.404  34.927  8.384 0.0000000000
131503  27.841  34.508  8.515 0.0000000000
131504  27.256  34.056  8.857 0.0000000000
131513  28.488  34.855  7.795 0.0000000000
131514  28.080  34.257  7.395 0.0000000000
131524  29.418  34.968  6.292 0.0000000000
131525  28.791  34.460  6.596 0.0000000000
131526  28.203  33.955  6.831 0.0000000000
131540  29.576  34.495  5.577 0.0000000000
131541  29.068  33.990  5.822 0.0000000000
131557  30.218  34.467  4.384 0.0000000000
131574  32.296  34.184  2.725 0.0000000000
131575  31.243  34.774  2.931 0.0000000000
131576  30.599  34.853  3.641 0.0000000000
131590  34.991  34.720  2.549 0.0000000000
131591  34.105  34.729  2.352 0.0000000000
131592  33.069  34.851  2.276 0.0000000000
131593  32.097  35.108  2.364 0.0000000000
131594  31.540  35.387  2.522 0.0000000000
132401  40.157  36.820  20.115 0.0000000000
132402  39.734  36.798  20.066 0.0000000000
132403  38.441  36.536  20.384 0.0000000000
132410  40.779  36.686  19.723 0.0000000000
132411  40.393  36.746  19.793 0.0000000000
132412  39.423  36.660  19.610 0.0000000000
132413  38.433  36.292  19.412 0.0000000000
132422  40.725  36.757  19.491 0.0000000000
132423  40.182  36.780  19.216 0.0000000000
132424  39.262  36.606  18.854 0.0000000000
132425  38.243  36.309  18.650 0.0000000000
132426  37.684  36.183  18.301 0.0000000000
132435  38.809  36.640  18.268 0.0000000000
132436  38.124  36.523  17.900 0.0000000000
132437  37.314  36.192  17.769 0.0000000000
132438  36.673  36.024  17.455 0.0000000000
132439  36.071  35.821  17.324 0.0000000000
132455  37.672  36.585  17.296 0.0000000000
132456  37.064  36.401  17.007 0.0000000000
132457  36.289  36.213  16.785 0.0000000000
132458  35.535  35.894  16.801 0.0000000000
132459  34.869  35.693  16.465 0.0000000000
132460  34.253  35.396  16.279 0.0000000000
132477  35.818  36.248  16.286 0.0000000000
132478  35.264  36.045  15.941 0.0000000000
132479  34.595  35.698  15.743 0.0000000000
132480  33.878  35.371  15.580 0.0000000000
132488  34.914  35.965  15.321 0.0000000000
132489  34.366  35.740  14.937 0.0000000000
132490  33.580  35.425  14.675 0.0000000000
132491  33.062  35.313  14.242 0.0000000000
132499  34.047  35.731  14.303 0.0000000000
132500  33.529  35.612  13.858 0.0000000000
132501  32.735  35.327  13.623 0.0000000000
132502  32.131  35.182  13.252 0.0000000000
132508  33.243  35.654  13.125 0.0000000000
132509  32.529  35.453  12.785 0.0000000000
132510  31.604  35.227  12.625 0.0000000000
132511  30.862  35.212  12.113 0.0000000000
132518  33.152  35.702  12.288 0.0000000000
132519  32.308  35.554  11.842 0.0000000000
132520  31.371  35.447  11.482 0.0000000000
132521  30.341  35.322  11.295 0.0000000000
132522  29.575  35.183  10.843 0.0000000000
132531  33.085  35.802  11.241 0.0000000000
132532  32.097  35.664  10.665 0.0000000000
132533  30.998  35.613  10.370 0.0000000000
132534  30.019  35.448  10.211 0.0000000000
132535  29.229  35.166  10.105 0.0000000000
132548  33.104  35.842  9.847 0.0000000000
132549  31.694  35.747  9.227 0.0000000000
132550  30.474  35.624  9.294 0.0000000000
132551  29.522  35.402  9.311 0.0000000000
132552  28.705  35.066  9.347 0.0000000000
132553  28.239  34.847  9.053 0.0000000000
132563  32.716  35.837  8.216 0.0000000000
132564  31.654  35.789  7.970 0.0000000000
132565  30.778  35.682  8.241 0.0000000000
132566  29.815  35.514  8.382 0.0000000000
132567  28.903  35.241  8.498 0.0000000000
132568  28.413  34.958  8.757 0.0000000000
132575  32.815  35.977  7.377 0.0000000000
132576  32.057  36.005  7.050 0.0000000000
132577  30.933  35.817  7.188 0.0000000000
132578  30.024  35.556  7.409 0.0000000000
132579  29.177  35.289  7.547 0.0000000000
132585  31.808  36.344  6.456 0.0000000000
132586  31.036  36.123  6.143 0.0000000000
132587  30.027  35.476  6.348 0.0000000000
132588  29.441  35.233  6.806 0.0000000000
132596  30.617  36.128  4.964 0.0000000000
132597  30.165  35.456  5.226 0.0000000000
132607  30.508  36.098  4.361 0.0000000000
132608  30.407  35.564  4.170 0.0000000000
132617  31.080  35.848  2.761 0.0000000000
132618  30.684  35.397  3.353 0.0000000000
132621  37.172  35.974  2.577 0.0000000000
132622  36.827  35.599  2.645 0.0000000000
132623  35.938  35.262  2.521 0.0000000000
132624  34.843  35.510  2.171 0.0000000000
132625  33.814  35.622  1.972 0.0000000000
132626  32.784  35.762  1.962 0.0000000000
132627  31.859  35.899  2.178 0.0000000000
133377  44.987  37.246  21.390 0.0000000000
133378  44.497  36.951  21.029 0.0000000000
133379  43.636  36.703  20.860 0.0000000000
133380  42.683  36.637  20.663 0.0000000000
133381  41.621  36.637  20.495 0.0000000000
133382  40.474  36.790  20.281 0.0000000000
133394  44.067  36.909  20.416 0.0000000000
133395  43.309  36.853  20.073 0.0000000000
133396  42.286  36.654  19.905 0.0000000000
133397  41.132  36.657  19.730 0.0000000000
133398  40.683  36.637  19.923 0.0000000000
133407  42.799  37.044  19.530 0.0000000000
133408  42.022  37.012  19.161 0.0000000000
133409  41.061  36.946  18.892 0.0000000000
133410  40.144  36.951  18.523 0.0000000000
133411  39.430  36.874  18.206 0.0000000000
133422  41.616  37.245  18.567 0.0000000000
133423  40.925  37.226  18.140 0.0000000000
133424  39.966  37.252  17.621 0.0000000000
133425  38.916  36.937  17.622 0.0000000000
133426  38.194  36.828  17.250 0.0000000000
133437  39.288  37.255  17.042 0.0000000000
133438  38.573  37.084  16.863 0.0000000000
133439  37.732  36.845  16.424 0.0000000000
133440  36.716  36.519  16.234 0.0000000000
133441  36.180  36.397  16.234 0.0000000000
133457  37.706  36.924  15.705 0.0000000000
133458  37.102  36.735  15.339 0.0000000000
133459  35.930  36.405  15.564 0.0000000000
133460  35.292  36.155  15.366 0.0000000000
133472  37.048  36.808  14.140 0.0000000000
133473  36.110  36.529  14.423 0.0000000000
133474  35.079  36.133  14.649 0.0000000000
133475  34.456  35.877  14.386 0.0000000000
133485  37.166  36.775  13.071 0.0000000000
133486  36.258  36.541  13.310 0.0000000000
133487  35.308  36.267  13.538 0.0000000000
133488  34.317  35.941  13.702 0.0000000000
133489  33.725  35.792  13.378 0.0000000000
133496  37.992  37.016  12.077 0.0000000000
133497  37.277  36.737  12.066 0.0000000000
133498  36.421  36.488  12.240 0.0000000000
133499  35.502  36.290  12.473 0.0000000000
133500  34.595  36.093  12.693 0.0000000000
133501  33.809  35.907  12.853 0.0000000000
133510  37.832  37.267  11.204 0.0000000000
133511  37.338  36.756  11.099 0.0000000000
133512  36.583  36.401  11.184 0.0000000000
133513  35.682  36.204  11.408 0.0000000000
133514  34.759  36.094  11.664 0.0000000000
133515  33.891  35.955  11.935 0.0000000000
133529  37.311  36.999  10.203 0.0000000000
133530  36.691  36.465  10.132 0.0000000000
133531  35.835  36.136  10.311 0.0000000000
133532  34.910  36.041  10.606 0.0000000000
133533  33.987  35.949  10.870 0.0000000000
133552  36.685  36.812  9.163 0.0000000000
133553  35.915  36.288  9.192 0.0000000000
133554  34.984  35.998  9.493 0.0000000000
133555  34.190  35.914  9.921 0.0000000000
133575  35.944  36.695  8.172 0.0000000000
133576  34.948  36.192  8.288 0.0000000000
133577  33.949  35.860  8.823 0.0000000000
133595  34.958  36.830  7.149 0.0000000000
133596  33.597  36.199  7.410 0.0000000000
133597  32.766  36.156  7.009 0.0000000000
133611  33.800  36.928  6.657 0.0000000000
133612  32.460  36.682  6.447 0.0000000000
133613  31.650  36.502  6.179 0.0000000000
133625  31.283  36.807  5.635 0.0000000000
133638  30.576  36.666  4.308 0.0000000000
133639  30.480  36.086  4.084 0.0000000000
133649  30.768  36.814  3.111 0.0000000000
133650  30.593  36.052  3.589 0.0000000000
133653  37.529  36.498  2.572 0.0000000000
133654  36.656  36.332  2.370 0.0000000000
133655  35.608  36.369  2.093 0.0000000000
133656  34.569  36.477  1.845 0.0000000000
133657  33.511  36.589  1.695 0.0000000000
133658  32.462  36.695  1.780 0.0000000000
133659  31.496  36.782  2.236 0.0000000000
134359  45.702  37.957  21.681 0.0000000000
134376  45.828  37.975  20.953 0.0000000000
134377  45.329  37.530  21.531 0.0000000000
134395  45.871  38.279  20.138 0.0000000000
134396  45.157  37.510  20.613 0.0000000000
134397  44.502  37.140  20.469 0.0000000000
134408  45.913  38.554  19.677 0.0000000000
134409  45.352  38.268  19.483 0.0000000000
134410  44.191  37.381  19.740 0.0000000000
134411  43.343  37.177  19.556 0.0000000000
134419  45.153  38.610  18.850 0.0000000000
134420  44.370  38.343  18.598 0.0000000000
134421  43.012  37.555  18.862 0.0000000000
134422  42.149  37.367  18.631 0.0000000000
134432  44.061  38.715  17.890 0.0000000000
134433  43.243  38.436  17.666 0.0000000000
134434  41.930  37.700  17.825 0.0000000000
134435  40.745  37.538  17.320 0.0000000000
134436  40.242  37.495  17.221 0.0000000000
134447  42.921  38.609  16.885 0.0000000000
134448  42.385  38.218  16.874 0.0000000000
134449  41.326  38.022  16.400 0.0000000000
134450  40.004  37.588  16.632 0.0000000000
134451  38.957  37.322  16.361 0.0000000000
134452  38.374  37.133  16.342 0.0000000000
134463  41.166  38.210  15.100 0.0000000000
134464  40.268  37.872  15.396 0.0000000000
134465  39.250  37.533  15.537 0.0000000000
134466  38.255  37.158  15.664 0.0000000000
134467  37.720  36.943  15.387 0.0000000000
134478  41.136  38.264  14.091 0.0000000000
134479  40.372  37.891  14.282 0.0000000000
134480  39.483  37.596  14.488 0.0000000000
134481  38.578  37.281  14.671 0.0000000000
134482  37.776  36.990  14.843 0.0000000000
134493  40.351  37.962  13.324 0.0000000000
134494  39.590  37.584  13.485 0.0000000000
134495  38.772  37.244  13.669 0.0000000000
134496  37.911  37.004  13.870 0.0000000000
134508  39.496  37.707  12.598 0.0000000000
134509  38.812  37.267  12.735 0.0000000000
134510  38.022  36.980  12.890 0.0000000000
134524  38.633  37.440  11.922 0.0000000000
134650  41.294  37.492  3.725 0.0000000000
134651  40.605  37.406  3.475 0.0000000000
134652  39.794  37.416  3.198 0.0000000000
134653  38.914  37.399  2.963 0.0000000000
134654  38.053  37.392  2.647 0.0000000000
134661  37.174  37.354  2.398 0.0000000000
134662  36.246  37.333  2.194 0.0000000000
134663  35.281  37.384  1.927 0.0000000000
134664  34.275  37.481  1.654 0.0000000000
134665  33.158  37.637  1.547 0.0000000000
134666  32.168  37.665  1.774 0.0000000000
135367  46.288  38.705  21.293 0.0000000000
135368  45.933  38.461  21.845 0.0000000000
135378  46.431  38.825  20.706 0.0000000000
135379  46.130  38.372  21.162 0.0000000000
135389  46.539  39.035  19.986 0.0000000000
135390  46.233  38.556  20.422 0.0000000000
135398  46.561  39.181  19.637 0.0000000000
135399  46.310  38.947  19.543 0.0000000000
135400  45.882  38.697  19.397 0.0000000000
135407  46.338  39.274  18.956 0.0000000000
135408  45.734  39.040  18.710 0.0000000000
135409  45.023  38.787  18.497 0.0000000000
135418  44.717  39.150  17.739 0.0000000000
135419  43.882  38.888  17.508 0.0000000000
135430  43.499  39.138  16.705 0.0000000000
135431  42.575  38.581  16.334 0.0000000000
135432  42.110  38.236  16.293 0.0000000000
135445  42.503  38.900  15.677 0.0000000000
135446  41.967  38.383  15.730 0.0000000000
135457  41.821  38.619  14.880 0.0000000000
135541  48.658  37.873  4.779 0.0000000000
135542  47.952  38.222  4.983 0.0000000000
135543  47.197  38.212  4.936 0.0000000000
135558  50.178  38.173  3.621 0.0000000000
135559  45.563  38.604  4.339 0.0000000000
135560  44.985  38.454  4.305 0.0000000000
135561  44.240  38.198  4.253 0.0000000000
135562  43.293  38.272  4.200 0.0000000000
135563  42.383  38.358  4.106 0.0000000000
135564  41.462  38.408  3.943 0.0000000000
135565  40.766  38.732  3.782 0.0000000000
135578  50.266  38.925  3.150 0.0000000000
135579  40.872  38.088  3.661 0.0000000000
135580  40.216  38.357  3.411 0.0000000000
135581  39.365  38.303  3.129 0.0000000000
135582  38.524  38.319  2.866 0.0000000000
135583  37.660  38.289  2.592 0.0000000000
135597  36.791  38.255  2.377 0.0000000000
135598  35.907  38.274  2.164 0.0000000000
135599  34.987  38.353  1.897 0.0000000000
135600  34.016  38.468  1.639 0.0000000000
136365  46.550  39.286  19.431 0.0000000000
136373  46.586  39.561  18.984 0.0000000000
136493  49.188  38.999  4.151 0.0000000000
136494  48.409  39.122  4.654 0.0000000000
136495  47.642  39.213  4.727 0.0000000000
136496  46.784  39.267  4.585 0.0000000000
136497  45.794  39.396  4.417 0.0000000000
136498  44.899  39.686  4.554 0.0000000000
136499  44.081  39.737  4.645 0.0000000000
136500  43.396  39.717  4.667 0.0000000000
136504  50.102  40.022  3.561 0.0000000000
136505  49.916  39.482  3.598 0.0000000000
136506  45.171  39.068  4.312 0.0000000000
136507  44.526  39.075  4.283 0.0000000000
136508  43.724  39.080  4.320 0.0000000000
136509  42.818  39.253  4.446 0.0000000000
136510  41.879  39.241  4.335 0.0000000000
136511  41.052  39.360  4.124 0.0000000000
136512  40.253  39.416  3.702 0.0000000000
136513  39.593  39.635  3.428 0.0000000000
136516  50.402  39.618  2.867 0.0000000000
136517  50.169  39.300  3.197 0.0000000000
136518  39.698  39.013  3.328 0.0000000000
136519  39.003  39.248  3.161 0.0000000000
136520  38.089  39.211  2.875 0.0000000000
136521  37.243  39.118  2.615 0.0000000000
136530  36.459  39.089  2.418 0.0000000000
136531  35.638  39.174  2.202 0.0000000000
136532  34.740  39.282  1.961 0.0000000000
137469  49.874  41.286  5.688 0.0000000000
137470  49.386  41.091  5.580 0.0000000000
137471  48.611  40.963  5.555 0.0000000000
137472  47.713  40.930  5.542 0.0000000000
137473  46.749  40.855  5.591 0.0000000000
137474  45.751  40.781  5.659 0.0000000000
137475  44.762  40.709  5.707 0.0000000000
137476  44.030  40.654  5.637 0.0000000000
137486  50.374  41.223  4.744 0.0000000000
137487  49.822  40.726  4.741 0.0000000000
137488  48.934  40.219  4.874 0.0000000000
137489  48.118  40.181  4.912 0.0000000000
137490  47.242  40.194  4.920 0.0000000000
137491  46.292  40.245  4.882 0.0000000000
137492  45.326  40.270  4.970 0.0000000000
137493  44.436  40.259  5.110 0.0000000000
137494  43.492  40.344  5.226 0.0000000000
137495  42.540  40.552  5.248 0.0000000000
137496  41.694  40.678  5.001 0.0000000000
137497  41.093  40.704  4.644 0.0000000000
137501  50.330  40.821  3.903 0.0000000000
137502  49.996  40.244  3.949 0.0000000000
137503  42.882  40.001  4.848 0.0000000000
137504  42.195  39.975  4.744 0.0000000000
137505  41.409  40.047  4.543 0.0000000000
137506  40.624  40.317  4.236 0.0000000000
137507  39.754  40.366  3.724 0.0000000000
137508  39.121  40.539  3.429 0.0000000000
137512  50.767  40.978  2.715 0.0000000000
137513  39.210  40.010  3.355 0.0000000000
137514  38.542  40.138  3.171 0.0000000000
137515  37.535  40.062  2.873 0.0000000000
137524  36.875  39.704  2.636 0.0000000000
138459  50.969  42.407  7.867 0.0000000000
138460  50.238  42.147  8.039 0.0000000000
138461  49.344  42.010  8.121 0.0000000000
138462  48.347  41.929  8.138 0.0000000000
138463  47.304  41.856  8.132 0.0000000000
138464  46.243  41.781  8.123 0.0000000000
138465  45.211  41.799  8.080 0.0000000000
138473  51.554  42.666  6.695 0.0000000000
138474  50.978  42.374  6.921 0.0000000000
138475  50.353  42.081  7.089 0.0000000000
138476  49.641  41.831  7.223 0.0000000000
138477  48.755  41.761  7.244 0.0000000000
138478  47.767  41.720  7.240 0.0000000000
138479  46.737  41.593  7.270 0.0000000000
138480  45.670  41.496  7.324 0.0000000000
138481  44.497  41.615  7.427 0.0000000000
138482  43.362  41.697  7.143 0.0000000000
138483  42.786  41.839  7.034 0.0000000000
138493  51.567  42.519  5.726 0.0000000000
138494  50.993  42.117  5.982 0.0000000000
138495  50.349  41.699  6.030 0.0000000000
138496  49.824  41.573  6.351 0.0000000000
138497  49.105  41.466  6.384 0.0000000000
138498  48.216  41.449  6.356 0.0000000000
138499  47.235  41.362  6.378 0.0000000000
138500  46.215  41.219  6.448 0.0000000000
138501  45.129  41.138  6.500 0.0000000000
138502  43.876  41.120  6.342 0.0000000000
138503  42.691  41.581  6.498 0.0000000000
138504  42.166  41.782  6.191 0.0000000000
138517  51.634  42.384  4.728 0.0000000000
138518  50.907  41.775  4.930 0.0000000000
138519  50.485  41.527  5.312 0.0000000000
138520  43.596  40.782  5.766 0.0000000000
138521  43.015  40.923  5.845 0.0000000000
138522  42.040  41.372  5.699 0.0000000000
138523  40.993  41.449  4.948 0.0000000000
138524  40.406  41.843  4.695 0.0000000000
138534  51.757  42.345  3.788 0.0000000000
138535  51.071  41.711  3.883 0.0000000000
138536  40.719  40.962  4.520 0.0000000000
138537  40.143  41.326  4.287 0.0000000000
138538  39.288  41.174  3.710 0.0000000000
138546  51.857  42.310  2.893 0.0000000000
138547  51.300  41.835  3.117 0.0000000000
138548  38.750  40.870  3.361 0.0000000000
138549  38.085  40.901  3.191 0.0000000000
138558  51.986  42.218  1.996 0.0000000000
138559  51.417  41.612  2.304 0.0000000000
139477  50.852  43.192  10.059 0.0000000000
139478  50.105  42.993  10.427 0.0000000000
139479  49.143  42.878  10.593 0.0000000000
139488  51.701  43.145  8.858 0.0000000000
139489  51.220  42.891  9.313 0.0000000000
139490  50.488  42.742  9.611 0.0000000000
139491  49.572  42.610  9.779 0.0000000000
139492  48.535  42.464  9.837 0.0000000000
139502  52.294  43.334  7.585 0.0000000000
139503  51.981  42.955  8.095 0.0000000000
139504  51.441  42.748  8.471 0.0000000000
139505  50.796  42.526  8.758 0.0000000000
139506  49.950  42.358  8.928 0.0000000000
139507  48.958  42.241  8.992 0.0000000000
139508  47.907  42.125  8.999 0.0000000000
139518  52.386  43.367  6.719 0.0000000000
139519  52.020  42.986  7.230 0.0000000000
139520  51.545  42.704  7.608 0.0000000000
139529  52.523  43.401  5.824 0.0000000000
139530  52.067  43.000  6.318 0.0000000000
139531  42.501  41.922  6.928 0.0000000000
139532  41.944  42.120  6.605 0.0000000000
139542  52.682  43.405  4.928 0.0000000000
139543  52.168  42.947  5.374 0.0000000000
139544  41.905  41.885  6.039 0.0000000000
139545  41.357  42.038  5.793 0.0000000000
139546  40.323  42.434  5.161 0.0000000000
139559  52.831  43.397  4.033 0.0000000000
139560  52.282  42.897  4.430 0.0000000000
139561  40.044  42.027  4.527 0.0000000000
139562  39.173  42.289  4.201 0.0000000000
139580  52.943  43.402  3.115 0.0000000000
139581  52.384  42.867  3.503 0.0000000000
139582  38.664  41.441  3.531 0.0000000000
139595  52.477  42.814  2.600 0.0000000000
140427  51.390  43.398  9.581 0.0000000000
136335  46.237  38.858  21.609 0.0000000000
136347  46.443  39.108  21.082 0.0000000000
136348  46.247  39.135  21.571 0.0000000000
136356  46.562  39.325  20.282 0.0000000000
136364  46.614  39.512  19.469 0.0000000000
136372  46.716  39.816  18.988 0.0000000000
137322  46.318  39.328  21.266 0.0000000000
137323  45.969  39.448  21.666 0.0000000000
137335  46.397  39.626  20.730 0.0000000000
137336  46.049  40.034  20.890 0.0000000000
137348  46.607  39.954  19.783 0.0000000000
137358  46.733  40.236  18.928 0.0000000000
138335  46.333  40.182  20.119 0.0000000000
138353  46.431  40.912  19.214 0.0000000000
133509  38.233  37.742  11.363 0.0000000000
133527  38.003  37.935  11.140 0.0000000000
133528  37.559  37.651  10.670 0.0000000000
133550  37.302  37.794  10.182 0.0000000000
133551  37.033  37.508  9.516 0.0000000000
133573  36.750  37.655  8.860 0.0000000000
133574  36.512  37.388  8.397 0.0000000000
133593  36.247  37.536  7.908 0.0000000000
133594  35.926  37.293  7.657 0.0000000000
133610  34.409  37.181  6.665 0.0000000000
133624  31.917  37.124  5.976 0.0000000000
134492  40.970  38.437  13.256 0.0000000000
134506  40.788  38.597  12.835 0.0000000000
134507  40.134  38.312  12.530 0.0000000000
134522  39.357  38.416  11.861 0.0000000000
134523  39.116  37.916  11.851 0.0000000000
134538  38.947  38.545  11.653 0.0000000000
134539  38.371  38.200  11.356 0.0000000000
134540  37.794  37.964  11.025 0.0000000000
134555  37.909  38.224  11.169 0.0000000000
134556  37.602  38.074  10.761 0.0000000000
134557  37.239  37.971  9.956 0.0000000000
134575  36.938  37.860  9.220 0.0000000000
134576  36.667  37.780  8.592 0.0000000000
134593  36.401  37.729  8.082 0.0000000000
134594  36.015  37.692  7.701 0.0000000000
134595  35.433  37.646  7.199 0.0000000000
134609  34.699  37.598  6.776 0.0000000000
134610  33.992  37.552  6.582 0.0000000000
134611  33.137  37.519  6.398 0.0000000000
134626  32.277  37.534  6.154 0.0000000000
134627  31.519  37.551  5.830 0.0000000000
134640  30.798  37.629  5.021 0.0000000000
134641  30.518  38.191  4.519 0.0000000000
134655  30.517  37.745  3.771 0.0000000000
134656  30.429  38.515  4.019 0.0000000000
134667  31.150  37.899  2.495 0.0000000000
134671  32.662  38.056  1.580 0.0000000000
134672  32.394  38.092  1.661 0.0000000000
135444  42.852  39.484  15.684 0.0000000000
135455  42.387  39.620  15.202 0.0000000000
135456  42.210  39.167  14.975 0.0000000000
135461  42.285  39.853  15.083 0.0000000000
135462  42.089  39.525  14.550 0.0000000000
135463  41.708  38.853  14.020 0.0000000000
135466  41.744  39.365  13.831 0.0000000000
135467  41.270  38.989  13.078 0.0000000000
135468  40.651  38.729  12.587 0.0000000000
135471  40.803  39.046  12.496 0.0000000000
135472  40.115  38.820  12.084 0.0000000000
135473  39.536  38.984  11.757 0.0000000000
135476  39.353  38.723  11.776 0.0000000000
135477  38.764  38.766  11.482 0.0000000000
135478  38.080  38.757  11.042 0.0000000000
135479  37.577  38.699  10.659 0.0000000000
135483  37.997  38.448  11.116 0.0000000000
135484  37.492  38.372  10.597 0.0000000000
135485  37.127  38.353  9.852 0.0000000000
135486  36.715  38.454  9.227 0.0000000000
135487  36.267  38.654  8.905 0.0000000000
135497  36.842  38.070  8.989 0.0000000000
135498  36.516  38.163  8.465 0.0000000000
135499  35.865  38.566  8.300 0.0000000000
135500  35.238  38.691  7.937 0.0000000000
135514  36.190  38.046  7.917 0.0000000000
135515  35.646  38.162  7.633 0.0000000000
135516  34.759  38.405  7.300 0.0000000000
135517  33.871  38.625  7.060 0.0000000000
135518  33.179  38.727  6.946 0.0000000000
135530  34.213  38.078  6.753 0.0000000000
135531  33.525  38.161  6.607 0.0000000000
135532  32.549  38.371  6.489 0.0000000000
135533  31.714  38.509  6.403 0.0000000000
135547  31.845  38.039  6.145 0.0000000000
135548  31.118  38.339  5.815 0.0000000000
135549  30.576  38.748  5.449 0.0000000000
135566  30.647  38.329  5.108 0.0000000000
135567  30.371  38.844  4.734 0.0000000000
135584  30.693  38.681  3.266 0.0000000000
135585  30.325  39.201  3.906 0.0000000000
135601  33.031  38.577  1.598 0.0000000000
135602  32.170  38.574  1.836 0.0000000000
135603  31.318  39.068  2.510 0.0000000000
135611  32.594  38.325  1.621 0.0000000000
135612  32.380  38.334  1.687 0.0000000000
136383  46.584  40.034  18.208 0.0000000000
136384  46.075  39.721  17.931 0.0000000000
136385  45.494  39.657  17.520 0.0000000000
136395  46.387  40.269  17.588 0.0000000000
136396  45.878  40.202  17.160 0.0000000000
136397  44.993  39.844  16.950 0.0000000000
136398  44.220  39.779  16.619 0.0000000000
136407  45.357  40.445  16.651 0.0000000000
136408  44.545  40.353  16.344 0.0000000000
136409  43.650  39.904  16.113 0.0000000000
136418  43.795  40.480  15.961 0.0000000000
136419  42.878  40.141  15.530 0.0000000000
136425  42.207  40.074  14.887 0.0000000000
136426  41.966  39.867  14.170 0.0000000000
136429  41.537  39.678  13.513 0.0000000000
136430  41.011  39.554  12.820 0.0000000000
136431  40.454  39.745  12.395 0.0000000000
136432  39.760  39.791  12.163 0.0000000000
136433  39.016  39.777  12.050 0.0000000000
136434  38.340  39.794  11.981 0.0000000000
136437  40.534  39.295  12.300 0.0000000000
136438  39.998  39.329  11.988 0.0000000000
136439  39.219  39.294  11.714 0.0000000000
136440  38.552  39.421  11.535 0.0000000000
136441  37.732  39.559  11.480 0.0000000000
136442  36.880  39.579  11.182 0.0000000000
136443  36.163  39.693  11.051 0.0000000000
136446  38.589  39.059  11.309 0.0000000000
136447  38.062  39.114  10.999 0.0000000000
136448  37.275  39.096  10.621 0.0000000000
136449  36.583  39.249  10.434 0.0000000000
136450  35.711  39.519  10.373 0.0000000000
136451  35.027  39.678  10.005 0.0000000000
136453  36.857  38.770  9.915 0.0000000000
136454  36.347  38.975  9.629 0.0000000000
136455  35.601  39.138  9.258 0.0000000000
136456  34.637  39.548  9.285 0.0000000000
136457  33.978  39.668  8.963 0.0000000000
136462  35.196  39.038  8.554 0.0000000000
136463  34.517  39.182  8.237 0.0000000000
136464  33.536  39.527  8.362 0.0000000000
136465  32.739  39.595  8.104 0.0000000000
136466  32.032  39.665  8.002 0.0000000000
136475  34.042  39.049  7.627 0.0000000000
136476  33.332  39.148  7.536 0.0000000000
136477  32.491  39.180  7.295 0.0000000000
136478  31.506  39.482  7.426 0.0000000000
136479  30.804  39.566  7.114 0.0000000000
136487  31.908  38.936  6.818 0.0000000000
136488  31.187  39.059  6.564 0.0000000000
136489  30.438  39.465  6.488 0.0000000000
136501  30.693  38.982  5.984 0.0000000000
136502  30.184  39.360  5.564 0.0000000000
136514  30.000  39.629  4.612 0.0000000000
136522  30.758  39.732  3.133 0.0000000000
136523  30.208  39.940  3.863 0.0000000000
136533  33.794  39.396  1.811 0.0000000000
136534  32.853  39.496  1.813 0.0000000000
136535  32.007  39.639  2.104 0.0000000000
136536  31.427  39.905  2.533 0.0000000000
137366  46.743  40.534  18.219 0.0000000000
137367  46.643  40.644  17.649 0.0000000000
137375  46.421  40.711  17.132 0.0000000000
137376  45.949  40.829  16.628 0.0000000000
137385  45.224  40.931  16.242 0.0000000000
137386  44.413  40.930  15.916 0.0000000000
137396  43.525  40.837  15.668 0.0000000000
137397  42.594  40.658  15.267 0.0000000000
137398  42.158  40.666  14.793 0.0000000000
137407  42.046  40.315  14.633 0.0000000000
137408  41.776  40.352  14.021 0.0000000000
137420  41.327  40.034  13.306 0.0000000000
137421  40.844  40.131  12.928 0.0000000000
137422  40.168  40.224  12.698 0.0000000000
137423  39.391  40.205  12.624 0.0000000000
137424  38.564  40.160  12.590 0.0000000000
137516  36.855  40.247  2.739 0.0000000000
137517  32.359  41.087  2.470 0.0000000000
137518  31.368  40.724  2.788 0.0000000000
137519  30.515  40.648  3.456 0.0000000000
137525  36.284  39.932  2.490 0.0000000000
137526  35.434  40.041  2.273 0.0000000000
137527  34.524  40.181  2.107 0.0000000000
137528  33.575  40.296  2.023 0.0000000000
137529  32.651  40.357  2.115 0.0000000000
137530  31.926  40.353  2.356 0.0000000000
138372  46.783  41.103  18.365 0.0000000000
138378  46.832  41.223  17.645 0.0000000000
138379  46.692  41.069  17.245 0.0000000000
138384  46.750  41.453  17.157 0.0000000000
138385  46.477  41.359  16.801 0.0000000000
138386  45.803  41.548  16.258 0.0000000000
138394  44.982  41.528  15.873 0.0000000000
138395  44.124  41.475  15.643 0.0000000000
138396  43.386  41.680  15.459 0.0000000000
138406  43.284  41.146  15.485 0.0000000000
138407  42.697  41.106  15.167 0.0000000000
138466  44.643  41.855  8.032 0.0000000000
138550  37.024  40.989  2.935 0.0000000000
138551  36.064  41.490  2.877 0.0000000000
138552  35.094  41.721  2.845 0.0000000000
138553  34.107  41.846  2.810 0.0000000000
138560  36.565  40.472  2.704 0.0000000000
138561  36.113  40.664  2.591 0.0000000000
138562  35.268  40.903  2.434 0.0000000000
138563  34.320  41.067  2.334 0.0000000000
138564  33.336  41.139  2.337 0.0000000000
139372  46.573  41.784  18.439 0.0000000000
139392  46.836  41.926  17.857 0.0000000000
139393  46.420  42.820  18.094 0.0000000000
139407  46.832  41.882  17.231 0.0000000000
139408  46.770  42.597  17.337 0.0000000000
139412  46.688  41.744  16.934 0.0000000000
139413  46.367  42.284  16.691 0.0000000000
139414  45.224  42.491  15.972 0.0000000000
139423  44.692  41.955  15.705 0.0000000000
139424  44.196  42.406  15.648 0.0000000000
139480  48.075  42.768  10.621 0.0000000000
139481  46.971  42.715  10.536 0.0000000000
139482  45.922  42.773  10.373 0.0000000000
139483  45.355  42.828  10.274 0.0000000000
139493  47.450  42.341  9.818 0.0000000000
139494  46.348  42.390  9.723 0.0000000000
139495  45.186  42.587  9.689 0.0000000000
139496  44.036  42.662  9.354 0.0000000000
139497  43.441  42.751  9.254 0.0000000000
139509  46.827  42.039  8.968 0.0000000000
139510  45.724  42.119  8.865 0.0000000000
139511  44.525  42.168  8.577 0.0000000000
139512  43.280  42.522  8.643 0.0000000000
139513  42.155  42.765  8.222 0.0000000000
139514  41.595  42.985  8.036 0.0000000000
139521  44.354  41.893  7.997 0.0000000000
139522  43.769  41.992  7.900 0.0000000000
139523  42.648  42.188  7.503 0.0000000000
139524  41.503  42.784  7.416 0.0000000000
139525  40.913  43.028  7.052 0.0000000000
139533  40.871  42.778  6.381 0.0000000000
139534  40.262  42.961  5.844 0.0000000000
139547  39.604  42.866  4.943 0.0000000000
139563  37.863  42.642  3.885 0.0000000000
139564  36.834  42.916  3.909 0.0000000000
139565  35.826  43.116  3.954 0.0000000000
139583  37.970  41.770  3.450 0.0000000000
139584  36.955  42.095  3.319 0.0000000000
139585  35.934  42.358  3.341 0.0000000000
139586  34.934  42.495  3.376 0.0000000000
140322  46.483  43.345  17.388 0.0000000000
140330  46.476  42.989  16.961 0.0000000000
140331  45.827  43.511  16.752 0.0000000000
140378  48.651  44.702  12.144 0.0000000000
140379  48.224  44.650  12.288 0.0000000000
140392  50.495  44.222  10.680 0.0000000000
140393  49.901  44.144  11.238 0.0000000000
140394  49.139  44.053  11.734 0.0000000000
140395  48.120  44.108  11.992 0.0000000000
140396  46.989  43.931  11.777 0.0000000000
140397  45.863  43.883  11.594 0.0000000000
140398  44.773  43.985  11.413 0.0000000000
140399  44.175  44.074  11.347 0.0000000000
140409  51.451  43.990  9.635 0.0000000000
140410  50.996  43.780  10.205 0.0000000000
140411  50.399  43.599  10.698 0.0000000000
140412  49.631  43.458  11.106 0.0000000000
140413  48.658  43.371  11.303 0.0000000000
140414  47.563  43.292  11.283 0.0000000000
140415  46.434  43.256  11.087 0.0000000000
140416  45.240  43.242  10.752 0.0000000000
140417  43.983  43.610  10.838 0.0000000000
140418  42.818  43.752  10.489 0.0000000000
140419  42.231  43.909  10.360 0.0000000000
140425  52.192  43.914  8.502 0.0000000000
140426  51.804  43.656  9.027 0.0000000000
140428  45.064  42.870  10.223 0.0000000000
140429  44.470  42.971  10.123 0.0000000000
140430  43.305  43.086  9.791 0.0000000000
140431  42.077  43.594  9.772 0.0000000000
140432  41.024  43.931  9.321 0.0000000000
140438  52.422  43.772  7.828 0.0000000000
140439  52.128  43.412  8.371 0.0000000000
140440  43.141  42.806  9.199 0.0000000000
140441  42.554  42.975  9.055 0.0000000000
140442  41.459  43.317  8.565 0.0000000000
140443  40.427  44.013  8.493 0.0000000000
140448  52.561  43.756  6.998 0.0000000000
140449  41.309  43.113  7.897 0.0000000000
140450  40.738  43.392  7.522 0.0000000000
140451  39.762  44.164  7.448 0.0000000000
140457  52.737  43.790  6.119 0.0000000000
140458  40.611  43.161  6.842 0.0000000000
140459  40.005  43.430  6.357 0.0000000000
140460  38.906  44.076  6.234 0.0000000000
140466  52.930  43.827  5.266 0.0000000000
140467  39.840  43.063  5.479 0.0000000000
140468  38.983  43.380  5.116 0.0000000000
140469  37.856  43.940  5.342 0.0000000000
140481  53.138  43.841  4.443 0.0000000000
140482  38.461  43.004  4.361 0.0000000000
140483  37.783  43.337  4.495 0.0000000000
140484  36.798  43.649  4.588 0.0000000000
140503  53.301  43.878  3.597 0.0000000000
141351  50.453  44.569  10.549 0.0000000000
141352  49.980  44.839  10.923 0.0000000000
141353  49.335  44.817  11.687 0.0000000000
141354  47.968  44.631  12.310 0.0000000000
141355  47.415  44.613  12.287 0.0000000000
141356  46.393  44.570  12.238 0.0000000000
141357  45.284  44.593  12.056 0.0000000000
141369  51.385  44.376  9.535 0.0000000000
141371  50.404  44.795  10.460 0.0000000000
141372  43.873  44.123  11.289 0.0000000000
141373  43.275  44.216  11.136 0.0000000000
141374  42.128  44.466  10.764 0.0000000000
141384  52.165  44.253  8.447 0.0000000000
141385  51.787  44.356  8.931 0.0000000000
141387  41.948  43.995  10.276 0.0000000000
141388  41.440  44.189  10.050 0.0000000000
141396  52.392  44.210  8.015 0.0000000000
141397  52.191  44.584  8.181 0.0000000000
141406  52.571  44.237  7.231 0.0000000000
141407  52.430  44.562  7.623 0.0000000000
141415  52.776  44.223  6.337 0.0000000000
141422  53.248  44.533  4.856 0.0000000000
141423  53.015  44.283  5.437 0.0000000000
141432  53.423  44.664  4.251 0.0000000000
141433  53.245  44.242  4.714 0.0000000000
141451  53.624  44.762  3.412 0.0000000000
141452  53.432  44.302  3.957 0.0000000000
141475  53.560  44.330  3.244 0.0000000000
142404  52.528  44.688  7.093 0.0000000000
142417  52.657  44.574  6.557 0.0000000000
135417  45.560  39.380  17.952 0.0000000000
136374  46.347  39.531  18.562 0.0000000000
135429  44.365  39.509  17.004 0.0000000000
136382  46.711  40.020  18.656 0.0000000000
142433  53.131  44.620  5.149 0.0000000000
130335  37.065  33.478  23.673 0.0000000000
131317  36.816  34.115  23.780 0.0000000000
131327  36.768  34.592  23.126 0.0000000000
131328  36.637  34.842  23.529 0.0000000000
131336  36.777  35.022  22.224 0.0000000000
132376  36.717  35.246  23.186 0.0000000000
132385  36.875  35.786  22.680 0.0000000000
132386  37.002  36.457  22.948 0.0000000000
132394  37.385  36.254  21.593 0.0000000000
133344  37.481  37.255  23.160 0.0000000000
133352  44.534  37.134  22.221 0.0000000000
133353  44.326  36.986  22.090 0.0000000000
133354  37.513  36.969  22.541 0.0000000000
133355  37.160  36.789  22.892 0.0000000000
133362  45.049  37.285  21.677 0.0000000000
133363  44.722  37.092  21.806 0.0000000000
133364  44.008  36.804  21.645 0.0000000000
133365  43.095  36.743  21.445 0.0000000000
133366  42.094  36.811  21.291 0.0000000000
133367  41.039  37.001  21.119 0.0000000000
133368  39.943  37.259  21.019 0.0000000000
133369  38.661  37.133  21.252 0.0000000000
133383  39.357  36.946  20.524 0.0000000000
133384  38.825  36.888  20.648 0.0000000000
134326  44.777  37.980  23.800 0.0000000000
134342  45.477  38.043  22.394 0.0000000000
134343  45.032  37.796  22.895 0.0000000000
134344  44.466  37.604  23.398 0.0000000000
134345  43.634  37.462  23.782 0.0000000000
134346  42.590  37.498  23.897 0.0000000000
134347  41.483  37.715  23.818 0.0000000000
134348  40.336  37.912  23.659 0.0000000000
134349  39.168  38.017  23.468 0.0000000000
134350  38.022  37.659  23.349 0.0000000000
134351  37.450  37.341  23.584 0.0000000000
134360  45.266  37.646  22.129 0.0000000000
134361  44.800  37.386  22.413 0.0000000000
134362  44.105  37.185  22.646 0.0000000000
134363  43.116  37.225  22.928 0.0000000000
134364  42.086  37.473  22.893 0.0000000000
134365  40.990  37.701  22.760 0.0000000000
134366  39.876  37.844  22.599 0.0000000000
134367  38.730  37.719  22.405 0.0000000000
134378  45.074  37.355  21.903 0.0000000000
134379  44.020  36.927  22.132 0.0000000000
134380  43.510  36.934  22.148 0.0000000000
134381  42.588  37.054  22.096 0.0000000000
134382  41.563  37.282  21.958 0.0000000000
134383  40.500  37.481  21.820 0.0000000000
134384  39.533  37.593  21.740 0.0000000000
135345  45.286  38.604  23.347 0.0000000000
135346  44.946  38.389  23.904 0.0000000000
135356  45.567  38.495  22.637 0.0000000000
135357  45.199  38.191  23.183 0.0000000000
136323  45.517  38.856  22.921 0.0000000000
136336  45.947  38.944  22.182 0.0000000000
136337  45.601  39.118  22.684 0.0000000000
137310  45.736  39.226  22.302 0.0000000000
