#!ascii label, from subject  
49
90365 41.054489 2.976388 -1.028404 0.000000
90382 41.650444 3.099830 -2.057641 0.000000
90383 41.034668 2.961657 -1.685489 0.000000
90399 41.384960 3.018803 -2.842263 0.000000
90412 41.241180 2.491382 -4.223112 0.000000
91819 41.646843 3.417710 -0.930756 0.000000
91820 41.164051 3.227736 -0.831894 0.000000
91833 42.516647 3.547523 -1.786972 0.000000
91834 41.931873 3.394803 -1.457434 0.000000
91835 41.371880 3.046951 -1.116971 0.000000
91850 43.287453 3.428407 -3.196482 0.000000
91851 42.795834 3.516539 -2.569791 0.000000
91852 42.001244 3.225211 -2.637117 0.000000
91865 43.440681 3.052727 -4.268886 0.000000
91866 42.280090 2.993375 -3.821495 0.000000
91867 41.745850 3.000184 -3.422468 0.000000
93093 41.718002 3.759243 -0.822871 0.000000
93107 43.280121 4.038091 -2.052709 0.000000
93108 42.715031 3.814219 -1.640630 0.000000
93109 42.266460 3.773112 -1.113635 0.000000
93121 44.075611 3.924202 -3.427040 0.000000
93122 43.469265 3.733623 -2.931323 0.000000
93123 43.133148 3.740349 -2.184702 0.000000
93133 45.458977 3.129579 -5.128263 0.000000
93134 44.415867 3.392675 -4.385601 0.000000
93135 43.922440 3.543437 -3.706036 0.000000
94347 43.375980 4.347085 -1.958497 0.000000
94348 43.071915 4.375074 -1.637581 0.000000
94349 42.395302 4.348723 -1.067132 0.000000
94366 44.109428 4.276553 -3.238202 0.000000
94367 43.676823 4.356978 -2.538636 0.000000
94381 45.332298 3.749245 -4.752516 0.000000
94382 44.651859 4.146160 -4.160801 0.000000
94398 45.692566 3.929568 -5.009522 0.000000
94399 44.870033 4.725690 -4.401080 0.000000
95635 43.386745 4.678442 -1.933046 0.000000
95636 42.932674 5.152881 -1.710507 0.000000
95653 44.021416 4.744614 -3.107363 0.000000
95654 43.471985 5.266778 -2.418687 0.000000
95668 44.244545 5.215517 -3.732160 0.000000
95669 43.872608 5.301927 -3.029923 0.000000
95687 46.165672 4.486950 -5.404614 0.000000
95688 45.100216 5.138915 -4.989211 0.000000
95689 44.593258 5.248892 -4.343476 0.000000
95708 46.366280 5.041741 -5.813116 0.000000
95709 45.679810 5.198601 -5.465821 0.000000
97023 43.827942 5.634271 -3.844820 0.000000
97024 43.338356 5.948799 -3.335027 0.000000
97040 44.584679 5.619071 -5.239519 0.000000
