#!ascii label, from subject  
163
76463 40.384220 -9.298823 -0.479329 0.000000
76464 39.632866 -9.073741 0.000735 0.000000
76465 38.765396 -8.751460 0.624968 0.000000
76466 37.858570 -8.667238 1.385499 0.000000
76467 37.000477 -8.552694 1.974941 0.000000
76468 36.092495 -8.506463 2.376402 0.000000
76486 41.090622 -9.243100 -0.991600 0.000000
76487 40.278999 -8.848381 -0.604880 0.000000
76488 39.451439 -8.468554 -0.209022 0.000000
76489 38.789669 -8.086526 0.134330 0.000000
77736 38.163212 -8.004609 0.767200 0.000000
77737 37.418114 -7.812740 1.483249 0.000000
77738 36.465294 -7.544759 2.035881 0.000000
77739 35.465157 -7.693071 2.432793 0.000000
77753 41.870438 -9.091693 -1.599199 0.000000
77754 41.001167 -8.693809 -1.279322 0.000000
77755 40.063923 -8.238038 -1.054763 0.000000
77756 39.150146 -7.702572 -0.764350 0.000000
77757 38.452843 -7.401397 0.008962 0.000000
77758 37.745720 -7.199893 0.691875 0.000000
77759 37.049316 -6.970194 1.336746 0.000000
77769 42.868298 -9.177677 -2.222759 0.000000
77770 41.843849 -8.590487 -1.981848 0.000000
77771 40.823380 -8.034010 -1.839895 0.000000
77772 39.789795 -7.467666 -1.860491 0.000000
77773 39.153168 -7.067284 -1.489977 0.000000
77789 44.258575 -9.381402 -2.721546 0.000000
77790 42.864170 -8.500964 -2.771532 0.000000
77791 41.530571 -7.964736 -2.741684 0.000000
77792 40.611267 -7.384439 -2.629514 0.000000
77793 40.119736 -6.844342 -2.333281 0.000000
77807 45.818943 -9.462387 -3.217644 0.000000
77808 44.174065 -8.553062 -3.537055 0.000000
77809 42.972725 -8.020226 -3.629427 0.000000
77814 48.316143 -9.275283 -4.258069 0.000000
77815 47.056061 -9.254261 -4.087626 0.000000
77816 45.447929 -8.580462 -4.388286 0.000000
77817 44.326515 -7.979124 -4.471988 0.000000
79109 36.374748 -6.619229 1.626271 0.000000
79110 35.660297 -6.829609 2.088327 0.000000
79111 34.771690 -7.019167 2.312771 0.000000
79122 38.707527 -6.907808 -0.884093 0.000000
79123 38.160023 -6.480619 -0.199759 0.000000
79124 37.398003 -6.406116 0.590006 0.000000
79125 36.845856 -6.324272 1.122140 0.000000
79137 39.534870 -6.655258 -2.012640 0.000000
79138 38.965076 -6.434570 -1.663579 0.000000
79139 38.630722 -6.173642 -1.123817 0.000000
79160 42.192657 -7.829131 -3.361075 0.000000
79161 41.534271 -7.203135 -3.200048 0.000000
79162 40.802971 -6.462090 -2.827275 0.000000
79163 40.099880 -6.126396 -2.378465 0.000000
79176 48.767937 -8.077067 -4.706083 0.000000
79177 43.492096 -7.820899 -4.135585 0.000000
79178 42.588936 -7.229238 -3.949737 0.000000
79179 41.898346 -6.254545 -3.459441 0.000000
79180 41.147739 -5.785379 -3.133562 0.000000
79184 48.711746 -8.696122 -4.550077 0.000000
79185 47.833660 -8.390018 -4.872689 0.000000
79186 46.368298 -8.127756 -5.073230 0.000000
79187 44.972046 -7.603239 -5.165532 0.000000
79188 43.683872 -7.163162 -4.811778 0.000000
79189 42.881145 -6.219114 -4.442812 0.000000
79190 42.304504 -5.648461 -3.950522 0.000000
79194 44.418781 -6.827384 -5.317786 0.000000
79195 43.773331 -6.247197 -5.183090 0.000000
79196 43.400204 -5.661466 -4.783184 0.000000
80471 36.403923 -6.108236 1.137378 0.000000
80472 35.796421 -6.166569 1.481937 0.000000
80473 34.988319 -6.325761 1.748054 0.000000
80474 34.129890 -6.499726 1.867015 0.000000
80481 38.752026 -5.510737 -1.645160 0.000000
80482 38.425770 -5.708248 -0.977395 0.000000
80483 37.713394 -5.873331 -0.290436 0.000000
80484 36.908241 -5.856253 0.377735 0.000000
80485 36.049458 -5.815068 0.614357 0.000000
80486 35.211483 -5.877095 0.907813 0.000000
80487 34.376652 -6.040146 1.090727 0.000000
80488 33.598183 -6.199411 1.155791 0.000000
80501 39.593658 -5.769654 -2.117467 0.000000
80502 38.961063 -5.718413 -1.819047 0.000000
80503 38.643761 -5.794212 -1.395937 0.000000
80523 40.550446 -5.558153 -2.900299 0.000000
80524 40.082424 -5.451254 -2.544953 0.000000
80536 41.684830 -5.373099 -3.500697 0.000000
80537 41.081539 -5.261096 -3.199509 0.000000
80543 45.008835 -6.929439 -5.481134 0.000000
80544 42.833092 -5.281656 -4.377087 0.000000
80545 42.240616 -5.158506 -3.968092 0.000000
81815 40.162327 -4.527360 -2.355747 0.000000
81816 39.427895 -4.992743 -2.029049 0.000000
81817 38.773907 -5.193768 -1.756765 0.000000
81818 38.169514 -5.332275 -1.155464 0.000000
81819 37.415634 -5.419233 -0.662301 0.000000
81820 36.442570 -5.403266 -0.648108 0.000000
81821 35.449081 -5.617938 -0.184088 0.000000
81822 34.573380 -5.728428 0.066485 0.000000
81823 33.793732 -5.837255 0.288572 0.000000
81838 40.106525 -4.866872 -2.497171 0.000000
81839 39.585350 -5.156785 -2.175320 0.000000
81840 36.072422 -5.187893 -1.547182 0.000000
81841 35.570637 -5.382486 -1.410593 0.000000
81842 34.756447 -5.449545 -1.216303 0.000000
81843 33.883541 -5.342499 -0.908617 0.000000
81867 40.402115 -4.969214 -2.777871 0.000000
83164 40.343651 -4.340624 -2.381217 0.000000
83165 39.635105 -4.597824 -2.170144 0.000000
83166 38.876595 -4.703832 -1.907287 0.000000
83167 37.970436 -4.934851 -1.453416 0.000000
83168 37.215439 -5.026088 -1.218771 0.000000
83175 38.471592 -4.388475 -2.213948 0.000000
83176 37.526932 -4.655208 -1.956093 0.000000
83177 36.559570 -4.877524 -1.856140 0.000000
83178 35.670044 -4.716620 -1.940564 0.000000
83179 34.985695 -4.941225 -2.126578 0.000000
83180 34.158279 -4.482671 -2.024642 0.000000
83200 37.798351 -4.090213 -2.348263 0.000000
83201 36.960934 -4.068408 -2.246294 0.000000
83202 35.967098 -3.959033 -2.552291 0.000000
83203 35.257957 -4.195958 -2.778957 0.000000
83204 34.543610 -4.118333 -2.354586 0.000000
83205 34.259937 -4.134544 -2.255610 0.000000
83229 35.802837 -3.851841 -3.026416 0.000000
83230 35.601921 -3.919472 -2.890282 0.000000
84580 39.277958 -4.251398 -2.323291 0.000000
84611 37.350025 -3.551584 -2.691431 0.000000
84612 36.596733 -3.713765 -2.937581 0.000000
84613 35.218365 -3.276802 -2.955016 0.000000
84614 34.549805 -3.135787 -2.667841 0.000000
84615 34.225548 -3.772928 -2.346750 0.000000
84628 36.778130 -2.888618 -3.278034 0.000000
84629 36.093407 -3.565836 -3.265405 0.000000
84630 35.584503 -3.750698 -3.090128 0.000000
86020 35.710159 -1.500488 -3.236179 0.000000
86021 35.060013 -1.883121 -2.926279 0.000000
86038 36.699551 -2.623942 -3.683544 0.000000
86039 36.227089 -2.403381 -3.504554 0.000000
86040 35.638920 -3.041009 -3.166739 0.000000
86056 36.618202 -2.089687 -3.685848 0.000000
87461 36.184929 -1.311090 -3.395178 0.000000
87477 36.431568 -1.870885 -3.602122 0.000000
73752 40.828857 -9.821982 -0.754468 0.000000
73753 40.293922 -9.870566 -0.463273 0.000000
73754 39.373257 -9.836630 0.233205 0.000000
73755 38.617786 -9.876331 0.881537 0.000000
73756 37.871613 -9.950959 1.465410 0.000000
73757 37.077728 -10.013900 1.883190 0.000000
75177 40.987488 -9.492745 -0.875247 0.000000
75178 40.694607 -9.639172 -0.647556 0.000000
75179 39.882545 -9.539509 -0.120427 0.000000
75180 39.074528 -9.435486 0.515199 0.000000
75181 38.296230 -9.375269 1.211740 0.000000
75182 37.464272 -9.354470 1.779967 0.000000
75183 36.612759 -9.330584 2.176466 0.000000
75208 41.480038 -9.677219 -1.219481 0.000000
75209 41.055965 -9.775460 -0.914753 0.000000
76462 40.785095 -9.414054 -0.705643 0.000000
75206 42.904114 -9.792696 -2.113958 0.000000
75207 42.331863 -9.707397 -1.757666 0.000000
76484 42.554317 -9.622945 -1.939928 0.000000
76485 41.961353 -9.453205 -1.531796 0.000000
76506 43.275833 -9.704152 -2.277233 0.000000
77752 42.483253 -9.386971 -1.889544 0.000000
