#!ascii label  , from subject colin27 vox2ras=TkReg coords=white
1266
65577  27.834  -15.972  25.496 0.0000000000
65591  27.827  -15.955  24.150 0.0000000000
66882  28.391  -15.317  26.374 0.0000000000
66901  28.737  -14.718  26.125 0.0000000000
66902  28.435  -15.236  25.621 0.0000000000
66921  28.659  -14.767  25.403 0.0000000000
66922  28.390  -15.225  24.749 0.0000000000
66947  28.244  -15.358  23.696 0.0000000000
68301  28.974  -14.249  25.724 0.0000000000
68322  28.830  -14.279  24.816 0.0000000000
68323  28.564  -14.774  24.079 0.0000000000
68347  28.817  -14.143  23.804 0.0000000000
68348  28.512  -14.787  23.303 0.0000000000
68366  28.715  -14.193  22.870 0.0000000000
68367  28.530  -14.824  22.603 0.0000000000
69644  29.583  -13.561  25.532 0.0000000000
69657  29.998  -12.870  24.935 0.0000000000
69658  29.357  -13.345  24.325 0.0000000000
69673  29.076  -13.449  23.363 0.0000000000
69684  29.070  -13.452  22.304 0.0000000000
70940  30.075  -12.331  23.965 0.0000000000
70941  29.431  -12.942  23.707 0.0000000000
70953  29.865  -12.080  22.776 0.0000000000
70954  29.394  -12.748  23.091 0.0000000000
70961  29.814  -12.108  21.795 0.0000000000
70962  29.477  -12.633  22.291 0.0000000000
70970  29.928  -12.395  20.874 0.0000000000
70971  29.474  -12.922  21.506 0.0000000000
72177  30.521  -11.566  23.173 0.0000000000
72183  30.950  -10.969  22.681 0.0000000000
72184  30.318  -11.440  22.228 0.0000000000
72191  30.891  -10.827  21.694 0.0000000000
72192  30.378  -11.562  21.183 0.0000000000
72202  32.137  -10.558  20.176 0.0000000000
72203  31.309  -11.071  20.342 0.0000000000
72204  30.561  -12.007  20.402 0.0000000000
73541  41.461  -9.296  24.064 0.0000000000
73542  40.623  -9.270  23.887 0.0000000000
73543  39.975  -9.154  23.768 0.0000000000
73555  32.157  -9.925  22.224 0.0000000000
73556  31.503  -10.431  22.389 0.0000000000
73567  32.347  -9.782  21.328 0.0000000000
73568  31.607  -10.262  21.419 0.0000000000
73581  32.810  -9.938  20.365 0.0000000000
73582  31.986  -10.247  20.679 0.0000000000
74879  43.772  -9.020  25.497 0.0000000000
74899  43.664  -8.566  24.572 0.0000000000
74900  42.787  -9.119  24.713 0.0000000000
74901  42.073  -9.222  24.296 0.0000000000
74922  43.588  -8.233  24.063 0.0000000000
74923  43.065  -8.552  23.943 0.0000000000
74924  42.081  -8.761  23.549 0.0000000000
74925  40.980  -8.944  23.361 0.0000000000
74926  40.126  -8.952  23.317 0.0000000000
74927  39.365  -8.958  23.478 0.0000000000
74928  38.216  -8.866  23.485 0.0000000000
74929  37.083  -8.859  23.509 0.0000000000
74930  36.008  -8.976  23.553 0.0000000000
74931  34.983  -9.206  23.599 0.0000000000
74932  34.031  -9.474  23.575 0.0000000000
74946  41.842  -8.364  22.901 0.0000000000
74947  41.182  -8.420  22.678 0.0000000000
74948  40.259  -8.610  22.703 0.0000000000
74949  39.368  -8.648  22.619 0.0000000000
74950  38.362  -8.642  22.550 0.0000000000
74951  37.284  -8.661  22.551 0.0000000000
74952  36.238  -8.758  22.594 0.0000000000
74953  35.230  -8.896  22.676 0.0000000000
74954  34.282  -9.111  22.759 0.0000000000
74955  33.441  -9.416  22.812 0.0000000000
74968  40.808  -8.042  22.131 0.0000000000
74969  40.293  -8.221  22.095 0.0000000000
74970  39.504  -8.362  21.987 0.0000000000
74971  38.433  -8.313  21.528 0.0000000000
74972  37.326  -8.500  21.516 0.0000000000
74973  36.331  -8.705  21.557 0.0000000000
74974  35.391  -8.867  21.674 0.0000000000
74975  34.465  -9.017  21.814 0.0000000000
74976  33.616  -9.234  21.974 0.0000000000
74977  32.873  -9.551  22.094 0.0000000000
74988  38.016  -8.171  20.783 0.0000000000
74989  37.281  -8.423  20.408 0.0000000000
74990  36.276  -8.857  20.382 0.0000000000
74991  35.455  -9.058  20.647 0.0000000000
74992  34.595  -9.174  20.825 0.0000000000
74993  33.702  -9.297  21.027 0.0000000000
74994  33.029  -9.454  21.337 0.0000000000
76241  46.062  -7.854  26.127 0.0000000000
76254  45.980  -7.703  25.711 0.0000000000
76255  45.236  -8.118  25.648 0.0000000000
76256  44.442  -8.589  25.538 0.0000000000
76269  45.040  -7.736  24.679 0.0000000000
76270  44.412  -8.355  25.012 0.0000000000
76282  44.943  -7.463  24.202 0.0000000000
76283  44.263  -7.853  24.174 0.0000000000
76284  43.375  -7.867  23.463 0.0000000000
76285  42.728  -8.319  23.429 0.0000000000
76299  43.101  -7.527  22.915 0.0000000000
76300  42.368  -7.926  22.753 0.0000000000
76301  41.695  -8.163  22.619 0.0000000000
76314  41.957  -7.511  22.081 0.0000000000
76315  41.373  -7.798  22.104 0.0000000000
76316  40.396  -7.680  21.518 0.0000000000
76317  39.546  -7.977  21.479 0.0000000000
76318  39.017  -8.141  21.434 0.0000000000
76331  40.039  -7.346  20.973 0.0000000000
76332  39.538  -7.570  20.984 0.0000000000
76333  38.555  -7.841  20.651 0.0000000000
76334  37.833  -8.140  20.441 0.0000000000
76346  37.526  -8.157  19.827 0.0000000000
77501  49.244  -7.014  27.613 0.0000000000
77502  48.600  -7.069  27.030 0.0000000000
77503  47.676  -7.285  26.719 0.0000000000
77504  46.839  -7.536  26.409 0.0000000000
77517  48.325  -7.012  26.299 0.0000000000
77518  47.653  -7.125  25.881 0.0000000000
77519  46.651  -7.382  25.681 0.0000000000
77520  46.044  -7.506  25.388 0.0000000000
77531  47.328  -6.987  25.304 0.0000000000
77532  46.672  -7.044  24.987 0.0000000000
77533  45.802  -7.401  24.892 0.0000000000
77543  46.312  -6.897  24.469 0.0000000000
77544  45.593  -7.083  24.197 0.0000000000
77545  44.904  -7.135  23.729 0.0000000000
77546  44.172  -7.354  23.497 0.0000000000
77558  44.560  -6.895  23.190 0.0000000000
77559  43.776  -6.953  22.800 0.0000000000
77560  42.963  -7.288  22.557 0.0000000000
77573  43.186  -6.813  22.221 0.0000000000
77574  42.483  -7.122  22.021 0.0000000000
77575  41.624  -7.054  21.445 0.0000000000
77576  40.990  -7.380  21.475 0.0000000000
77587  41.355  -6.685  20.867 0.0000000000
77588  40.617  -6.920  20.755 0.0000000000
77589  39.660  -7.184  20.532 0.0000000000
77590  39.148  -7.427  20.509 0.0000000000
77602  40.339  -6.539  20.084 0.0000000000
77603  39.829  -6.751  20.051 0.0000000000
77604  38.884  -7.049  19.790 0.0000000000
78791  51.740  -6.302  28.010 0.0000000000
78792  51.117  -6.510  27.976 0.0000000000
78793  50.130  -6.835  27.924 0.0000000000
78802  51.508  -6.228  27.523 0.0000000000
78803  50.782  -6.354  27.123 0.0000000000
78804  49.668  -6.666  26.886 0.0000000000
78805  48.971  -6.759  26.340 0.0000000000
78817  50.315  -6.211  26.410 0.0000000000
78818  49.604  -6.314  25.937 0.0000000000
78819  48.640  -6.678  25.673 0.0000000000
78820  47.994  -6.792  25.264 0.0000000000
78833  49.260  -6.233  25.267 0.0000000000
78834  48.614  -6.356  24.853 0.0000000000
78835  47.644  -6.628  24.721 0.0000000000
78836  46.968  -6.644  24.404 0.0000000000
78847  48.270  -6.237  24.263 0.0000000000
78848  47.604  -6.297  24.013 0.0000000000
78849  46.608  -6.421  23.800 0.0000000000
78850  45.704  -6.615  23.499 0.0000000000
78851  45.145  -6.662  23.185 0.0000000000
78861  46.300  -6.178  23.173 0.0000000000
78862  45.705  -6.224  22.890 0.0000000000
78863  44.823  -6.344  22.643 0.0000000000
78864  44.220  -6.384  22.405 0.0000000000
78876  44.512  -6.029  22.162 0.0000000000
78877  43.824  -6.196  21.974 0.0000000000
78878  43.006  -6.469  21.676 0.0000000000
78879  42.375  -6.620  21.388 0.0000000000
78887  43.440  -5.956  21.366 0.0000000000
78888  42.857  -6.085  21.049 0.0000000000
78889  41.983  -6.298  20.742 0.0000000000
78890  41.264  -6.417  20.492 0.0000000000
78900  41.580  -5.997  20.171 0.0000000000
78901  40.864  -6.127  19.904 0.0000000000
78902  40.103  -6.296  19.607 0.0000000000
78903  39.480  -6.490  19.441 0.0000000000
80148  54.928  -5.036  30.665 0.0000000000
80160  55.027  -5.071  30.177 0.0000000000
80161  54.531  -5.421  30.001 0.0000000000
80171  54.376  -5.437  29.399 0.0000000000
80172  53.808  -5.697  29.225 0.0000000000
80181  53.455  -5.534  28.245 0.0000000000
80182  52.786  -6.002  28.576 0.0000000000
80183  52.143  -6.227  28.303 0.0000000000
80190  53.360  -5.433  27.835 0.0000000000
80191  52.988  -5.580  27.752 0.0000000000
80192  52.203  -5.997  27.720 0.0000000000
80198  52.517  -5.624  27.111 0.0000000000
80199  51.707  -5.947  26.867 0.0000000000
80200  51.007  -6.031  26.388 0.0000000000
80209  52.240  -5.514  26.442 0.0000000000
80210  51.572  -5.620  25.953 0.0000000000
80211  50.597  -5.878  25.722 0.0000000000
80212  49.915  -5.974  25.270 0.0000000000
80225  51.225  -5.502  25.314 0.0000000000
80226  50.559  -5.568  24.852 0.0000000000
80227  49.556  -5.878  24.639 0.0000000000
80228  48.896  -5.980  24.231 0.0000000000
80240  50.139  -5.437  24.208 0.0000000000
80241  49.459  -5.544  23.898 0.0000000000
80242  48.501  -5.753  23.623 0.0000000000
80243  47.539  -5.903  23.404 0.0000000000
80244  46.898  -5.927  23.152 0.0000000000
80257  48.110  -5.508  23.055 0.0000000000
80258  47.474  -5.511  22.822 0.0000000000
80259  46.558  -5.638  22.581 0.0000000000
80260  45.657  -5.784  22.341 0.0000000000
80261  45.054  -5.793  22.116 0.0000000000
80275  46.208  -5.358  22.044 0.0000000000
80276  45.610  -5.376  21.806 0.0000000000
80277  44.725  -5.509  21.593 0.0000000000
80278  43.974  -5.642  21.359 0.0000000000
80287  44.360  -5.249  21.044 0.0000000000
80288  43.628  -5.401  20.760 0.0000000000
80289  42.756  -5.653  20.431 0.0000000000
80290  42.137  -5.723  20.138 0.0000000000
80299  43.311  -5.156  20.111 0.0000000000
81515  55.462  -3.783  30.647 0.0000000000
81516  55.061  -4.375  31.019 0.0000000000
81527  55.645  -3.882  30.209 0.0000000000
81528  55.340  -4.506  30.049 0.0000000000
81529  54.997  -5.090  29.877 0.0000000000
81538  55.289  -4.486  28.915 0.0000000000
81539  54.772  -5.107  29.253 0.0000000000
81540  54.291  -5.406  29.113 0.0000000000
81554  55.223  -4.404  28.345 0.0000000000
81555  54.723  -4.717  28.140 0.0000000000
81556  54.125  -5.284  28.582 0.0000000000
81571  54.342  -4.538  27.009 0.0000000000
81572  53.630  -5.180  27.522 0.0000000000
81573  53.017  -5.414  27.263 0.0000000000
81582  54.209  -4.380  26.416 0.0000000000
81583  53.616  -4.708  26.258 0.0000000000
81584  52.927  -5.274  26.693 0.0000000000
81591  53.213  -4.559  25.182 0.0000000000
81592  52.473  -5.122  25.642 0.0000000000
81593  51.733  -5.337  25.394 0.0000000000
81603  53.118  -4.463  24.712 0.0000000000
81604  52.677  -4.646  24.661 0.0000000000
81605  51.636  -5.110  24.719 0.0000000000
81606  50.797  -5.167  24.208 0.0000000000
81617  52.124  -4.616  24.088 0.0000000000
81618  51.337  -4.747  23.797 0.0000000000
81619  50.254  -4.973  23.544 0.0000000000
81620  49.323  -5.172  23.274 0.0000000000
81621  48.689  -5.255  23.013 0.0000000000
81634  49.807  -4.778  22.968 0.0000000000
81635  49.171  -4.791  22.663 0.0000000000
81636  48.270  -5.041  22.551 0.0000000000
81637  47.426  -5.067  22.261 0.0000000000
81638  46.786  -5.106  22.013 0.0000000000
81648  48.791  -4.581  22.219 0.0000000000
81649  48.143  -4.584  21.961 0.0000000000
81650  47.314  -4.654  21.651 0.0000000000
81651  46.422  -4.908  21.547 0.0000000000
81652  45.613  -4.952  21.237 0.0000000000
81653  44.962  -4.990  20.989 0.0000000000
81660  47.001  -4.496  21.207 0.0000000000
81661  46.409  -4.485  20.936 0.0000000000
81662  45.564  -4.499  20.590 0.0000000000
81663  44.577  -4.787  20.499 0.0000000000
81664  43.905  -4.834  20.147 0.0000000000
81673  45.171  -4.323  20.089 0.0000000000
82829  55.513  -2.897  31.091 0.0000000000
82830  55.041  -3.685  31.267 0.0000000000
82845  56.053  -3.396  30.097 0.0000000000
82846  55.717  -3.931  29.969 0.0000000000
82863  56.291  -3.415  28.949 0.0000000000
82864  55.750  -3.962  29.401 0.0000000000
82881  56.177  -3.295  27.860 0.0000000000
82882  55.589  -3.970  28.271 0.0000000000
82883  55.179  -4.352  28.050 0.0000000000
82900  56.066  -3.182  27.268 0.0000000000
82901  55.564  -3.542  27.116 0.0000000000
82902  55.048  -4.202  27.471 0.0000000000
82918  55.274  -3.511  26.469 0.0000000000
82919  54.683  -3.917  26.302 0.0000000000
82920  54.118  -4.316  26.124 0.0000000000
82935  54.248  -3.746  25.104 0.0000000000
82936  53.897  -4.236  25.545 0.0000000000
82952  54.014  -3.669  24.496 0.0000000000
82953  53.374  -4.116  24.353 0.0000000000
82954  52.637  -4.411  24.067 0.0000000000
82968  53.073  -3.888  23.546 0.0000000000
82969  52.247  -4.156  23.272 0.0000000000
82970  50.873  -4.479  23.044 0.0000000000
82971  50.241  -4.634  22.988 0.0000000000
82988  51.862  -3.589  22.120 0.0000000000
82989  51.082  -4.015  22.320 0.0000000000
82990  49.986  -4.387  22.422 0.0000000000
82991  49.269  -4.471  22.234 0.0000000000
83002  51.627  -3.355  21.547 0.0000000000
83003  51.120  -3.556  21.636 0.0000000000
83004  50.248  -3.805  21.594 0.0000000000
83005  49.073  -4.169  21.683 0.0000000000
83006  47.976  -4.232  21.350 0.0000000000
83007  47.426  -4.354  21.231 0.0000000000
83015  50.182  -3.502  21.046 0.0000000000
83016  49.566  -3.618  20.972 0.0000000000
83017  48.503  -3.764  20.793 0.0000000000
83018  47.384  -4.084  20.746 0.0000000000
83019  46.458  -4.056  20.321 0.0000000000
83020  45.783  -4.060  20.042 0.0000000000
84196  55.840  -2.043  31.115 0.0000000000
84215  56.767  -1.801  30.404 0.0000000000
84216  56.419  -2.240  30.501 0.0000000000
84232  57.084  -1.928  30.004 0.0000000000
84233  56.791  -2.688  29.527 0.0000000000
84247  57.463  -2.022  28.936 0.0000000000
84248  56.836  -2.804  28.398 0.0000000000
84263  57.303  -2.332  27.901 0.0000000000
84264  56.521  -2.726  27.124 0.0000000000
84265  55.961  -3.145  26.954 0.0000000000
84281  56.209  -2.466  25.891 0.0000000000
84282  55.641  -3.097  26.302 0.0000000000
84283  55.150  -3.467  26.159 0.0000000000
84299  56.044  -2.308  25.273 0.0000000000
84300  55.497  -2.664  25.077 0.0000000000
84301  54.961  -3.348  25.555 0.0000000000
84322  55.067  -2.531  23.979 0.0000000000
84323  54.474  -3.203  24.380 0.0000000000
84324  53.877  -3.601  24.168 0.0000000000
84345  54.960  -2.401  23.433 0.0000000000
84346  54.434  -2.664  23.210 0.0000000000
84347  53.590  -3.441  23.452 0.0000000000
84348  52.943  -3.744  23.203 0.0000000000
84372  54.194  -2.493  22.551 0.0000000000
84373  53.563  -2.769  22.263 0.0000000000
84374  52.767  -3.469  22.599 0.0000000000
84393  53.090  -2.412  21.078 0.0000000000
84394  52.240  -3.033  21.393 0.0000000000
84395  51.207  -3.227  21.093 0.0000000000
84396  50.614  -3.442  21.165 0.0000000000
85635  56.595  -1.034  30.803 0.0000000000
85636  56.296  -1.414  30.947 0.0000000000
85645  56.870  -1.306  30.492 0.0000000000
85646  56.604  -1.696  30.576 0.0000000000
85654  57.454  -1.186  29.748 0.0000000000
85663  58.113  -0.635  28.611 0.0000000000
85664  57.969  -1.053  28.841 0.0000000000
85671  58.289  -0.782  28.101 0.0000000000
85672  57.903  -1.627  27.824 0.0000000000
85673  57.373  -2.125  27.159 0.0000000000
85680  58.475  -1.022  27.061 0.0000000000
85681  57.906  -1.692  26.609 0.0000000000
85682  57.016  -2.083  26.269 0.0000000000
85690  58.981  -0.713  25.483 0.0000000000
85691  58.612  -1.167  25.783 0.0000000000
85692  57.543  -1.646  25.467 0.0000000000
85693  56.540  -1.989  25.227 0.0000000000
85694  55.951  -2.194  24.851 0.0000000000
85706  58.909  -0.815  24.899 0.0000000000
85707  58.011  -1.237  24.417 0.0000000000
85708  56.950  -1.557  24.423 0.0000000000
85709  56.102  -1.868  24.286 0.0000000000
85710  55.603  -2.249  24.331 0.0000000000
85724  57.661  -1.189  23.647 0.0000000000
85725  57.174  -1.291  23.699 0.0000000000
85726  56.285  -1.437  23.346 0.0000000000
85727  55.378  -2.048  23.429 0.0000000000
85728  54.874  -2.327  23.136 0.0000000000
85745  56.011  -1.254  22.674 0.0000000000
85746  55.445  -1.487  22.397 0.0000000000
85747  54.629  -2.149  22.506 0.0000000000
85748  54.094  -2.402  22.239 0.0000000000
85761  55.178  -1.344  21.727 0.0000000000
85762  54.595  -1.613  21.449 0.0000000000
85763  53.934  -2.204  21.655 0.0000000000
85776  54.251  -1.520  20.761 0.0000000000
87043  56.737  -0.831  30.710 0.0000000000
87054  56.985  -0.386  30.424 0.0000000000
87069  57.637  -0.240  29.391 0.0000000000
87085  58.081  -0.080  28.590 0.0000000000
87086  57.985  -0.523  28.873 0.0000000000
87102  58.795  0.473  27.108 0.0000000000
87103  58.651  -0.034  27.488 0.0000000000
87120  58.950  0.233  26.568 0.0000000000
87121  58.883  -0.491  26.368 0.0000000000
87138  59.272  0.532  24.851 0.0000000000
87139  59.140  -0.050  25.388 0.0000000000
87140  58.969  -0.647  25.765 0.0000000000
87160  59.541  0.408  24.182 0.0000000000
87161  59.248  -0.358  24.153 0.0000000000
87162  58.752  -0.896  24.014 0.0000000000
87183  59.759  -0.030  23.060 0.0000000000
87184  58.989  -0.642  23.209 0.0000000000
87185  58.092  -0.984  23.329 0.0000000000
87186  57.270  -1.090  23.153 0.0000000000
87187  56.799  -1.199  23.198 0.0000000000
87202  59.929  -0.013  21.877 0.0000000000
87203  59.204  -0.419  22.220 0.0000000000
87204  58.295  -0.655  22.405 0.0000000000
87205  57.371  -0.797  22.474 0.0000000000
87206  56.467  -1.041  22.577 0.0000000000
87207  55.872  -1.165  22.343 0.0000000000
87217  60.001  -0.064  21.296 0.0000000000
87218  59.352  -0.245  21.187 0.0000000000
87219  58.420  -0.413  21.522 0.0000000000
87220  57.506  -0.476  21.665 0.0000000000
87221  56.555  -0.600  21.682 0.0000000000
87222  55.605  -1.017  21.691 0.0000000000
87223  55.035  -1.282  21.390 0.0000000000
87234  58.969  -0.146  20.573 0.0000000000
87235  58.426  -0.190  20.752 0.0000000000
87236  57.611  -0.202  20.919 0.0000000000
87237  56.762  -0.233  20.971 0.0000000000
88550  58.176  0.735  28.212 0.0000000000
88568  58.860  0.870  26.814 0.0000000000
88569  58.536  0.887  27.473 0.0000000000
88587  59.033  0.778  26.087 0.0000000000
88603  59.391  0.900  24.581 0.0000000000
88604  59.196  0.847  25.298 0.0000000000
88626  59.758  1.057  23.936 0.0000000000
88657  60.022  0.787  23.215 0.0000000000
88685  60.265  0.578  22.269 0.0000000000
88706  60.850  0.919  20.236 0.0000000000
88707  60.414  0.410  21.078 0.0000000000
88708  59.905  -0.041  20.958 0.0000000000
90093  58.854  1.283  26.452 0.0000000000
90094  58.533  1.555  26.976 0.0000000000
90101  58.918  1.528  25.860 0.0000000000
90102  58.734  1.628  26.413 0.0000000000
90110  59.381  1.233  24.296 0.0000000000
90111  59.132  1.415  24.882 0.0000000000
90121  59.506  1.550  23.850 0.0000000000
90122  59.247  1.517  24.326 0.0000000000
90137  59.976  1.452  23.218 0.0000000000
90154  60.602  1.692  21.814 0.0000000000
90155  60.344  1.274  22.465 0.0000000000
90169  60.944  1.428  20.954 0.0000000000
90170  60.672  1.049  21.769 0.0000000000
90189  61.038  1.562  19.847 0.0000000000
91578  58.755  1.998  25.866 0.0000000000
91579  58.565  2.059  26.313 0.0000000000
91588  58.779  2.040  25.363 0.0000000000
91589  58.631  2.168  25.821 0.0000000000
91598  59.419  1.883  23.734 0.0000000000
91599  59.136  1.933  24.336 0.0000000000
91615  59.721  1.913  23.303 0.0000000000
91616  59.349  2.180  23.501 0.0000000000
91632  60.462  2.072  21.835 0.0000000000
91633  60.083  2.119  22.399 0.0000000000
91634  59.624  2.223  22.976 0.0000000000
91645  60.570  2.283  21.262 0.0000000000
91646  60.288  2.277  21.747 0.0000000000
91657  60.854  2.264  20.269 0.0000000000
91672  60.952  2.291  19.245 0.0000000000
92879  58.615  2.290  25.337 0.0000000000
92880  58.428  2.432  25.677 0.0000000000
92887  58.708  2.314  24.934 0.0000000000
92888  58.386  2.677  24.703 0.0000000000
92900  58.863  2.440  23.972 0.0000000000
92901  58.359  2.856  23.621 0.0000000000
92912  59.721  2.516  22.139 0.0000000000
92913  59.088  2.682  22.563 0.0000000000
92914  58.111  3.335  22.608 0.0000000000
92924  60.316  2.673  21.113 0.0000000000
92925  59.815  2.811  21.413 0.0000000000
92926  58.846  3.527  21.404 0.0000000000
92935  60.311  2.904  20.566 0.0000000000
92936  59.674  3.509  20.411 0.0000000000
92946  60.449  3.018  19.528 0.0000000000
92958  60.853  2.760  17.944 0.0000000000
92959  60.664  3.036  18.354 0.0000000000
92975  60.452  3.459  17.532 0.0000000000
92986  60.321  3.539  16.906 0.0000000000
94142  58.252  3.839  21.712 0.0000000000
94152  58.918  4.112  20.546 0.0000000000
94153  58.375  4.642  21.047 0.0000000000
94162  59.887  3.647  19.767 0.0000000000
94163  59.306  4.216  19.805 0.0000000000
94172  59.849  4.089  18.919 0.0000000000
94173  59.555  4.189  19.388 0.0000000000
94183  60.032  4.157  18.033 0.0000000000
94196  59.999  4.277  17.321 0.0000000000
94207  59.933  4.249  16.742 0.0000000000
94215  59.749  4.278  16.302 0.0000000000
95435  58.561  5.573  20.630 0.0000000000
95444  58.915  5.247  19.880 0.0000000000
95451  59.497  4.920  18.797 0.0000000000
95452  59.337  4.917  19.218 0.0000000000
95461  59.636  5.029  18.396 0.0000000000
95472  59.754  5.181  17.752 0.0000000000
95482  59.758  5.246  17.091 0.0000000000
95483  59.619  5.629  16.748 0.0000000000
95491  59.677  4.932  16.627 0.0000000000
95492  59.474  5.315  16.330 0.0000000000
95493  59.126  5.409  15.871 0.0000000000
95494  58.719  5.676  15.635 0.0000000000
96785  58.877  6.422  20.218 0.0000000000
96793  59.539  5.602  18.795 0.0000000000
96794  59.303  6.097  19.323 0.0000000000
96803  59.797  6.190  18.261 0.0000000000
96804  59.630  6.239  18.812 0.0000000000
96814  59.844  6.151  17.522 0.0000000000
96824  59.852  6.267  17.021 0.0000000000
96825  59.626  6.341  16.650 0.0000000000
96834  59.335  6.353  16.264 0.0000000000
96835  58.887  6.461  15.901 0.0000000000
96836  58.109  6.340  15.555 0.0000000000
96837  57.134  6.894  15.355 0.0000000000
96838  56.619  7.141  15.197 0.0000000000
96873  51.746  6.719  12.195 0.0000000000
96897  64.064  6.485  9.266 0.0000000000
96906  64.312  6.465  8.398 0.0000000000
98251  59.191  7.046  19.619 0.0000000000
98262  59.969  7.155  18.244 0.0000000000
98263  59.621  6.983  18.826 0.0000000000
98273  60.100  6.996  17.784 0.0000000000
98274  60.089  7.444  17.447 0.0000000000
98284  60.077  6.838  17.316 0.0000000000
98285  59.936  7.335  16.955 0.0000000000
98286  59.610  7.797  16.649 0.0000000000
98295  59.609  7.072  16.532 0.0000000000
98296  59.220  7.470  16.289 0.0000000000
98297  58.532  7.493  15.928 0.0000000000
98298  57.673  7.638  15.640 0.0000000000
98299  56.624  7.881  15.319 0.0000000000
98300  56.068  8.209  15.065 0.0000000000
98312  56.344  7.291  15.096 0.0000000000
98313  55.776  7.627  14.883 0.0000000000
98314  54.866  7.541  14.305 0.0000000000
98326  54.146  7.521  13.657 0.0000000000
98327  53.291  7.455  12.905 0.0000000000
98328  52.641  6.903  12.715 0.0000000000
98337  53.122  7.852  12.285 0.0000000000
98338  52.328  7.402  12.046 0.0000000000
98339  51.580  6.875  11.935 0.0000000000
98343  62.649  7.904  10.877 0.0000000000
98344  62.121  8.019  11.170 0.0000000000
98345  61.739  8.160  11.223 0.0000000000
98363  57.762  8.288  10.251 0.0000000000
98368  63.755  7.356  9.493 0.0000000000
98377  63.970  7.265  8.710 0.0000000000
98385  64.061  7.238  7.740 0.0000000000
98395  63.467  7.851  6.024 0.0000000000
99662  59.220  7.958  19.142 0.0000000000
99671  60.099  7.493  18.022 0.0000000000
99672  59.770  8.041  18.275 0.0000000000
99683  60.074  7.680  17.789 0.0000000000
99684  59.854  8.268  17.520 0.0000000000
99696  59.662  8.493  16.970 0.0000000000
99697  59.353  8.550  16.565 0.0000000000
99707  58.871  8.513  16.189 0.0000000000
99708  58.170  8.558  15.859 0.0000000000
99709  57.332  8.703  15.568 0.0000000000
99710  56.648  8.897  15.259 0.0000000000
99711  56.247  8.566  15.104 0.0000000000
99722  56.247  9.078  14.964 0.0000000000
99723  55.763  8.728  14.768 0.0000000000
99724  55.171  8.305  14.496 0.0000000000
99733  55.270  8.869  14.238 0.0000000000
99734  54.704  8.580  13.756 0.0000000000
99735  54.016  8.300  13.128 0.0000000000
99746  55.330  9.236  12.319 0.0000000000
99747  54.774  9.044  12.638 0.0000000000
99748  53.718  8.424  12.264 0.0000000000
99749  53.177  8.053  11.811 0.0000000000
99759  62.923  8.679  10.675 0.0000000000
99760  62.776  8.583  10.841 0.0000000000
99761  62.413  8.721  11.216 0.0000000000
99762  61.836  8.715  11.399 0.0000000000
99763  61.280  8.877  11.249 0.0000000000
99764  57.270  9.052  11.125 0.0000000000
99765  56.850  9.042  11.255 0.0000000000
99766  55.759  9.084  11.732 0.0000000000
99767  54.704  8.705  11.502 0.0000000000
99779  63.109  8.452  10.464 0.0000000000
99780  63.043  7.865  10.625 0.0000000000
99781  61.438  8.362  11.160 0.0000000000
99782  60.731  8.509  10.850 0.0000000000
99783  59.698  8.552  10.432 0.0000000000
99784  58.698  8.703  10.369 0.0000000000
99785  57.623  8.772  10.740 0.0000000000
99786  56.607  8.584  10.801 0.0000000000
99787  55.643  8.467  10.746 0.0000000000
99792  63.388  8.298  9.811 0.0000000000
99800  63.558  8.162  9.032 0.0000000000
99808  63.542  8.063  8.161 0.0000000000
99818  63.423  8.062  7.201 0.0000000000
99819  63.231  8.180  6.374 0.0000000000
99829  62.940  8.333  5.640 0.0000000000
99830  62.607  8.823  5.063 0.0000000000
99840  62.432  9.033  4.417 0.0000000000
101016  59.266  9.266  18.757 0.0000000000
101027  59.596  9.337  17.945 0.0000000000
101038  59.497  9.427  17.332 0.0000000000
101049  59.356  9.498  16.844 0.0000000000
101050  59.061  9.506  16.409 0.0000000000
101061  58.550  9.488  15.959 0.0000000000
101062  57.863  9.483  15.574 0.0000000000
101063  57.093  9.645  15.113 0.0000000000
101064  56.544  9.352  14.971 0.0000000000
101078  57.013  10.030  14.599 0.0000000000
101079  56.306  9.644  14.372 0.0000000000
101080  55.645  9.171  14.285 0.0000000000
101088  56.121  9.878  13.209 0.0000000000
101089  55.412  9.299  13.632 0.0000000000
101090  54.937  9.113  13.303 0.0000000000
101099  56.301  9.745  12.391 0.0000000000
101100  55.566  9.434  12.633 0.0000000000
101101  55.132  9.275  13.066 0.0000000000
101111  62.919  9.065  10.683 0.0000000000
101112  62.733  9.679  11.124 0.0000000000
101113  62.153  9.585  11.532 0.0000000000
101114  61.478  9.559  11.456 0.0000000000
101115  60.791  9.391  11.127 0.0000000000
101116  58.053  9.818  11.087 0.0000000000
101117  57.332  9.457  11.363 0.0000000000
101118  56.532  9.418  11.819 0.0000000000
101119  56.031  9.420  12.141 0.0000000000
101131  63.133  9.431  10.176 0.0000000000
101132  62.947  9.674  10.664 0.0000000000
101133  60.030  9.230  10.754 0.0000000000
101134  59.152  9.215  10.588 0.0000000000
101135  58.329  9.231  10.741 0.0000000000
101136  57.831  9.279  10.991 0.0000000000
101142  63.237  9.131  9.348 0.0000000000
101144  63.227  8.983  8.530 0.0000000000
101146  63.084  8.907  7.659 0.0000000000
101148  62.798  8.995  6.645 0.0000000000
101149  62.818  8.708  6.076 0.0000000000
101152  62.561  9.574  6.184 0.0000000000
101153  62.545  9.423  5.491 0.0000000000
101154  62.492  9.269  4.897 0.0000000000
101157  62.416  10.043  4.847 0.0000000000
101158  62.340  9.775  4.504 0.0000000000
101161  62.013  9.644  3.501 0.0000000000
101162  61.655  10.034  2.961 0.0000000000
101166  61.740  9.746  2.574 0.0000000000
101170  61.944  9.437  2.111 0.0000000000
102285  59.332  10.412  18.214 0.0000000000
102294  59.386  10.450  17.575 0.0000000000
102304  59.324  10.480  17.029 0.0000000000
102305  59.151  10.475  16.570 0.0000000000
102315  58.832  10.431  16.030 0.0000000000
102316  58.223  10.339  15.462 0.0000000000
102317  57.704  10.035  15.246 0.0000000000
102333  58.212  10.912  15.070 0.0000000000
102334  57.612  10.554  14.720 0.0000000000
102335  57.006  10.275  14.215 0.0000000000
102346  57.292  10.817  13.839 0.0000000000
102347  56.773  10.311  13.546 0.0000000000
102356  62.863  11.177  11.668 0.0000000000
102357  62.671  11.124  11.815 0.0000000000
102358  62.254  11.061  11.990 0.0000000000
102359  57.237  10.842  12.947 0.0000000000
102360  56.795  10.244  12.651 0.0000000000
102370  62.860  10.909  11.397 0.0000000000
102371  62.433  10.465  11.664 0.0000000000
102372  61.756  10.520  11.787 0.0000000000
102373  60.861  10.375  11.368 0.0000000000
102374  59.890  10.661  11.045 0.0000000000
102375  58.739  10.601  11.124 0.0000000000
102376  57.610  10.595  11.897 0.0000000000
102377  56.907  9.889  12.012 0.0000000000
102389  63.165  10.245  10.045 0.0000000000
102390  63.107  10.557  10.569 0.0000000000
102391  60.239  9.911  10.962 0.0000000000
102392  59.466  9.900  10.784 0.0000000000
102393  58.725  9.744  10.801 0.0000000000
102400  63.126  10.068  9.565 0.0000000000
102406  63.044  9.876  8.842 0.0000000000
102408  62.880  9.767  8.035 0.0000000000
102409  62.631  10.144  7.542 0.0000000000
102411  62.738  9.621  7.247 0.0000000000
102412  62.413  10.166  6.863 0.0000000000
102415  62.569  9.704  6.595 0.0000000000
102416  62.325  10.155  5.881 0.0000000000
102418  62.339  10.541  4.835 0.0000000000
102419  62.341  10.393  4.430 0.0000000000
102421  62.389  10.983  4.085 0.0000000000
102422  62.124  10.602  3.728 0.0000000000
102423  61.736  10.445  3.100 0.0000000000
102426  61.588  10.411  2.512 0.0000000000
102428  62.249  9.683  1.194 0.0000000000
102429  61.717  10.132  1.531 0.0000000000
102443  61.820  10.827  0.580 0.0000000000
103570  59.274  11.363  16.609 0.0000000000
103579  59.056  11.321  16.094 0.0000000000
103580  58.649  11.247  15.406 0.0000000000
103592  58.233  11.431  14.664 0.0000000000
103593  57.748  11.235  14.110 0.0000000000
103606  58.057  11.828  13.838 0.0000000000
103607  57.668  11.345  13.358 0.0000000000
103616  62.883  11.558  11.687 0.0000000000
103617  62.472  11.735  12.032 0.0000000000
103618  61.753  11.598  12.096 0.0000000000
103619  60.991  11.793  12.008 0.0000000000
103620  58.030  11.909  12.904 0.0000000000
103621  57.753  11.291  12.494 0.0000000000
103631  63.165  11.866  11.053 0.0000000000
103632  61.184  11.144  11.775 0.0000000000
103633  60.382  11.399  11.588 0.0000000000
103634  59.428  11.423  11.435 0.0000000000
103635  58.411  11.583  11.963 0.0000000000
103636  57.872  11.205  12.070 0.0000000000
103648  63.277  10.848  9.769 0.0000000000
103649  63.384  11.764  10.077 0.0000000000
103655  63.115  10.716  9.056 0.0000000000
103656  63.262  11.593  9.193 0.0000000000
103663  62.833  10.475  8.348 0.0000000000
103664  62.844  11.205  8.523 0.0000000000
103670  62.675  10.308  7.901 0.0000000000
103671  62.309  10.824  7.554 0.0000000000
103672  61.652  11.359  7.108 0.0000000000
103673  61.280  11.508  6.917 0.0000000000
103675  61.975  10.663  6.143 0.0000000000
103676  61.681  11.096  6.316 0.0000000000
103677  61.190  11.439  6.298 0.0000000000
103681  62.115  11.193  4.891 0.0000000000
103682  61.770  11.289  5.269 0.0000000000
103683  61.344  11.552  5.443 0.0000000000
103686  62.438  11.640  4.078 0.0000000000
103689  62.339  11.779  3.265 0.0000000000
103690  61.838  11.171  2.945 0.0000000000
103691  61.632  10.836  2.689 0.0000000000
103695  62.248  12.366  2.646 0.0000000000
103696  61.921  11.968  2.552 0.0000000000
103697  61.507  11.361  2.128 0.0000000000
103699  61.425  11.495  1.012 0.0000000000
103701  62.203  11.141  -0.009 0.0000000000
103702  61.715  11.639  0.187 0.0000000000
103717  62.472  11.763  -0.494 0.0000000000
103718  62.026  11.693  -0.211 0.0000000000
104782  59.215  11.856  16.197 0.0000000000
104792  58.959  12.317  15.440 0.0000000000
104793  58.648  11.828  14.990 0.0000000000
104803  58.777  12.700  14.700 0.0000000000
104804  58.557  12.309  14.426 0.0000000000
104816  58.419  12.436  13.427 0.0000000000
104825  62.877  12.607  11.811 0.0000000000
104826  62.140  12.546  12.253 0.0000000000
104827  61.276  12.481  12.329 0.0000000000
104828  60.218  12.334  12.141 0.0000000000
104829  59.278  12.547  12.361 0.0000000000
104830  58.629  12.310  12.599 0.0000000000
104841  63.115  12.885  11.131 0.0000000000
104842  59.856  11.825  11.729 0.0000000000
104843  59.340  12.036  11.893 0.0000000000
104844  58.895  12.165  12.159 0.0000000000
104857  63.300  12.762  10.417 0.0000000000
104864  63.177  12.787  9.336 0.0000000000
104873  62.852  11.982  8.535 0.0000000000
104874  62.171  12.756  8.470 0.0000000000
104892  62.542  11.442  8.213 0.0000000000
104893  62.174  11.722  7.911 0.0000000000
104894  61.257  11.947  7.373 0.0000000000
104910  61.064  11.613  6.740 0.0000000000
104924  62.101  11.924  4.564 0.0000000000
104925  61.715  11.974  4.701 0.0000000000
104926  61.252  12.083  4.793 0.0000000000
104934  62.609  12.641  3.970 0.0000000000
104935  62.190  12.707  4.298 0.0000000000
104936  61.615  12.701  4.434 0.0000000000
104944  62.768  12.693  3.328 0.0000000000
104948  62.517  12.868  2.687 0.0000000000
104949  61.937  12.894  2.149 0.0000000000
104950  61.633  12.236  2.105 0.0000000000
104952  61.709  13.277  1.615 0.0000000000
104953  61.508  12.632  1.407 0.0000000000
104955  61.523  12.502  0.368 0.0000000000
104957  63.291  12.874  -1.344 0.0000000000
104958  62.620  12.617  -0.869 0.0000000000
104959  61.966  12.280  -0.307 0.0000000000
106099  58.723  12.824  14.365 0.0000000000
106114  58.706  12.952  13.845 0.0000000000
106128  58.900  12.948  12.982 0.0000000000
106212  63.608  14.097  3.415 0.0000000000
106213  63.310  13.827  3.586 0.0000000000
106214  62.794  13.561  4.067 0.0000000000
106215  62.163  13.498  4.363 0.0000000000
106225  63.601  14.071  3.219 0.0000000000
106226  63.208  13.517  3.275 0.0000000000
106232  63.503  14.088  2.875 0.0000000000
106233  63.005  13.744  2.639 0.0000000000
106234  62.415  13.728  2.104 0.0000000000
106236  61.926  13.797  1.652 0.0000000000
106237  61.597  13.691  1.191 0.0000000000
106239  61.483  13.452  0.569 0.0000000000
106241  63.294  13.300  -1.502 0.0000000000
106242  62.873  13.507  -1.295 0.0000000000
106243  61.940  13.450  -0.421 0.0000000000
106246  63.596  13.496  -1.795 0.0000000000
106247  63.067  14.221  -1.631 0.0000000000
107515  63.673  14.410  3.417 0.0000000000
107516  63.410  14.337  3.917 0.0000000000
107517  62.789  14.327  4.321 0.0000000000
107527  63.730  14.591  2.938 0.0000000000
107531  63.314  14.655  2.510 0.0000000000
107532  62.614  14.709  1.908 0.0000000000
107533  62.180  14.284  1.707 0.0000000000
107535  62.305  15.225  1.407 0.0000000000
107536  61.814  14.711  1.034 0.0000000000
107537  61.531  14.062  0.756 0.0000000000
107539  61.809  14.899  -0.219 0.0000000000
107540  61.578  14.207  0.188 0.0000000000
107542  62.419  14.555  -1.038 0.0000000000
107543  61.882  14.319  -0.400 0.0000000000
107546  63.444  14.595  -2.101 0.0000000000
107547  63.009  14.885  -1.701 0.0000000000
108801  63.742  14.882  3.668 0.0000000000
108802  63.418  15.156  4.110 0.0000000000
108813  63.822  15.129  3.169 0.0000000000
108814  63.716  15.392  3.543 0.0000000000
108816  63.528  15.263  2.676 0.0000000000
108817  63.099  15.402  2.158 0.0000000000
108819  62.629  15.578  1.627 0.0000000000
108820  62.155  15.680  1.014 0.0000000000
108822  61.950  15.631  0.089 0.0000000000
108824  62.257  15.524  -0.867 0.0000000000
108827  63.207  15.537  -2.243 0.0000000000
108828  62.721  15.364  -1.510 0.0000000000
110062  63.628  15.656  3.128 0.0000000000
110063  63.419  16.006  3.515 0.0000000000
110066  63.617  15.560  2.864 0.0000000000
110067  63.189  16.043  2.514 0.0000000000
110070  62.881  15.877  1.933 0.0000000000
110071  62.474  16.269  1.445 0.0000000000
110073  62.016  16.322  0.311 0.0000000000
110075  62.169  16.302  -0.750 0.0000000000
110077  62.949  16.296  -2.484 0.0000000000
110078  62.618  16.138  -1.703 0.0000000000
65563  27.907  -15.824  26.804 0.0000000000
66745  36.302  -15.207  33.354 0.0000000000
66760  36.035  -14.977  32.648 0.0000000000
66761  35.327  -15.160  32.402 0.0000000000
66778  35.077  -14.917  31.680 0.0000000000
66779  34.345  -15.086  31.452 0.0000000000
66798  34.000  -14.829  30.726 0.0000000000
66799  33.400  -15.151  30.789 0.0000000000
66800  32.410  -15.407  30.499 0.0000000000
66818  32.189  -15.204  29.987 0.0000000000
66819  31.685  -15.287  29.899 0.0000000000
66839  31.114  -15.058  29.391 0.0000000000
66840  30.364  -15.022  28.999 0.0000000000
66861  29.937  -14.833  28.353 0.0000000000
66862  29.290  -14.883  27.796 0.0000000000
66863  28.495  -15.251  27.307 0.0000000000
66881  28.935  -14.776  26.940 0.0000000000
68158  39.409  -13.960  33.646 0.0000000000
68159  38.691  -14.100  33.296 0.0000000000
68160  37.549  -14.697  33.457 0.0000000000
68161  36.863  -14.897  33.235 0.0000000000
68172  38.487  -13.798  32.610 0.0000000000
68173  37.772  -13.996  32.354 0.0000000000
68174  36.614  -14.661  32.544 0.0000000000
68175  35.897  -14.830  32.313 0.0000000000
68185  37.528  -13.712  31.676 0.0000000000
68186  36.815  -13.929  31.461 0.0000000000
68187  35.664  -14.579  31.620 0.0000000000
68188  34.955  -14.745  31.299 0.0000000000
68199  36.516  -13.667  30.821 0.0000000000
68200  35.943  -13.991  30.801 0.0000000000
68201  34.750  -14.368  30.463 0.0000000000
68202  33.546  -14.731  30.192 0.0000000000
68203  32.964  -15.072  30.249 0.0000000000
68218  34.524  -13.955  29.627 0.0000000000
68219  33.731  -14.074  29.340 0.0000000000
68220  32.454  -14.821  29.627 0.0000000000
68221  31.638  -14.949  29.403 0.0000000000
68234  33.433  -13.701  28.657 0.0000000000
68235  32.618  -13.889  28.473 0.0000000000
68236  31.291  -14.558  28.732 0.0000000000
68237  30.446  -14.681  28.476 0.0000000000
68255  32.296  -13.492  27.842 0.0000000000
68256  31.501  -13.682  27.673 0.0000000000
68257  30.240  -14.353  27.772 0.0000000000
68258  29.473  -14.513  27.308 0.0000000000
68278  31.167  -13.360  27.054 0.0000000000
68279  30.563  -13.658  27.040 0.0000000000
68280  29.537  -14.121  26.632 0.0000000000
69519  41.141  -13.361  33.899 0.0000000000
69520  40.109  -13.736  33.775 0.0000000000
69521  39.427  -13.700  33.242 0.0000000000
69530  40.612  -13.205  33.313 0.0000000000
69531  39.935  -13.222  32.894 0.0000000000
69532  39.065  -13.505  32.607 0.0000000000
69533  38.460  -13.562  32.202 0.0000000000
69540  39.556  -12.974  32.271 0.0000000000
69541  38.957  -13.092  31.816 0.0000000000
69542  38.094  -13.413  31.633 0.0000000000
69543  37.484  -13.481  31.264 0.0000000000
69555  38.569  -12.924  31.239 0.0000000000
69556  37.971  -13.049  30.925 0.0000000000
69557  37.086  -13.266  30.641 0.0000000000
69558  36.288  -13.479  30.369 0.0000000000
69559  35.619  -13.740  30.178 0.0000000000
69573  36.662  -13.046  30.041 0.0000000000
69574  36.021  -13.182  29.703 0.0000000000
69575  35.134  -13.614  29.587 0.0000000000
69576  34.473  -13.631  29.202 0.0000000000
69590  35.584  -13.055  29.175 0.0000000000
69591  34.961  -13.153  28.896 0.0000000000
69592  34.070  -13.321  28.577 0.0000000000
69593  33.331  -13.434  28.286 0.0000000000
69609  33.650  -13.054  28.011 0.0000000000
69610  32.918  -13.138  27.741 0.0000000000
69611  32.183  -13.223  27.470 0.0000000000
69626  32.505  -12.832  27.173 0.0000000000
69627  31.749  -12.953  26.879 0.0000000000
69628  30.911  -13.167  26.555 0.0000000000
69629  30.202  -13.453  26.329 0.0000000000
69642  31.305  -12.718  26.188 0.0000000000
69643  30.564  -12.889  25.735 0.0000000000
70803  43.647  -12.415  33.991 0.0000000000
70804  42.804  -12.654  33.840 0.0000000000
70805  41.878  -12.931  33.753 0.0000000000
70806  41.182  -12.942  33.318 0.0000000000
70815  43.169  -12.269  33.460 0.0000000000
70816  42.476  -12.345  33.231 0.0000000000
70817  41.596  -12.474  32.935 0.0000000000
70818  40.740  -12.711  32.772 0.0000000000
70819  40.109  -12.681  32.366 0.0000000000
70826  41.203  -12.250  32.490 0.0000000000
70827  40.654  -12.228  32.161 0.0000000000
70828  39.794  -12.376  31.701 0.0000000000
70829  39.103  -12.599  31.265 0.0000000000
70840  39.477  -12.160  31.013 0.0000000000
70841  38.738  -12.344  30.647 0.0000000000
70842  37.819  -12.590  30.321 0.0000000000
70843  37.193  -12.716  30.027 0.0000000000
70856  38.348  -12.050  30.019 0.0000000000
70857  37.692  -12.130  29.637 0.0000000000
70858  36.797  -12.556  29.472 0.0000000000
70859  36.143  -12.707  29.125 0.0000000000
70871  37.307  -11.950  29.066 0.0000000000
70872  36.643  -12.117  28.707 0.0000000000
70873  35.710  -12.566  28.591 0.0000000000
70874  34.854  -12.682  28.261 0.0000000000
70875  34.199  -12.769  27.984 0.0000000000
70887  36.236  -12.004  28.149 0.0000000000
70888  35.564  -12.111  27.888 0.0000000000
70889  34.694  -12.200  27.590 0.0000000000
70890  33.759  -12.541  27.498 0.0000000000
70891  33.079  -12.577  27.166 0.0000000000
70904  34.241  -11.974  27.112 0.0000000000
70905  33.590  -12.070  26.850 0.0000000000
70906  32.659  -12.284  26.549 0.0000000000
70907  31.877  -12.427  26.215 0.0000000000
70921  32.233  -12.007  25.927 0.0000000000
70922  31.470  -12.163  25.488 0.0000000000
70923  30.626  -12.420  24.950 0.0000000000
70939  31.052  -11.857  24.564 0.0000000000
72018  45.269  -11.223  33.218 0.0000000000
72019  44.401  -11.922  33.611 0.0000000000
72020  43.639  -12.127  33.451 0.0000000000
72036  45.139  -10.924  32.193 0.0000000000
72037  44.441  -11.416  32.496 0.0000000000
72038  43.336  -11.885  32.800 0.0000000000
72039  42.185  -12.019  32.570 0.0000000000
72040  41.611  -12.122  32.512 0.0000000000
72051  45.058  -10.839  31.615 0.0000000000
72052  44.640  -11.082  31.555 0.0000000000
72053  43.760  -11.397  31.756 0.0000000000
72054  42.642  -11.615  31.877 0.0000000000
72055  41.537  -11.838  32.048 0.0000000000
72056  40.755  -11.778  31.479 0.0000000000
72057  40.072  -11.822  31.078 0.0000000000
72068  44.693  -10.988  30.994 0.0000000000
72069  44.172  -11.115  30.879 0.0000000000
72070  43.170  -11.242  31.025 0.0000000000
72071  41.908  -11.403  31.060 0.0000000000
72072  40.789  -11.408  30.674 0.0000000000
72073  39.736  -11.617  30.422 0.0000000000
72074  38.990  -11.712  30.021 0.0000000000
72085  43.649  -11.085  30.353 0.0000000000
72086  42.814  -11.083  30.229 0.0000000000
72087  41.735  -11.087  30.053 0.0000000000
72088  40.670  -11.033  29.845 0.0000000000
72089  39.648  -11.136  29.518 0.0000000000
72090  38.606  -11.529  29.415 0.0000000000
72091  37.931  -11.626  29.042 0.0000000000
72102  39.206  -10.991  28.935 0.0000000000
72103  38.522  -11.116  28.674 0.0000000000
72104  37.571  -11.406  28.393 0.0000000000
72105  36.803  -11.637  28.121 0.0000000000
72117  37.176  -11.221  27.794 0.0000000000
72118  36.384  -11.408  27.552 0.0000000000
72119  35.457  -11.632  27.306 0.0000000000
72120  34.815  -11.683  27.059 0.0000000000
72130  35.958  -11.153  26.987 0.0000000000
72131  35.315  -11.241  26.725 0.0000000000
72132  34.390  -11.448  26.483 0.0000000000
72133  33.452  -11.647  26.222 0.0000000000
72134  32.812  -11.732  25.927 0.0000000000
72146  33.969  -11.202  25.893 0.0000000000
72147  33.322  -11.238  25.533 0.0000000000
72148  32.413  -11.533  25.343 0.0000000000
72149  31.770  -11.552  24.847 0.0000000000
72163  32.944  -11.028  24.976 0.0000000000
72164  32.347  -11.067  24.620 0.0000000000
72165  31.598  -11.213  24.136 0.0000000000
72166  30.884  -11.613  23.862 0.0000000000
72176  31.187  -11.120  23.427 0.0000000000
73368  45.935  -10.361  32.796 0.0000000000
73383  45.421  -10.418  31.684 0.0000000000
73384  45.019  -10.818  31.159 0.0000000000
73400  45.326  -10.306  30.790 0.0000000000
73401  44.802  -10.837  30.481 0.0000000000
73402  44.230  -10.981  30.163 0.0000000000
73412  45.166  -10.241  29.952 0.0000000000
73413  44.614  -10.691  29.659 0.0000000000
73414  43.724  -10.880  29.566 0.0000000000
73415  42.646  -10.843  29.343 0.0000000000
73416  41.611  -10.744  29.182 0.0000000000
73417  40.627  -10.683  29.007 0.0000000000
73418  39.871  -10.697  28.805 0.0000000000
73431  45.018  -10.210  29.219 0.0000000000
73432  44.400  -10.366  28.778 0.0000000000
73433  43.445  -10.549  28.631 0.0000000000
73434  42.477  -10.553  28.456 0.0000000000
73435  41.496  -10.478  28.309 0.0000000000
73436  40.513  -10.395  28.210 0.0000000000
73437  39.422  -10.513  28.221 0.0000000000
73438  38.447  -10.695  27.963 0.0000000000
73439  37.758  -10.875  27.730 0.0000000000
73452  43.952  -10.063  27.995 0.0000000000
73453  43.218  -10.228  27.769 0.0000000000
73454  42.342  -10.291  27.554 0.0000000000
73455  41.352  -10.193  27.438 0.0000000000
73456  40.289  -10.075  27.354 0.0000000000
73457  39.213  -10.145  27.311 0.0000000000
73458  38.268  -10.370  27.253 0.0000000000
73459  37.302  -10.685  27.205 0.0000000000
73460  36.542  -10.810  26.932 0.0000000000
73472  43.718  -9.853  27.275 0.0000000000
73473  43.132  -9.938  26.804 0.0000000000
73474  42.179  -10.016  26.668 0.0000000000
73475  41.178  -9.874  26.513 0.0000000000
73476  39.960  -9.695  26.266 0.0000000000
73477  38.889  -9.891  26.602 0.0000000000
73478  37.977  -10.052  26.582 0.0000000000
73479  37.016  -10.251  26.394 0.0000000000
73480  36.034  -10.655  26.410 0.0000000000
73481  35.175  -10.848  26.096 0.0000000000
73482  34.532  -10.949  25.848 0.0000000000
73495  42.768  -9.722  26.033 0.0000000000
73496  41.994  -9.735  25.812 0.0000000000
73497  41.070  -9.629  25.523 0.0000000000
73498  40.224  -9.472  25.152 0.0000000000
73499  36.445  -10.134  25.900 0.0000000000
73500  35.732  -10.271  25.701 0.0000000000
73501  34.936  -10.475  25.418 0.0000000000
73502  34.116  -10.753  25.346 0.0000000000
73503  33.491  -10.768  24.999 0.0000000000
73518  42.534  -9.518  25.393 0.0000000000
73519  41.880  -9.509  24.882 0.0000000000
73520  40.925  -9.478  24.614 0.0000000000
73521  40.078  -9.333  24.342 0.0000000000
73522  39.695  -9.160  23.923 0.0000000000
73523  34.530  -10.314  24.976 0.0000000000
73524  33.936  -10.339  24.725 0.0000000000
73525  33.086  -10.502  24.391 0.0000000000
73526  32.262  -10.624  23.963 0.0000000000
73527  31.732  -10.765  23.562 0.0000000000
73544  39.730  -9.084  23.697 0.0000000000
73545  32.761  -10.175  23.736 0.0000000000
73546  32.143  -10.243  23.166 0.0000000000
73547  31.495  -10.690  23.057 0.0000000000
74775  45.984  -9.821  32.045 0.0000000000
74789  45.797  -9.718  31.249 0.0000000000
74807  45.665  -9.417  30.306 0.0000000000
74820  45.398  -9.562  29.372 0.0000000000
74832  45.070  -9.615  28.543 0.0000000000
74833  44.512  -9.772  28.099 0.0000000000
74846  44.886  -9.206  27.681 0.0000000000
74847  44.286  -9.549  27.370 0.0000000000
74861  44.800  -8.866  26.696 0.0000000000
74862  43.935  -9.422  26.505 0.0000000000
74863  43.363  -9.540  26.073 0.0000000000
74864  39.225  -9.646  26.078 0.0000000000
74865  38.608  -9.629  25.987 0.0000000000
74866  37.731  -9.702  25.875 0.0000000000
74867  37.001  -9.836  25.719 0.0000000000
74878  44.408  -8.808  25.979 0.0000000000
74880  43.068  -9.416  25.552 0.0000000000
74881  39.349  -9.468  25.410 0.0000000000
74882  38.363  -9.360  25.214 0.0000000000
74883  37.358  -9.432  25.156 0.0000000000
74884  36.345  -9.688  25.225 0.0000000000
74885  35.391  -9.951  25.041 0.0000000000
74886  34.904  -10.152  24.963 0.0000000000
74902  39.727  -9.374  24.809 0.0000000000
74903  39.120  -9.183  24.379 0.0000000000
74904  37.846  -9.085  24.375 0.0000000000
74905  36.741  -9.183  24.396 0.0000000000
74906  35.695  -9.415  24.405 0.0000000000
74907  34.652  -9.820  24.447 0.0000000000
74908  33.683  -9.962  24.124 0.0000000000
74909  33.184  -10.080  23.957 0.0000000000
74933  33.215  -9.795  23.503 0.0000000000
74934  32.711  -9.970  23.328 0.0000000000
74956  32.740  -9.767  22.868 0.0000000000
76188  45.826  -8.808  29.531 0.0000000000
76201  46.343  -8.070  28.982 0.0000000000
76202  45.619  -8.835  28.730 0.0000000000
76214  46.075  -8.208  27.889 0.0000000000
76215  45.371  -8.870  28.032 0.0000000000
76227  46.140  -8.027  26.889 0.0000000000
76228  45.457  -8.583  27.267 0.0000000000
76242  45.532  -8.297  26.511 0.0000000000
77474  46.945  -7.647  28.144 0.0000000000
77488  46.881  -7.636  27.255 0.0000000000
76187  46.423  -8.271  30.224 0.0000000000
77445  50.087  -7.668  31.112 0.0000000000
77446  49.321  -7.608  30.825 0.0000000000
77447  48.500  -7.548  30.475 0.0000000000
77448  47.528  -7.588  30.138 0.0000000000
77449  46.961  -7.691  29.494 0.0000000000
77457  49.996  -7.521  30.469 0.0000000000
77458  49.390  -7.427  29.958 0.0000000000
77459  48.466  -7.398  29.625 0.0000000000
77460  47.702  -7.454  29.215 0.0000000000
77461  47.100  -7.574  28.844 0.0000000000
77471  49.219  -7.292  29.170 0.0000000000
77472  48.485  -7.326  28.782 0.0000000000
77473  47.743  -7.421  28.407 0.0000000000
77485  49.262  -7.155  28.371 0.0000000000
77486  48.516  -7.236  27.946 0.0000000000
77487  47.731  -7.384  27.568 0.0000000000
78730  53.360  -6.443  31.961 0.0000000000
78743  53.167  -6.398  30.920 0.0000000000
78744  52.426  -6.932  31.252 0.0000000000
78745  51.364  -7.500  31.557 0.0000000000
78746  50.644  -7.645  31.297 0.0000000000
78756  53.141  -6.350  30.389 0.0000000000
78757  52.547  -6.559  30.181 0.0000000000
78758  51.532  -7.122  30.486 0.0000000000
78759  50.691  -7.473  30.767 0.0000000000
78767  52.324  -6.389  29.182 0.0000000000
78768  51.575  -6.781  29.491 0.0000000000
78769  50.476  -7.239  29.765 0.0000000000
78770  49.761  -7.287  29.436 0.0000000000
78778  52.248  -6.289  28.659 0.0000000000
78779  51.713  -6.484  28.616 0.0000000000
78780  50.836  -6.856  28.760 0.0000000000
78781  49.949  -7.116  28.893 0.0000000000
80137  54.745  -5.001  31.502 0.0000000000
80138  54.202  -5.649  31.975 0.0000000000
80139  53.869  -6.105  31.879 0.0000000000
80149  54.365  -5.571  30.995 0.0000000000
80150  53.809  -6.065  31.358 0.0000000000
80162  53.665  -6.049  30.327 0.0000000000
80163  53.119  -6.309  30.122 0.0000000000
80173  53.057  -6.193  29.597 0.0000000000
74760  48.498  -9.156  34.111 0.0000000000
74761  47.836  -9.290  33.758 0.0000000000
74762  47.136  -9.481  33.441 0.0000000000
74773  47.401  -9.078  33.134 0.0000000000
74774  46.628  -9.413  32.742 0.0000000000
74788  46.294  -9.154  31.732 0.0000000000
74806  46.103  -8.973  30.976 0.0000000000
76129  50.069  -8.007  34.962 0.0000000000
76130  49.472  -8.622  34.670 0.0000000000
76131  49.012  -8.860  34.165 0.0000000000
76143  50.132  -8.081  34.273 0.0000000000
76144  49.606  -8.412  33.756 0.0000000000
76145  48.695  -8.761  33.515 0.0000000000
76146  48.010  -8.816  33.114 0.0000000000
76158  49.293  -8.396  33.066 0.0000000000
76159  48.595  -8.396  32.662 0.0000000000
76160  47.567  -8.607  32.500 0.0000000000
76161  46.883  -8.704  31.993 0.0000000000
76173  48.196  -8.158  32.036 0.0000000000
76174  47.504  -8.132  31.592 0.0000000000
76175  46.667  -8.476  31.260 0.0000000000
76186  47.132  -7.945  30.857 0.0000000000
77377  52.085  -6.812  34.632 0.0000000000
77378  51.513  -6.938  34.877 0.0000000000
77379  50.562  -7.232  35.252 0.0000000000
77392  52.183  -6.958  34.369 0.0000000000
77393  51.737  -7.115  34.347 0.0000000000
77394  50.876  -7.502  34.426 0.0000000000
77405  52.184  -7.138  33.992 0.0000000000
77406  51.496  -7.437  33.766 0.0000000000
77407  50.599  -7.924  33.550 0.0000000000
77408  49.946  -8.217  33.067 0.0000000000
77418  52.073  -7.328  33.355 0.0000000000
77419  51.423  -7.661  32.905 0.0000000000
77420  50.535  -7.991  32.644 0.0000000000
77421  49.590  -8.128  32.387 0.0000000000
77422  48.869  -8.082  31.990 0.0000000000
77432  51.091  -7.780  32.226 0.0000000000
77433  50.407  -7.846  31.806 0.0000000000
77434  49.463  -7.869  31.567 0.0000000000
77435  48.515  -7.817  31.358 0.0000000000
77436  47.816  -7.733  30.907 0.0000000000
78673  51.739  -6.002  35.589 0.0000000000
78674  51.061  -6.097  35.833 0.0000000000
78690  53.047  -6.092  34.713 0.0000000000
78691  52.261  -6.312  35.105 0.0000000000
78692  51.314  -6.530  35.375 0.0000000000
78693  50.621  -6.704  35.706 0.0000000000
78704  53.706  -5.848  33.283 0.0000000000
78705  53.306  -6.178  33.938 0.0000000000
78706  52.597  -6.679  34.372 0.0000000000
78717  53.839  -6.010  32.581 0.0000000000
78718  53.258  -6.473  32.988 0.0000000000
78719  52.701  -6.908  33.548 0.0000000000
78729  53.871  -6.087  32.134 0.0000000000
78731  52.334  -7.187  32.482 0.0000000000
78732  51.579  -7.569  32.288 0.0000000000
80099  52.301  -4.889  35.682 0.0000000000
80100  51.599  -5.382  35.966 0.0000000000
80108  53.420  -4.948  34.484 0.0000000000
80109  52.971  -5.295  35.138 0.0000000000
80110  52.246  -5.613  35.560 0.0000000000
80117  53.687  -5.241  33.818 0.0000000000
80118  53.374  -5.559  34.461 0.0000000000
80126  54.426  -4.855  32.173 0.0000000000
80127  54.022  -5.188  32.850 0.0000000000
81471  52.146  -4.105  35.603 0.0000000000
81472  51.615  -4.489  36.012 0.0000000000
81478  53.112  -4.314  34.758 0.0000000000
81479  52.689  -4.441  35.285 0.0000000000
81486  53.515  -4.402  34.038 0.0000000000
81494  54.209  -4.159  32.583 0.0000000000
81495  53.836  -4.544  33.344 0.0000000000
81505  54.723  -4.230  31.772 0.0000000000
82787  51.975  -3.519  35.493 0.0000000000
82788  51.451  -3.668  35.903 0.0000000000
82794  52.977  -3.883  34.728 0.0000000000
82795  52.616  -3.697  35.045 0.0000000000
82801  53.169  -3.638  34.363 0.0000000000
82802  52.833  -3.240  34.739 0.0000000000
82809  54.192  -3.308  32.723 0.0000000000
82810  53.759  -3.713  33.430 0.0000000000
82817  55.062  -2.653  31.574 0.0000000000
82818  54.739  -3.244  31.936 0.0000000000
84129  52.135  -3.242  35.308 0.0000000000
70785  45.488  -12.084  35.017 0.0000000000
70786  44.933  -12.303  34.884 0.0000000000
70787  43.989  -12.755  34.898 0.0000000000
70788  43.192  -12.868  34.444 0.0000000000
70789  42.504  -13.039  34.266 0.0000000000
70802  44.358  -12.286  34.328 0.0000000000
71991  46.553  -11.590  35.460 0.0000000000
71992  45.858  -11.970  35.203 0.0000000000
72001  46.292  -11.381  34.733 0.0000000000
72002  45.610  -11.706  34.448 0.0000000000
72003  44.832  -12.070  34.299 0.0000000000
73300  49.210  -10.084  36.479 0.0000000000
73301  48.664  -10.508  36.191 0.0000000000
73317  48.312  -10.009  35.200 0.0000000000
73318  47.660  -10.753  35.476 0.0000000000
73319  47.046  -11.115  35.310 0.0000000000
73333  48.207  -9.704  34.707 0.0000000000
73334  47.601  -9.976  34.469 0.0000000000
73335  46.764  -10.894  34.666 0.0000000000
73336  46.208  -11.263  34.407 0.0000000000
73350  47.295  -9.693  33.836 0.0000000000
73351  46.688  -10.065  33.635 0.0000000000
73352  46.100  -10.954  33.843 0.0000000000
73367  46.377  -9.935  33.072 0.0000000000
74716  49.444  -9.435  36.618 0.0000000000
74717  49.157  -9.821  36.142 0.0000000000
74731  49.231  -9.212  35.893 0.0000000000
74732  48.906  -9.676  35.595 0.0000000000
74745  49.178  -9.088  35.294 0.0000000000
74746  48.734  -9.336  34.764 0.0000000000
74747  48.171  -9.486  34.370 0.0000000000
76101  49.634  -8.407  36.596 0.0000000000
76102  49.429  -8.722  36.071 0.0000000000
76116  49.768  -8.010  35.705 0.0000000000
76117  49.474  -8.584  35.446 0.0000000000
77361  50.005  -7.367  36.037 0.0000000000
