#!ascii label  , from subject colin27 vox2ras=TkReg coords=white
863
59892  12.683  -20.575  64.059 0.0000000000
59893  11.775  -20.565  64.220 0.0000000000
59932  29.024  -20.494  56.894 0.0000000000
59933  28.227  -20.507  57.407 0.0000000000
59944  30.446  -20.417  56.121 0.0000000000
59945  29.803  -20.696  56.546 0.0000000000
59954  31.953  -20.121  55.032 0.0000000000
59955  31.341  -20.335  55.563 0.0000000000
59956  30.931  -20.257  55.856 0.0000000000
59965  32.174  -20.278  54.241 0.0000000000
59966  27.238  -20.258  53.851 0.0000000000
59967  26.282  -20.314  53.891 0.0000000000
59968  25.694  -20.147  53.717 0.0000000000
59981  32.135  -20.331  53.463 0.0000000000
59982  27.369  -20.087  52.961 0.0000000000
59983  26.669  -20.420  53.110 0.0000000000
59993  31.907  -20.479  52.760 0.0000000000
59994  31.583  -20.758  52.173 0.0000000000
59995  27.361  -19.961  52.464 0.0000000000
60005  31.187  -20.623  51.415 0.0000000000
60006  30.808  -20.935  50.775 0.0000000000
60018  36.238  -20.597  50.332 0.0000000000
60019  35.213  -20.438  50.155 0.0000000000
60020  34.345  -20.465  49.748 0.0000000000
60021  30.835  -20.275  50.745 0.0000000000
60022  30.543  -20.617  50.096 0.0000000000
60033  33.631  -20.424  49.300 0.0000000000
60034  32.960  -20.272  48.810 0.0000000000
60035  30.425  -20.481  49.219 0.0000000000
60045  32.335  -20.182  48.327 0.0000000000
60046  31.637  -20.174  48.034 0.0000000000
60047  30.897  -20.231  48.121 0.0000000000
60048  30.525  -20.169  48.614 0.0000000000
61283  13.690  -19.509  63.809 0.0000000000
61284  13.319  -19.728  63.893 0.0000000000
61285  12.352  -19.626  64.076 0.0000000000
61286  11.373  -19.634  64.192 0.0000000000
61293  14.034  -19.637  63.622 0.0000000000
61329  28.804  -20.084  56.606 0.0000000000
61330  28.319  -19.890  57.000 0.0000000000
61331  27.513  -19.699  57.614 0.0000000000
61342  30.129  -19.804  55.896 0.0000000000
61343  29.425  -19.992  56.205 0.0000000000
61344  28.399  -19.834  56.285 0.0000000000
61345  27.388  -19.341  56.635 0.0000000000
61346  26.694  -19.005  56.381 0.0000000000
61356  31.856  -19.463  54.922 0.0000000000
61357  31.425  -19.453  55.169 0.0000000000
61358  30.741  -19.658  55.622 0.0000000000
61359  29.757  -19.305  55.371 0.0000000000
61360  28.706  -19.682  55.447 0.0000000000
61361  27.640  -19.768  55.623 0.0000000000
61362  26.444  -19.349  55.714 0.0000000000
61363  25.677  -19.186  55.350 0.0000000000
61374  32.062  -19.349  54.457 0.0000000000
61375  31.676  -19.046  54.762 0.0000000000
61376  29.570  -18.870  54.814 0.0000000000
61377  28.877  -19.138  54.452 0.0000000000
61378  27.954  -19.931  54.639 0.0000000000
61379  26.836  -20.060  54.769 0.0000000000
61380  25.483  -19.630  54.498 0.0000000000
61381  24.681  -19.215  54.228 0.0000000000
61396  32.158  -19.503  53.730 0.0000000000
61397  28.420  -18.935  53.375 0.0000000000
61398  27.964  -19.681  53.614 0.0000000000
61400  24.614  -19.454  53.615 0.0000000000
61411  32.013  -19.614  52.952 0.0000000000
61412  31.582  -19.760  52.079 0.0000000000
61413  28.261  -18.661  52.827 0.0000000000
61414  27.751  -19.340  52.430 0.0000000000
61415  27.276  -19.905  52.169 0.0000000000
61428  37.214  -19.107  50.745 0.0000000000
61429  36.578  -19.121  50.700 0.0000000000
61430  36.126  -19.164  50.661 0.0000000000
61431  31.057  -19.574  51.135 0.0000000000
61432  27.429  -18.952  51.389 0.0000000000
61445  38.485  -19.579  50.382 0.0000000000
61446  37.726  -19.757  50.545 0.0000000000
61447  36.844  -19.811  50.622 0.0000000000
61448  35.902  -19.416  50.521 0.0000000000
61449  34.537  -19.371  50.092 0.0000000000
61450  33.943  -18.751  49.917 0.0000000000
61451  30.647  -19.630  50.321 0.0000000000
61452  30.469  -19.824  49.641 0.0000000000
61453  27.290  -18.628  50.943 0.0000000000
61465  33.967  -19.895  49.664 0.0000000000
61466  33.407  -19.280  49.356 0.0000000000
61467  32.636  -18.899  48.738 0.0000000000
61468  30.407  -19.563  49.009 0.0000000000
61476  32.681  -19.582  48.662 0.0000000000
61477  32.059  -19.252  48.213 0.0000000000
61478  31.220  -19.331  48.028 0.0000000000
61479  30.666  -19.415  48.393 0.0000000000
62608  13.623  -19.171  63.831 0.0000000000
62609  13.005  -18.603  63.974 0.0000000000
62610  11.877  -18.685  64.101 0.0000000000
62611  10.891  -18.727  64.138 0.0000000000
62616  14.683  -18.612  63.147 0.0000000000
62617  13.916  -18.402  63.731 0.0000000000
62618  13.455  -17.974  63.882 0.0000000000
62623  15.090  -18.269  62.502 0.0000000000
62634  24.856  -18.240  59.072 0.0000000000
62635  24.037  -18.175  59.294 0.0000000000
62636  23.136  -18.153  59.399 0.0000000000
62637  22.271  -18.120  59.384 0.0000000000
62646  26.328  -18.661  58.190 0.0000000000
62647  25.571  -18.402  58.706 0.0000000000
62657  26.912  -19.062  57.863 0.0000000000
62658  26.584  -18.523  57.580 0.0000000000
62669  27.050  -19.006  57.358 0.0000000000
62670  26.553  -18.624  56.853 0.0000000000
62671  25.982  -18.382  56.478 0.0000000000
62680  30.984  -19.125  55.203 0.0000000000
62681  30.515  -18.920  55.115 0.0000000000
62682  29.980  -18.722  54.905 0.0000000000
62683  26.271  -18.792  56.271 0.0000000000
62684  25.614  -18.642  55.881 0.0000000000
62685  24.940  -18.456  55.466 0.0000000000
62698  31.712  -18.517  54.339 0.0000000000
62699  31.124  -18.526  54.746 0.0000000000
62700  30.356  -18.245  54.625 0.0000000000
62701  29.619  -18.325  54.403 0.0000000000
62702  28.949  -18.284  53.806 0.0000000000
62703  25.236  -18.955  55.209 0.0000000000
62704  24.547  -18.725  54.781 0.0000000000
62705  23.860  -18.403  54.328 0.0000000000
62715  32.059  -18.681  53.881 0.0000000000
62716  28.546  -18.243  53.161 0.0000000000
62717  24.174  -18.897  53.967 0.0000000000
62718  23.454  -18.455  53.609 0.0000000000
62725  32.027  -18.827  53.247 0.0000000000
62726  31.745  -18.787  52.577 0.0000000000
62727  28.347  -18.253  52.793 0.0000000000
62728  28.124  -18.348  52.443 0.0000000000
62729  23.982  -19.039  53.208 0.0000000000
62738  37.348  -18.619  50.607 0.0000000000
62739  36.834  -18.662  50.595 0.0000000000
62740  36.487  -18.838  50.647 0.0000000000
62741  31.288  -18.524  51.633 0.0000000000
62742  27.787  -18.369  51.828 0.0000000000
62750  39.371  -18.875  50.018 0.0000000000
62751  38.761  -18.904  50.344 0.0000000000
62752  37.981  -18.871  50.656 0.0000000000
62753  36.772  -18.443  50.498 0.0000000000
62754  36.297  -18.575  50.587 0.0000000000
62755  35.321  -18.455  50.449 0.0000000000
62756  34.386  -18.228  50.126 0.0000000000
62757  30.788  -18.682  50.647 0.0000000000
62758  30.513  -18.850  49.675 0.0000000000
62759  27.478  -18.230  51.189 0.0000000000
62768  41.091  -18.296  48.651 0.0000000000
62769  40.628  -18.671  49.072 0.0000000000
62770  39.948  -18.769  49.582 0.0000000000
62771  33.617  -18.116  49.666 0.0000000000
62772  32.873  -18.146  49.079 0.0000000000
62773  30.522  -18.670  48.827 0.0000000000
62785  32.204  -18.238  48.478 0.0000000000
62786  31.495  -18.428  48.193 0.0000000000
62787  30.862  -18.556  48.271 0.0000000000
63849  13.042  -17.525  63.952 0.0000000000
63850  12.250  -17.758  64.047 0.0000000000
63851  11.308  -17.822  64.074 0.0000000000
63854  15.075  -17.455  62.854 0.0000000000
63855  14.454  -17.447  63.401 0.0000000000
63856  13.742  -17.381  63.787 0.0000000000
63861  15.325  -17.483  62.126 0.0000000000
63873  25.192  -17.686  58.754 0.0000000000
63874  24.562  -17.259  59.050 0.0000000000
63875  23.669  -17.238  59.352 0.0000000000
63876  22.773  -17.245  59.579 0.0000000000
63877  21.809  -17.390  59.619 0.0000000000
63878  20.738  -17.483  59.314 0.0000000000
63879  20.096  -17.071  59.270 0.0000000000
63887  26.230  -17.966  57.777 0.0000000000
63888  25.677  -17.595  58.215 0.0000000000
63889  25.087  -17.077  58.555 0.0000000000
63897  9.144  -17.250  58.574 0.0000000000
63900  26.173  -18.010  57.171 0.0000000000
63901  25.788  -17.492  57.457 0.0000000000
63909  26.049  -18.155  56.771 0.0000000000
63910  25.379  -17.749  56.546 0.0000000000
63911  24.674  -17.299  56.238 0.0000000000
63921  25.067  -18.138  55.854 0.0000000000
63922  24.313  -17.748  55.541 0.0000000000
63923  23.581  -17.328  55.218 0.0000000000
63932  31.793  -18.025  53.871 0.0000000000
63933  31.337  -17.566  54.096 0.0000000000
63934  30.701  -17.490  54.307 0.0000000000
63935  30.028  -17.447  54.270 0.0000000000
63936  29.384  -17.481  53.942 0.0000000000
63937  23.982  -18.148  54.782 0.0000000000
63938  23.251  -17.686  54.455 0.0000000000
63939  22.544  -17.263  54.159 0.0000000000
63947  31.831  -18.154  53.354 0.0000000000
63948  31.555  -17.425  53.426 0.0000000000
63949  28.837  -17.505  53.407 0.0000000000
63950  22.965  -17.939  53.627 0.0000000000
63959  31.821  -18.357  52.955 0.0000000000
63960  31.538  -17.725  52.563 0.0000000000
63961  28.368  -17.665  52.794 0.0000000000
63962  27.953  -17.610  52.188 0.0000000000
63971  37.096  -18.401  50.471 0.0000000000
63972  36.895  -18.271  50.376 0.0000000000
63973  31.151  -17.473  51.573 0.0000000000
63974  27.625  -17.547  51.549 0.0000000000
63982  39.012  -18.375  50.155 0.0000000000
63983  38.467  -18.271  50.302 0.0000000000
63984  37.675  -18.193  50.369 0.0000000000
63985  36.861  -18.140  50.314 0.0000000000
63986  35.939  -17.831  50.253 0.0000000000
63987  34.954  -17.520  50.150 0.0000000000
63988  34.000  -17.290  49.886 0.0000000000
63989  30.865  -17.819  50.960 0.0000000000
63990  30.632  -17.823  50.147 0.0000000000
64002  40.743  -17.762  48.996 0.0000000000
64003  40.114  -17.906  49.431 0.0000000000
64004  39.466  -18.137  49.815 0.0000000000
64005  33.095  -17.099  49.381 0.0000000000
64006  32.331  -17.312  48.817 0.0000000000
64007  30.560  -17.904  49.304 0.0000000000
64019  41.810  -17.496  47.953 0.0000000000
64020  41.246  -17.629  48.493 0.0000000000
64021  37.310  -17.190  47.673 0.0000000000
64022  36.960  -17.284  47.680 0.0000000000
64023  31.652  -17.572  48.457 0.0000000000
64024  31.063  -17.781  48.336 0.0000000000
64025  30.696  -17.895  48.661 0.0000000000
64036  42.721  -16.789  46.905 0.0000000000
64037  42.403  -17.374  47.191 0.0000000000
64038  37.305  -17.222  47.264 0.0000000000
64039  36.727  -17.243  47.160 0.0000000000
65038  12.478  -16.984  63.988 0.0000000000
65039  11.694  -16.993  64.008 0.0000000000
65040  10.788  -17.049  63.930 0.0000000000
65042  14.970  -16.366  63.137 0.0000000000
65043  14.150  -16.479  63.595 0.0000000000
65044  13.177  -16.502  63.842 0.0000000000
65045  12.143  -16.228  63.838 0.0000000000
65046  11.164  -16.291  63.708 0.0000000000
65047  10.063  -16.526  63.379 0.0000000000
65050  15.441  -16.546  62.418 0.0000000000
65051  9.883  -15.966  62.763 0.0000000000
65052  9.266  -16.283  62.401 0.0000000000
65054  16.268  -16.048  61.313 0.0000000000
65055  15.675  -16.682  61.699 0.0000000000
65056  9.157  -16.239  61.305 0.0000000000
65059  20.876  -15.929  60.141 0.0000000000
65060  20.007  -15.965  60.073 0.0000000000
65061  19.063  -15.831  59.976 0.0000000000
65062  18.085  -15.758  60.035 0.0000000000
65063  17.173  -15.950  60.234 0.0000000000
65064  16.383  -16.269  60.557 0.0000000000
65066  10.064  -16.075  60.063 0.0000000000
65067  9.346  -16.412  60.357 0.0000000000
65070  24.011  -16.555  59.023 0.0000000000
65071  23.258  -16.164  59.265 0.0000000000
65072  22.282  -16.397  59.759 0.0000000000
65073  21.319  -16.620  59.886 0.0000000000
65074  20.421  -16.622  59.695 0.0000000000
65075  19.429  -16.628  59.283 0.0000000000
65076  18.341  -16.264  59.335 0.0000000000
65077  17.376  -16.225  59.482 0.0000000000
65080  10.310  -16.274  59.109 0.0000000000
65081  9.521  -16.725  59.374 0.0000000000
65083  25.206  -16.848  58.123 0.0000000000
65084  24.454  -16.291  58.343 0.0000000000
65085  23.850  -16.041  58.822 0.0000000000
65091  10.597  -16.389  58.151 0.0000000000
65092  9.864  -16.852  58.363 0.0000000000
65093  25.459  -17.056  57.742 0.0000000000
65094  24.981  -16.573  57.576 0.0000000000
65102  25.336  -17.051  57.205 0.0000000000
65103  24.688  -16.762  56.733 0.0000000000
65104  24.091  -16.529  56.313 0.0000000000
65114  24.290  -17.008  56.110 0.0000000000
65115  23.646  -16.798  55.727 0.0000000000
65116  22.938  -16.542  55.367 0.0000000000
65117  22.331  -16.265  55.130 0.0000000000
65125  30.919  -16.599  54.045 0.0000000000
65126  30.302  -16.582  54.119 0.0000000000
65127  29.680  -16.664  54.011 0.0000000000
65128  29.136  -16.687  53.668 0.0000000000
65129  23.202  -17.036  55.085 0.0000000000
65130  22.603  -16.871  54.681 0.0000000000
65140  31.231  -16.616  53.558 0.0000000000
65141  28.521  -16.644  53.112 0.0000000000
65142  28.032  -16.317  52.624 0.0000000000
65154  31.397  -16.613  52.879 0.0000000000
65155  28.116  -16.985  52.542 0.0000000000
65156  27.694  -16.682  52.009 0.0000000000
65168  31.264  -16.671  51.934 0.0000000000
65183  38.955  -17.883  50.001 0.0000000000
65184  38.432  -17.676  49.910 0.0000000000
65185  37.605  -17.718  49.770 0.0000000000
65186  36.606  -17.653  49.656 0.0000000000
65187  35.522  -17.099  49.603 0.0000000000
65188  34.490  -16.673  49.714 0.0000000000
65189  33.498  -16.347  49.566 0.0000000000
65190  32.797  -15.977  49.530 0.0000000000
65191  30.961  -16.778  50.691 0.0000000000
65192  30.719  -17.165  49.703 0.0000000000
65209  40.889  -17.105  48.844 0.0000000000
65210  40.331  -17.099  49.166 0.0000000000
65211  39.413  -17.226  49.507 0.0000000000
65212  38.538  -17.048  49.188 0.0000000000
65213  37.506  -17.443  49.016 0.0000000000
65214  36.393  -17.256  48.892 0.0000000000
65215  35.462  -16.565  48.855 0.0000000000
65216  32.927  -16.395  49.453 0.0000000000
65217  32.255  -16.327  49.250 0.0000000000
65218  31.239  -16.432  49.478 0.0000000000
65219  30.769  -17.249  49.018 0.0000000000
65236  41.958  -16.669  47.839 0.0000000000
65237  41.312  -16.655  48.411 0.0000000000
65238  38.341  -16.777  48.407 0.0000000000
65239  37.366  -17.242  48.110 0.0000000000
65240  36.236  -16.873  47.950 0.0000000000
65241  35.293  -16.101  48.210 0.0000000000
65242  31.706  -16.848  48.828 0.0000000000
65243  31.166  -17.146  48.706 0.0000000000
65244  30.863  -17.463  48.613 0.0000000000
65262  42.920  -16.229  46.734 0.0000000000
65263  42.356  -16.188  47.344 0.0000000000
65265  37.635  -17.067  47.510 0.0000000000
65266  36.120  -16.957  46.963 0.0000000000
65267  35.562  -16.373  47.378 0.0000000000
65288  36.075  -17.095  46.444 0.0000000000
65289  35.585  -16.706  46.360 0.0000000000
65325  38.289  -16.240  44.939 0.0000000000
65341  37.535  -16.408  43.942 0.0000000000
66381  15.029  -15.440  63.115 0.0000000000
66382  14.507  -15.651  63.339 0.0000000000
66383  13.742  -15.605  63.572 0.0000000000
66384  12.755  -15.475  63.605 0.0000000000
66385  11.569  -15.394  63.317 0.0000000000
66386  10.795  -15.854  63.319 0.0000000000
66387  16.166  -15.085  62.193 0.0000000000
66388  15.533  -15.501  62.631 0.0000000000
66389  11.231  -15.018  62.764 0.0000000000
66390  10.505  -15.479  62.609 0.0000000000
66391  9.862  -15.859  62.434 0.0000000000
66392  18.175  -14.807  60.928 0.0000000000
66393  17.543  -14.942  61.198 0.0000000000
66394  16.740  -15.172  61.654 0.0000000000
66395  15.991  -15.834  62.004 0.0000000000
66396  10.346  -15.392  61.614 0.0000000000
66397  9.792  -15.781  61.909 0.0000000000
66398  21.151  -15.254  60.171 0.0000000000
66399  20.517  -15.279  60.282 0.0000000000
66400  19.701  -15.224  60.402 0.0000000000
66401  18.738  -15.140  60.580 0.0000000000
66402  17.794  -15.348  60.662 0.0000000000
66403  16.990  -15.608  60.947 0.0000000000
66404  11.085  -15.220  60.334 0.0000000000
66405  10.560  -15.443  60.728 0.0000000000
66406  9.846  -15.838  60.988 0.0000000000
66407  23.084  -15.471  59.043 0.0000000000
66408  22.491  -15.331  59.367 0.0000000000
66409  21.692  -15.683  60.005 0.0000000000
66410  11.460  -15.199  59.641 0.0000000000
66411  10.745  -15.671  59.792 0.0000000000
66412  24.018  -15.568  57.866 0.0000000000
66413  23.432  -15.386  58.443 0.0000000000
66414  22.949  -15.161  58.905 0.0000000000
66417  11.003  -15.813  58.890 0.0000000000
66421  24.304  -15.957  57.240 0.0000000000
66422  23.393  -15.232  57.319 0.0000000000
66423  22.822  -14.921  57.005 0.0000000000
66432  24.188  -16.261  56.658 0.0000000000
66433  23.562  -15.961  56.357 0.0000000000
66434  22.553  -15.260  56.412 0.0000000000
66435  21.920  -15.089  56.059 0.0000000000
66444  23.213  -16.305  55.795 0.0000000000
66445  22.705  -15.968  55.733 0.0000000000
66459  31.004  -15.969  53.704 0.0000000000
66460  30.554  -15.701  53.841 0.0000000000
66461  29.830  -15.741  53.945 0.0000000000
66462  29.412  -16.181  53.834 0.0000000000
66478  31.162  -15.650  53.133 0.0000000000
66479  30.891  -15.526  53.580 0.0000000000
66480  29.498  -15.218  53.704 0.0000000000
66481  29.012  -15.716  53.574 0.0000000000
66482  28.310  -15.659  52.988 0.0000000000
66495  31.271  -15.882  52.376 0.0000000000
66496  27.759  -15.615  52.295 0.0000000000
66508  31.298  -15.757  51.429 0.0000000000
66520  34.858  -16.291  49.361 0.0000000000
66521  33.988  -15.698  49.377 0.0000000000
66522  33.028  -15.499  49.536 0.0000000000
66523  32.198  -15.509  49.711 0.0000000000
66524  31.471  -15.693  50.251 0.0000000000
66532  40.697  -16.523  48.863 0.0000000000
66533  40.111  -16.296  49.042 0.0000000000
66534  39.391  -16.223  48.958 0.0000000000
66535  38.914  -16.199  48.629 0.0000000000
66536  34.697  -15.639  48.897 0.0000000000
66537  34.170  -15.302  49.146 0.0000000000
66538  31.682  -15.896  49.664 0.0000000000
66539  31.436  -15.955  49.800 0.0000000000
66544  41.716  -15.665  48.069 0.0000000000
66545  40.829  -15.644  48.620 0.0000000000
66546  39.998  -15.380  48.688 0.0000000000
66547  39.396  -15.485  48.385 0.0000000000
66548  38.887  -15.716  47.910 0.0000000000
66549  34.859  -15.492  48.295 0.0000000000
66554  42.651  -15.353  47.102 0.0000000000
66555  42.196  -15.259  47.609 0.0000000000
66557  35.058  -15.606  47.687 0.0000000000
66558  34.834  -15.317  47.254 0.0000000000
66567  43.152  -15.419  46.530 0.0000000000
66569  35.171  -15.889  46.933 0.0000000000
66570  34.721  -15.424  46.655 0.0000000000
66581  38.519  -15.848  45.146 0.0000000000
66582  35.001  -16.067  46.215 0.0000000000
66595  38.293  -15.819  44.494 0.0000000000
66596  37.873  -16.110  44.052 0.0000000000
66615  38.023  -15.568  43.840 0.0000000000
67800  14.741  -15.148  63.188 0.0000000000
67801  14.285  -14.957  63.275 0.0000000000
67802  13.423  -14.773  63.301 0.0000000000
67803  12.454  -14.710  63.106 0.0000000000
67804  11.720  -14.740  62.790 0.0000000000
67805  15.830  -14.670  62.431 0.0000000000
67806  15.072  -14.624  62.898 0.0000000000
67807  14.099  -14.185  62.907 0.0000000000
67808  13.140  -14.147  62.712 0.0000000000
67809  12.233  -14.273  62.336 0.0000000000
67810  11.278  -14.763  62.112 0.0000000000
67811  10.706  -15.099  61.965 0.0000000000
67812  17.983  -14.300  61.134 0.0000000000
67813  17.327  -14.345  61.505 0.0000000000
67814  16.556  -14.289  62.028 0.0000000000
67815  11.923  -14.314  61.463 0.0000000000
67816  11.319  -14.733  61.307 0.0000000000
67817  10.861  -15.039  61.441 0.0000000000
67818  20.913  -14.789  60.153 0.0000000000
67819  20.266  -14.541  60.283 0.0000000000
67820  19.433  -14.485  60.579 0.0000000000
67821  18.681  -14.344  60.870 0.0000000000
67822  12.282  -14.273  60.641 0.0000000000
67823  11.577  -14.749  60.607 0.0000000000
67824  11.069  -15.016  60.883 0.0000000000
67825  22.157  -14.692  59.188 0.0000000000
67826  21.535  -14.692  59.679 0.0000000000
67827  20.867  -14.355  59.973 0.0000000000
67828  13.247  -14.166  59.406 0.0000000000
67829  12.672  -14.320  59.829 0.0000000000
67830  12.017  -14.669  59.989 0.0000000000
67833  23.015  -14.852  58.120 0.0000000000
67834  22.560  -14.725  58.570 0.0000000000
67835  21.795  -14.261  58.916 0.0000000000
67846  23.205  -14.941  57.858 0.0000000000
67847  22.624  -14.741  57.528 0.0000000000
67848  21.497  -14.122  57.844 0.0000000000
67849  20.195  -13.847  57.518 0.0000000000
67850  19.522  -13.773  57.456 0.0000000000
67863  22.489  -14.832  56.869 0.0000000000
67864  21.823  -14.692  56.624 0.0000000000
67879  21.590  -15.044  55.980 0.0000000000
67892  30.400  -15.178  53.760 0.0000000000
67893  30.219  -15.334  53.887 0.0000000000
67902  31.120  -14.977  52.955 0.0000000000
67903  30.744  -14.945  53.399 0.0000000000
67904  30.027  -14.867  53.752 0.0000000000
67905  29.164  -14.671  53.370 0.0000000000
67906  28.654  -15.136  53.217 0.0000000000
67910  31.250  -14.963  52.224 0.0000000000
67911  31.061  -14.601  52.798 0.0000000000
67912  28.848  -14.139  53.002 0.0000000000
67913  28.311  -14.619  52.703 0.0000000000
67917  31.900  -14.479  50.398 0.0000000000
67918  31.554  -14.813  50.995 0.0000000000
67924  33.831  -15.076  49.245 0.0000000000
67925  33.235  -14.891  49.432 0.0000000000
67926  32.421  -14.761  49.844 0.0000000000
67927  31.885  -14.982  50.240 0.0000000000
67933  34.502  -15.148  48.505 0.0000000000
67934  34.085  -14.878  48.939 0.0000000000
67935  33.573  -14.710  49.184 0.0000000000
67941  41.868  -14.635  47.987 0.0000000000
67942  41.275  -14.714  48.272 0.0000000000
67943  40.556  -14.576  48.376 0.0000000000
67944  39.748  -14.478  48.080 0.0000000000
67945  39.288  -15.011  47.983 0.0000000000
67946  34.672  -15.071  47.989 0.0000000000
67947  34.212  -14.670  48.312 0.0000000000
67952  42.933  -14.550  46.909 0.0000000000
67953  42.353  -14.491  47.472 0.0000000000
67954  39.583  -14.004  47.526 0.0000000000
67955  39.250  -14.601  47.267 0.0000000000
67956  34.727  -15.155  47.589 0.0000000000
67957  34.312  -14.662  47.337 0.0000000000
67968  43.862  -14.484  45.982 0.0000000000
67969  43.368  -14.718  46.371 0.0000000000
67970  38.986  -14.681  46.094 0.0000000000
67971  34.359  -15.036  46.402 0.0000000000
67985  44.268  -14.222  45.505 0.0000000000
67986  38.710  -15.036  44.997 0.0000000000
68003  38.326  -14.969  44.002 0.0000000000
69149  15.727  -13.929  62.269 0.0000000000
69150  14.795  -13.669  62.316 0.0000000000
69151  13.787  -13.645  62.169 0.0000000000
69152  12.909  -13.831  62.000 0.0000000000
69153  12.405  -14.024  61.812 0.0000000000
69154  17.725  -13.846  61.240 0.0000000000
69155  17.159  -13.623  61.453 0.0000000000
69156  16.355  -13.454  61.719 0.0000000000
69157  15.496  -13.243  61.683 0.0000000000
69158  14.460  -13.195  61.274 0.0000000000
69159  13.401  -13.603  61.341 0.0000000000
69160  12.642  -13.949  61.331 0.0000000000
69161  19.808  -13.967  60.312 0.0000000000
69162  19.130  -13.798  60.524 0.0000000000
69163  18.281  -13.632  60.822 0.0000000000
69164  17.688  -13.477  61.051 0.0000000000
69165  14.469  -13.236  60.228 0.0000000000
69166  13.721  -13.521  60.509 0.0000000000
69167  12.988  -13.894  60.617 0.0000000000
69168  21.010  -14.118  59.610 0.0000000000
69169  20.371  -13.875  59.823 0.0000000000
69170  19.516  -13.476  59.896 0.0000000000
69171  18.734  -13.265  60.171 0.0000000000
69172  15.380  -13.384  58.991 0.0000000000
69173  14.784  -13.452  59.356 0.0000000000
69174  13.891  -13.743  59.572 0.0000000000
69175  13.295  -13.913  59.992 0.0000000000
69182  21.313  -14.099  59.250 0.0000000000
69183  20.774  -13.803  59.166 0.0000000000
69184  19.951  -13.506  59.098 0.0000000000
69185  18.744  -13.205  59.140 0.0000000000
69186  17.650  -13.275  58.564 0.0000000000
69187  16.746  -13.418  58.336 0.0000000000
69188  15.881  -13.467  58.447 0.0000000000
69190  14.254  -13.856  58.833 0.0000000000
69198  21.227  -13.924  58.721 0.0000000000
69199  20.552  -13.725  58.406 0.0000000000
69200  19.511  -13.549  58.138 0.0000000000
69201  18.454  -13.512  57.980 0.0000000000
69210  19.037  -13.727  57.478 0.0000000000
69226  30.370  -14.459  53.344 0.0000000000
69227  29.931  -14.110  53.328 0.0000000000
69228  29.313  -13.927  53.066 0.0000000000
69233  31.099  -14.362  52.337 0.0000000000
69234  30.712  -14.051  52.752 0.0000000000
69235  29.868  -13.556  52.662 0.0000000000
69236  28.915  -13.652  52.463 0.0000000000
69237  28.113  -13.839  51.982 0.0000000000
69242  31.761  -14.244  50.790 0.0000000000
69243  31.385  -13.947  51.441 0.0000000000
69244  30.586  -13.319  51.915 0.0000000000
69245  29.649  -13.058  51.866 0.0000000000
69246  28.714  -13.233  51.395 0.0000000000
69252  32.699  -14.414  49.650 0.0000000000
69253  32.140  -13.951  50.184 0.0000000000
69254  31.651  -13.638  50.702 0.0000000000
69266  33.616  -14.510  49.044 0.0000000000
69267  33.103  -14.211  49.315 0.0000000000
69268  32.534  -13.603  49.404 0.0000000000
69281  41.535  -14.160  48.131 0.0000000000
69282  41.120  -13.749  48.216 0.0000000000
69283  40.374  -13.698  48.094 0.0000000000
69284  39.853  -13.515  47.668 0.0000000000
69285  33.674  -14.318  48.760 0.0000000000
69286  33.174  -13.589  48.686 0.0000000000
69287  32.608  -13.325  49.064 0.0000000000
69300  42.607  -13.589  47.257 0.0000000000
69301  41.860  -13.617  47.931 0.0000000000
69302  41.384  -13.258  48.098 0.0000000000
69303  39.482  -13.509  46.960 0.0000000000
69304  39.227  -13.997  46.479 0.0000000000
69305  33.816  -14.130  48.165 0.0000000000
69322  43.921  -13.506  46.011 0.0000000000
69323  43.295  -13.739  46.561 0.0000000000
69324  39.289  -13.393  46.072 0.0000000000
69325  39.139  -13.906  45.891 0.0000000000
69345  44.401  -13.383  45.397 0.0000000000
69346  39.162  -13.517  45.522 0.0000000000
69347  38.976  -14.015  45.224 0.0000000000
69365  38.675  -14.169  44.257 0.0000000000
70430  16.809  -13.115  61.262 0.0000000000
70431  16.174  -12.932  61.164 0.0000000000
70432  15.385  -12.927  60.888 0.0000000000
70433  14.877  -13.008  60.624 0.0000000000
70434  17.829  -13.247  60.721 0.0000000000
70435  17.369  -13.105  60.984 0.0000000000
70436  16.828  -12.863  60.679 0.0000000000
70437  16.077  -12.817  60.337 0.0000000000
70438  15.249  -12.980  60.023 0.0000000000
70443  18.149  -13.183  60.405 0.0000000000
70444  17.586  -12.929  60.310 0.0000000000
70445  16.842  -12.828  59.855 0.0000000000
70446  15.983  -13.013  59.338 0.0000000000
70447  15.348  -13.205  59.439 0.0000000000
70455  18.214  -12.992  59.908 0.0000000000
70456  17.665  -12.968  59.460 0.0000000000
70457  16.874  -13.024  59.026 0.0000000000
70458  16.364  -13.207  58.778 0.0000000000
70515  31.478  -13.479  50.893 0.0000000000
70516  31.152  -13.178  51.074 0.0000000000
70517  30.342  -12.879  51.133 0.0000000000
70518  29.534  -12.862  51.028 0.0000000000
70533  32.113  -13.490  49.801 0.0000000000
70534  31.682  -13.298  50.258 0.0000000000
70554  32.199  -13.240  49.449 0.0000000000
70574  41.163  -13.144  48.130 0.0000000000
70575  40.778  -13.056  48.078 0.0000000000
70576  40.227  -12.999  47.844 0.0000000000
70597  42.962  -12.564  47.038 0.0000000000
70598  42.203  -12.628  47.555 0.0000000000
70599  41.345  -12.624  47.897 0.0000000000
70600  40.556  -12.423  47.627 0.0000000000
70601  39.867  -12.621  47.201 0.0000000000
70620  44.044  -12.394  46.028 0.0000000000
70621  43.497  -12.793  46.440 0.0000000000
70622  39.499  -12.660  46.244 0.0000000000
70639  44.992  -12.005  45.012 0.0000000000
70640  44.550  -12.492  45.354 0.0000000000
70641  39.260  -12.893  45.221 0.0000000000
70642  39.101  -13.449  45.151 0.0000000000
70659  38.975  -13.429  44.603 0.0000000000
71845  42.955  -11.685  47.059 0.0000000000
71846  42.463  -11.770  47.281 0.0000000000
71847  41.764  -11.736  47.487 0.0000000000
71848  40.937  -11.569  47.362 0.0000000000
71849  40.253  -11.850  47.123 0.0000000000
71856  43.857  -11.331  46.330 0.0000000000
71857  43.388  -11.800  46.671 0.0000000000
71858  40.388  -11.148  46.610 0.0000000000
71859  39.837  -11.812  46.419 0.0000000000
71867  44.909  -11.050  45.249 0.0000000000
71868  44.427  -11.436  45.715 0.0000000000
71869  40.057  -11.065  45.606 0.0000000000
71870  39.582  -11.942  45.412 0.0000000000
71881  45.993  -10.772  43.984 0.0000000000
71882  45.400  -11.230  44.566 0.0000000000
73100  43.105  -11.277  46.946 0.0000000000
73101  42.720  -11.090  47.082 0.0000000000
73102  42.095  -11.006  47.218 0.0000000000
73103  41.490  -11.020  47.203 0.0000000000
73113  44.006  -10.436  46.231 0.0000000000
73114  43.214  -10.615  46.714 0.0000000000
73115  42.379  -10.369  46.891 0.0000000000
73116  41.676  -10.343  46.780 0.0000000000
73117  41.014  -10.688  46.791 0.0000000000
73129  45.087  -10.217  45.156 0.0000000000
73130  44.542  -10.343  45.671 0.0000000000
73131  41.203  -10.153  46.341 0.0000000000
73132  40.660  -10.343  46.001 0.0000000000
73147  45.965  -9.845  44.068 0.0000000000
73148  45.548  -10.080  44.548 0.0000000000
73164  46.920  -9.863  42.857 0.0000000000
73165  46.405  -10.124  43.413 0.0000000000
74546  44.151  -9.642  46.008 0.0000000000
74547  43.360  -9.380  46.216 0.0000000000
74548  42.463  -9.588  46.393 0.0000000000
74549  42.015  -9.897  46.611 0.0000000000
74561  45.202  -9.271  45.022 0.0000000000
74562  44.606  -9.312  45.533 0.0000000000
74563  43.961  -8.903  45.865 0.0000000000
74564  42.112  -9.335  46.083 0.0000000000
74565  41.628  -9.596  46.040 0.0000000000
74566  41.085  -9.927  46.013 0.0000000000
74576  46.151  -9.084  43.846 0.0000000000
74577  45.666  -9.114  44.457 0.0000000000
74578  41.235  -9.513  45.005 0.0000000000
74579  41.002  -9.874  45.569 0.0000000000
74588  47.126  -9.128  42.576 0.0000000000
74589  46.592  -9.114  43.175 0.0000000000
74605  47.677  -9.116  42.003 0.0000000000
75953  42.902  -8.877  45.942 0.0000000000
75954  42.738  -9.130  46.151 0.0000000000
75964  44.793  -8.655  45.209 0.0000000000
75965  44.192  -8.300  45.325 0.0000000000
75966  43.231  -8.401  45.392 0.0000000000
75967  42.299  -8.989  45.676 0.0000000000
75968  41.695  -9.212  45.401 0.0000000000
75978  45.776  -8.097  44.212 0.0000000000
75979  45.169  -8.298  44.807 0.0000000000
75980  44.680  -8.185  45.088 0.0000000000
75981  42.950  -7.987  44.733 0.0000000000
75983  41.741  -8.967  44.803 0.0000000000
75995  46.799  -8.235  42.875 0.0000000000
75996  46.293  -8.171  43.533 0.0000000000
76009  47.847  -8.248  41.644 0.0000000000
76010  47.326  -8.249  42.273 0.0000000000
77223  43.953  -7.756  45.016 0.0000000000
77224  43.698  -7.948  45.114 0.0000000000
77238  45.624  -7.455  44.166 0.0000000000
77239  45.255  -7.358  44.347 0.0000000000
77240  44.488  -7.590  44.793 0.0000000000
77258  46.546  -7.202  43.155 0.0000000000
77259  45.969  -7.266  43.890 0.0000000000
77260  45.555  -7.157  44.130 0.0000000000
77277  47.522  -7.213  41.989 0.0000000000
77278  47.038  -7.491  42.588 0.0000000000
77295  48.088  -7.410  41.162 0.0000000000
78554  45.155  -6.929  44.248 0.0000000000
78555  44.852  -6.893  44.287 0.0000000000
78566  46.620  -6.339  43.052 0.0000000000
78567  46.174  -6.390  43.454 0.0000000000
78568  45.387  -6.567  43.932 0.0000000000
78580  47.384  -6.186  42.054 0.0000000000
78581  47.003  -6.555  42.620 0.0000000000
78594  47.779  -6.368  41.429 0.0000000000
78608  48.426  -6.162  39.862 0.0000000000
78609  48.179  -6.571  40.639 0.0000000000
80003  46.814  -5.993  42.835 0.0000000000
80004  46.501  -5.630  42.983 0.0000000000
80005  45.802  -5.545  43.251 0.0000000000
80014  47.477  -5.370  41.652 0.0000000000
80015  46.997  -5.531  42.452 0.0000000000
80016  46.636  -5.258  42.662 0.0000000000
80029  47.922  -5.550  40.989 0.0000000000
80042  48.210  -5.133  39.747 0.0000000000
80043  48.102  -5.646  40.339 0.0000000000
80055  48.591  -5.512  39.124 0.0000000000
81399  46.496  -5.177  42.729 0.0000000000
81400  46.272  -5.100  42.856 0.0000000000
81412  47.394  -4.803  41.539 0.0000000000
81413  47.213  -4.697  41.869 0.0000000000
81414  46.664  -4.799  42.470 0.0000000000
81427  47.637  -4.631  41.142 0.0000000000
81428  47.367  -4.562  41.499 0.0000000000
81438  48.164  -4.219  39.675 0.0000000000
81439  47.960  -4.833  40.384 0.0000000000
81449  48.476  -4.514  39.048 0.0000000000
81458  49.245  -4.347  37.785 0.0000000000
81459  48.856  -4.884  38.414 0.0000000000
82745  47.205  -4.336  41.765 0.0000000000
82746  47.054  -4.240  41.977 0.0000000000
82747  46.580  -4.104  42.139 0.0000000000
82751  47.710  -4.061  41.003 0.0000000000
82752  47.379  -4.123  41.449 0.0000000000
82753  46.995  -3.643  41.683 0.0000000000
82758  48.193  -3.685  39.627 0.0000000000
82759  47.934  -3.905  40.340 0.0000000000
82765  48.933  -3.202  38.411 0.0000000000
82766  48.606  -3.491  38.893 0.0000000000
82772  49.586  -3.068  37.411 0.0000000000
82773  49.221  -3.411  37.894 0.0000000000
82774  48.866  -4.078  38.406 0.0000000000
82779  50.793  -3.436  36.254 0.0000000000
82780  50.033  -3.493  36.824 0.0000000000
82781  49.665  -4.041  37.228 0.0000000000
84092  47.726  -3.674  40.880 0.0000000000
84093  47.475  -3.304  41.081 0.0000000000
84098  48.265  -3.229  39.611 0.0000000000
84099  47.975  -3.061  40.317 0.0000000000
84106  49.017  -2.931  38.411 0.0000000000
84107  48.741  -2.735  38.996 0.0000000000
84113  49.817  -2.839  37.072 0.0000000000
84114  49.446  -2.642  37.760 0.0000000000
84121  51.096  -3.176  36.038 0.0000000000
84122  50.596  -2.759  36.464 0.0000000000
84130  51.628  -2.847  35.736 0.0000000000
84131  51.090  -2.175  36.136 0.0000000000
84138  52.440  -2.878  35.089 0.0000000000
84139  52.126  -2.276  35.378 0.0000000000
84147  53.491  -3.043  33.816 0.0000000000
84148  53.036  -2.713  34.414 0.0000000000
84160  54.421  -2.608  32.554 0.0000000000
84161  53.919  -2.814  33.196 0.0000000000
84177  55.315  -2.183  31.528 0.0000000000
84178  54.838  -2.385  31.978 0.0000000000
85521  48.381  -2.619  39.556 0.0000000000
85531  49.116  -2.391  38.382 0.0000000000
85541  49.848  -2.333  37.080 0.0000000000
85542  49.605  -1.832  37.746 0.0000000000
85550  50.400  -1.850  36.675 0.0000000000
85551  50.056  -1.334  36.993 0.0000000000
85558  51.704  -1.951  35.788 0.0000000000
85559  51.201  -1.523  36.146 0.0000000000
85566  52.588  -2.103  34.872 0.0000000000
85567  52.211  -1.620  35.317 0.0000000000
85581  53.524  -2.285  33.700 0.0000000000
85582  53.074  -1.776  34.252 0.0000000000
85601  54.598  -2.000  32.413 0.0000000000
85602  54.117  -1.896  33.013 0.0000000000
85620  55.601  -1.503  31.540 0.0000000000
85621  55.017  -1.705  32.007 0.0000000000
86965  50.725  -1.123  36.510 0.0000000000
86966  50.163  -0.763  36.710 0.0000000000
86974  51.806  -1.311  35.738 0.0000000000
86975  51.427  -0.801  35.913 0.0000000000
86976  50.813  -0.601  36.240 0.0000000000
86987  52.631  -1.391  34.747 0.0000000000
86988  52.209  -0.798  35.111 0.0000000000
86989  51.740  -0.336  35.381 0.0000000000
87006  53.574  -1.471  33.630 0.0000000000
87007  53.073  -0.775  34.128 0.0000000000
87008  52.537  -0.283  34.493 0.0000000000
87022  54.590  -1.409  32.522 0.0000000000
87023  54.082  -0.715  33.068 0.0000000000
87024  53.500  -0.077  33.570 0.0000000000
87032  55.861  -0.894  31.478 0.0000000000
87033  55.093  -0.742  32.088 0.0000000000
87034  54.622  0.024  32.548 0.0000000000
87044  56.382  -0.545  31.048 0.0000000000
87055  56.534  0.013  30.892 0.0000000000
87068  57.750  0.250  29.064 0.0000000000
88425  51.173  -0.227  35.726 0.0000000000
88426  50.471  -0.273  36.114 0.0000000000
88439  52.093  -0.208  34.864 0.0000000000
88440  51.632  0.021  34.994 0.0000000000
88455  52.972  -0.025  34.040 0.0000000000
88456  52.354  0.147  34.234 0.0000000000
88457  51.624  0.359  34.301 0.0000000000
88467  54.075  0.344  32.984 0.0000000000
88468  53.222  0.457  33.438 0.0000000000
88469  52.477  0.661  33.546 0.0000000000
88470  51.719  0.767  33.354 0.0000000000
88481  55.747  -0.254  31.610 0.0000000000
88482  55.246  0.404  31.998 0.0000000000
88483  54.590  0.569  32.476 0.0000000000
88497  56.029  0.427  31.291 0.0000000000
88498  55.580  0.818  31.625 0.0000000000
88514  57.094  0.492  30.010 0.0000000000
88515  56.576  0.486  30.646 0.0000000000
88532  57.775  0.709  28.853 0.0000000000
88533  57.447  0.625  29.378 0.0000000000
90024  54.332  0.749  32.601 0.0000000000
90025  53.953  0.889  32.760 0.0000000000
90026  53.262  1.063  32.942 0.0000000000
90027  52.608  1.105  32.968 0.0000000000
90036  55.344  0.961  31.819 0.0000000000
90037  54.767  1.062  32.163 0.0000000000
90038  53.992  1.364  32.249 0.0000000000
90039  53.189  1.405  32.315 0.0000000000
90040  52.328  1.210  32.407 0.0000000000
90049  56.197  0.914  30.874 0.0000000000
90050  55.621  1.263  31.213 0.0000000000
90051  54.757  1.615  31.564 0.0000000000
90052  53.938  1.781  31.486 0.0000000000
90053  52.937  1.536  31.571 0.0000000000
90063  57.086  1.001  29.712 0.0000000000
90064  56.476  1.286  30.213 0.0000000000
90065  55.939  1.565  30.639 0.0000000000
90075  57.783  1.170  28.588 0.0000000000
90076  57.244  1.450  29.154 0.0000000000
90077  56.672  1.655  29.651 0.0000000000
90085  57.354  1.884  28.614 0.0000000000
90086  54.112  1.582  28.533 0.0000000000
90095  54.305  1.574  27.669 0.0000000000
90104  54.445  1.447  26.740 0.0000000000
90113  54.475  1.194  25.684 0.0000000000
91514  55.710  1.644  30.762 0.0000000000
91515  55.344  1.771  30.901 0.0000000000
91516  54.741  1.918  31.026 0.0000000000
91524  56.426  1.738  29.871 0.0000000000
91525  55.968  1.865  30.264 0.0000000000
91526  55.190  2.061  30.390 0.0000000000
91527  54.388  2.007  30.571 0.0000000000
91536  57.150  1.988  28.893 0.0000000000
91537  56.615  2.009  29.327 0.0000000000
91538  55.718  2.182  29.562 0.0000000000
91539  54.861  2.155  29.749 0.0000000000
91551  57.198  2.257  28.291 0.0000000000
91552  56.236  2.378  28.577 0.0000000000
91553  55.304  2.265  28.861 0.0000000000
91554  54.499  1.967  29.086 0.0000000000
91568  55.654  2.395  27.851 0.0000000000
91569  54.795  2.043  28.208 0.0000000000
91582  55.025  1.982  27.243 0.0000000000
