#!ascii label  , from subject colin27 vox2ras=TkReg coords=white
410
30104  5.666  -44.179  11.174 0.0000000000
30118  5.582  -44.034  10.598 0.0000000000
30119  5.095  -44.282  10.376 0.0000000000
30133  4.862  -44.232  9.669 0.0000000000
30154  3.871  -44.777  7.850 0.0000000000
30155  3.474  -45.074  7.206 0.0000000000
30169  3.631  -44.339  7.043 0.0000000000
30170  3.216  -44.698  6.355 0.0000000000
31192  6.422  -43.037  13.453 0.0000000000
31206  6.797  -43.174  12.738 0.0000000000
31228  7.043  -43.182  11.948 0.0000000000
31229  6.406  -43.769  11.826 0.0000000000
31243  6.863  -43.296  11.108 0.0000000000
31244  6.126  -43.757  10.680 0.0000000000
31245  5.598  -43.875  10.166 0.0000000000
31256  6.611  -43.176  10.267 0.0000000000
31257  6.016  -43.390  9.792 0.0000000000
31258  5.290  -43.755  9.434 0.0000000000
31259  4.793  -44.123  9.163 0.0000000000
31269  4.961  -43.548  8.633 0.0000000000
31270  4.450  -44.182  8.437 0.0000000000
31281  4.658  -43.155  7.834 0.0000000000
31282  4.078  -43.627  7.305 0.0000000000
31301  3.504  -43.567  6.542 0.0000000000
31302  3.075  -43.530  5.756 0.0000000000
31313  2.791  -43.440  4.881 0.0000000000
31326  2.870  -43.328  4.068 0.0000000000
31340  3.255  -43.189  3.714 0.0000000000
32488  6.644  -42.199  13.344 0.0000000000
32489  6.072  -42.475  13.880 0.0000000000
32497  7.699  -41.859  11.962 0.0000000000
32498  7.241  -42.491  12.454 0.0000000000
32519  7.834  -42.028  10.962 0.0000000000
32520  7.411  -42.666  11.506 0.0000000000
32532  7.454  -41.953  10.043 0.0000000000
32533  7.213  -42.670  10.516 0.0000000000
32543  7.166  -41.862  9.557 0.0000000000
32544  6.635  -42.395  9.417 0.0000000000
32545  5.721  -42.978  9.035 0.0000000000
32546  5.306  -43.264  8.810 0.0000000000
32557  6.254  -41.929  8.796 0.0000000000
32558  5.864  -42.238  8.668 0.0000000000
32559  5.224  -42.634  8.282 0.0000000000
32570  4.711  -42.292  7.592 0.0000000000
32571  4.206  -42.509  7.167 0.0000000000
32591  3.769  -42.777  6.712 0.0000000000
32592  3.318  -42.575  6.152 0.0000000000
32606  2.958  -42.460  5.408 0.0000000000
32625  2.839  -42.344  4.634 0.0000000000
32642  3.651  -42.408  3.810 0.0000000000
32643  3.148  -42.125  3.995 0.0000000000
33658  5.127  -41.664  14.275 0.0000000000
33667  6.338  -41.156  13.255 0.0000000000
33668  5.614  -41.492  13.831 0.0000000000
33669  4.715  -41.210  14.096 0.0000000000
33678  7.728  -40.905  12.273 0.0000000000
33679  7.158  -41.516  12.787 0.0000000000
33698  8.396  -40.586  10.964 0.0000000000
33699  8.127  -41.203  11.418 0.0000000000
33707  8.354  -40.616  10.512 0.0000000000
33708  8.102  -41.162  10.385 0.0000000000
33713  7.519  -41.334  9.547 0.0000000000
33714  7.021  -41.676  9.256 0.0000000000
33724  7.118  -41.186  9.049 0.0000000000
33725  6.595  -41.489  8.816 0.0000000000
33726  5.925  -41.532  8.391 0.0000000000
33727  5.507  -41.895  8.205 0.0000000000
33743  5.499  -41.444  8.064 0.0000000000
33744  5.084  -41.618  7.748 0.0000000000
33745  4.348  -41.585  7.197 0.0000000000
33766  3.678  -41.756  6.603 0.0000000000
33767  3.146  -41.581  5.869 0.0000000000
33779  7.606  -41.057  5.421 0.0000000000
33780  2.845  -41.481  5.151 0.0000000000
33791  6.818  -41.458  5.190 0.0000000000
33792  5.808  -41.466  4.606 0.0000000000
33793  4.972  -41.536  4.031 0.0000000000
33794  4.408  -41.830  3.871 0.0000000000
33795  2.879  -41.331  4.446 0.0000000000
33806  4.588  -41.231  3.700 0.0000000000
33807  4.131  -41.482  3.678 0.0000000000
33808  3.634  -41.292  3.693 0.0000000000
33809  3.187  -40.957  3.890 0.0000000000
34840  6.127  -40.621  13.129 0.0000000000
34841  5.629  -40.703  13.334 0.0000000000
34842  4.792  -40.484  13.481 0.0000000000
34851  7.660  -39.969  12.257 0.0000000000
34852  6.786  -40.410  12.815 0.0000000000
34853  5.793  -40.194  13.039 0.0000000000
34854  5.242  -40.283  13.158 0.0000000000
34869  8.486  -39.847  11.159 0.0000000000
34870  8.153  -40.325  11.674 0.0000000000
34873  8.488  -40.090  10.493 0.0000000000
34874  8.320  -40.539  10.180 0.0000000000
34882  8.398  -40.129  9.930 0.0000000000
34883  8.020  -40.544  9.610 0.0000000000
34895  7.463  -40.711  9.123 0.0000000000
34896  6.909  -40.630  8.618 0.0000000000
34897  6.264  -40.961  8.369 0.0000000000
34914  6.333  -40.388  8.153 0.0000000000
34915  5.625  -40.776  7.881 0.0000000000
34916  4.743  -40.727  7.260 0.0000000000
34917  3.997  -40.779  6.747 0.0000000000
34938  3.410  -40.747  6.214 0.0000000000
34939  3.018  -40.683  5.560 0.0000000000
34949  8.988  -40.257  5.741 0.0000000000
34950  8.010  -40.172  5.425 0.0000000000
34951  7.252  -40.541  5.205 0.0000000000
34952  2.822  -40.649  4.888 0.0000000000
34962  7.365  -39.824  4.971 0.0000000000
34963  6.568  -40.333  4.632 0.0000000000
34964  5.625  -40.599  3.949 0.0000000000
34965  5.018  -40.862  3.617 0.0000000000
34966  2.945  -40.504  4.272 0.0000000000
34977  5.330  -40.326  3.358 0.0000000000
34978  4.673  -40.556  3.342 0.0000000000
34979  4.113  -40.535  3.273 0.0000000000
34980  3.618  -40.308  3.390 0.0000000000
34981  3.200  -40.185  3.788 0.0000000000
34993  5.201  -39.970  2.916 0.0000000000
34994  4.715  -39.869  2.698 0.0000000000
34995  4.102  -39.875  2.879 0.0000000000
34996  3.787  -39.782  3.038 0.0000000000
36060  4.537  -40.028  13.181 0.0000000000
36061  4.084  -39.863  13.271 0.0000000000
36064  7.689  -39.353  12.212 0.0000000000
36065  7.118  -39.430  12.486 0.0000000000
36066  6.150  -39.500  12.736 0.0000000000
36067  4.944  -39.662  12.905 0.0000000000
36068  4.138  -39.114  12.874 0.0000000000
36078  8.553  -39.291  11.202 0.0000000000
36079  8.220  -39.313  11.754 0.0000000000
36087  8.676  -39.336  10.711 0.0000000000
36098  8.632  -39.454  9.929 0.0000000000
36099  8.260  -39.871  9.492 0.0000000000
36111  8.346  -39.308  9.256 0.0000000000
36112  7.686  -39.808  8.830 0.0000000000
36113  6.815  -39.790  8.148 0.0000000000
36128  6.114  -39.815  7.738 0.0000000000
36129  5.286  -39.815  7.253 0.0000000000
36130  4.388  -39.878  6.706 0.0000000000
36131  3.772  -40.125  6.379 0.0000000000
36139  23.235  -39.025  6.915 0.0000000000
36148  3.997  -39.573  6.230 0.0000000000
36149  3.447  -39.773  5.787 0.0000000000
36150  2.992  -40.055  5.205 0.0000000000
36159  10.542  -39.068  6.210 0.0000000000
36160  9.784  -39.242  5.875 0.0000000000
36161  8.733  -39.105  5.345 0.0000000000
36162  7.891  -39.290  5.009 0.0000000000
36163  3.255  -39.340  4.981 0.0000000000
36164  2.970  -39.983  4.605 0.0000000000
36175  8.269  -38.663  4.652 0.0000000000
36176  7.332  -39.080  4.126 0.0000000000
36177  6.283  -39.822  3.716 0.0000000000
36178  5.754  -40.135  3.504 0.0000000000
36179  3.202  -39.430  4.121 0.0000000000
36180  3.060  -39.985  4.117 0.0000000000
36194  7.331  -38.736  3.352 0.0000000000
36195  6.709  -39.121  2.977 0.0000000000
36196  5.811  -39.804  3.087 0.0000000000
36197  3.470  -39.544  3.354 0.0000000000
36198  3.178  -39.801  3.828 0.0000000000
36214  5.677  -39.467  2.250 0.0000000000
36215  4.982  -39.387  2.087 0.0000000000
36216  4.513  -39.421  2.395 0.0000000000
36217  4.053  -39.306  2.641 0.0000000000
36238  4.771  -38.999  1.845 0.0000000000
36239  4.434  -39.083  2.205 0.0000000000
37321  3.630  -39.075  13.179 0.0000000000
37324  7.651  -38.653  12.230 0.0000000000
37325  6.689  -38.646  12.492 0.0000000000
37326  5.659  -38.633  12.557 0.0000000000
37327  4.664  -38.509  12.611 0.0000000000
37328  3.816  -38.283  12.795 0.0000000000
37329  3.471  -37.816  12.939 0.0000000000
37339  8.739  -38.611  11.135 0.0000000000
37340  8.353  -38.331  11.772 0.0000000000
37352  8.933  -38.612  10.266 0.0000000000
37364  8.689  -38.603  9.452 0.0000000000
37376  8.140  -38.681  8.732 0.0000000000
37377  7.171  -38.746  7.982 0.0000000000
37378  6.559  -39.298  7.769 0.0000000000
37388  22.436  -38.632  7.361 0.0000000000
37389  21.470  -38.232  7.562 0.0000000000
37390  20.272  -38.455  7.705 0.0000000000
37391  19.181  -38.534  7.621 0.0000000000
37392  18.054  -38.547  7.298 0.0000000000
37393  17.367  -39.065  7.289 0.0000000000
37394  6.732  -38.214  7.457 0.0000000000
37395  6.122  -38.853  7.273 0.0000000000
37396  4.943  -38.934  6.569 0.0000000000
37397  4.362  -39.303  6.340 0.0000000000
37405  23.518  -38.880  6.017 0.0000000000
37406  22.765  -38.130  6.462 0.0000000000
37407  22.176  -38.002  7.093 0.0000000000
37408  17.667  -38.055  6.925 0.0000000000
37409  16.955  -38.581  6.944 0.0000000000
37410  15.671  -38.364  6.724 0.0000000000
37411  14.559  -38.655  6.918 0.0000000000
37412  13.653  -38.599  6.968 0.0000000000
37413  12.679  -38.619  6.827 0.0000000000
37414  11.627  -38.419  6.451 0.0000000000
37415  10.945  -38.771  6.322 0.0000000000
37416  4.722  -38.609  6.187 0.0000000000
37417  4.231  -38.804  5.874 0.0000000000
37418  3.628  -39.113  5.451 0.0000000000
37428  23.542  -38.939  5.173 0.0000000000
37429  23.200  -38.404  5.570 0.0000000000
37430  15.411  -37.695  6.446 0.0000000000
37431  14.847  -37.908  6.615 0.0000000000
37432  14.213  -38.099  6.808 0.0000000000
37433  11.299  -37.759  6.042 0.0000000000
37434  10.619  -38.236  5.898 0.0000000000
37435  9.542  -38.092  5.143 0.0000000000
37436  8.824  -38.399  4.888 0.0000000000
37437  4.164  -38.249  5.321 0.0000000000
37438  3.742  -38.556  5.091 0.0000000000
37451  23.248  -38.628  4.642 0.0000000000
37452  9.444  -37.602  4.542 0.0000000000
37453  8.795  -37.914  4.232 0.0000000000
37454  8.106  -38.454  4.081 0.0000000000
37455  3.464  -38.651  4.410 0.0000000000
37469  22.849  -38.711  3.661 0.0000000000
37472  7.962  -38.195  3.291 0.0000000000
37473  7.333  -38.627  3.011 0.0000000000
37474  3.476  -38.672  3.604 0.0000000000
37491  3.806  -38.687  2.778 0.0000000000
37510  4.386  -38.520  1.944 0.0000000000
38743  7.206  -37.899  12.384 0.0000000000
38744  6.361  -37.736  12.433 0.0000000000
38745  5.345  -37.662  12.433 0.0000000000
38746  4.432  -37.574  12.498 0.0000000000
38747  3.794  -37.342  12.703 0.0000000000
38762  9.141  -37.064  11.210 0.0000000000
38763  8.860  -37.484  11.401 0.0000000000
38764  8.032  -37.549  12.118 0.0000000000
38780  9.283  -37.113  10.914 0.0000000000
38781  9.130  -37.796  10.637 0.0000000000
38791  9.340  -37.149  10.264 0.0000000000
38792  9.081  -37.687  9.724 0.0000000000
38801  8.608  -37.758  8.928 0.0000000000
38802  7.936  -37.739  8.252 0.0000000000
38811  21.398  -37.718  7.224 0.0000000000
38812  20.893  -37.672  7.340 0.0000000000
38813  19.861  -37.704  7.343 0.0000000000
38814  18.945  -37.817  7.228 0.0000000000
38815  7.216  -37.571  7.592 0.0000000000
38816  6.417  -37.731  7.007 0.0000000000
38817  5.670  -38.237  6.669 0.0000000000
38826  22.452  -37.672  6.218 0.0000000000
38827  21.770  -37.394  6.594 0.0000000000
38828  20.507  -37.168  6.792 0.0000000000
38829  19.473  -37.129  6.600 0.0000000000
38830  18.304  -37.538  6.756 0.0000000000
38831  17.416  -37.673  6.546 0.0000000000
38832  16.619  -37.800  6.482 0.0000000000
38833  13.827  -37.999  6.805 0.0000000000
38834  13.306  -37.942  6.751 0.0000000000
38835  12.529  -37.896  6.566 0.0000000000
38836  5.846  -37.595  6.424 0.0000000000
38837  5.052  -38.098  6.120 0.0000000000
38838  4.585  -37.897  5.523 0.0000000000
38850  22.695  -37.684  5.492 0.0000000000
38851  22.043  -37.073  5.462 0.0000000000
38852  18.773  -36.937  6.163 0.0000000000
38853  17.953  -37.036  6.080 0.0000000000
38854  17.044  -37.151  5.983 0.0000000000
38855  16.003  -37.293  6.173 0.0000000000
38856  15.077  -37.199  6.330 0.0000000000
38857  14.066  -37.440  6.533 0.0000000000
38858  13.033  -37.256  6.457 0.0000000000
38859  11.988  -37.333  6.161 0.0000000000
38860  10.990  -37.131  5.517 0.0000000000
38861  10.289  -37.604  5.308 0.0000000000
38862  4.130  -37.714  4.827 0.0000000000
38863  3.723  -38.169  4.596 0.0000000000
38874  22.771  -37.933  4.179 0.0000000000
38875  22.350  -37.173  4.567 0.0000000000
38876  10.752  -36.645  4.948 0.0000000000
38877  10.051  -37.067  4.540 0.0000000000
38879  4.014  -37.345  4.302 0.0000000000
38880  3.705  -37.808  4.015 0.0000000000
38889  22.615  -38.201  3.508 0.0000000000
38890  22.328  -37.576  3.280 0.0000000000
38894  3.758  -37.940  3.042 0.0000000000
38901  21.877  -37.436  2.232 0.0000000000
38905  4.046  -38.012  2.257 0.0000000000
40106  7.217  -36.916  12.329 0.0000000000
40107  6.134  -36.664  12.345 0.0000000000
40108  5.030  -36.813  12.314 0.0000000000
40109  4.285  -36.738  12.445 0.0000000000
40110  3.784  -36.331  12.644 0.0000000000
40111  3.385  -36.496  12.967 0.0000000000
40122  9.162  -36.603  11.254 0.0000000000
40123  8.502  -36.746  11.809 0.0000000000
40124  7.945  -36.808  12.131 0.0000000000
40125  6.096  -35.978  12.238 0.0000000000
40126  5.498  -36.059  12.238 0.0000000000
40127  4.729  -36.113  12.295 0.0000000000
40128  4.255  -36.172  12.436 0.0000000000
40138  9.462  -36.514  10.520 0.0000000000
40147  9.335  -36.586  9.512 0.0000000000
40148  8.962  -37.171  9.116 0.0000000000
40159  9.205  -36.101  8.901 0.0000000000
40160  8.600  -36.626  8.378 0.0000000000
40161  7.846  -37.102  7.882 0.0000000000
40172  8.243  -36.096  7.742 0.0000000000
40173  7.582  -36.493  7.353 0.0000000000
40174  6.923  -37.102  7.108 0.0000000000
40183  20.887  -36.852  6.207 0.0000000000
40184  20.127  -36.821  6.214 0.0000000000
40185  19.732  -36.854  6.193 0.0000000000
40186  7.212  -36.143  6.733 0.0000000000
40187  6.529  -36.677  6.443 0.0000000000
40188  5.556  -37.236  5.951 0.0000000000
40189  5.031  -37.549  5.719 0.0000000000
40199  21.386  -36.752  5.604 0.0000000000
40200  20.564  -36.491  5.608 0.0000000000
40201  19.581  -36.578  5.782 0.0000000000
40202  18.569  -36.508  5.531 0.0000000000
40203  17.629  -36.487  5.465 0.0000000000
40204  16.619  -36.331  5.561 0.0000000000
40205  15.529  -36.408  5.894 0.0000000000
40206  14.487  -36.515  6.123 0.0000000000
40207  13.605  -36.682  6.217 0.0000000000
40208  12.720  -36.468  5.989 0.0000000000
40209  11.831  -36.596  5.697 0.0000000000
40210  6.345  -36.347  5.958 0.0000000000
40211  5.950  -36.545  5.731 0.0000000000
40212  4.983  -36.980  5.290 0.0000000000
40223  21.815  -36.691  4.903 0.0000000000
40224  21.147  -36.251  4.731 0.0000000000
40225  20.172  -36.084  4.915 0.0000000000
40226  19.219  -36.026  4.899 0.0000000000
40227  18.255  -35.957  4.846 0.0000000000
40228  17.333  -35.808  4.942 0.0000000000
40229  12.180  -36.020  5.557 0.0000000000
40230  11.370  -36.110  5.072 0.0000000000
40232  4.424  -36.839  4.380 0.0000000000
40233  3.980  -37.091  3.930 0.0000000000
40243  21.932  -36.564  4.021 0.0000000000
40244  21.237  -36.055  3.642 0.0000000000
40249  3.949  -37.179  3.268 0.0000000000
40262  21.770  -36.629  2.946 0.0000000000
40263  21.163  -35.909  2.595 0.0000000000
40268  4.082  -37.318  2.409 0.0000000000
40286  21.605  -36.617  1.946 0.0000000000
41457  7.203  -36.280  12.268 0.0000000000
41458  6.843  -36.403  12.322 0.0000000000
41459  3.784  -35.257  12.483 0.0000000000
41460  3.453  -35.823  12.910 0.0000000000
41471  9.206  -36.011  11.304 0.0000000000
41472  8.821  -36.017  11.603 0.0000000000
41473  7.895  -36.069  12.056 0.0000000000
41474  6.821  -35.800  12.212 0.0000000000
41475  5.996  -35.437  12.068 0.0000000000
41476  5.169  -35.402  12.021 0.0000000000
41477  4.337  -35.482  12.242 0.0000000000
41486  9.414  -35.898  10.920 0.0000000000
41497  9.592  -35.723  10.154 0.0000000000
41508  9.468  -35.579  9.280 0.0000000000
41509  9.134  -35.588  8.556 0.0000000000
41519  8.650  -35.537  7.874 0.0000000000
41520  8.107  -35.759  7.397 0.0000000000
41530  8.373  -35.197  7.239 0.0000000000
41531  7.714  -35.541  6.761 0.0000000000
41532  7.060  -35.903  6.356 0.0000000000
41542  16.716  -35.670  5.093 0.0000000000
41543  16.010  -35.499  5.313 0.0000000000
41544  14.885  -35.633  5.728 0.0000000000
41545  13.680  -35.770  5.843 0.0000000000
41546  12.790  -35.741  5.653 0.0000000000
41548  6.593  -35.835  5.686 0.0000000000
41549  5.709  -36.153  5.112 0.0000000000
41550  5.084  -36.339  4.630 0.0000000000
41560  20.594  -35.885  4.163 0.0000000000
41561  19.831  -35.668  4.136 0.0000000000
41562  18.884  -35.529  4.104 0.0000000000
41563  17.902  -35.334  4.180 0.0000000000
41564  16.840  -35.055  4.473 0.0000000000
41565  16.011  -34.755  4.790 0.0000000000
41566  13.131  -35.243  5.505 0.0000000000
41567  12.315  -35.270  5.144 0.0000000000
41580  20.458  -35.631  3.335 0.0000000000
42806  3.744  -34.786  12.385 0.0000000000
42807  3.532  -34.613  12.632 0.0000000000
42818  9.160  -35.599  11.283 0.0000000000
42819  8.662  -35.168  11.571 0.0000000000
42820  7.679  -35.007  11.918 0.0000000000
42821  6.713  -34.778  11.929 0.0000000000
42822  5.781  -34.655  11.783 0.0000000000
42823  4.878  -34.594  11.791 0.0000000000
42824  4.026  -34.463  12.045 0.0000000000
42835  9.385  -35.017  10.823 0.0000000000
42836  8.913  -34.343  11.171 0.0000000000
42846  9.651  -34.782  9.812 0.0000000000
42855  9.497  -34.734  8.823 0.0000000000
42856  9.160  -34.982  8.185 0.0000000000
42864  9.333  -34.435  8.198 0.0000000000
42865  8.944  -34.625  7.602 0.0000000000
42886  15.242  -34.826  5.209 0.0000000000
42887  14.236  -34.935  5.502 0.0000000000
42888  13.595  -35.080  5.536 0.0000000000
44075  8.281  -34.385  11.546 0.0000000000
44076  7.508  -34.080  11.635 0.0000000000
44093  9.350  -33.873  10.397 0.0000000000
44094  8.415  -33.548  11.105 0.0000000000
44110  9.625  -33.908  9.342 0.0000000000
44119  9.523  -33.918  8.532 0.0000000000
