#!ascii label  , from subject colin27 vox2ras=TkReg coords=white
1211
21405  38.245  -49.706  34.533 0.0000000000
21406  37.692  -49.886  34.890 0.0000000000
21407  37.333  -50.001  35.007 0.0000000000
21408  34.538  -50.877  34.730 0.0000000000
21409  33.923  -50.937  34.809 0.0000000000
21410  33.627  -50.728  34.850 0.0000000000
21424  38.725  -50.283  33.437 0.0000000000
21425  38.178  -50.018  33.771 0.0000000000
21426  37.699  -49.817  34.341 0.0000000000
21427  34.601  -50.883  34.300 0.0000000000
21428  34.067  -51.071  34.019 0.0000000000
21429  33.250  -50.878  34.308 0.0000000000
21430  32.702  -50.677  34.115 0.0000000000
21441  38.536  -50.967  32.975 0.0000000000
21442  38.128  -50.600  33.060 0.0000000000
21443  33.836  -51.147  33.057 0.0000000000
21444  33.214  -51.163  33.371 0.0000000000
21445  32.484  -50.839  33.501 0.0000000000
21446  31.997  -50.686  33.157 0.0000000000
21459  33.692  -51.109  32.556 0.0000000000
21460  33.234  -51.242  32.546 0.0000000000
21461  32.545  -51.150  32.694 0.0000000000
21462  31.973  -50.906  32.789 0.0000000000
21474  33.207  -51.173  32.019 0.0000000000
21475  32.685  -51.282  31.915 0.0000000000
21476  31.813  -51.091  32.009 0.0000000000
21477  31.298  -50.834  31.453 0.0000000000
21488  32.133  -51.218  31.410 0.0000000000
21489  31.572  -51.094  31.186 0.0000000000
21490  31.141  -50.921  31.067 0.0000000000
22620  37.527  -49.283  37.129 0.0000000000
22621  37.155  -49.647  37.207 0.0000000000
22622  36.378  -50.114  37.149 0.0000000000
22623  35.630  -50.342  36.835 0.0000000000
22624  35.091  -50.391  36.600 0.0000000000
22638  38.278  -49.181  36.226 0.0000000000
22639  37.799  -49.467  36.534 0.0000000000
22640  37.114  -50.097  36.500 0.0000000000
22641  36.311  -50.442  36.377 0.0000000000
22642  35.496  -50.611  36.205 0.0000000000
22643  34.697  -50.606  36.100 0.0000000000
22644  34.149  -50.548  35.779 0.0000000000
22656  38.392  -49.309  35.477 0.0000000000
22657  37.719  -49.836  35.644 0.0000000000
22658  37.042  -50.204  35.604 0.0000000000
22659  36.150  -50.473  35.581 0.0000000000
22660  35.189  -50.700  35.350 0.0000000000
22661  34.365  -50.792  35.386 0.0000000000
22662  33.835  -50.650  35.305 0.0000000000
22673  39.578  -49.462  33.579 0.0000000000
22674  39.107  -49.475  34.005 0.0000000000
22675  36.886  -50.065  34.874 0.0000000000
22676  35.956  -50.330  34.817 0.0000000000
22677  35.168  -50.564  34.366 0.0000000000
22678  34.647  -50.804  34.006 0.0000000000
22679  33.385  -50.444  34.982 0.0000000000
22680  32.847  -50.357  34.522 0.0000000000
22691  39.933  -49.901  33.150 0.0000000000
22692  39.337  -50.424  33.159 0.0000000000
22693  37.474  -49.767  33.941 0.0000000000
22694  34.916  -50.549  33.834 0.0000000000
22695  34.500  -50.747  33.426 0.0000000000
22696  32.396  -50.304  33.988 0.0000000000
22697  32.021  -50.355  33.435 0.0000000000
22709  37.741  -50.033  32.936 0.0000000000
22710  34.128  -50.683  32.455 0.0000000000
22711  33.525  -51.052  32.204 0.0000000000
22712  31.670  -50.384  32.821 0.0000000000
22713  31.350  -50.085  32.540 0.0000000000
22723  34.158  -50.333  31.861 0.0000000000
22724  33.382  -50.797  31.470 0.0000000000
22725  32.582  -51.175  31.343 0.0000000000
22726  31.674  -50.734  32.404 0.0000000000
22727  31.251  -50.451  32.041 0.0000000000
22738  33.166  -50.479  30.254 0.0000000000
22739  32.206  -51.090  30.618 0.0000000000
22740  31.115  -50.994  30.560 0.0000000000
22741  30.763  -50.488  31.040 0.0000000000
22752  33.160  -50.254  29.654 0.0000000000
22753  32.490  -50.610  29.381 0.0000000000
22754  31.315  -50.936  29.629 0.0000000000
22755  30.270  -50.409  29.794 0.0000000000
22756  29.921  -50.115  29.096 0.0000000000
22768  32.264  -50.450  28.672 0.0000000000
22769  31.597  -50.672  28.747 0.0000000000
22770  30.609  -50.541  28.897 0.0000000000
22771  30.095  -50.292  29.016 0.0000000000
23823  37.166  -48.535  37.706 0.0000000000
23824  36.919  -48.706  37.754 0.0000000000
23842  38.369  -48.493  36.745 0.0000000000
23843  37.940  -48.999  37.015 0.0000000000
23844  37.318  -48.957  37.535 0.0000000000
23845  36.509  -49.238  37.546 0.0000000000
23846  35.497  -49.652  37.144 0.0000000000
23847  35.174  -50.123  36.884 0.0000000000
23860  38.648  -48.778  36.107 0.0000000000
23861  38.215  -49.018  36.589 0.0000000000
23862  35.036  -49.501  36.957 0.0000000000
23863  34.677  -49.803  36.552 0.0000000000
23864  34.305  -50.280  36.073 0.0000000000
23879  39.465  -48.624  34.551 0.0000000000
23880  39.108  -48.806  35.105 0.0000000000
23881  34.115  -49.323  36.095 0.0000000000
23882  33.783  -49.920  35.706 0.0000000000
23895  39.679  -49.047  33.771 0.0000000000
23896  39.331  -48.959  34.353 0.0000000000
23897  36.549  -49.843  34.269 0.0000000000
23898  35.758  -50.090  34.227 0.0000000000
23899  35.457  -50.293  34.122 0.0000000000
23900  33.116  -49.750  34.986 0.0000000000
23901  32.634  -49.647  34.369 0.0000000000
23913  40.174  -49.220  33.072 0.0000000000
23914  37.003  -49.549  33.480 0.0000000000
23915  36.130  -49.629  33.693 0.0000000000
23916  35.358  -50.136  33.753 0.0000000000
23917  34.917  -50.409  33.533 0.0000000000
23918  32.142  -49.572  33.661 0.0000000000
23919  31.782  -49.987  33.241 0.0000000000
23932  37.254  -49.359  32.535 0.0000000000
23933  36.471  -49.240  32.977 0.0000000000
23934  35.598  -49.497  32.983 0.0000000000
23935  34.880  -50.170  33.064 0.0000000000
23936  31.987  -49.012  33.355 0.0000000000
23937  31.572  -49.474  32.884 0.0000000000
23938  31.166  -49.813  32.285 0.0000000000
23949  35.557  -49.178  32.391 0.0000000000
23950  34.838  -49.631  32.121 0.0000000000
23951  34.200  -50.067  31.466 0.0000000000
23952  31.163  -49.216  32.231 0.0000000000
23953  30.767  -49.612  31.635 0.0000000000
23963  34.570  -49.424  31.223 0.0000000000
23964  33.925  -49.977  30.768 0.0000000000
23965  30.137  -49.545  30.557 0.0000000000
23966  29.789  -49.373  29.833 0.0000000000
23977  34.355  -49.219  30.537 0.0000000000
23978  33.697  -49.603  29.854 0.0000000000
23979  33.192  -50.033  29.270 0.0000000000
23980  29.882  -49.832  29.894 0.0000000000
23981  29.711  -49.691  29.292 0.0000000000
23997  33.489  -49.449  29.122 0.0000000000
23998  32.888  -49.850  28.597 0.0000000000
23999  32.051  -50.257  28.128 0.0000000000
24000  31.026  -50.370  28.018 0.0000000000
24001  29.798  -49.858  28.270 0.0000000000
24002  29.350  -49.108  27.511 0.0000000000
24015  32.516  -49.563  27.904 0.0000000000
24016  31.777  -49.674  27.443 0.0000000000
24017  30.683  -49.776  27.310 0.0000000000
24018  29.823  -49.290  27.075 0.0000000000
24019  29.344  -49.028  27.138 0.0000000000
24026  31.310  -49.280  26.965 0.0000000000
24027  30.661  -49.164  26.757 0.0000000000
24028  30.167  -49.019  26.608 0.0000000000
24995  38.435  -47.306  37.111 0.0000000000
24996  38.048  -47.636  37.234 0.0000000000
24997  37.471  -48.190  37.523 0.0000000000
24998  36.958  -48.167  37.837 0.0000000000
25015  38.633  -47.653  36.941 0.0000000000
25016  37.953  -48.279  37.128 0.0000000000
25017  37.607  -48.624  37.320 0.0000000000
25018  36.530  -48.437  37.708 0.0000000000
25019  35.825  -48.708  37.441 0.0000000000
25038  39.441  -47.740  36.162 0.0000000000
25039  38.947  -48.120  36.474 0.0000000000
25040  35.086  -48.942  36.917 0.0000000000
25041  34.465  -48.800  36.298 0.0000000000
25054  39.543  -48.067  35.253 0.0000000000
25055  39.138  -48.314  35.842 0.0000000000
25056  33.807  -48.706  35.508 0.0000000000
25057  33.421  -49.272  35.248 0.0000000000
25070  39.826  -48.230  34.311 0.0000000000
25071  33.584  -48.313  35.009 0.0000000000
25072  33.115  -48.661  34.640 0.0000000000
25073  32.545  -49.103  34.127 0.0000000000
25086  40.209  -48.453  33.339 0.0000000000
25087  32.932  -48.074  34.001 0.0000000000
25088  32.475  -48.525  33.694 0.0000000000
25104  37.168  -48.827  31.911 0.0000000000
25105  36.603  -48.825  32.294 0.0000000000
25106  36.010  -49.017  32.542 0.0000000000
25107  31.984  -48.477  33.019 0.0000000000
25108  31.559  -48.522  32.419 0.0000000000
25118  36.699  -48.369  31.574 0.0000000000
25119  35.715  -48.735  31.846 0.0000000000
25120  35.042  -49.069  31.543 0.0000000000
25121  31.099  -48.544  31.760 0.0000000000
25122  30.518  -48.849  31.196 0.0000000000
25133  35.981  -48.010  30.936 0.0000000000
25134  35.057  -48.650  30.938 0.0000000000
25135  30.849  -48.124  31.157 0.0000000000
25136  30.311  -48.364  30.547 0.0000000000
25137  29.873  -48.871  30.060 0.0000000000
25148  35.331  -48.039  30.387 0.0000000000
25149  34.551  -48.503  29.939 0.0000000000
25150  33.924  -48.916  29.354 0.0000000000
25151  29.927  -48.198  29.904 0.0000000000
25152  29.503  -48.666  29.351 0.0000000000
25153  29.086  -48.500  28.658 0.0000000000
25170  34.244  -48.343  29.229 0.0000000000
25171  33.645  -48.713  28.684 0.0000000000
25172  33.079  -49.091  28.083 0.0000000000
25173  29.299  -49.148  28.742 0.0000000000
25174  28.950  -48.666  28.034 0.0000000000
25190  33.388  -48.398  28.035 0.0000000000
25191  32.724  -48.707  27.460 0.0000000000
25192  31.962  -49.000  26.956 0.0000000000
25193  29.421  -48.945  26.904 0.0000000000
25194  29.023  -48.578  27.020 0.0000000000
25201  32.343  -48.400  26.780 0.0000000000
25202  31.541  -48.627  26.413 0.0000000000
25203  30.597  -48.740  26.268 0.0000000000
25204  29.741  -48.667  26.421 0.0000000000
25205  29.154  -47.963  26.225 0.0000000000
25214  31.128  -48.314  25.887 0.0000000000
25215  30.461  -48.233  25.793 0.0000000000
25216  29.752  -47.967  25.800 0.0000000000
25217  29.332  -47.610  25.792 0.0000000000
26151  38.804  -47.034  37.196 0.0000000000
26152  38.375  -47.005  37.324 0.0000000000
26153  37.739  -47.331  37.518 0.0000000000
26154  37.273  -47.748  37.690 0.0000000000
26160  39.790  -46.822  37.022 0.0000000000
26161  39.398  -46.896  37.080 0.0000000000
26162  37.345  -47.241  37.667 0.0000000000
26163  36.786  -47.590  37.647 0.0000000000
26164  36.145  -48.000  37.513 0.0000000000
26180  39.786  -47.068  36.665 0.0000000000
26181  39.250  -47.505  36.699 0.0000000000
26182  36.226  -47.443  37.256 0.0000000000
26183  35.582  -47.849  36.920 0.0000000000
26184  34.942  -48.207  36.470 0.0000000000
26198  39.965  -47.305  35.837 0.0000000000
26199  35.145  -47.612  36.260 0.0000000000
26200  34.539  -47.850  35.793 0.0000000000
26215  40.091  -47.482  34.928 0.0000000000
26216  33.882  -47.595  34.822 0.0000000000
26217  33.270  -47.754  34.186 0.0000000000
26231  40.587  -47.465  32.987 0.0000000000
26232  40.270  -47.595  34.003 0.0000000000
26233  33.550  -47.108  33.977 0.0000000000
26234  32.937  -47.395  33.419 0.0000000000
26235  32.382  -47.949  33.155 0.0000000000
26254  32.838  -46.894  32.787 0.0000000000
26255  32.226  -47.451  32.421 0.0000000000
26256  31.594  -47.990  32.028 0.0000000000
26270  32.118  -46.983  31.731 0.0000000000
26271  31.583  -47.462  31.465 0.0000000000
26280  35.754  -47.749  30.322 0.0000000000
26281  30.969  -47.443  30.665 0.0000000000
26282  30.432  -47.479  30.002 0.0000000000
26290  35.369  -47.670  29.684 0.0000000000
26291  34.645  -48.002  29.418 0.0000000000
26292  29.801  -47.530  29.422 0.0000000000
26293  29.129  -47.674  28.723 0.0000000000
26294  28.872  -48.119  28.401 0.0000000000
26308  34.480  -47.719  28.760 0.0000000000
26309  33.777  -48.031  28.312 0.0000000000
26310  28.875  -47.347  28.441 0.0000000000
26311  28.610  -47.468  28.122 0.0000000000
26312  28.274  -46.829  27.819 0.0000000000
26334  33.751  -47.487  27.662 0.0000000000
26335  32.924  -47.890  26.976 0.0000000000
26336  28.596  -47.924  27.446 0.0000000000
26337  28.211  -47.059  27.321 0.0000000000
26352  32.488  -47.621  26.253 0.0000000000
26353  31.734  -48.003  25.836 0.0000000000
26354  28.573  -47.613  26.686 0.0000000000
26355  28.204  -46.746  26.453 0.0000000000
26369  32.068  -47.456  25.558 0.0000000000
26370  31.279  -47.681  25.344 0.0000000000
26371  30.379  -47.654  25.316 0.0000000000
26372  29.671  -47.376  25.404 0.0000000000
26373  28.894  -47.005  25.744 0.0000000000
26374  28.361  -46.282  25.867 0.0000000000
26384  30.908  -47.279  24.941 0.0000000000
26385  30.296  -47.063  24.882 0.0000000000
26386  29.577  -46.719  25.027 0.0000000000
26387  29.105  -46.261  25.112 0.0000000000
26402  25.138  -47.229  22.287 0.0000000000
26403  24.808  -47.486  23.017 0.0000000000
27270  39.907  -45.772  37.428 0.0000000000
27271  39.124  -46.306  37.437 0.0000000000
27272  38.176  -46.417  37.500 0.0000000000
27273  37.632  -46.910  37.569 0.0000000000
27286  40.080  -46.368  37.064 0.0000000000
27287  39.619  -46.334  37.295 0.0000000000
27288  37.876  -46.051  37.440 0.0000000000
27289  37.231  -46.522  37.314 0.0000000000
27290  36.580  -47.067  37.277 0.0000000000
27303  41.003  -46.033  35.920 0.0000000000
27304  40.366  -46.594  36.320 0.0000000000
27305  36.851  -46.140  36.611 0.0000000000
27306  36.176  -46.775  36.567 0.0000000000
27307  35.516  -47.279  36.371 0.0000000000
27313  41.086  -46.223  35.008 0.0000000000
27314  40.509  -46.755  35.460 0.0000000000
27315  35.966  -46.126  35.393 0.0000000000
27316  35.220  -46.942  35.645 0.0000000000
27317  34.561  -47.274  35.285 0.0000000000
27326  41.014  -46.361  34.141 0.0000000000
27327  40.556  -46.872  34.572 0.0000000000
27328  35.968  -45.727  34.714 0.0000000000
27329  35.315  -46.017  34.524 0.0000000000
27330  34.629  -46.777  34.837 0.0000000000
27341  40.935  -46.482  33.273 0.0000000000
27342  40.592  -46.930  33.797 0.0000000000
27343  35.047  -45.769  33.834 0.0000000000
27344  34.297  -46.274  33.772 0.0000000000
27345  33.547  -46.737  33.515 0.0000000000
27363  41.278  -46.593  32.175 0.0000000000
27364  34.138  -45.926  32.958 0.0000000000
27365  33.514  -46.334  32.808 0.0000000000
27366  32.852  -46.597  32.371 0.0000000000
27386  33.213  -46.127  32.062 0.0000000000
27387  32.627  -46.409  31.697 0.0000000000
27388  32.092  -46.695  31.319 0.0000000000
27402  32.380  -46.203  31.092 0.0000000000
27403  31.742  -46.482  30.642 0.0000000000
27404  31.018  -46.808  30.106 0.0000000000
27411  31.277  -46.148  29.939 0.0000000000
27412  30.482  -46.408  29.500 0.0000000000
27413  29.594  -46.718  28.932 0.0000000000
27423  28.972  -46.831  28.489 0.0000000000
27424  28.426  -46.439  28.146 0.0000000000
27425  27.992  -46.286  27.673 0.0000000000
27445  27.805  -46.249  26.967 0.0000000000
27462  27.942  -45.925  26.224 0.0000000000
27481  32.046  -46.871  24.974 0.0000000000
27482  31.373  -47.153  24.893 0.0000000000
27483  28.667  -46.022  25.353 0.0000000000
27484  28.227  -45.588  25.506 0.0000000000
27505  31.204  -46.646  24.424 0.0000000000
27506  30.152  -46.425  24.419 0.0000000000
27507  29.469  -46.057  24.590 0.0000000000
27508  28.866  -45.545  24.622 0.0000000000
27509  28.492  -45.464  25.043 0.0000000000
27510  24.034  -46.197  24.154 0.0000000000
27525  30.702  -46.012  23.783 0.0000000000
27526  29.810  -45.791  23.984 0.0000000000
27527  29.315  -45.598  24.239 0.0000000000
27528  24.434  -46.379  23.299 0.0000000000
27538  25.147  -46.376  21.746 0.0000000000
27539  24.742  -46.406  22.550 0.0000000000
27551  25.812  -46.464  20.953 0.0000000000
27569  26.167  -46.133  20.388 0.0000000000
28451  40.237  -45.058  37.593 0.0000000000
28452  39.637  -45.343  37.569 0.0000000000
28453  38.987  -45.532  37.594 0.0000000000
28469  41.970  -44.306  37.045 0.0000000000
28470  41.605  -44.617  37.089 0.0000000000
28471  40.795  -45.243  37.274 0.0000000000
28472  38.355  -45.485  37.381 0.0000000000
28473  37.762  -45.752  37.187 0.0000000000
28492  42.190  -44.484  36.642 0.0000000000
28493  41.564  -45.233  36.456 0.0000000000
28494  40.759  -45.897  36.663 0.0000000000
28495  38.027  -45.248  36.947 0.0000000000
28496  37.426  -45.500  36.476 0.0000000000
28497  36.651  -45.839  35.916 0.0000000000
28507  43.293  -44.359  35.400 0.0000000000
28508  42.653  -44.722  35.700 0.0000000000
28509  41.762  -45.557  35.395 0.0000000000
28510  37.139  -45.134  35.358 0.0000000000
28511  36.457  -45.515  34.976 0.0000000000
28515  43.435  -44.692  34.758 0.0000000000
28516  42.469  -45.282  34.609 0.0000000000
28517  41.621  -45.805  34.428 0.0000000000
28518  36.842  -44.980  34.551 0.0000000000
28519  36.068  -45.239  34.008 0.0000000000
28520  35.408  -45.571  33.874 0.0000000000
28525  44.103  -45.179  33.080 0.0000000000
28526  43.094  -45.261  33.554 0.0000000000
28527  42.008  -45.592  33.613 0.0000000000
28528  41.358  -45.969  33.692 0.0000000000
28529  35.860  -44.853  33.333 0.0000000000
28530  35.146  -45.279  33.168 0.0000000000
28531  34.463  -45.712  33.031 0.0000000000
28540  45.067  -45.282  31.880 0.0000000000
28541  44.140  -45.336  32.070 0.0000000000
28542  43.229  -45.466  32.343 0.0000000000
28543  42.133  -45.729  32.387 0.0000000000
28544  41.435  -45.938  32.986 0.0000000000
28545  34.843  -44.934  32.447 0.0000000000
28546  34.195  -45.382  32.302 0.0000000000
28547  33.582  -45.811  32.133 0.0000000000
28564  33.923  -45.130  31.713 0.0000000000
28565  33.344  -45.447  31.458 0.0000000000
28566  32.751  -45.892  31.213 0.0000000000
28585  33.001  -45.089  30.850 0.0000000000
28586  32.544  -45.537  30.751 0.0000000000
28587  31.828  -45.528  30.067 0.0000000000
28601  31.114  -45.522  29.654 0.0000000000
28602  30.587  -45.466  29.365 0.0000000000
28603  29.791  -45.612  28.982 0.0000000000
28604  28.897  -45.099  28.914 0.0000000000
28605  28.302  -44.837  28.920 0.0000000000
28614  29.319  -46.244  28.703 0.0000000000
28615  28.878  -45.901  28.578 0.0000000000
28616  27.924  -45.357  28.283 0.0000000000
28617  27.212  -44.964  28.098 0.0000000000
28631  27.586  -45.711  27.430 0.0000000000
28632  27.106  -45.046  27.432 0.0000000000
28638  27.482  -45.474  26.696 0.0000000000
28639  26.998  -44.702  26.341 0.0000000000
28651  27.644  -45.132  25.780 0.0000000000
28652  27.135  -44.318  25.340 0.0000000000
28670  28.685  -45.130  24.282 0.0000000000
28671  28.090  -44.814  24.524 0.0000000000
28672  27.122  -43.989  24.523 0.0000000000
28673  23.758  -45.131  24.647 0.0000000000
28674  23.506  -44.705  25.010 0.0000000000
28693  30.225  -45.483  23.225 0.0000000000
28694  29.078  -45.068  23.639 0.0000000000
28695  28.417  -44.659  23.714 0.0000000000
28696  24.830  -44.533  23.006 0.0000000000
28697  24.365  -45.130  23.485 0.0000000000
28713  29.878  -45.015  22.714 0.0000000000
28714  29.346  -44.767  22.780 0.0000000000
28715  24.933  -45.201  22.369 0.0000000000
28716  24.588  -45.755  22.901 0.0000000000
28731  25.967  -44.983  20.588 0.0000000000
28732  25.520  -45.393  21.248 0.0000000000
28746  26.273  -45.465  19.930 0.0000000000
28747  25.886  -45.680  20.594 0.0000000000
29690  41.288  -44.105  37.442 0.0000000000
29691  40.792  -44.377  37.545 0.0000000000
29692  40.058  -44.546  37.641 0.0000000000
29693  39.503  -44.900  37.626 0.0000000000
29712  42.235  -44.067  36.871 0.0000000000
29713  41.761  -44.039  37.258 0.0000000000
29714  41.239  -44.446  37.378 0.0000000000
29715  39.691  -44.396  37.580 0.0000000000
29716  39.101  -44.681  37.504 0.0000000000
29733  43.273  -43.696  35.756 0.0000000000
29734  42.899  -43.924  36.180 0.0000000000
29735  38.550  -44.628  36.992 0.0000000000
29736  38.049  -44.836  36.491 0.0000000000
29746  44.284  -43.551  34.850 0.0000000000
29747  43.736  -43.831  35.267 0.0000000000
29748  43.190  -44.205  35.672 0.0000000000
29749  38.464  -44.194  36.187 0.0000000000
29750  37.826  -44.637  35.722 0.0000000000
29759  45.400  -43.493  33.968 0.0000000000
29760  44.828  -43.641  34.360 0.0000000000
29761  44.269  -44.352  34.443 0.0000000000
29762  38.253  -43.809  35.307 0.0000000000
29763  37.536  -44.290  34.576 0.0000000000
29764  36.847  -44.609  33.980 0.0000000000
29771  46.222  -43.401  33.163 0.0000000000
29772  45.719  -43.728  33.533 0.0000000000
29773  44.917  -44.595  33.619 0.0000000000
29774  44.036  -44.871  33.943 0.0000000000
29775  37.138  -44.048  33.717 0.0000000000
29776  36.403  -44.322  33.280 0.0000000000
29777  35.733  -44.578  32.956 0.0000000000
29787  46.416  -43.770  32.771 0.0000000000
29788  45.754  -44.604  32.597 0.0000000000
29789  44.879  -45.129  32.715 0.0000000000
29790  35.900  -44.064  32.716 0.0000000000
29791  35.256  -44.389  32.405 0.0000000000
29792  34.639  -44.681  32.098 0.0000000000
29800  47.441  -43.624  31.127 0.0000000000
29801  46.786  -44.180  31.705 0.0000000000
29802  45.892  -45.066  31.505 0.0000000000
29803  34.711  -44.194  31.957 0.0000000000
29804  34.061  -44.572  31.605 0.0000000000
29805  33.030  -44.480  30.951 0.0000000000
29806  32.053  -44.104  30.668 0.0000000000
29807  31.125  -43.897  30.664 0.0000000000
29808  30.207  -43.993  31.286 0.0000000000
29821  32.778  -44.958  30.632 0.0000000000
29822  32.314  -44.830  30.400 0.0000000000
29823  31.344  -44.655  29.925 0.0000000000
29824  30.376  -44.213  30.078 0.0000000000
29825  29.383  -44.251  30.273 0.0000000000
29840  30.935  -45.076  29.497 0.0000000000
29841  30.471  -44.873  29.473 0.0000000000
29842  29.625  -44.679  29.474 0.0000000000
29843  28.713  -44.598  29.486 0.0000000000
29844  27.637  -44.669  29.150 0.0000000000
29860  27.350  -44.839  28.419 0.0000000000
29861  26.603  -44.574  28.182 0.0000000000
29877  26.358  -44.306  26.934 0.0000000000
29878  25.660  -43.855  27.458 0.0000000000
29885  26.424  -43.908  25.903 0.0000000000
29886  25.692  -43.557  26.389 0.0000000000
29892  26.419  -43.606  24.918 0.0000000000
29893  25.749  -43.416  25.443 0.0000000000
29894  23.742  -43.907  24.898 0.0000000000
29895  23.353  -44.224  25.257 0.0000000000
29900  27.349  -43.973  23.873 0.0000000000
29901  26.439  -43.702  23.919 0.0000000000
29902  25.260  -43.583  24.410 0.0000000000
29903  24.162  -44.087  24.362 0.0000000000
29904  23.678  -44.370  24.799 0.0000000000
29914  28.548  -44.571  23.315 0.0000000000
29915  27.955  -44.255  23.325 0.0000000000
29916  26.898  -43.871  23.026 0.0000000000
29917  25.621  -44.084  22.949 0.0000000000
29918  24.724  -44.105  23.530 0.0000000000
29931  28.753  -44.374  22.530 0.0000000000
29932  27.614  -43.929  22.214 0.0000000000
29933  26.547  -44.028  21.979 0.0000000000
29934  25.729  -44.544  21.728 0.0000000000
29948  27.281  -43.779  21.104 0.0000000000
29949  26.356  -44.300  20.920 0.0000000000
29950  25.827  -44.749  21.095 0.0000000000
29963  27.037  -43.870  20.067 0.0000000000
29964  26.466  -44.590  19.993 0.0000000000
30915  41.373  -43.652  37.347 0.0000000000
30916  40.549  -43.695  37.497 0.0000000000
30917  40.009  -44.090  37.607 0.0000000000
30937  41.842  -43.616  37.196 0.0000000000
30938  40.331  -43.223  37.338 0.0000000000
30939  39.693  -43.671  37.270 0.0000000000
30940  39.056  -44.196  37.219 0.0000000000
30951  43.625  -43.122  35.378 0.0000000000
30952  43.224  -43.366  35.812 0.0000000000
30953  42.774  -43.489  36.364 0.0000000000
30954  39.281  -43.228  36.621 0.0000000000
30955  38.968  -43.845  36.757 0.0000000000
30964  44.174  -43.202  34.939 0.0000000000
30965  43.702  -43.355  35.341 0.0000000000
30966  39.255  -42.820  36.291 0.0000000000
30967  38.869  -43.225  35.915 0.0000000000
30978  45.444  -43.110  33.903 0.0000000000
30979  44.840  -42.967  34.381 0.0000000000
30980  38.443  -43.056  35.123 0.0000000000
30981  38.029  -43.290  34.566 0.0000000000
30993  46.483  -43.060  32.833 0.0000000000
30994  46.033  -43.012  33.359 0.0000000000
30995  37.521  -43.388  33.910 0.0000000000
30996  36.902  -43.413  33.307 0.0000000000
31007  46.806  -43.314  32.287 0.0000000000
31008  36.239  -43.488  32.869 0.0000000000
31009  35.590  -43.518  32.466 0.0000000000
31010  34.942  -43.190  32.277 0.0000000000
31011  34.079  -43.047  32.282 0.0000000000
31012  33.051  -43.152  32.132 0.0000000000
31013  32.055  -43.411  32.145 0.0000000000
31014  31.102  -43.802  32.061 0.0000000000
31018  47.566  -43.103  31.064 0.0000000000
31019  47.231  -43.003  31.632 0.0000000000
31020  35.033  -43.764  32.101 0.0000000000
31021  34.435  -43.687  31.865 0.0000000000
31022  33.577  -43.684  31.580 0.0000000000
31023  32.595  -43.655  31.368 0.0000000000
31024  31.666  -43.679  31.316 0.0000000000
31025  31.025  -43.762  31.302 0.0000000000
31068  24.952  -43.251  26.907 0.0000000000
31069  24.017  -43.136  26.503 0.0000000000
31074  24.820  -43.273  25.680 0.0000000000
31075  23.769  -43.522  25.463 0.0000000000
31079  24.374  -43.549  24.917 0.0000000000
31080  23.981  -43.681  24.861 0.0000000000
32185  41.170  -43.231  37.295 0.0000000000
32207  40.156  -42.686  37.021 0.0000000000
32217  43.385  -42.996  35.597 0.0000000000
32219  39.621  -42.613  36.635 0.0000000000
32228  43.585  -42.720  35.219 0.0000000000
32229  43.136  -42.462  35.422 0.0000000000
32230  39.129  -42.227  35.956 0.0000000000
32231  38.597  -42.424  35.326 0.0000000000
32244  44.925  -42.629  33.894 0.0000000000
32245  44.076  -42.463  34.389 0.0000000000
32246  43.536  -42.142  34.190 0.0000000000
32247  38.178  -42.509  34.755 0.0000000000
32248  37.719  -42.613  34.220 0.0000000000
32260  45.986  -42.670  32.761 0.0000000000
32261  45.314  -42.576  33.164 0.0000000000
32262  44.315  -42.369  33.345 0.0000000000
32263  43.279  -42.110  33.551 0.0000000000
32264  42.570  -41.916  33.291 0.0000000000
32265  37.201  -42.667  33.681 0.0000000000
32266  36.327  -42.655  33.241 0.0000000000
32267  35.438  -42.405  33.413 0.0000000000
32273  46.368  -42.599  32.070 0.0000000000
32274  45.416  -42.414  32.208 0.0000000000
32275  44.453  -42.393  32.381 0.0000000000
32276  43.381  -42.306  32.525 0.0000000000
32277  42.228  -42.007  32.632 0.0000000000
32278  41.492  -41.761  32.299 0.0000000000
32279  35.955  -43.084  32.754 0.0000000000
32280  35.530  -42.860  32.750 0.0000000000
32281  34.809  -42.702  32.811 0.0000000000
32285  47.301  -42.623  30.783 0.0000000000
32286  46.499  -42.404  31.090 0.0000000000
32287  45.568  -42.303  31.296 0.0000000000
32288  44.573  -42.398  31.420 0.0000000000
32289  43.514  -42.479  31.534 0.0000000000
32290  42.380  -42.385  31.624 0.0000000000
32291  41.216  -41.982  31.630 0.0000000000
32292  40.508  -41.791  31.265 0.0000000000
32296  47.529  -42.580  29.883 0.0000000000
32297  46.676  -42.220  30.180 0.0000000000
32298  45.735  -42.195  30.363 0.0000000000
32299  44.744  -42.359  30.475 0.0000000000
32300  43.699  -42.556  30.562 0.0000000000
32301  42.594  -42.637  30.639 0.0000000000
32302  41.448  -42.499  30.683 0.0000000000
32303  40.298  -42.084  30.650 0.0000000000
32304  39.639  -41.930  30.302 0.0000000000
32312  47.619  -42.635  28.947 0.0000000000
32313  46.868  -42.258  29.252 0.0000000000
32314  45.962  -42.160  29.438 0.0000000000
32315  44.979  -42.312  29.542 0.0000000000
32316  43.949  -42.536  29.608 0.0000000000
32317  42.869  -42.670  29.663 0.0000000000
32318  41.765  -42.748  29.714 0.0000000000
32319  40.650  -42.596  29.740 0.0000000000
32320  39.562  -42.230  29.713 0.0000000000
32321  39.006  -42.070  29.324 0.0000000000
32332  47.062  -42.372  28.350 0.0000000000
32333  46.243  -42.252  28.528 0.0000000000
32334  45.290  -42.322  28.627 0.0000000000
32335  44.263  -42.473  28.682 0.0000000000
32336  43.203  -42.604  28.721 0.0000000000
32337  42.134  -42.718  28.757 0.0000000000
32338  41.068  -42.749  28.788 0.0000000000
32339  40.045  -42.627  28.820 0.0000000000
32340  39.211  -42.351  28.808 0.0000000000
32345  46.593  -42.265  27.623 0.0000000000
32346  45.669  -42.311  27.714 0.0000000000
32347  44.646  -42.408  27.784 0.0000000000
32348  43.598  -42.506  27.819 0.0000000000
32349  42.548  -42.577  27.851 0.0000000000
32350  41.513  -42.616  27.881 0.0000000000
32351  40.500  -42.626  27.898 0.0000000000
32352  39.583  -42.536  27.976 0.0000000000
32358  46.123  -42.037  26.749 0.0000000000
32359  45.069  -42.228  26.931 0.0000000000
32360  44.052  -42.356  26.966 0.0000000000
32361  43.014  -42.377  27.001 0.0000000000
32362  41.991  -42.394  27.042 0.0000000000
32363  41.004  -42.445  27.065 0.0000000000
32364  39.965  -42.427  26.984 0.0000000000
32365  39.288  -42.384  27.420 0.0000000000
32369  45.398  -41.898  26.252 0.0000000000
32370  44.543  -42.026  26.223 0.0000000000
32371  43.540  -42.060  26.233 0.0000000000
32372  42.516  -42.074  26.266 0.0000000000
32373  41.511  -42.149  26.313 0.0000000000
32374  40.698  -42.253  26.416 0.0000000000
32375  40.194  -42.187  26.200 0.0000000000
33398  39.957  -42.121  36.699 0.0000000000
33415  39.593  -41.568  36.371 0.0000000000
33424  43.389  -42.343  35.102 0.0000000000
33425  42.910  -42.058  35.204 0.0000000000
33427  39.054  -41.453  35.988 0.0000000000
33428  38.450  -41.593  35.460 0.0000000000
33440  43.642  -42.410  34.860 0.0000000000
33441  43.277  -42.072  34.593 0.0000000000
33444  38.259  -42.041  35.009 0.0000000000
33445  37.692  -41.792  34.731 0.0000000000
33446  36.785  -41.584  34.691 0.0000000000
33456  43.216  -41.998  34.060 0.0000000000
33457  42.530  -41.717  33.789 0.0000000000
33459  37.402  -42.239  34.106 0.0000000000
33460  36.956  -42.011  33.951 0.0000000000
33461  36.101  -41.954  34.027 0.0000000000
33464  42.177  -41.785  33.149 0.0000000000
33465  41.449  -41.316  32.812 0.0000000000
33466  40.719  -40.904  32.358 0.0000000000
33469  41.141  -41.603  32.101 0.0000000000
33470  40.433  -41.293  31.704 0.0000000000
33471  39.755  -40.971  31.277 0.0000000000
33477  40.174  -41.664  31.068 0.0000000000
33478  39.525  -41.400  30.685 0.0000000000
33479  38.881  -41.140  30.280 0.0000000000
33485  39.334  -41.828  30.125 0.0000000000
33486  38.817  -41.573  29.766 0.0000000000
33487  38.332  -41.480  29.207 0.0000000000
33491  38.630  -41.946  28.977 0.0000000000
33492  38.094  -41.551  28.603 0.0000000000
33493  37.647  -41.295  28.180 0.0000000000
33495  38.762  -42.213  28.022 0.0000000000
33496  38.078  -41.779  27.618 0.0000000000
33497  37.399  -41.329  27.505 0.0000000000
33503  39.706  -42.213  26.389 0.0000000000
33504  38.979  -42.162  26.775 0.0000000000
33505  37.968  -41.700  26.639 0.0000000000
33506  37.177  -41.300  26.618 0.0000000000
33512  46.122  -41.479  25.814 0.0000000000
33513  45.135  -41.591  25.620 0.0000000000
33514  44.141  -41.678  25.542 0.0000000000
33515  43.115  -41.726  25.525 0.0000000000
33516  42.068  -41.771  25.553 0.0000000000
33517  40.922  -41.924  25.642 0.0000000000
33518  39.779  -41.955  25.700 0.0000000000
33519  38.719  -41.746  25.721 0.0000000000
33520  37.765  -41.415  25.706 0.0000000000
33521  37.010  -41.182  25.913 0.0000000000
33527  45.805  -41.038  25.126 0.0000000000
33528  44.817  -41.187  24.949 0.0000000000
33529  43.785  -41.287  24.861 0.0000000000
33530  42.749  -41.368  24.823 0.0000000000
33531  41.701  -41.467  24.792 0.0000000000
33532  40.602  -41.483  24.710 0.0000000000
33533  39.481  -41.457  24.788 0.0000000000
33534  38.520  -41.354  24.946 0.0000000000
33535  37.846  -41.175  24.940 0.0000000000
33538  40.147  -41.186  24.211 0.0000000000
33539  39.628  -41.055  24.106 0.0000000000
34625  40.381  -40.698  32.119 0.0000000000
34632  39.427  -40.802  31.053 0.0000000000
34638  38.571  -41.002  30.025 0.0000000000
34639  37.927  -40.755  29.437 0.0000000000
34640  37.298  -40.470  29.107 0.0000000000
34646  37.670  -41.084  28.681 0.0000000000
34647  37.103  -40.735  28.507 0.0000000000
34648  36.288  -40.513  28.080 0.0000000000
34654  36.671  -40.938  27.442 0.0000000000
34655  35.828  -40.554  27.351 0.0000000000
34656  35.219  -40.266  26.956 0.0000000000
34662  36.445  -40.975  26.521 0.0000000000
34663  35.729  -40.612  26.317 0.0000000000
34664  34.986  -40.205  26.224 0.0000000000
34672  37.291  -41.112  25.301 0.0000000000
34673  36.515  -40.869  25.471 0.0000000000
34674  35.586  -40.478  25.350 0.0000000000
34675  34.798  -40.042  25.328 0.0000000000
34684  45.528  -40.511  24.525 0.0000000000
34685  44.484  -40.656  24.347 0.0000000000
34686  43.438  -40.801  24.238 0.0000000000
34687  42.427  -40.965  24.136 0.0000000000
34688  41.471  -41.055  24.073 0.0000000000
34689  40.747  -41.032  24.006 0.0000000000
34690  39.036  -41.112  24.358 0.0000000000
34691  38.351  -40.965  24.333 0.0000000000
34692  37.368  -40.838  24.516 0.0000000000
34693  36.335  -40.550  24.440 0.0000000000
34694  35.351  -40.149  24.353 0.0000000000
34695  34.611  -39.786  24.620 0.0000000000
34703  45.207  -39.916  23.913 0.0000000000
34704  44.126  -40.107  23.719 0.0000000000
34705  43.068  -40.340  23.619 0.0000000000
34706  42.104  -40.512  23.474 0.0000000000
34707  41.223  -40.651  23.507 0.0000000000
34708  40.278  -40.744  23.585 0.0000000000
34709  39.189  -40.713  23.655 0.0000000000
34710  38.136  -40.586  23.613 0.0000000000
34711  37.140  -40.410  23.602 0.0000000000
34712  36.164  -40.120  23.460 0.0000000000
34713  35.399  -39.850  23.528 0.0000000000
34719  41.691  -40.278  23.066 0.0000000000
34720  41.002  -40.217  22.899 0.0000000000
34721  39.968  -40.215  22.823 0.0000000000
34722  38.882  -40.198  22.850 0.0000000000
34723  37.872  -40.139  22.844 0.0000000000
34724  36.972  -39.973  22.829 0.0000000000
34725  36.328  -39.768  22.736 0.0000000000
35915  34.356  -39.670  26.153 0.0000000000
35921  34.175  -39.509  25.268 0.0000000000
35929  34.771  -39.668  23.856 0.0000000000
35930  34.050  -39.353  24.296 0.0000000000
35939  44.877  -39.156  23.170 0.0000000000
35940  43.632  -39.637  23.125 0.0000000000
35941  42.664  -39.975  23.031 0.0000000000
35942  42.119  -40.157  23.002 0.0000000000
35943  35.707  -39.662  22.900 0.0000000000
35944  35.015  -39.500  23.087 0.0000000000
35945  34.268  -39.147  23.278 0.0000000000
35946  33.783  -39.038  23.770 0.0000000000
35957  44.689  -38.606  22.635 0.0000000000
35958  44.011  -38.912  22.611 0.0000000000
35959  43.025  -39.315  22.536 0.0000000000
35960  41.949  -39.738  22.525 0.0000000000
35961  40.830  -39.496  22.013 0.0000000000
35962  39.561  -39.655  22.114 0.0000000000
35963  38.514  -39.679  22.162 0.0000000000
35964  37.567  -39.640  22.189 0.0000000000
35965  36.740  -39.544  22.221 0.0000000000
35966  36.038  -39.418  22.298 0.0000000000
35967  35.297  -39.149  22.325 0.0000000000
35968  34.753  -39.177  22.755 0.0000000000
35976  40.736  -38.872  21.397 0.0000000000
35977  40.044  -39.040  21.429 0.0000000000
35978  39.056  -39.168  21.465 0.0000000000
35979  38.084  -39.202  21.515 0.0000000000
35980  37.172  -39.164  21.606 0.0000000000
35981  36.341  -39.098  21.752 0.0000000000
35982  35.816  -39.089  21.933 0.0000000000
37168  53.100  -37.044  25.672 0.0000000000
37169  52.794  -37.179  25.767 0.0000000000
37170  52.609  -37.247  25.763 0.0000000000
37198  33.976  -38.751  22.841 0.0000000000
37199  33.450  -38.599  23.318 0.0000000000
37209  45.451  -38.250  22.512 0.0000000000
37210  44.398  -38.163  22.093 0.0000000000
37211  43.411  -38.579  21.998 0.0000000000
37212  42.418  -38.962  21.918 0.0000000000
37213  41.702  -39.229  21.917 0.0000000000
37214  35.015  -38.742  21.937 0.0000000000
37215  34.475  -38.776  22.377 0.0000000000
37216  33.737  -38.397  22.411 0.0000000000
37224  44.291  -37.781  21.653 0.0000000000
37225  43.776  -37.876  21.494 0.0000000000
37226  42.771  -38.145  21.324 0.0000000000
37227  41.534  -38.566  21.322 0.0000000000
37228  40.485  -38.305  20.857 0.0000000000
37229  39.511  -38.526  20.867 0.0000000000
37230  38.551  -38.602  20.904 0.0000000000
37231  37.605  -38.617  20.992 0.0000000000
37232  36.680  -38.601  21.152 0.0000000000
37233  35.602  -38.542  21.440 0.0000000000
37234  34.713  -38.383  21.676 0.0000000000
37235  34.101  -38.259  21.874 0.0000000000
37248  40.363  -37.821  20.467 0.0000000000
37249  39.874  -37.857  20.417 0.0000000000
37250  38.975  -37.901  20.397 0.0000000000
37251  38.026  -37.946  20.424 0.0000000000
37252  37.091  -37.981  20.543 0.0000000000
37253  36.268  -38.009  20.751 0.0000000000
38453  49.988  -36.796  31.156 0.0000000000
38454  49.709  -37.056  31.562 0.0000000000
38473  50.073  -36.835  30.920 0.0000000000
38474  49.910  -37.049  30.849 0.0000000000
38475  49.311  -37.418  30.935 0.0000000000
38492  49.520  -37.250  30.281 0.0000000000
38493  48.801  -37.434  30.112 0.0000000000
38514  52.311  -36.622  27.840 0.0000000000
38515  52.088  -36.734  27.803 0.0000000000
38537  53.189  -36.498  26.721 0.0000000000
38538  53.037  -36.593  26.898 0.0000000000
38539  52.516  -36.704  27.360 0.0000000000
38540  51.928  -36.991  27.150 0.0000000000
38560  53.209  -36.626  26.321 0.0000000000
38561  52.856  -36.913  26.419 0.0000000000
38562  52.452  -37.100  26.363 0.0000000000
38563  51.935  -37.167  26.307 0.0000000000
38579  52.401  -37.331  25.671 0.0000000000
38580  51.884  -37.231  25.347 0.0000000000
38610  45.774  -37.605  21.794 0.0000000000
38611  45.014  -37.704  21.790 0.0000000000
38612  44.543  -37.749  21.711 0.0000000000
38613  33.126  -38.068  22.526 0.0000000000
38621  46.295  -37.351  20.990 0.0000000000
38622  45.401  -37.281  21.157 0.0000000000
38623  44.447  -37.393  21.186 0.0000000000
38624  43.295  -37.150  20.655 0.0000000000
38625  42.098  -37.555  20.692 0.0000000000
38626  41.111  -37.745  20.610 0.0000000000
38627  40.611  -37.798  20.508 0.0000000000
38628  34.889  -37.960  21.158 0.0000000000
38629  34.227  -37.898  21.350 0.0000000000
38630  33.400  -37.717  21.629 0.0000000000
38631  32.848  -37.670  22.097 0.0000000000
38646  42.979  -36.446  20.215 0.0000000000
38647  42.372  -36.656  20.263 0.0000000000
38648  41.431  -36.890  20.237 0.0000000000
38649  40.428  -37.210  20.238 0.0000000000
38650  39.394  -37.098  20.136 0.0000000000
38651  38.433  -37.118  20.087 0.0000000000
38652  37.470  -37.169  20.127 0.0000000000
38653  36.507  -37.267  20.256 0.0000000000
38654  35.462  -37.517  20.568 0.0000000000
38655  34.431  -37.441  20.781 0.0000000000
38656  33.871  -37.515  21.083 0.0000000000
39803  49.659  -36.219  32.133 0.0000000000
39812  50.240  -36.021  31.230 0.0000000000
39813  49.945  -36.305  31.599 0.0000000000
39814  49.604  -36.756  32.006 0.0000000000
39821  50.474  -36.056  30.788 0.0000000000
39822  50.229  -36.603  30.589 0.0000000000
39823  49.953  -36.992  30.118 0.0000000000
39829  51.819  -35.856  29.044 0.0000000000
39830  51.124  -36.195  29.547 0.0000000000
39831  50.388  -36.717  29.383 0.0000000000
39832  49.368  -37.065  29.274 0.0000000000
39833  48.190  -37.227  29.282 0.0000000000
39841  52.727  -35.943  27.965 0.0000000000
39842  52.123  -36.330  28.243 0.0000000000
39843  51.264  -36.693  28.155 0.0000000000
39844  50.113  -36.713  28.340 0.0000000000
39845  49.255  -36.699  28.212 0.0000000000
39846  48.396  -36.820  28.402 0.0000000000
39859  53.297  -36.216  26.848 0.0000000000
39860  52.950  -36.320  27.440 0.0000000000
39861  52.609  -36.360  27.773 0.0000000000
39862  51.340  -36.846  26.972 0.0000000000
39863  50.563  -36.650  27.415 0.0000000000
39864  49.644  -36.424  27.364 0.0000000000
39865  48.694  -36.396  27.603 0.0000000000
39866  47.649  -36.373  27.425 0.0000000000
39884  53.530  -36.226  26.049 0.0000000000
39885  51.375  -36.912  26.055 0.0000000000
39886  50.661  -36.521  26.496 0.0000000000
39887  50.218  -36.444  26.966 0.0000000000
39888  47.393  -35.990  26.734 0.0000000000
39889  46.725  -36.144  26.809 0.0000000000
39911  51.368  -36.840  25.383 0.0000000000
39912  50.948  -36.545  25.645 0.0000000000
39939  51.464  -36.767  24.645 0.0000000000
39940  51.134  -36.570  25.131 0.0000000000
39988  46.150  -37.004  20.491 0.0000000000
39989  45.772  -36.903  20.524 0.0000000000
39990  44.977  -36.749  20.586 0.0000000000
39991  44.177  -36.670  20.534 0.0000000000
39992  33.054  -37.276  21.280 0.0000000000
39993  32.371  -37.069  21.658 0.0000000000
40009  46.344  -36.652  20.060 0.0000000000
40010  45.469  -36.149  20.158 0.0000000000
40011  44.575  -35.977  20.235 0.0000000000
40012  43.569  -36.044  20.190 0.0000000000
40013  42.645  -35.859  20.119 0.0000000000
40014  41.737  -35.930  20.080 0.0000000000
40015  40.761  -36.085  20.087 0.0000000000
40016  39.778  -36.189  20.096 0.0000000000
40017  38.812  -36.221  20.077 0.0000000000
40018  37.852  -36.254  20.027 0.0000000000
40019  36.877  -36.321  20.044 0.0000000000
40020  35.850  -36.462  19.947 0.0000000000
40021  34.727  -36.657  20.101 0.0000000000
40022  33.455  -36.935  20.648 0.0000000000
41121  49.715  -35.941  32.091 0.0000000000
41142  50.246  -35.741  31.162 0.0000000000
41143  49.967  -35.842  31.648 0.0000000000
41162  50.869  -35.641  30.300 0.0000000000
41178  51.816  -35.392  29.143 0.0000000000
41179  51.405  -35.629  29.570 0.0000000000
41191  52.762  -35.561  27.947 0.0000000000
41192  52.327  -35.640  28.498 0.0000000000
41206  53.123  -35.773  27.468 0.0000000000
41207  49.414  -36.108  26.799 0.0000000000
41208  48.892  -36.074  26.975 0.0000000000
41209  48.331  -36.152  27.126 0.0000000000
41222  50.370  -36.261  26.327 0.0000000000
41223  49.979  -36.137  26.504 0.0000000000
41224  49.169  -35.748  26.352 0.0000000000
41225  48.104  -35.737  26.523 0.0000000000
41226  47.091  -35.656  26.221 0.0000000000
41227  46.172  -35.801  26.131 0.0000000000
41242  50.444  -36.170  25.920 0.0000000000
41243  49.818  -35.667  25.607 0.0000000000
41244  48.726  -35.183  25.464 0.0000000000
41245  47.606  -35.197  25.584 0.0000000000
41246  46.575  -35.273  25.406 0.0000000000
41247  45.645  -35.509  25.470 0.0000000000
41265  51.193  -36.384  24.442 0.0000000000
41266  50.757  -36.082  24.814 0.0000000000
41267  49.632  -35.129  24.396 0.0000000000
41268  48.600  -34.779  24.485 0.0000000000
41269  45.914  -35.137  24.893 0.0000000000
41270  45.170  -35.181  24.811 0.0000000000
41289  51.318  -36.340  23.841 0.0000000000
41290  50.575  -35.551  23.535 0.0000000000
41291  49.719  -34.914  23.031 0.0000000000
41310  51.255  -35.939  22.700 0.0000000000
41311  50.516  -35.283  22.332 0.0000000000
41312  49.728  -34.741  21.874 0.0000000000
41336  44.246  -34.436  20.977 0.0000000000
41337  43.514  -34.522  20.943 0.0000000000
41338  42.613  -34.594  21.088 0.0000000000
41342  38.460  -34.824  21.151 0.0000000000
41343  37.569  -34.750  20.832 0.0000000000
41362  47.181  -35.507  19.619 0.0000000000
41363  46.083  -35.383  19.940 0.0000000000
41364  45.152  -35.228  20.213 0.0000000000
41365  44.140  -35.052  20.377 0.0000000000
41366  43.089  -35.130  20.413 0.0000000000
41367  42.108  -35.120  20.507 0.0000000000
41370  39.134  -35.383  20.471 0.0000000000
41371  38.199  -35.414  20.366 0.0000000000
41372  37.235  -35.387  20.252 0.0000000000
42516  50.191  -35.466  31.174 0.0000000000
42517  49.962  -35.483  31.554 0.0000000000
42540  50.493  -35.260  30.773 0.0000000000
42541  50.257  -34.830  31.011 0.0000000000
42567  51.773  -35.082  29.203 0.0000000000
42568  51.291  -35.104  29.768 0.0000000000
42585  52.561  -35.259  28.180 0.0000000000
42586  52.155  -35.069  28.716 0.0000000000
42620  47.979  -34.847  24.887 0.0000000000
42621  47.172  -34.812  24.788 0.0000000000
42622  46.419  -34.888  24.657 0.0000000000
42631  48.807  -34.583  23.549 0.0000000000
42632  47.765  -34.494  23.973 0.0000000000
42633  46.688  -34.500  24.003 0.0000000000
42634  45.717  -34.702  24.155 0.0000000000
42635  44.719  -34.818  24.067 0.0000000000
42644  48.951  -34.388  22.431 0.0000000000
42645  48.021  -34.208  22.821 0.0000000000
42646  47.018  -34.160  23.059 0.0000000000
42647  46.028  -34.274  23.186 0.0000000000
42648  45.080  -34.424  23.260 0.0000000000
42649  44.161  -34.559  23.310 0.0000000000
42663  49.000  -34.326  21.411 0.0000000000
42664  48.209  -34.075  21.762 0.0000000000
42665  47.267  -33.966  22.002 0.0000000000
42666  46.299  -34.064  22.179 0.0000000000
42667  45.370  -34.166  22.325 0.0000000000
42668  44.483  -34.275  22.436 0.0000000000
42669  43.611  -34.374  22.524 0.0000000000
42670  42.781  -34.470  22.533 0.0000000000
42692  48.355  -34.204  20.853 0.0000000000
42693  47.487  -34.059  20.974 0.0000000000
42694  46.523  -34.043  21.139 0.0000000000
42695  45.599  -34.140  21.350 0.0000000000
42696  44.755  -34.224  21.545 0.0000000000
42697  43.949  -34.298  21.662 0.0000000000
42698  43.133  -34.345  21.732 0.0000000000
42699  42.414  -34.458  21.855 0.0000000000
42716  47.757  -34.471  20.122 0.0000000000
42717  46.778  -34.520  20.219 0.0000000000
42718  45.808  -34.510  20.450 0.0000000000
42719  44.934  -34.518  20.729 0.0000000000
43837  50.757  -34.761  30.322 0.0000000000
43855  51.721  -34.815  29.147 0.0000000000
38455  49.061  -37.546  31.712 0.0000000000
38476  48.465  -37.722  30.910 0.0000000000
38477  47.457  -37.943  30.885 0.0000000000
38494  47.782  -37.600  29.973 0.0000000000
38495  46.805  -37.766  30.018 0.0000000000
38496  45.759  -37.831  29.905 0.0000000000
38497  44.747  -37.818  29.738 0.0000000000
38516  47.141  -37.483  29.400 0.0000000000
38517  46.354  -37.502  29.197 0.0000000000
38518  45.312  -37.514  28.992 0.0000000000
38519  44.373  -37.602  28.984 0.0000000000
38541  44.808  -37.332  28.450 0.0000000000
38542  44.083  -37.366  28.229 0.0000000000
39834  47.575  -37.356  29.304 0.0000000000
39847  47.201  -37.105  28.604 0.0000000000
39848  45.922  -37.177  28.395 0.0000000000
39849  45.267  -37.245  28.373 0.0000000000
39867  46.364  -36.665  27.619 0.0000000000
39868  45.031  -36.938  27.706 0.0000000000
39869  43.762  -37.048  27.390 0.0000000000
39890  45.668  -36.313  26.790 0.0000000000
39891  44.377  -36.374  26.446 0.0000000000
39892  42.929  -36.917  26.622 0.0000000000
39913  44.119  -36.014  25.718 0.0000000000
39914  43.477  -36.187  25.759 0.0000000000
39915  42.347  -36.298  25.425 0.0000000000
39941  42.122  -35.808  24.813 0.0000000000
39942  41.549  -35.991  24.839 0.0000000000
39943  40.666  -36.087  24.694 0.0000000000
39944  39.752  -35.870  24.406 0.0000000000
39966  39.665  -35.556  24.026 0.0000000000
39967  39.388  -35.575  24.007 0.0000000000
41228  45.317  -35.945  26.064 0.0000000000
41248  44.694  -35.716  25.494 0.0000000000
41249  43.874  -35.692  25.249 0.0000000000
41250  43.161  -35.771  25.152 0.0000000000
41271  44.304  -35.266  24.717 0.0000000000
41272  43.469  -35.300  24.592 0.0000000000
41273  42.646  -35.517  24.640 0.0000000000
41274  41.948  -35.478  24.324 0.0000000000
41275  41.194  -35.517  24.180 0.0000000000
41276  40.463  -35.548  24.093 0.0000000000
41292  43.032  -35.088  24.155 0.0000000000
41293  42.476  -35.073  23.894 0.0000000000
41294  41.726  -35.043  23.545 0.0000000000
41295  40.872  -35.127  23.469 0.0000000000
41296  39.892  -35.297  23.590 0.0000000000
41297  38.878  -35.341  23.536 0.0000000000
41313  41.429  -34.742  22.782 0.0000000000
41314  40.608  -34.825  22.559 0.0000000000
41315  39.625  -34.899  22.462 0.0000000000
41316  38.652  -34.874  22.305 0.0000000000
41339  41.561  -34.650  21.604 0.0000000000
41340  40.385  -34.820  21.448 0.0000000000
41341  39.397  -34.851  21.327 0.0000000000
41368  41.095  -35.187  20.560 0.0000000000
41369  40.090  -35.305  20.525 0.0000000000
42636  43.877  -34.934  24.046 0.0000000000
42637  43.394  -34.995  24.077 0.0000000000
42650  43.202  -34.725  23.479 0.0000000000
42651  42.343  -34.738  23.156 0.0000000000
42652  41.880  -34.759  22.984 0.0000000000
42671  42.051  -34.565  22.479 0.0000000000
29818  47.361  -44.276  30.389 0.0000000000
31028  47.690  -43.286  30.481 0.0000000000
31030  48.169  -43.375  28.757 0.0000000000
31031  47.983  -43.527  29.325 0.0000000000
32311  48.090  -43.074  28.575 0.0000000000
32330  48.048  -43.137  27.819 0.0000000000
32331  47.656  -42.713  28.084 0.0000000000
32342  48.165  -43.186  27.072 0.0000000000
32343  47.854  -42.778  27.209 0.0000000000
32344  47.326  -42.433  27.462 0.0000000000
32355  48.378  -42.805  26.234 0.0000000000
32356  47.729  -42.344  26.600 0.0000000000
32357  47.060  -42.048  26.811 0.0000000000
33499  48.361  -42.501  25.770 0.0000000000
33500  48.125  -42.185  25.876 0.0000000000
33501  47.508  -41.803  26.035 0.0000000000
33502  46.810  -41.687  26.192 0.0000000000
33509  48.424  -42.334  25.354 0.0000000000
33510  47.968  -41.477  25.217 0.0000000000
33511  47.064  -41.198  25.460 0.0000000000
33524  48.453  -41.885  24.563 0.0000000000
33525  48.056  -41.173  24.569 0.0000000000
33526  46.451  -41.016  25.263 0.0000000000
34670  47.849  -40.990  24.707 0.0000000000
34671  47.548  -40.862  24.877 0.0000000000
34681  48.161  -41.157  24.105 0.0000000000
34682  47.838  -40.507  24.283 0.0000000000
34683  46.752  -40.447  24.632 0.0000000000
34700  48.123  -40.694  23.423 0.0000000000
34701  47.817  -39.910  23.536 0.0000000000
34702  46.094  -39.920  24.109 0.0000000000
34717  48.042  -40.635  22.587 0.0000000000
34718  47.657  -40.495  21.947 0.0000000000
34735  46.987  -40.284  21.222 0.0000000000
34749  46.564  -39.867  20.565 0.0000000000
35927  47.370  -39.836  23.924 0.0000000000
35928  46.774  -39.646  23.883 0.0000000000
35936  47.954  -39.863  22.823 0.0000000000
35937  47.307  -39.062  23.130 0.0000000000
35938  46.095  -39.221  23.508 0.0000000000
35952  53.870  -38.189  21.239 0.0000000000
35953  53.460  -38.160  21.512 0.0000000000
35954  53.255  -38.139  21.631 0.0000000000
35955  47.951  -40.037  22.297 0.0000000000
35956  47.553  -39.393  21.921 0.0000000000
35972  53.827  -38.849  20.286 0.0000000000
35973  53.572  -38.655  20.567 0.0000000000
35974  53.229  -38.595  20.661 0.0000000000
35975  47.081  -39.245  20.799 0.0000000000
35993  52.749  -39.043  19.955 0.0000000000
35994  46.562  -39.278  19.891 0.0000000000
36002  52.293  -39.111  19.562 0.0000000000
36004  46.828  -39.153  19.014 0.0000000000
36012  48.246  -39.630  18.304 0.0000000000
36013  47.279  -39.675  18.481 0.0000000000
37176  53.357  -37.174  24.885 0.0000000000
37177  53.007  -37.375  25.141 0.0000000000
37178  52.734  -37.412  25.327 0.0000000000
37184  53.671  -37.378  24.063 0.0000000000
37185  53.235  -37.532  24.396 0.0000000000
37186  52.926  -37.589  24.755 0.0000000000
37192  53.850  -37.557  23.120 0.0000000000
37193  53.441  -37.677  23.455 0.0000000000
37194  52.927  -37.719  23.913 0.0000000000
37195  46.973  -38.357  22.645 0.0000000000
37196  46.408  -38.519  22.900 0.0000000000
37197  45.738  -38.745  23.070 0.0000000000
37204  53.940  -37.731  22.125 0.0000000000
37205  53.603  -37.823  22.370 0.0000000000
37206  53.153  -37.889  22.627 0.0000000000
37207  47.258  -38.352  22.115 0.0000000000
37208  46.528  -37.897  22.155 0.0000000000
37221  52.941  -37.947  21.690 0.0000000000
37222  47.183  -38.292  21.054 0.0000000000
37223  46.971  -37.777  21.479 0.0000000000
37246  52.776  -38.211  20.689 0.0000000000
37247  46.981  -38.496  20.233 0.0000000000
37260  52.412  -38.406  19.939 0.0000000000
37261  51.950  -38.527  19.413 0.0000000000
37262  47.098  -38.392  19.430 0.0000000000
37265  51.401  -38.669  18.922 0.0000000000
37266  50.689  -38.776  18.596 0.0000000000
37267  49.799  -38.745  18.364 0.0000000000
37268  48.789  -38.711  18.281 0.0000000000
37269  47.725  -38.557  18.601 0.0000000000
38578  53.464  -36.724  25.463 0.0000000000
38589  53.813  -36.779  24.649 0.0000000000
38590  52.526  -37.551  24.766 0.0000000000
38591  52.040  -37.390  24.365 0.0000000000
38599  52.447  -37.554  23.635 0.0000000000
38600  52.110  -37.462  23.923 0.0000000000
38609  52.650  -37.617  22.485 0.0000000000
38619  52.617  -37.559  21.471 0.0000000000
38620  46.883  -37.580  20.806 0.0000000000
38642  52.254  -37.444  20.350 0.0000000000
38643  51.784  -36.924  19.999 0.0000000000
38644  46.962  -37.469  19.918 0.0000000000
38645  46.639  -37.262  20.444 0.0000000000
38662  52.090  -37.963  19.713 0.0000000000
38663  51.482  -37.494  19.287 0.0000000000
38664  50.784  -37.069  18.938 0.0000000000
38665  48.250  -37.177  18.684 0.0000000000
38666  47.570  -37.593  19.001 0.0000000000
38670  51.054  -38.143  18.750 0.0000000000
38671  50.431  -37.710  18.586 0.0000000000
38672  49.346  -37.847  18.323 0.0000000000
38673  48.475  -37.850  18.417 0.0000000000
38674  47.982  -37.764  18.632 0.0000000000
39964  52.184  -37.409  23.503 0.0000000000
39965  51.928  -37.168  23.746 0.0000000000
39976  52.243  -37.276  23.104 0.0000000000
39977  51.837  -36.685  22.931 0.0000000000
39986  52.282  -37.073  22.219 0.0000000000
39987  51.801  -36.405  21.913 0.0000000000
40005  52.239  -36.914  21.323 0.0000000000
40006  51.686  -36.376  20.698 0.0000000000
40007  51.050  -36.042  20.094 0.0000000000
40008  47.016  -36.495  19.593 0.0000000000
40028  51.406  -36.584  19.838 0.0000000000
40029  50.722  -36.393  19.344 0.0000000000
40030  49.918  -36.287  18.898 0.0000000000
40031  48.921  -36.390  18.721 0.0000000000
40032  47.742  -36.429  19.146 0.0000000000
40037  50.326  -36.854  18.807 0.0000000000
40038  49.655  -37.009  18.546 0.0000000000
40039  48.913  -37.213  18.436 0.0000000000
41333  51.184  -35.720  21.591 0.0000000000
41334  50.419  -35.185  21.209 0.0000000000
41335  49.554  -34.732  20.773 0.0000000000
41358  50.965  -35.691  20.706 0.0000000000
41359  50.265  -35.442  20.011 0.0000000000
41360  49.141  -34.973  19.859 0.0000000000
41361  48.179  -34.989  19.604 0.0000000000
41384  50.144  -35.877  19.328 0.0000000000
41385  49.524  -35.650  19.240 0.0000000000
41386  48.559  -35.571  19.187 0.0000000000
41387  47.898  -35.580  19.328 0.0000000000
42691  48.940  -34.420  20.729 0.0000000000
42714  49.073  -34.624  20.395 0.0000000000
42715  48.585  -34.563  20.245 0.0000000000
