#!ascii label  , from subject colin27 vox2ras=TkReg coords=white
325
43718  41.446  -32.709  41.975 0.0000000000
44972  41.528  -31.786  42.685 0.0000000000
44990  41.578  -32.124  42.305 0.0000000000
46111  41.298  -31.388  43.004 0.0000000000
46128  41.522  -31.262  42.622 0.0000000000
46129  41.372  -31.740  43.023 0.0000000000
46147  41.732  -31.311  42.217 0.0000000000
47264  41.135  -31.171  43.131 0.0000000000
47265  40.842  -31.143  43.421 0.0000000000
47273  41.398  -30.780  42.704 0.0000000000
47280  41.999  -29.935  42.031 0.0000000000
47281  41.817  -30.350  42.197 0.0000000000
47289  42.173  -29.943  41.844 0.0000000000
48369  41.107  -30.642  42.942 0.0000000000
48370  40.826  -30.278  43.108 0.0000000000
48384  41.787  -29.496  42.255 0.0000000000
48385  41.541  -29.809  42.486 0.0000000000
48386  41.153  -29.430  42.766 0.0000000000
48401  41.976  -29.585  42.078 0.0000000000
48402  41.788  -29.889  42.240 0.0000000000
49490  40.742  -29.619  43.023 0.0000000000
49491  40.508  -29.464  43.131 0.0000000000
49494  41.853  -29.217  42.229 0.0000000000
49495  41.693  -28.800  42.408 0.0000000000
49496  41.025  -28.931  42.909 0.0000000000
49497  40.298  -28.988  43.152 0.0000000000
49498  39.579  -28.848  43.097 0.0000000000
49499  38.996  -28.593  42.919 0.0000000000
49502  42.277  -28.680  41.932 0.0000000000
49503  42.072  -28.356  42.125 0.0000000000
49504  38.510  -28.295  42.626 0.0000000000
49505  37.787  -28.380  42.342 0.0000000000
49531  32.732  -27.908  39.817 0.0000000000
49542  32.291  -28.214  39.372 0.0000000000
49543  31.737  -28.130  38.767 0.0000000000
49552  31.261  -28.110  38.227 0.0000000000
49553  30.685  -28.183  37.692 0.0000000000
49562  30.043  -28.223  37.108 0.0000000000
49571  29.464  -28.212  36.489 0.0000000000
49572  28.911  -28.352  35.841 0.0000000000
49585  28.268  -28.567  35.050 0.0000000000
49605  28.061  -28.296  34.576 0.0000000000
49606  27.630  -28.597  34.255 0.0000000000
49632  27.385  -28.085  33.495 0.0000000000
49633  26.669  -28.543  33.306 0.0000000000
49634  25.522  -28.771  33.073 0.0000000000
49663  26.486  -28.053  32.565 0.0000000000
49664  25.855  -28.163  32.304 0.0000000000
49665  24.872  -28.460  32.420 0.0000000000
49686  25.549  -27.867  31.766 0.0000000000
49687  25.085  -28.021  31.803 0.0000000000
49688  24.347  -28.121  31.901 0.0000000000
50712  41.961  -28.202  42.247 0.0000000000
50713  41.543  -28.257  42.538 0.0000000000
50714  40.841  -28.261  42.840 0.0000000000
50715  40.016  -28.283  42.946 0.0000000000
50716  39.473  -28.361  42.935 0.0000000000
50720  42.363  -28.034  41.964 0.0000000000
50721  42.005  -27.813  42.191 0.0000000000
50722  41.389  -27.667  42.447 0.0000000000
50723  40.507  -27.645  42.596 0.0000000000
50724  39.360  -27.853  42.612 0.0000000000
50725  38.340  -27.767  42.248 0.0000000000
50726  37.362  -27.765  41.908 0.0000000000
50731  37.089  -27.465  41.610 0.0000000000
50732  36.539  -27.711  41.516 0.0000000000
50733  35.625  -27.671  41.090 0.0000000000
50734  34.830  -27.613  40.807 0.0000000000
50740  33.623  -27.449  40.222 0.0000000000
50741  33.059  -27.382  39.915 0.0000000000
50746  32.542  -27.330  39.551 0.0000000000
50747  32.034  -27.282  39.091 0.0000000000
50755  31.512  -27.234  38.579 0.0000000000
50756  30.992  -27.199  38.050 0.0000000000
50763  30.389  -27.161  37.545 0.0000000000
50772  29.775  -27.008  36.911 0.0000000000
50773  29.193  -27.219  36.133 0.0000000000
50785  28.648  -27.364  35.298 0.0000000000
50804  28.161  -27.652  34.483 0.0000000000
50805  27.793  -27.550  33.709 0.0000000000
50827  27.280  -27.496  32.801 0.0000000000
50828  26.776  -27.920  32.664 0.0000000000
50846  27.092  -27.113  32.166 0.0000000000
50847  26.603  -27.482  32.022 0.0000000000
50848  25.891  -27.686  31.684 0.0000000000
50864  26.031  -27.158  31.143 0.0000000000
50865  25.351  -27.598  31.247 0.0000000000
50866  24.506  -27.744  31.251 0.0000000000
50867  23.428  -27.818  31.591 0.0000000000
50868  22.235  -27.191  31.483 0.0000000000
50887  25.450  -27.094  30.632 0.0000000000
50888  24.824  -27.322  30.617 0.0000000000
50889  23.997  -27.308  30.484 0.0000000000
50890  22.987  -27.053  30.511 0.0000000000
50891  22.422  -26.757  30.810 0.0000000000
50907  23.521  -26.889  29.959 0.0000000000
50908  23.178  -26.757  29.944 0.0000000000
52044  42.555  -27.802  41.625 0.0000000000
52045  42.417  -27.571  41.753 0.0000000000
52046  41.846  -27.155  41.954 0.0000000000
52047  41.186  -27.003  42.152 0.0000000000
52048  40.154  -27.036  42.145 0.0000000000
52049  39.098  -27.176  41.968 0.0000000000
52050  38.145  -27.253  41.778 0.0000000000
52051  37.488  -27.286  41.606 0.0000000000
52060  41.973  -26.540  41.480 0.0000000000
52061  40.957  -26.464  41.608 0.0000000000
52062  39.914  -26.485  41.447 0.0000000000
52063  38.856  -26.725  41.393 0.0000000000
52064  37.973  -26.836  41.306 0.0000000000
52065  37.072  -27.014  41.307 0.0000000000
52066  36.142  -27.059  41.083 0.0000000000
52067  35.271  -27.039  40.844 0.0000000000
52068  34.532  -27.011  40.584 0.0000000000
52069  33.980  -27.013  40.329 0.0000000000
52079  42.251  -26.051  40.900 0.0000000000
52080  39.446  -26.213  40.983 0.0000000000
52081  38.708  -26.258  40.837 0.0000000000
52082  37.770  -26.353  40.754 0.0000000000
52083  36.808  -26.442  40.669 0.0000000000
52084  35.866  -26.479  40.540 0.0000000000
52085  34.991  -26.451  40.420 0.0000000000
52086  34.221  -26.463  40.241 0.0000000000
52087  33.460  -26.640  39.968 0.0000000000
52088  32.873  -26.815  39.655 0.0000000000
52099  32.966  -26.301  39.558 0.0000000000
52100  32.410  -26.473  39.297 0.0000000000
52101  31.792  -26.435  38.836 0.0000000000
52110  31.275  -26.361  38.404 0.0000000000
52111  30.734  -26.265  37.943 0.0000000000
52118  30.159  -26.168  37.473 0.0000000000
52123  29.764  -25.956  37.022 0.0000000000
52124  29.397  -26.142  36.465 0.0000000000
52134  28.923  -26.217  35.672 0.0000000000
52152  28.394  -26.131  34.538 0.0000000000
52153  28.070  -26.933  34.020 0.0000000000
52171  28.167  -25.635  33.816 0.0000000000
52172  27.899  -26.359  33.334 0.0000000000
52191  27.365  -26.440  32.106 0.0000000000
52192  26.978  -26.900  31.867 0.0000000000
52208  27.248  -26.035  31.502 0.0000000000
52209  26.775  -26.474  31.258 0.0000000000
52210  22.026  -26.316  31.066 0.0000000000
52211  21.729  -26.657  31.623 0.0000000000
52230  25.909  -26.404  30.171 0.0000000000
52231  25.045  -26.852  30.061 0.0000000000
52232  24.531  -27.065  30.181 0.0000000000
52233  22.942  -26.599  29.953 0.0000000000
52234  22.546  -26.341  30.262 0.0000000000
52251  25.718  -26.011  29.462 0.0000000000
52252  25.193  -26.263  29.340 0.0000000000
52253  24.243  -26.696  29.604 0.0000000000
52254  23.268  -26.380  29.446 0.0000000000
52255  22.839  -26.264  29.752 0.0000000000
52270  24.527  -26.101  28.901 0.0000000000
52271  23.818  -26.100  28.910 0.0000000000
52272  23.388  -25.956  28.976 0.0000000000
53451  41.604  -26.088  41.129 0.0000000000
53452  40.885  -25.989  41.000 0.0000000000
53453  40.147  -25.950  40.837 0.0000000000
53461  41.868  -25.745  40.455 0.0000000000
53462  40.866  -25.622  40.295 0.0000000000
53463  39.714  -25.701  40.313 0.0000000000
53464  38.618  -25.738  40.150 0.0000000000
53465  37.587  -25.823  40.064 0.0000000000
53466  36.590  -25.894  40.003 0.0000000000
53467  35.633  -25.895  39.970 0.0000000000
53468  34.737  -25.865  39.937 0.0000000000
53469  33.912  -25.870  39.862 0.0000000000
53470  33.308  -25.951  39.645 0.0000000000
53480  41.843  -25.416  39.577 0.0000000000
53481  40.744  -25.286  39.464 0.0000000000
53482  39.575  -25.282  39.388 0.0000000000
53483  38.445  -25.314  39.328 0.0000000000
53484  37.379  -25.388  39.290 0.0000000000
53485  36.368  -25.453  39.266 0.0000000000
53486  35.405  -25.443  39.275 0.0000000000
53487  34.492  -25.386  39.304 0.0000000000
53488  33.608  -25.369  39.288 0.0000000000
53489  32.815  -25.667  39.290 0.0000000000
53490  32.070  -25.636  38.909 0.0000000000
53491  31.566  -25.788  38.604 0.0000000000
53507  37.119  -25.107  38.429 0.0000000000
53508  36.110  -25.114  38.458 0.0000000000
53509  35.156  -25.020  38.526 0.0000000000
53510  34.258  -24.925  38.617 0.0000000000
53511  33.598  -24.924  38.799 0.0000000000
53512  31.631  -25.263  38.587 0.0000000000
53513  31.117  -25.439  38.292 0.0000000000
53514  30.540  -25.405  37.767 0.0000000000
53529  36.771  -25.033  37.513 0.0000000000
53530  35.786  -24.905  37.585 0.0000000000
53531  34.822  -24.708  37.678 0.0000000000
53532  34.255  -24.640  38.074 0.0000000000
53533  30.049  -25.295  37.299 0.0000000000
53548  36.305  -25.116  36.592 0.0000000000
53549  35.382  -24.866  36.688 0.0000000000
53550  34.764  -24.643  36.812 0.0000000000
53551  29.669  -25.233  36.720 0.0000000000
53552  29.281  -25.259  36.057 0.0000000000
53572  35.705  -25.222  35.677 0.0000000000
53573  34.697  -24.859  35.850 0.0000000000
53574  34.089  -24.809  35.453 0.0000000000
53575  28.900  -25.201  35.300 0.0000000000
53596  35.022  -25.308  34.724 0.0000000000
53597  34.210  -25.107  34.867 0.0000000000
53598  28.638  -24.925  34.690 0.0000000000
53624  28.329  -24.881  34.051 0.0000000000
53625  28.089  -25.161  33.292 0.0000000000
53653  27.785  -25.421  32.440 0.0000000000
53654  21.738  -25.159  32.050 0.0000000000
53676  27.493  -25.537  31.654 0.0000000000
53677  27.213  -25.598  31.071 0.0000000000
53678  21.895  -25.525  31.298 0.0000000000
53679  21.570  -26.021  31.739 0.0000000000
53695  26.724  -25.592  30.304 0.0000000000
53696  22.190  -25.515  30.513 0.0000000000
53710  26.122  -25.548  29.337 0.0000000000
53711  25.599  -25.788  29.030 0.0000000000
53712  23.130  -25.885  29.051 0.0000000000
53713  22.695  -25.606  29.448 0.0000000000
53726  25.738  -25.407  28.659 0.0000000000
53727  25.121  -25.595  28.453 0.0000000000
53728  24.210  -25.661  28.361 0.0000000000
53729  23.337  -25.408  28.540 0.0000000000
53730  22.815  -25.079  28.823 0.0000000000
53740  24.593  -25.240  27.856 0.0000000000
53741  23.897  -25.132  27.864 0.0000000000
53742  23.514  -24.932  27.990 0.0000000000
54913  33.126  -25.082  39.032 0.0000000000
54914  32.552  -25.024  38.906 0.0000000000
54915  31.986  -24.971  38.692 0.0000000000
54923  33.848  -24.703  38.389 0.0000000000
54924  33.217  -24.658  38.493 0.0000000000
54925  32.421  -24.525  38.358 0.0000000000
54926  31.569  -24.592  38.305 0.0000000000
54927  30.866  -24.668  37.896 0.0000000000
54928  30.420  -24.763  37.482 0.0000000000
54937  34.355  -24.563  37.726 0.0000000000
54938  33.885  -24.459  37.849 0.0000000000
54939  33.141  -24.222  37.752 0.0000000000
54940  32.238  -23.957  37.611 0.0000000000
54941  31.294  -23.989  37.657 0.0000000000
54942  30.648  -24.160  37.332 0.0000000000
54943  30.064  -24.452  36.947 0.0000000000
54951  34.368  -24.493  37.290 0.0000000000
54952  33.843  -24.248  37.073 0.0000000000
54953  33.131  -23.979  36.835 0.0000000000
54954  32.354  -23.724  36.600 0.0000000000
54955  29.651  -24.469  36.275 0.0000000000
54956  29.271  -24.435  35.650 0.0000000000
54968  34.342  -24.506  36.608 0.0000000000
54969  33.849  -24.425  36.077 0.0000000000
54970  32.992  -24.131  35.837 0.0000000000
54971  32.212  -23.730  35.670 0.0000000000
54972  28.919  -24.319  35.058 0.0000000000
54987  33.543  -24.721  35.033 0.0000000000
54988  32.702  -24.253  34.832 0.0000000000
54989  31.942  -23.728  34.786 0.0000000000
54990  28.590  -24.157  34.482 0.0000000000
55009  28.332  -24.007  33.985 0.0000000000
55010  28.195  -24.245  33.446 0.0000000000
55030  28.041  -24.440  32.656 0.0000000000
55053  27.735  -24.586  31.606 0.0000000000
55054  27.472  -25.113  31.227 0.0000000000
55055  22.091  -24.577  31.196 0.0000000000
55077  27.667  -24.187  30.925 0.0000000000
55078  27.374  -24.734  30.584 0.0000000000
55079  22.338  -24.608  30.028 0.0000000000
55099  22.554  -24.581  29.094 0.0000000000
55115  25.615  -25.191  28.215 0.0000000000
55116  23.290  -24.756  28.071 0.0000000000
55117  22.909  -24.596  28.386 0.0000000000
55134  23.139  -24.432  27.944 0.0000000000
56323  31.708  -23.664  37.110 0.0000000000
56324  31.050  -23.647  36.974 0.0000000000
56325  30.418  -23.783  36.681 0.0000000000
56326  29.966  -23.926  36.362 0.0000000000
56330  31.607  -23.502  36.392 0.0000000000
56331  30.834  -23.405  36.186 0.0000000000
56332  30.128  -23.427  35.991 0.0000000000
56333  29.638  -23.787  35.725 0.0000000000
56334  29.252  -23.872  35.268 0.0000000000
56339  31.432  -23.375  35.530 0.0000000000
56340  30.546  -23.112  35.169 0.0000000000
56341  29.770  -23.245  35.268 0.0000000000
56342  29.398  -23.485  35.055 0.0000000000
56343  28.944  -23.602  34.782 0.0000000000
56352  28.540  -23.472  34.184 0.0000000000
56367  28.283  -23.512  33.602 0.0000000000
56368  28.203  -23.647  32.984 0.0000000000
56418  22.408  -23.697  30.556 0.0000000000
56439  22.501  -23.624  29.498 0.0000000000
56462  22.633  -23.864  28.607 0.0000000000
57595  29.820  -22.881  34.619 0.0000000000
57596  29.373  -23.115  34.723 0.0000000000
57597  29.165  -23.303  34.748 0.0000000000
57610  29.293  -22.750  34.095 0.0000000000
57611  28.931  -23.103  34.410 0.0000000000
57626  28.655  -22.889  33.525 0.0000000000
57627  28.308  -23.209  33.235 0.0000000000
57687  22.624  -22.776  30.219 0.0000000000
57703  22.639  -22.818  29.368 0.0000000000
45002  41.567  -32.108  41.593 0.0000000000
46164  41.775  -31.508  41.859 0.0000000000
46180  41.902  -31.291  41.399 0.0000000000
47290  42.051  -30.674  41.695 0.0000000000
47300  42.471  -29.919  41.480 0.0000000000
47301  42.464  -30.411  41.049 0.0000000000
48419  42.488  -29.302  41.652 0.0000000000
48436  42.898  -29.323  41.102 0.0000000000
48437  42.830  -29.676  40.616 0.0000000000
48455  43.063  -29.015  40.479 0.0000000000
49515  42.819  -28.555  41.358 0.0000000000
49528  43.167  -28.396  40.738 0.0000000000
50719  42.752  -28.143  41.475 0.0000000000
50730  43.062  -27.832  41.056 0.0000000000
52058  42.779  -27.554  41.365 0.0000000000
52059  42.632  -27.021  41.433 0.0000000000
52077  43.191  -27.116  40.895 0.0000000000
52078  42.861  -26.419  40.782 0.0000000000
52097  43.506  -26.625  40.030 0.0000000000
52098  43.141  -26.084  40.106 0.0000000000
53460  42.649  -25.927  40.408 0.0000000000
53479  42.781  -25.720  39.718 0.0000000000
