#!ascii label  , from subject colin27 vox2ras=TkReg coords=white
110
71039  5.104  -12.629  17.085 0.0000000000
71044  9.220  -12.135  16.013 0.0000000000
71045  7.804  -12.385  16.284 0.0000000000
71046  6.529  -12.690  16.487 0.0000000000
71047  5.528  -13.027  16.712 0.0000000000
71057  9.543  -12.618  15.213 0.0000000000
71066  9.106  -12.471  14.237 0.0000000000
71067  8.076  -12.458  13.407 0.0000000000
71068  6.921  -12.436  12.943 0.0000000000
72252  5.416  -11.705  17.280 0.0000000000
72253  4.780  -12.463  17.600 0.0000000000
72258  9.020  -10.981  15.773 0.0000000000
72259  8.061  -11.202  16.108 0.0000000000
72260  6.836  -11.549  16.368 0.0000000000
72261  5.843  -12.051  16.758 0.0000000000
72270  9.610  -11.452  15.009 0.0000000000
72281  8.926  -11.433  13.821 0.0000000000
72282  7.752  -11.530  13.059 0.0000000000
72283  6.443  -11.659  12.664 0.0000000000
72292  6.168  -11.171  12.583 0.0000000000
72293  5.395  -11.524  12.552 0.0000000000
73636  9.311  -10.294  15.331 0.0000000000
73637  8.294  -9.995  15.760 0.0000000000
73638  7.041  -10.261  16.031 0.0000000000
73639  6.008  -10.708  16.697 0.0000000000
73652  9.301  -9.887  13.921 0.0000000000
73653  9.443  -10.354  14.385 0.0000000000
73654  7.869  -9.320  15.760 0.0000000000
73655  7.454  -9.565  15.811 0.0000000000
73664  9.126  -9.793  13.693 0.0000000000
73665  8.627  -10.246  13.362 0.0000000000
73666  7.279  -10.840  12.689 0.0000000000
73667  6.553  -11.038  12.573 0.0000000000
73670  8.315  -9.704  13.006 0.0000000000
73671  7.713  -9.981  12.725 0.0000000000
73672  6.454  -10.452  12.500 0.0000000000
73673  5.184  -10.367  12.240 0.0000000000
75037  5.613  -9.528  16.986 0.0000000000
75053  9.534  -9.705  14.972 0.0000000000
75054  9.100  -9.435  15.429 0.0000000000
75055  6.931  -9.467  15.845 0.0000000000
75056  6.197  -9.201  16.148 0.0000000000
75063  9.337  -9.551  13.904 0.0000000000
75064  9.447  -9.460  14.379 0.0000000000
75065  8.415  -9.008  15.599 0.0000000000
75066  7.392  -8.785  15.681 0.0000000000
75067  6.484  -8.187  15.697 0.0000000000
75069  9.063  -9.504  13.636 0.0000000000
75070  8.671  -9.351  13.280 0.0000000000
75074  8.152  -9.252  12.823 0.0000000000
75075  7.317  -9.342  12.510 0.0000000000
75076  6.287  -9.345  12.200 0.0000000000
75077  5.095  -9.218  11.919 0.0000000000
76360  4.649  -7.859  17.852 0.0000000000
76372  5.196  -8.569  17.268 0.0000000000
76373  4.676  -7.848  17.467 0.0000000000
76386  5.407  -8.596  16.626 0.0000000000
76387  4.802  -7.782  16.730 0.0000000000
76396  9.452  -9.110  14.958 0.0000000000
76397  9.069  -8.747  15.222 0.0000000000
76398  5.472  -7.965  16.070 0.0000000000
76399  4.762  -7.318  16.249 0.0000000000
76401  9.330  -9.180  13.978 0.0000000000
76402  9.227  -8.613  14.357 0.0000000000
76403  8.612  -8.043  15.212 0.0000000000
76404  7.487  -7.598  15.416 0.0000000000
76405  6.287  -7.330  15.701 0.0000000000
76407  9.069  -8.988  13.677 0.0000000000
76408  8.661  -8.520  13.305 0.0000000000
76409  8.149  -8.112  12.907 0.0000000000
76414  7.961  -8.690  12.709 0.0000000000
76415  7.370  -8.383  12.443 0.0000000000
76416  6.386  -8.277  12.026 0.0000000000
76417  5.349  -8.077  11.758 0.0000000000
77630  4.188  -7.231  17.067 0.0000000000
77641  4.287  -7.029  16.509 0.0000000000
77642  3.827  -6.618  16.661 0.0000000000
77657  5.178  -7.145  15.877 0.0000000000
77658  4.404  -6.723  16.042 0.0000000000
77659  4.039  -6.613  16.351 0.0000000000
77670  8.819  -7.751  13.970 0.0000000000
77671  8.480  -7.023  14.610 0.0000000000
77672  7.489  -6.513  15.241 0.0000000000
77673  5.824  -6.645  15.739 0.0000000000
77674  4.964  -6.707  15.804 0.0000000000
77677  8.462  -7.879  13.313 0.0000000000
77678  8.013  -7.445  13.175 0.0000000000
77679  8.062  -6.500  13.764 0.0000000000
77685  7.201  -7.718  12.427 0.0000000000
77686  6.810  -7.003  12.482 0.0000000000
77687  4.892  -7.029  11.761 0.0000000000
78945  3.291  -6.039  16.685 0.0000000000
78964  4.221  -6.315  15.948 0.0000000000
78965  3.823  -6.146  16.155 0.0000000000
78986  7.870  -5.693  15.366 0.0000000000
78987  6.448  -5.941  15.687 0.0000000000
78988  4.894  -6.166  15.748 0.0000000000
78989  4.192  -6.040  15.900 0.0000000000
79008  7.628  -5.789  13.778 0.0000000000
79024  6.165  -5.832  12.529 0.0000000000
79025  4.722  -5.874  12.045 0.0000000000
80328  2.568  -4.684  16.764 0.0000000000
80338  2.840  -5.318  16.757 0.0000000000
80339  2.684  -4.669  16.229 0.0000000000
80350  3.116  -5.193  15.994 0.0000000000
80351  2.786  -4.625  15.966 0.0000000000
80362  7.004  -5.189  15.845 0.0000000000
80363  5.661  -5.247  15.794 0.0000000000
80364  4.261  -5.356  15.774 0.0000000000
81720  2.949  -4.539  15.773 0.0000000000
