#!ascii label  , from subject colin27 vox2ras=TkReg coords=white
39
72207  4.846  -12.358  20.108 0.0000000000
72220  5.095  -11.844  19.550 0.0000000000
72221  4.512  -12.547  19.657 0.0000000000
72230  5.088  -11.623  18.661 0.0000000000
72231  4.473  -12.421  18.980 0.0000000000
72241  5.159  -11.597  17.912 0.0000000000
72242  4.557  -12.382  18.234 0.0000000000
73595  5.789  -10.313  19.857 0.0000000000
73596  5.608  -11.146  20.037 0.0000000000
73603  5.693  -10.113  19.409 0.0000000000
73604  5.540  -10.650  19.185 0.0000000000
73612  5.497  -10.611  18.280 0.0000000000
73623  5.587  -10.623  17.497 0.0000000000
75003  5.671  -9.578  19.512 0.0000000000
75004  5.531  -9.162  19.223 0.0000000000
75012  5.642  -9.956  19.191 0.0000000000
75013  5.547  -9.529  18.779 0.0000000000
75021  5.514  -9.509  17.798 0.0000000000
76335  5.623  -8.963  19.909 0.0000000000
76347  5.559  -9.046  19.450 0.0000000000
76348  5.310  -8.574  19.206 0.0000000000
76359  5.098  -8.387  18.107 0.0000000000
77591  4.766  -7.817  19.457 0.0000000000
77605  4.735  -7.839  18.606 0.0000000000
77606  4.188  -7.284  18.953 0.0000000000
77607  3.534  -6.764  19.289 0.0000000000
77617  4.665  -7.857  18.102 0.0000000000
77618  4.242  -7.416  17.923 0.0000000000
77619  3.561  -6.725  18.213 0.0000000000
77631  3.637  -6.690  17.305 0.0000000000
78904  3.147  -6.102  19.504 0.0000000000
78917  3.074  -6.046  18.454 0.0000000000
78930  3.088  -6.037  17.471 0.0000000000
80303  3.181  -5.385  19.708 0.0000000000
80314  2.958  -5.287  18.725 0.0000000000
80327  2.737  -5.149  17.605 0.0000000000
81690  3.154  -4.548  19.032 0.0000000000
81701  2.801  -4.364  18.116 0.0000000000
83034  3.514  -3.975  19.253 0.0000000000
