#!ascii label  , from subject colin27 vox2ras=TkReg coords=white
680
52518  5.684  -26.654  8.915 0.0000000000
52529  5.749  -26.670  7.806 0.0000000000
52530  4.963  -27.310  8.180 0.0000000000
52541  5.701  -26.541  7.185 0.0000000000
52542  5.103  -26.751  7.024 0.0000000000
52558  4.402  -26.646  6.136 0.0000000000
52576  4.010  -26.599  5.487 0.0000000000
53924  4.308  -25.564  12.393 0.0000000000
53941  4.541  -25.514  11.905 0.0000000000
53942  4.189  -25.258  12.306 0.0000000000
53954  5.726  -25.648  10.573 0.0000000000
53955  5.138  -26.049  11.043 0.0000000000
53967  7.303  -25.729  9.367 0.0000000000
53968  6.266  -26.069  9.603 0.0000000000
53969  5.531  -26.490  10.057 0.0000000000
53977  8.882  -25.281  8.145 0.0000000000
53978  8.150  -25.649  8.442 0.0000000000
53979  6.767  -26.235  8.391 0.0000000000
53986  8.676  -25.518  7.522 0.0000000000
53987  7.720  -26.070  7.422 0.0000000000
53988  6.476  -26.401  7.151 0.0000000000
53989  5.720  -26.451  6.719 0.0000000000
53996  8.438  -25.723  6.607 0.0000000000
53997  7.462  -26.206  6.386 0.0000000000
53998  6.344  -26.346  6.134 0.0000000000
53999  5.282  -26.318  6.046 0.0000000000
54013  8.208  -25.779  5.651 0.0000000000
54014  7.246  -26.165  5.371 0.0000000000
54015  6.017  -26.090  5.154 0.0000000000
54016  4.612  -26.064  4.953 0.0000000000
54017  4.047  -26.093  3.989 0.0000000000
54032  8.062  -25.761  4.666 0.0000000000
54033  7.043  -25.918  4.348 0.0000000000
54034  5.786  -25.610  4.052 0.0000000000
54035  4.601  -25.479  3.581 0.0000000000
54036  3.921  -25.791  3.021 0.0000000000
54048  7.959  -25.661  3.654 0.0000000000
54049  6.955  -25.613  3.278 0.0000000000
54050  5.702  -25.276  2.682 0.0000000000
54051  4.411  -25.076  2.410 0.0000000000
54052  3.774  -25.565  1.999 0.0000000000
54062  7.913  -25.472  2.670 0.0000000000
54063  7.115  -25.493  2.242 0.0000000000
54064  6.439  -25.290  1.729 0.0000000000
54065  3.989  -24.916  1.598 0.0000000000
54066  3.832  -25.376  0.943 0.0000000000
54075  7.998  -25.386  1.771 0.0000000000
54076  7.471  -25.462  1.335 0.0000000000
54077  6.815  -25.384  1.030 0.0000000000
54078  4.259  -25.527  0.154 0.0000000000
54085  8.071  -25.386  1.244 0.0000000000
54086  8.033  -25.352  0.839 0.0000000000
54087  4.784  -25.385  -0.504 0.0000000000
54095  5.383  -25.411  -1.266 0.0000000000
54107  5.672  -25.515  -2.244 0.0000000000
54120  5.581  -25.439  -3.273 0.0000000000
54135  5.220  -25.351  -4.030 0.0000000000
55293  3.474  -24.337  13.488 0.0000000000
55294  3.378  -23.938  13.728 0.0000000000
55301  3.576  -24.371  12.919 0.0000000000
55302  3.390  -23.910  13.280 0.0000000000
55313  4.433  -24.901  11.780 0.0000000000
55314  4.060  -24.675  12.160 0.0000000000
55323  8.896  -24.431  10.494 0.0000000000
55324  8.075  -24.643  10.629 0.0000000000
55325  6.974  -24.691  10.726 0.0000000000
55326  5.886  -24.784  10.941 0.0000000000
55327  4.934  -24.961  11.368 0.0000000000
55328  4.412  -24.523  11.725 0.0000000000
55335  9.227  -24.331  9.829 0.0000000000
55336  8.620  -24.902  9.901 0.0000000000
55337  7.657  -25.177  10.053 0.0000000000
55338  6.625  -25.395  10.238 0.0000000000
55341  9.320  -24.163  9.307 0.0000000000
55342  9.091  -24.802  8.869 0.0000000000
55343  8.226  -25.343  9.340 0.0000000000
55346  8.985  -24.685  7.759 0.0000000000
55350  8.749  -24.807  6.854 0.0000000000
55356  8.533  -24.962  5.962 0.0000000000
55364  8.435  -25.030  5.039 0.0000000000
55376  8.350  -25.034  4.080 0.0000000000
55377  5.564  -25.063  1.842 0.0000000000
55378  5.065  -24.985  2.117 0.0000000000
55392  8.217  -24.955  3.112 0.0000000000
55393  5.985  -25.119  1.147 0.0000000000
55394  4.879  -24.876  1.393 0.0000000000
55395  4.212  -24.896  1.064 0.0000000000
55408  8.278  -24.826  2.076 0.0000000000
55409  7.506  -25.356  0.557 0.0000000000
55410  6.699  -25.259  0.387 0.0000000000
55411  5.709  -25.042  0.378 0.0000000000
55412  4.643  -25.002  0.377 0.0000000000
55420  8.360  -24.978  1.114 0.0000000000
55421  8.187  -24.960  0.191 0.0000000000
55422  7.560  -25.225  -0.252 0.0000000000
55423  6.691  -25.150  -0.488 0.0000000000
55424  5.655  -25.032  -0.666 0.0000000000
55433  8.120  -24.730  -0.637 0.0000000000
55434  7.680  -24.932  -1.084 0.0000000000
55435  6.902  -24.953  -1.514 0.0000000000
55436  5.958  -24.981  -1.726 0.0000000000
55443  6.700  -24.862  -2.153 0.0000000000
55444  6.142  -24.978  -2.564 0.0000000000
55450  6.323  -24.766  -3.522 0.0000000000
55451  5.952  -24.893  -3.392 0.0000000000
55464  5.815  -24.752  -3.781 0.0000000000
55465  5.207  -24.963  -4.266 0.0000000000
55482  4.519  -24.899  -5.143 0.0000000000
55496  4.049  -24.753  -6.137 0.0000000000
55505  3.660  -24.542  -6.851 0.0000000000
55557  5.389  -23.506  -10.658 0.0000000000
56626  3.365  -23.364  13.986 0.0000000000
56628  3.377  -23.406  13.414 0.0000000000
56631  3.686  -23.710  12.356 0.0000000000
56632  3.426  -23.531  12.927 0.0000000000
56636  9.487  -23.095  11.404 0.0000000000
56637  9.020  -23.447  11.666 0.0000000000
56638  8.003  -23.556  11.712 0.0000000000
56639  6.953  -23.512  11.642 0.0000000000
56640  4.689  -23.567  11.605 0.0000000000
56641  4.261  -23.841  11.731 0.0000000000
56646  9.397  -23.623  10.676 0.0000000000
56647  8.566  -24.073  11.142 0.0000000000
56648  7.479  -24.117  11.224 0.0000000000
56649  6.203  -23.948  11.317 0.0000000000
56650  5.087  -24.040  11.438 0.0000000000
56651  4.626  -24.326  11.580 0.0000000000
56654  9.335  -23.635  9.640 0.0000000000
56656  9.121  -23.717  8.949 0.0000000000
56657  8.773  -23.810  8.203 0.0000000000
56660  8.339  -23.771  7.260 0.0000000000
56661  7.671  -23.376  6.610 0.0000000000
56664  8.221  -24.109  6.324 0.0000000000
56665  7.572  -23.544  5.870 0.0000000000
56670  8.156  -24.199  5.444 0.0000000000
56671  7.351  -23.526  5.025 0.0000000000
56672  6.695  -23.232  4.408 0.0000000000
56677  8.105  -24.262  4.524 0.0000000000
56678  7.436  -23.706  4.028 0.0000000000
56679  6.708  -23.235  3.538 0.0000000000
56682  8.074  -24.305  3.578 0.0000000000
56683  7.514  -23.718  3.091 0.0000000000
56684  6.855  -23.223  2.565 0.0000000000
56686  8.103  -24.259  2.657 0.0000000000
56687  7.682  -23.693  2.190 0.0000000000
56688  7.143  -23.272  1.582 0.0000000000
56697  8.182  -24.162  1.920 0.0000000000
56698  7.975  -23.778  1.348 0.0000000000
56699  7.573  -23.464  0.597 0.0000000000
56709  8.307  -24.385  1.373 0.0000000000
56710  8.264  -24.197  0.536 0.0000000000
56711  8.048  -23.756  -0.225 0.0000000000
56722  8.305  -24.324  -0.347 0.0000000000
56723  8.311  -24.017  -1.282 0.0000000000
56724  7.802  -24.716  -1.715 0.0000000000
56733  7.983  -23.589  -1.962 0.0000000000
56734  7.670  -24.414  -2.447 0.0000000000
56735  6.855  -24.838  -2.500 0.0000000000
56744  7.753  -24.177  -3.035 0.0000000000
56745  6.908  -24.478  -2.958 0.0000000000
56746  6.778  -24.764  -2.802 0.0000000000
56754  8.253  -24.178  -3.245 0.0000000000
56755  7.240  -24.288  -3.360 0.0000000000
56756  6.389  -24.546  -3.726 0.0000000000
56757  5.622  -24.722  -4.070 0.0000000000
56768  9.155  -23.446  -4.508 0.0000000000
56769  8.879  -23.662  -4.328 0.0000000000
56770  8.243  -24.060  -4.005 0.0000000000
56771  7.070  -24.174  -4.213 0.0000000000
56772  6.041  -24.262  -4.381 0.0000000000
56773  5.353  -24.598  -4.470 0.0000000000
56786  9.220  -23.460  -4.743 0.0000000000
56787  8.970  -23.533  -4.831 0.0000000000
56788  8.322  -23.669  -4.890 0.0000000000
56789  7.230  -23.827  -5.024 0.0000000000
56790  5.746  -23.825  -5.446 0.0000000000
56791  4.889  -24.321  -5.304 0.0000000000
56802  5.065  -23.597  -6.274 0.0000000000
56803  4.415  -23.927  -6.443 0.0000000000
56813  3.787  -24.109  -7.485 0.0000000000
56826  4.026  -24.054  -8.249 0.0000000000
56852  5.599  -23.152  -10.965 0.0000000000
56853  5.180  -23.301  -10.505 0.0000000000
56865  9.825  -22.864  -12.955 0.0000000000
57916  3.424  -22.588  14.050 0.0000000000
57919  3.391  -22.799  13.547 0.0000000000
57922  8.724  -22.302  12.737 0.0000000000
57923  7.769  -22.347  12.661 0.0000000000
57924  6.613  -22.313  12.447 0.0000000000
57925  5.900  -22.267  12.301 0.0000000000
57926  3.569  -22.921  12.624 0.0000000000
57927  3.407  -22.912  13.081 0.0000000000
57931  9.308  -22.525  12.017 0.0000000000
57932  8.429  -22.918  12.217 0.0000000000
57933  7.285  -22.932  12.084 0.0000000000
57934  5.786  -22.952  11.904 0.0000000000
57935  4.589  -23.036  11.749 0.0000000000
57936  3.902  -22.964  12.078 0.0000000000
57941  9.575  -22.511  11.020 0.0000000000
57942  5.485  -23.577  11.531 0.0000000000
57943  5.066  -23.402  11.561 0.0000000000
57947  9.153  -22.637  9.845 0.0000000000
57948  8.594  -22.157  9.389 0.0000000000
57951  9.103  -23.164  9.248 0.0000000000
57952  8.376  -22.652  8.667 0.0000000000
57953  7.473  -22.155  8.184 0.0000000000
57956  8.228  -23.183  7.860 0.0000000000
57957  7.280  -22.526  7.379 0.0000000000
57958  6.345  -22.001  7.122 0.0000000000
57961  6.954  -22.928  6.218 0.0000000000
57962  6.044  -22.201  6.507 0.0000000000
57963  5.356  -21.930  6.346 0.0000000000
57967  7.020  -23.184  5.608 0.0000000000
57968  6.233  -22.801  5.315 0.0000000000
57969  5.266  -22.135  5.829 0.0000000000
57977  5.870  -22.824  4.096 0.0000000000
57978  4.930  -22.286  4.738 0.0000000000
57981  5.948  -22.776  3.021 0.0000000000
57982  5.026  -22.372  3.505 0.0000000000
57984  6.173  -22.786  1.971 0.0000000000
57985  5.205  -22.365  2.422 0.0000000000
57987  6.558  -22.888  0.882 0.0000000000
57988  5.467  -22.405  1.347 0.0000000000
57990  7.175  -23.189  -0.355 0.0000000000
57991  5.841  -22.532  0.228 0.0000000000
57997  7.450  -23.246  -1.457 0.0000000000
57998  6.300  -22.663  -0.900 0.0000000000
58005  7.595  -23.364  -1.945 0.0000000000
58006  6.855  -22.936  -1.832 0.0000000000
58012  7.394  -22.979  -2.644 0.0000000000
58013  7.514  -23.250  -2.338 0.0000000000
58016  8.346  -22.592  -3.737 0.0000000000
58017  8.158  -23.182  -3.153 0.0000000000
58018  7.975  -23.711  -2.831 0.0000000000
58021  9.287  -23.254  -4.618 0.0000000000
58022  8.997  -22.880  -4.438 0.0000000000
58023  8.746  -23.366  -3.720 0.0000000000
58034  9.159  -23.231  -4.881 0.0000000000
58035  8.814  -23.056  -5.465 0.0000000000
58036  7.611  -23.357  -5.727 0.0000000000
58037  6.424  -23.446  -5.962 0.0000000000
58038  5.519  -23.437  -6.273 0.0000000000
58055  7.915  -22.818  -6.446 0.0000000000
58056  6.870  -23.127  -6.599 0.0000000000
58057  5.836  -23.113  -6.768 0.0000000000
58058  4.925  -23.279  -6.910 0.0000000000
58059  4.305  -23.527  -7.337 0.0000000000
58073  7.161  -22.813  -7.173 0.0000000000
58074  6.264  -22.832  -7.300 0.0000000000
58075  5.408  -22.853  -7.604 0.0000000000
58076  4.695  -23.101  -7.791 0.0000000000
58077  4.283  -23.537  -8.051 0.0000000000
58093  5.032  -22.750  -8.203 0.0000000000
58094  4.714  -22.951  -8.568 0.0000000000
58095  4.411  -23.501  -8.783 0.0000000000
58101  4.747  -22.895  -9.340 0.0000000000
58102  4.576  -23.467  -9.435 0.0000000000
58109  4.891  -22.952  -10.089 0.0000000000
58110  4.705  -23.471  -9.780 0.0000000000
58116  8.404  -22.808  -12.140 0.0000000000
58117  7.932  -22.608  -11.957 0.0000000000
58118  7.053  -22.387  -11.660 0.0000000000
58119  6.112  -22.492  -11.239 0.0000000000
58120  5.430  -22.656  -10.758 0.0000000000
58123  9.406  -22.643  -12.860 0.0000000000
58124  8.756  -22.365  -12.557 0.0000000000
58125  7.797  -21.958  -12.207 0.0000000000
58126  7.256  -21.747  -11.892 0.0000000000
58131  9.739  -22.239  -13.300 0.0000000000
58132  9.112  -21.688  -13.006 0.0000000000
59181  3.597  -21.666  14.180 0.0000000000
59182  3.448  -22.192  13.660 0.0000000000
59186  9.023  -20.797  13.298 0.0000000000
59187  8.574  -21.057  13.448 0.0000000000
59188  7.746  -21.195  13.491 0.0000000000
59189  3.589  -21.591  13.452 0.0000000000
59190  3.476  -22.321  13.177 0.0000000000
59194  9.137  -21.354  12.740 0.0000000000
59195  8.245  -21.728  13.141 0.0000000000
59196  7.044  -21.640  13.053 0.0000000000
59197  5.946  -21.664  12.593 0.0000000000
59198  4.953  -21.532  12.406 0.0000000000
59199  3.910  -21.972  12.586 0.0000000000
59200  3.534  -22.522  12.854 0.0000000000
59208  9.378  -21.518  11.574 0.0000000000
59209  5.418  -22.130  12.233 0.0000000000
59210  4.749  -22.310  12.068 0.0000000000
59211  4.216  -22.536  12.063 0.0000000000
59221  9.085  -21.535  10.507 0.0000000000
59222  8.425  -21.216  9.959 0.0000000000
59234  8.735  -21.790  9.760 0.0000000000
59235  7.989  -21.525  9.292 0.0000000000
59236  6.920  -21.111  8.781 0.0000000000
59237  6.136  -21.040  8.434 0.0000000000
59250  7.519  -21.790  8.578 0.0000000000
59251  6.761  -21.660  8.107 0.0000000000
59252  5.748  -21.300  7.886 0.0000000000
59253  5.110  -21.333  7.514 0.0000000000
59266  6.371  -21.774  7.507 0.0000000000
59267  5.690  -21.676  7.169 0.0000000000
59268  4.972  -21.506  6.985 0.0000000000
59269  4.427  -21.337  6.805 0.0000000000
59282  5.362  -21.774  6.673 0.0000000000
59283  4.826  -21.683  6.363 0.0000000000
59284  4.105  -21.350  6.237 0.0000000000
59297  4.466  -21.739  5.584 0.0000000000
59298  3.811  -21.303  5.482 0.0000000000
59315  4.061  -21.621  4.792 0.0000000000
59316  3.598  -21.156  4.853 0.0000000000
59330  4.278  -21.773  3.890 0.0000000000
59331  3.686  -21.237  4.154 0.0000000000
59333  4.427  -21.811  2.867 0.0000000000
59334  3.771  -21.317  3.259 0.0000000000
59336  4.584  -21.859  1.829 0.0000000000
59337  3.863  -21.353  2.289 0.0000000000
59339  4.805  -21.936  0.771 0.0000000000
59340  4.029  -21.367  1.278 0.0000000000
59342  5.049  -22.094  -0.300 0.0000000000
59343  4.220  -21.423  0.248 0.0000000000
59346  5.375  -22.099  -1.402 0.0000000000
59347  4.454  -21.517  -0.679 0.0000000000
59350  6.536  -22.320  -2.702 0.0000000000
59351  6.125  -22.357  -2.327 0.0000000000
59354  7.908  -22.065  -3.895 0.0000000000
59355  7.543  -22.200  -3.598 0.0000000000
59356  6.943  -22.328  -3.091 0.0000000000
59357  5.792  -21.788  -2.929 0.0000000000
59359  8.213  -22.027  -4.311 0.0000000000
59360  7.380  -21.596  -4.244 0.0000000000
59361  6.515  -21.480  -3.918 0.0000000000
59362  5.799  -21.379  -3.538 0.0000000000
59365  8.449  -21.866  -5.138 0.0000000000
59366  7.713  -21.481  -4.778 0.0000000000
59380  8.952  -21.674  -6.800 0.0000000000
59381  8.776  -22.040  -6.172 0.0000000000
59392  9.361  -21.214  -8.055 0.0000000000
59393  8.912  -21.586  -7.648 0.0000000000
59394  7.939  -22.245  -7.408 0.0000000000
59395  6.607  -22.551  -7.800 0.0000000000
59396  5.927  -22.634  -7.775 0.0000000000
59409  9.361  -21.032  -8.821 0.0000000000
59410  8.692  -21.409  -8.593 0.0000000000
59411  7.850  -21.727  -8.499 0.0000000000
59412  6.756  -22.062  -8.498 0.0000000000
59413  5.643  -22.441  -8.362 0.0000000000
59414  5.041  -22.591  -8.565 0.0000000000
59422  8.999  -20.977  -9.441 0.0000000000
59423  8.545  -21.161  -9.327 0.0000000000
59424  7.826  -21.349  -9.274 0.0000000000
59425  6.811  -21.497  -9.523 0.0000000000
59426  5.807  -21.963  -9.266 0.0000000000
59427  5.094  -22.455  -9.025 0.0000000000
59433  6.432  -21.296  -10.156 0.0000000000
59434  5.913  -21.618  -10.226 0.0000000000
59435  5.149  -22.243  -9.800 0.0000000000
59443  6.748  -21.667  -11.455 0.0000000000
59444  5.876  -21.928  -10.933 0.0000000000
59445  5.369  -22.237  -10.428 0.0000000000
59448  8.518  -21.378  -12.545 0.0000000000
59449  7.684  -21.429  -12.045 0.0000000000
59450  7.257  -21.497  -11.779 0.0000000000
59452  10.279  -21.590  -13.951 0.0000000000
59453  9.614  -21.399  -13.395 0.0000000000
59454  9.188  -21.241  -12.965 0.0000000000
60535  3.965  -20.692  14.674 0.0000000000
60542  8.836  -20.387  13.732 0.0000000000
60543  7.971  -20.578  13.884 0.0000000000
60544  6.729  -20.697  13.512 0.0000000000
60545  5.948  -20.344  13.401 0.0000000000
60546  3.790  -20.707  14.006 0.0000000000
60554  9.197  -20.259  13.081 0.0000000000
60555  6.300  -21.183  13.022 0.0000000000
60556  5.558  -20.772  12.992 0.0000000000
60557  4.500  -20.860  12.867 0.0000000000
60558  3.963  -20.830  13.309 0.0000000000
60567  9.009  -20.198  11.838 0.0000000000
60568  8.388  -19.796  11.205 0.0000000000
60575  9.097  -20.869  11.078 0.0000000000
60576  8.158  -20.347  10.486 0.0000000000
60577  6.707  -19.885  9.833 0.0000000000
60578  5.968  -19.739  9.620 0.0000000000
60585  7.982  -20.914  9.788 0.0000000000
60586  7.277  -20.638  9.493 0.0000000000
60587  5.776  -20.292  9.016 0.0000000000
60588  4.291  -20.023  8.822 0.0000000000
60589  3.643  -19.805  8.765 0.0000000000
60596  5.569  -20.889  8.384 0.0000000000
60597  4.733  -20.846  8.095 0.0000000000
60598  3.484  -20.150  8.206 0.0000000000
60605  4.567  -21.215  7.316 0.0000000000
60606  3.788  -20.888  7.046 0.0000000000
60607  2.950  -20.223  7.279 0.0000000000
60613  3.558  -21.004  6.051 0.0000000000
60614  2.995  -20.527  6.119 0.0000000000
60622  3.324  -20.865  5.329 0.0000000000
60623  2.829  -20.525  4.982 0.0000000000
60638  3.259  -20.819  4.498 0.0000000000
60639  2.865  -20.541  4.025 0.0000000000
60661  3.302  -20.873  3.629 0.0000000000
60662  3.056  -20.698  3.142 0.0000000000
60678  3.334  -20.906  2.732 0.0000000000
60679  2.863  -20.533  2.333 0.0000000000
60690  3.399  -20.881  1.778 0.0000000000
60694  3.553  -20.864  0.749 0.0000000000
60695  3.080  -20.413  0.237 0.0000000000
60698  3.787  -20.914  -0.329 0.0000000000
60699  3.431  -20.471  -0.922 0.0000000000
60701  5.008  -21.812  -1.999 0.0000000000
60702  4.257  -21.087  -1.585 0.0000000000
60706  4.915  -21.409  -2.524 0.0000000000
60712  4.929  -20.893  -3.340 0.0000000000
60713  4.281  -20.100  -3.812 0.0000000000
60717  7.222  -21.156  -4.768 0.0000000000
60718  6.539  -20.919  -4.654 0.0000000000
60719  5.166  -20.391  -4.392 0.0000000000
60720  4.369  -19.849  -4.307 0.0000000000
60724  8.306  -21.324  -5.703 0.0000000000
60725  7.283  -20.660  -5.402 0.0000000000
60726  5.872  -20.233  -5.134 0.0000000000
60727  5.167  -19.894  -5.071 0.0000000000
60739  8.939  -20.991  -6.917 0.0000000000
60740  8.351  -20.806  -6.224 0.0000000000
60741  7.485  -20.099  -6.055 0.0000000000
60752  9.796  -20.752  -8.068 0.0000000000
60753  9.311  -20.607  -7.414 0.0000000000
60762  10.363  -20.539  -9.403 0.0000000000
60763  10.198  -20.501  -8.693 0.0000000000
60772  10.363  -20.520  -10.131 0.0000000000
60773  9.514  -20.755  -9.742 0.0000000000
60774  8.514  -20.894  -9.938 0.0000000000
60775  7.771  -21.023  -9.857 0.0000000000
60776  7.291  -21.183  -9.749 0.0000000000
60781  10.301  -20.366  -11.144 0.0000000000
60782  9.507  -20.524  -10.889 0.0000000000
60783  8.610  -20.709  -10.693 0.0000000000
60784  7.745  -20.864  -10.567 0.0000000000
60785  6.912  -21.069  -10.299 0.0000000000
60786  6.356  -21.287  -10.428 0.0000000000
60794  10.310  -20.221  -11.777 0.0000000000
60795  9.656  -20.354  -11.975 0.0000000000
60796  8.711  -20.624  -11.580 0.0000000000
60797  7.870  -20.816  -11.328 0.0000000000
60798  7.070  -21.017  -11.112 0.0000000000
60799  6.399  -21.356  -10.813 0.0000000000
60802  9.507  -20.615  -12.714 0.0000000000
60803  8.873  -20.763  -12.323 0.0000000000
60804  8.071  -20.926  -12.028 0.0000000000
60805  7.401  -21.203  -11.675 0.0000000000
60807  10.012  -20.966  -13.724 0.0000000000
60808  9.606  -20.887  -13.190 0.0000000000
60809  9.121  -20.966  -12.755 0.0000000000
60813  10.452  -20.968  -14.196 0.0000000000
61874  4.170  -19.692  15.301 0.0000000000
61879  9.082  -19.115  14.269 0.0000000000
61880  8.761  -19.208  14.416 0.0000000000
61881  8.006  -19.320  14.521 0.0000000000
61882  4.120  -19.949  14.585 0.0000000000
61886  9.089  -19.409  13.845 0.0000000000
61887  8.415  -19.867  14.238 0.0000000000
61888  7.271  -19.824  14.155 0.0000000000
61889  6.140  -19.867  13.790 0.0000000000
61890  5.242  -19.589  13.740 0.0000000000
61891  4.373  -19.786  13.981 0.0000000000
61895  9.008  -19.249  12.770 0.0000000000
61896  8.629  -18.836  12.185 0.0000000000
61897  5.498  -20.130  13.422 0.0000000000
61898  4.850  -20.192  13.316 0.0000000000
61899  4.358  -20.398  13.347 0.0000000000
61903  8.780  -19.380  12.112 0.0000000000
61904  8.272  -19.156  11.564 0.0000000000
61905  7.498  -18.951  11.084 0.0000000000
61909  7.881  -19.506  10.977 0.0000000000
61910  7.008  -19.286  10.569 0.0000000000
61911  5.945  -19.271  10.072 0.0000000000
61912  5.045  -19.031  9.877 0.0000000000
61913  4.272  -18.935  9.723 0.0000000000
61917  5.478  -19.567  9.595 0.0000000000
61918  4.723  -19.528  9.384 0.0000000000
61919  3.588  -19.313  9.219 0.0000000000
61923  3.334  -19.672  8.719 0.0000000000
61932  2.438  -19.979  6.622 0.0000000000
61936  2.408  -20.170  5.507 0.0000000000
61943  2.437  -20.252  4.446 0.0000000000
61960  2.541  -20.335  3.505 0.0000000000
61980  2.645  -20.414  2.915 0.0000000000
62014  2.964  -20.230  -0.462 0.0000000000
62046  4.382  -19.619  -4.632 0.0000000000
62047  3.836  -19.425  -4.415 0.0000000000
62048  3.364  -19.362  -4.039 0.0000000000
62049  3.166  -19.371  -3.841 0.0000000000
62052  6.062  -19.762  -5.628 0.0000000000
62053  5.308  -19.565  -5.423 0.0000000000
62054  4.582  -19.327  -5.181 0.0000000000
62055  4.114  -19.308  -4.882 0.0000000000
62064  8.557  -20.123  -6.836 0.0000000000
62065  7.689  -19.708  -6.455 0.0000000000
62066  6.529  -19.270  -6.190 0.0000000000
62080  9.745  -19.774  -7.863 0.0000000000
62081  8.816  -19.449  -7.301 0.0000000000
62082  7.911  -19.156  -6.943 0.0000000000
62083  7.138  -18.923  -6.658 0.0000000000
62090  11.801  -19.657  -9.289 0.0000000000
62091  11.132  -20.096  -9.154 0.0000000000
62092  10.431  -19.627  -8.405 0.0000000000
62102  12.660  -20.028  -10.169 0.0000000000
62103  12.092  -20.119  -9.915 0.0000000000
62104  11.120  -20.368  -10.496 0.0000000000
62118  12.858  -19.925  -11.427 0.0000000000
62119  12.576  -20.090  -10.966 0.0000000000
62120  11.718  -20.211  -11.184 0.0000000000
62121  10.876  -20.224  -11.545 0.0000000000
62129  12.595  -19.893  -11.664 0.0000000000
62130  12.109  -19.837  -11.942 0.0000000000
62131  11.307  -19.923  -12.191 0.0000000000
62132  10.489  -20.098  -12.395 0.0000000000
62133  9.986  -20.332  -12.725 0.0000000000
62136  11.665  -19.647  -12.899 0.0000000000
62137  11.047  -19.824  -13.212 0.0000000000
62138  10.441  -20.158  -13.250 0.0000000000
62139  9.994  -20.532  -13.192 0.0000000000
62142  10.957  -20.040  -13.997 0.0000000000
62143  10.442  -20.526  -13.847 0.0000000000
62144  10.027  -20.731  -13.469 0.0000000000
62146  11.188  -19.946  -14.522 0.0000000000
62147  10.993  -20.390  -14.600 0.0000000000
62148  10.683  -20.667  -14.327 0.0000000000
63185  4.005  -18.698  15.826 0.0000000000
63186  3.788  -18.021  16.215 0.0000000000
63189  9.074  -18.615  14.361 0.0000000000
63190  8.326  -18.669  14.777 0.0000000000
63191  7.033  -18.836  14.600 0.0000000000
63192  5.821  -18.453  14.593 0.0000000000
63193  5.232  -18.301  14.577 0.0000000000
63194  4.179  -18.813  15.000 0.0000000000
63195  3.935  -18.169  15.717 0.0000000000
63198  9.174  -18.290  13.515 0.0000000000
63199  6.571  -19.428  14.205 0.0000000000
63200  5.926  -19.166  14.210 0.0000000000
63201  4.994  -18.814  14.264 0.0000000000
63202  4.471  -18.973  14.470 0.0000000000
63205  8.748  -18.228  12.626 0.0000000000
63206  7.973  -18.176  11.922 0.0000000000
63207  7.151  -18.032  11.542 0.0000000000
63210  7.534  -18.523  11.406 0.0000000000
63211  6.681  -18.404  11.086 0.0000000000
63212  5.695  -18.207  10.823 0.0000000000
63213  5.035  -18.116  10.607 0.0000000000
63216  6.135  -18.746  10.575 0.0000000000
63217  5.384  -18.618  10.362 0.0000000000
63218  4.516  -18.387  10.227 0.0000000000
63219  3.574  -18.454  9.912 0.0000000000
63388  9.055  -18.624  -7.663 0.0000000000
63389  8.137  -18.426  -7.252 0.0000000000
63390  7.237  -18.278  -6.945 0.0000000000
63402  11.606  -19.126  -9.026 0.0000000000
63403  10.811  -18.969  -8.570 0.0000000000
63404  9.935  -18.785  -8.153 0.0000000000
63413  13.583  -19.418  -11.064 0.0000000000
63414  13.367  -19.605  -10.297 0.0000000000
63415  12.762  -19.616  -9.789 0.0000000000
63416  12.228  -19.349  -9.375 0.0000000000
63433  13.149  -19.774  -11.179 0.0000000000
63434  12.999  -19.937  -10.399 0.0000000000
63439  12.476  -19.708  -12.038 0.0000000000
64416  3.832  -17.568  16.049 0.0000000000
64418  9.311  -17.588  14.300 0.0000000000
64419  8.863  -17.836  14.984 0.0000000000
64420  7.778  -17.932  15.167 0.0000000000
64421  6.543  -17.870  15.062 0.0000000000
64422  5.416  -17.802  14.925 0.0000000000
64423  4.577  -17.861  15.061 0.0000000000
64424  4.102  -17.774  15.552 0.0000000000
64427  9.208  -17.245  13.603 0.0000000000
64428  8.785  -16.966  13.104 0.0000000000
64429  4.890  -18.224  14.651 0.0000000000
64430  4.548  -18.517  14.661 0.0000000000
64432  8.951  -17.588  13.018 0.0000000000
64433  8.184  -17.275  12.527 0.0000000000
64434  7.006  -17.348  11.905 0.0000000000
64435  6.164  -17.309  11.572 0.0000000000
64438  6.570  -17.768  11.474 0.0000000000
64439  5.933  -17.759  11.254 0.0000000000
64440  5.110  -17.585  10.982 0.0000000000
64441  4.282  -17.234  10.854 0.0000000000
64445  4.549  -17.806  10.616 0.0000000000
64446  3.877  -17.785  10.464 0.0000000000
64628  13.502  -18.711  -9.893 0.0000000000
64629  12.369  -18.647  -9.297 0.0000000000
64641  13.694  -19.189  -10.323 0.0000000000
64642  13.073  -19.103  -9.764 0.0000000000
64643  12.597  -19.112  -9.511 0.0000000000
65675  8.881  -16.166  15.415 0.0000000000
65676  7.914  -16.195  15.653 0.0000000000
65677  6.710  -16.217  15.742 0.0000000000
65678  5.588  -16.248  15.761 0.0000000000
65679  4.704  -16.329  15.856 0.0000000000
65680  4.128  -16.507  16.120 0.0000000000
65681  3.800  -16.869  16.380 0.0000000000
65684  9.263  -16.795  14.926 0.0000000000
65685  8.405  -17.021  15.367 0.0000000000
65686  7.249  -17.067  15.472 0.0000000000
65687  6.066  -17.048  15.413 0.0000000000
65688  5.073  -17.050  15.411 0.0000000000
65689  4.379  -17.106  15.636 0.0000000000
65690  3.987  -17.154  15.920 0.0000000000
65693  9.334  -16.625  14.186 0.0000000000
65694  8.947  -16.424  13.554 0.0000000000
65697  8.327  -16.347  12.940 0.0000000000
65698  7.276  -16.361  12.409 0.0000000000
65699  5.875  -16.478  11.793 0.0000000000
65700  4.613  -16.049  11.552 0.0000000000
65707  5.556  -17.196  11.403 0.0000000000
65708  4.856  -16.823  11.301 0.0000000000
67030  9.135  -15.654  15.393 0.0000000000
67031  8.608  -15.332  15.697 0.0000000000
67032  7.376  -15.340  15.971 0.0000000000
67033  6.147  -15.399  16.076 0.0000000000
67034  5.088  -15.482  16.141 0.0000000000
67035  4.339  -15.699  16.335 0.0000000000
67036  3.839  -15.924  16.681 0.0000000000
67041  9.371  -15.917  15.000 0.0000000000
67042  9.233  -15.185  15.173 0.0000000000
67049  9.399  -16.207  14.577 0.0000000000
67050  9.054  -15.496  14.112 0.0000000000
67051  8.371  -14.871  13.602 0.0000000000
67070  8.600  -15.884  13.387 0.0000000000
67071  7.824  -15.336  13.062 0.0000000000
67072  6.480  -15.450  12.389 0.0000000000
67073  5.249  -15.361  11.943 0.0000000000
68442  4.159  -14.324  17.003 0.0000000000
68443  3.835  -14.857  17.099 0.0000000000
68446  9.109  -14.350  15.722 0.0000000000
68447  8.043  -14.393  16.122 0.0000000000
68448  6.741  -14.481  16.262 0.0000000000
68449  5.569  -14.598  16.381 0.0000000000
68450  4.523  -14.729  16.640 0.0000000000
68451  4.062  -15.277  16.648 0.0000000000
68456  9.308  -14.356  14.844 0.0000000000
68466  8.728  -14.319  14.025 0.0000000000
68467  7.698  -14.365  13.305 0.0000000000
68468  6.981  -14.127  13.026 0.0000000000
68486  7.449  -14.788  13.076 0.0000000000
68487  6.935  -14.661  12.846 0.0000000000
68488  5.883  -14.577  12.467 0.0000000000
69762  4.044  -13.922  17.380 0.0000000000
69766  9.512  -12.904  15.918 0.0000000000
69767  8.754  -13.298  16.151 0.0000000000
69768  7.329  -13.485  16.350 0.0000000000
69769  6.085  -13.679  16.460 0.0000000000
69770  5.125  -13.864  16.693 0.0000000000
69771  4.492  -13.885  16.992 0.0000000000
69778  9.642  -12.979  15.673 0.0000000000
69779  9.444  -13.344  15.464 0.0000000000
69789  9.244  -13.421  14.546 0.0000000000
69790  8.403  -13.411  13.685 0.0000000000
69791  7.042  -13.415  13.090 0.0000000000
69792  6.373  -12.977  12.840 0.0000000000
69802  6.456  -14.058  12.815 0.0000000000
69803  5.725  -13.504  12.616 0.0000000000
71040  4.513  -13.220  17.289 0.0000000000
71043  9.616  -12.680  15.676 0.0000000000
71048  4.875  -13.307  16.919 0.0000000000
71056  9.646  -12.865  15.472 0.0000000000
168407  12.786  -19.663  -11.873 0.0000000000
63180  3.902  -18.344  16.633 0.0000000000
63181  3.733  -17.904  16.559 0.0000000000
64408  3.750  -17.961  17.075 0.0000000000
64412  3.719  -17.815  16.835 0.0000000000
64413  3.697  -17.461  16.616 0.0000000000
65672  3.591  -16.647  17.006 0.0000000000
67024  3.502  -15.666  18.107 0.0000000000
67027  3.601  -15.736  17.394 0.0000000000
68433  3.477  -14.908  18.435 0.0000000000
68438  3.577  -14.921  17.801 0.0000000000
69757  3.770  -13.798  17.832 0.0000000000
69758  3.545  -14.183  18.188 0.0000000000
69763  3.727  -14.316  17.655 0.0000000000
71017  3.971  -13.020  18.547 0.0000000000
71030  4.135  -13.173  17.848 0.0000000000
71031  3.729  -13.540  18.217 0.0000000000
