#!ascii label  , from subject COLIN27_FS vox2ras=TkReg
1268
48824  4.175  -29.712  9.078 0.0000000000
49883  4.656  -28.166  13.654 0.0000000000
49894  4.710  -28.298  12.719 0.0000000000
49903  4.658  -28.517  11.666 0.0000000000
49912  4.700  -28.266  10.937 0.0000000000
49913  4.450  -28.901  10.742 0.0000000000
49923  4.227  -29.193  9.603 0.0000000000
49932  4.214  -28.955  8.435 0.0000000000
49941  4.131  -28.709  7.440 0.0000000000
49953  3.956  -28.548  6.597 0.0000000000
49963  3.985  -28.495  5.772 0.0000000000
49971  4.192  -28.154  5.026 0.0000000000
50057  5.110  -27.750  -4.621 0.0000000000
50066  4.881  -27.587  -5.261 0.0000000000
50079  4.794  -27.436  -5.714 0.0000000000
50095  5.698  -27.571  -6.931 0.0000000000
50106  15.580  -27.837  -7.398 0.0000000000
50107  14.789  -27.713  -7.100 0.0000000000
50110  6.495  -27.941  -7.388 0.0000000000
50111  5.953  -27.380  -7.730 0.0000000000
50118  17.589  -27.897  -8.238 0.0000000000
50119  16.488  -27.751  -8.116 0.0000000000
50120  15.879  -27.601  -8.195 0.0000000000
50125  6.750  -27.860  -8.150 0.0000000000
50126  6.133  -27.224  -8.112 0.0000000000
50138  6.818  -27.422  -8.505 0.0000000000
51109  4.462  -27.071  14.734 0.0000000000
51118  4.605  -27.230  13.934 0.0000000000
51124  4.696  -27.297  13.078 0.0000000000
51133  4.787  -27.442  12.132 0.0000000000
51142  4.853  -27.649  11.180 0.0000000000
51150  4.739  -27.921  10.231 0.0000000000
51151  4.470  -28.473  9.674 0.0000000000
51162  4.691  -27.893  9.099 0.0000000000
51163  4.393  -28.438  8.798 0.0000000000
51173  4.525  -27.897  8.324 0.0000000000
51174  4.276  -28.156  7.797 0.0000000000
51181  3.905  -27.981  6.849 0.0000000000
51192  3.741  -27.992  6.089 0.0000000000
51204  3.880  -27.701  5.294 0.0000000000
51213  4.234  -27.563  4.164 0.0000000000
51224  4.187  -27.088  2.923 0.0000000000
51236  4.875  -27.259  2.115 0.0000000000
51237  4.060  -26.831  2.069 0.0000000000
51249  5.078  -27.032  1.203 0.0000000000
51261  5.835  -27.210  0.462 0.0000000000
51262  5.137  -26.858  0.682 0.0000000000
51276  6.174  -27.324  -0.344 0.0000000000
51288  6.408  -27.820  -1.266 0.0000000000
51297  6.111  -27.811  -2.394 0.0000000000
51305  5.682  -27.743  -3.296 0.0000000000
51306  5.252  -27.477  -4.046 0.0000000000
51316  4.710  -27.120  -4.826 0.0000000000
51327  4.700  -27.291  -6.105 0.0000000000
51328  4.325  -26.960  -5.812 0.0000000000
51329  3.994  -26.426  -6.221 0.0000000000
51349  4.891  -27.232  -6.705 0.0000000000
51350  4.285  -26.911  -6.598 0.0000000000
51351  3.943  -26.517  -6.613 0.0000000000
51365  14.832  -27.491  -7.704 0.0000000000
51366  14.087  -27.383  -7.216 0.0000000000
51367  13.055  -27.005  -6.918 0.0000000000
51368  11.898  -26.848  -6.872 0.0000000000
51371  9.273  -27.356  -7.731 0.0000000000
51372  5.160  -27.030  -7.474 0.0000000000
51373  4.343  -26.661  -7.372 0.0000000000
51374  3.963  -26.600  -6.993 0.0000000000
51383  16.949  -27.518  -8.988 0.0000000000
51384  16.116  -27.457  -8.803 0.0000000000
51385  15.327  -27.348  -8.452 0.0000000000
51386  14.395  -27.058  -8.296 0.0000000000
51387  13.322  -26.656  -8.046 0.0000000000
51388  12.654  -26.591  -7.390 0.0000000000
51392  6.263  -27.054  -8.371 0.0000000000
51393  5.404  -26.702  -8.196 0.0000000000
51394  4.808  -26.670  -7.822 0.0000000000
51401  16.426  -27.160  -9.667 0.0000000000
51402  15.663  -27.145  -9.314 0.0000000000
51403  14.801  -26.815  -9.420 0.0000000000
51404  13.953  -26.665  -8.926 0.0000000000
51406  7.078  -27.201  -8.752 0.0000000000
51407  6.438  -26.740  -8.675 0.0000000000
51408  5.851  -26.505  -8.608 0.0000000000
51416  15.672  -26.775  -10.160 0.0000000000
51417  15.007  -26.596  -10.167 0.0000000000
52453  4.230  -26.378  14.631 0.0000000000
52454  4.068  -26.253  15.272 0.0000000000
52466  4.359  -26.431  14.113 0.0000000000
52467  4.031  -25.802  14.311 0.0000000000
52476  4.462  -26.468  13.394 0.0000000000
52477  4.136  -25.817  13.558 0.0000000000
52486  4.542  -26.244  12.557 0.0000000000
52487  4.297  -25.942  13.079 0.0000000000
52497  4.851  -26.644  11.575 0.0000000000
52506  5.065  -27.013  10.596 0.0000000000
52518  5.684  -26.654  8.915 0.0000000000
52519  5.119  -27.239  9.502 0.0000000000
52529  5.749  -26.670  7.806 0.0000000000
52530  4.963  -27.310  8.180 0.0000000000
52531  4.507  -27.699  7.827 0.0000000000
52541  5.701  -26.541  7.185 0.0000000000
52542  5.103  -26.751  7.024 0.0000000000
52543  4.383  -27.401  7.092 0.0000000000
52558  4.402  -26.646  6.136 0.0000000000
52559  3.843  -27.251  5.980 0.0000000000
52576  4.010  -26.599  5.487 0.0000000000
52577  3.919  -26.807  4.771 0.0000000000
52586  3.931  -26.594  3.553 0.0000000000
52594  3.796  -26.348  2.495 0.0000000000
52603  4.401  -26.843  1.524 0.0000000000
52604  3.888  -26.277  1.447 0.0000000000
52615  4.580  -26.630  0.903 0.0000000000
52616  4.201  -26.126  0.474 0.0000000000
52626  5.750  -27.014  -0.087 0.0000000000
52627  5.153  -26.621  0.098 0.0000000000
52628  4.641  -26.019  -0.340 0.0000000000
52643  5.892  -26.928  -0.635 0.0000000000
52644  5.415  -26.372  -0.846 0.0000000000
52645  5.122  -25.849  -1.055 0.0000000000
52662  6.052  -26.923  -1.589 0.0000000000
52663  5.611  -26.269  -1.826 0.0000000000
52664  5.414  -25.769  -1.699 0.0000000000
52679  5.926  -26.983  -2.616 0.0000000000
52680  5.651  -26.422  -2.904 0.0000000000
52693  5.585  -27.051  -3.411 0.0000000000
52694  5.214  -26.612  -3.964 0.0000000000
52707  4.561  -26.369  -4.850 0.0000000000
52708  4.391  -26.028  -5.089 0.0000000000
52721  4.388  -26.679  -5.322 0.0000000000
52722  4.131  -26.158  -5.702 0.0000000000
52734  3.679  -26.031  -6.634 0.0000000000
52735  3.408  -25.756  -6.935 0.0000000000
52746  11.570  -26.248  -7.439 0.0000000000
52747  10.886  -26.510  -7.222 0.0000000000
52748  9.955  -26.943  -7.277 0.0000000000
52749  9.479  -27.193  -7.510 0.0000000000
52750  4.023  -26.288  -7.776 0.0000000000
52751  3.652  -26.137  -7.376 0.0000000000
52752  3.410  -25.929  -7.102 0.0000000000
52762  12.848  -26.175  -8.538 0.0000000000
52763  12.266  -26.130  -7.917 0.0000000000
52764  11.217  -25.698  -7.954 0.0000000000
52765  10.132  -26.058  -7.631 0.0000000000
52766  9.222  -26.685  -7.745 0.0000000000
52767  8.479  -26.722  -8.327 0.0000000000
52768  4.871  -26.236  -8.479 0.0000000000
52769  4.458  -26.305  -8.141 0.0000000000
52770  3.896  -26.016  -8.132 0.0000000000
52773  13.991  -26.402  -9.616 0.0000000000
52774  13.309  -26.180  -9.140 0.0000000000
52775  12.472  -25.709  -9.020 0.0000000000
52776  11.897  -25.659  -8.447 0.0000000000
52777  7.603  -26.627  -8.744 0.0000000000
52778  6.658  -26.229  -8.956 0.0000000000
52779  5.918  -26.084  -8.979 0.0000000000
52780  5.207  -26.074  -8.803 0.0000000000
52781  4.536  -25.929  -8.647 0.0000000000
52782  4.183  -25.939  -8.440 0.0000000000
52787  14.429  -26.278  -10.307 0.0000000000
52788  13.510  -25.866  -10.171 0.0000000000
52789  12.985  -25.790  -9.613 0.0000000000
52796  14.022  -25.874  -10.726 0.0000000000
53877  3.625  -24.999  15.593 0.0000000000
53878  3.548  -24.428  15.209 0.0000000000
53892  3.650  -25.041  14.577 0.0000000000
53893  3.526  -24.532  14.923 0.0000000000
53908  3.699  -25.035  13.644 0.0000000000
53924  4.308  -25.564  12.393 0.0000000000
53925  4.048  -25.352  12.813 0.0000000000
53941  4.541  -25.514  11.905 0.0000000000
53942  4.189  -25.258  12.306 0.0000000000
53954  5.726  -25.648  10.573 0.0000000000
53955  5.138  -26.049  11.043 0.0000000000
53967  7.303  -25.729  9.367 0.0000000000
53968  6.266  -26.069  9.603 0.0000000000
53969  5.531  -26.490  10.057 0.0000000000
53977  8.882  -25.281  8.145 0.0000000000
53978  8.150  -25.649  8.442 0.0000000000
53979  6.767  -26.235  8.391 0.0000000000
53986  8.676  -25.518  7.522 0.0000000000
53987  7.720  -26.070  7.422 0.0000000000
53988  6.476  -26.401  7.151 0.0000000000
53989  5.720  -26.451  6.719 0.0000000000
53996  8.438  -25.723  6.607 0.0000000000
53997  7.462  -26.206  6.386 0.0000000000
53998  6.344  -26.346  6.134 0.0000000000
53999  5.282  -26.318  6.046 0.0000000000
54013  8.208  -25.779  5.651 0.0000000000
54014  7.246  -26.165  5.371 0.0000000000
54015  6.017  -26.090  5.154 0.0000000000
54016  4.612  -26.064  4.953 0.0000000000
54017  4.047  -26.093  3.989 0.0000000000
54032  8.062  -25.761  4.666 0.0000000000
54033  7.043  -25.918  4.348 0.0000000000
54034  5.786  -25.610  4.052 0.0000000000
54035  4.601  -25.479  3.581 0.0000000000
54036  3.921  -25.791  3.021 0.0000000000
54048  7.959  -25.661  3.654 0.0000000000
54049  6.955  -25.613  3.278 0.0000000000
54050  5.702  -25.276  2.682 0.0000000000
54051  4.411  -25.076  2.410 0.0000000000
54052  3.774  -25.565  1.999 0.0000000000
54062  7.913  -25.472  2.670 0.0000000000
54063  7.115  -25.493  2.242 0.0000000000
54064  6.439  -25.290  1.729 0.0000000000
54065  3.989  -24.916  1.598 0.0000000000
54066  3.832  -25.376  0.943 0.0000000000
54075  7.998  -25.386  1.771 0.0000000000
54076  7.471  -25.462  1.335 0.0000000000
54077  6.815  -25.384  1.030 0.0000000000
54078  4.259  -25.527  0.154 0.0000000000
54085  8.071  -25.386  1.244 0.0000000000
54086  8.033  -25.352  0.839 0.0000000000
54087  4.784  -25.385  -0.504 0.0000000000
54095  5.383  -25.411  -1.266 0.0000000000
54106  5.571  -25.952  -2.331 0.0000000000
54107  5.672  -25.515  -2.244 0.0000000000
54119  5.483  -25.951  -3.160 0.0000000000
54120  5.581  -25.439  -3.273 0.0000000000
54134  5.015  -25.891  -4.178 0.0000000000
54135  5.220  -25.351  -4.030 0.0000000000
54148  4.584  -25.969  -4.789 0.0000000000
54149  4.536  -25.576  -4.899 0.0000000000
54162  4.023  -25.407  -5.951 0.0000000000
54163  3.745  -25.157  -6.396 0.0000000000
54173  3.814  -25.776  -6.290 0.0000000000
54174  3.566  -25.465  -6.685 0.0000000000
54186  3.398  -25.688  -7.656 0.0000000000
54187  3.306  -25.546  -7.292 0.0000000000
54197  10.951  -25.234  -8.499 0.0000000000
54198  10.322  -25.368  -8.268 0.0000000000
54199  9.391  -25.717  -8.133 0.0000000000
54200  8.822  -26.112  -8.157 0.0000000000
54201  3.580  -25.668  -8.037 0.0000000000
54202  3.370  -25.332  -7.873 0.0000000000
54204  12.124  -25.302  -9.494 0.0000000000
54205  11.560  -25.228  -8.960 0.0000000000
54206  10.657  -24.876  -8.979 0.0000000000
54207  9.637  -24.978  -8.774 0.0000000000
54208  8.443  -25.513  -8.739 0.0000000000
54209  7.089  -25.242  -9.422 0.0000000000
54210  6.110  -25.478  -9.480 0.0000000000
54211  5.398  -25.459  -9.297 0.0000000000
54212  4.758  -25.443  -9.038 0.0000000000
54213  4.093  -25.414  -8.647 0.0000000000
54214  3.648  -25.229  -8.287 0.0000000000
54216  13.092  -25.481  -10.650 0.0000000000
54217  12.613  -25.381  -10.073 0.0000000000
54218  11.772  -24.964  -9.916 0.0000000000
54219  11.147  -24.841  -9.548 0.0000000000
54220  6.762  -24.599  -10.050 0.0000000000
54221  6.284  -24.742  -9.972 0.0000000000
54222  5.615  -24.768  -9.822 0.0000000000
54223  5.016  -24.803  -9.524 0.0000000000
54224  4.539  -24.918  -9.201 0.0000000000
54227  13.587  -25.484  -11.171 0.0000000000
54228  12.683  -25.082  -11.112 0.0000000000
54229  12.138  -24.944  -10.565 0.0000000000
54235  13.147  -25.081  -11.610 0.0000000000
55273  3.811  -24.351  16.095 0.0000000000
55281  3.609  -24.111  15.435 0.0000000000
55282  3.447  -24.029  14.905 0.0000000000
55289  3.498  -24.489  13.944 0.0000000000
55290  3.425  -24.144  14.355 0.0000000000
55293  3.474  -24.337  13.488 0.0000000000
55294  3.378  -23.938  13.728 0.0000000000
55301  3.576  -24.371  12.919 0.0000000000
55302  3.390  -23.910  13.280 0.0000000000
55313  4.433  -24.901  11.780 0.0000000000
55314  4.060  -24.675  12.160 0.0000000000
55323  8.896  -24.431  10.494 0.0000000000
55324  8.075  -24.643  10.629 0.0000000000
55325  6.974  -24.691  10.726 0.0000000000
55326  5.886  -24.784  10.941 0.0000000000
55327  4.934  -24.961  11.368 0.0000000000
55328  4.412  -24.523  11.725 0.0000000000
55335  9.227  -24.331  9.829 0.0000000000
55336  8.620  -24.902  9.901 0.0000000000
55337  7.657  -25.177  10.053 0.0000000000
55338  6.625  -25.395  10.238 0.0000000000
55341  9.320  -24.163  9.307 0.0000000000
55342  9.091  -24.802  8.869 0.0000000000
55343  8.226  -25.343  9.340 0.0000000000
55346  8.985  -24.685  7.759 0.0000000000
55350  8.749  -24.807  6.854 0.0000000000
55356  8.533  -24.962  5.962 0.0000000000
55364  8.435  -25.030  5.039 0.0000000000
55376  8.350  -25.034  4.080 0.0000000000
55377  5.564  -25.063  1.842 0.0000000000
55378  5.065  -24.985  2.117 0.0000000000
55392  8.217  -24.955  3.112 0.0000000000
55393  5.985  -25.119  1.147 0.0000000000
55394  4.879  -24.876  1.393 0.0000000000
55395  4.212  -24.896  1.064 0.0000000000
55408  8.278  -24.826  2.076 0.0000000000
55409  7.506  -25.356  0.557 0.0000000000
55410  6.699  -25.259  0.387 0.0000000000
55411  5.709  -25.042  0.378 0.0000000000
55412  4.643  -25.002  0.377 0.0000000000
55420  8.360  -24.978  1.114 0.0000000000
55421  8.187  -24.960  0.191 0.0000000000
55422  7.560  -25.225  -0.252 0.0000000000
55423  6.691  -25.150  -0.488 0.0000000000
55424  5.655  -25.032  -0.666 0.0000000000
55433  8.120  -24.730  -0.637 0.0000000000
55434  7.680  -24.932  -1.084 0.0000000000
55435  6.902  -24.953  -1.514 0.0000000000
55436  5.958  -24.981  -1.726 0.0000000000
55443  6.700  -24.862  -2.153 0.0000000000
55444  6.142  -24.978  -2.564 0.0000000000
55450  6.323  -24.766  -3.522 0.0000000000
55451  5.952  -24.893  -3.392 0.0000000000
55464  5.815  -24.752  -3.781 0.0000000000
55465  5.207  -24.963  -4.266 0.0000000000
55482  4.519  -24.899  -5.143 0.0000000000
55496  4.049  -24.753  -6.137 0.0000000000
55497  3.586  -24.985  -6.644 0.0000000000
55505  3.660  -24.542  -6.851 0.0000000000
55506  3.338  -25.000  -7.060 0.0000000000
55518  3.468  -24.621  -7.335 0.0000000000
55519  3.344  -24.906  -7.624 0.0000000000
55529  3.563  -24.875  -8.142 0.0000000000
55532  10.726  -24.689  -9.602 0.0000000000
55533  10.117  -24.538  -9.595 0.0000000000
55534  9.025  -24.483  -9.486 0.0000000000
55535  8.016  -24.649  -9.563 0.0000000000
55536  4.320  -24.583  -9.082 0.0000000000
55537  3.923  -24.795  -8.582 0.0000000000
55540  11.691  -24.757  -10.500 0.0000000000
55541  10.959  -24.548  -10.300 0.0000000000
55542  9.642  -24.001  -10.608 0.0000000000
55543  8.410  -24.057  -10.271 0.0000000000
55544  7.326  -24.254  -10.222 0.0000000000
55545  6.511  -24.209  -10.572 0.0000000000
55546  5.867  -24.211  -10.437 0.0000000000
55547  5.244  -23.999  -10.215 0.0000000000
55548  4.726  -24.298  -9.600 0.0000000000
55551  12.419  -24.776  -11.447 0.0000000000
55552  11.853  -24.604  -11.203 0.0000000000
55553  10.664  -24.021  -11.417 0.0000000000
55554  9.897  -23.767  -11.407 0.0000000000
55555  6.127  -23.876  -10.905 0.0000000000
55556  5.695  -23.676  -10.811 0.0000000000
55557  5.389  -23.506  -10.658 0.0000000000
55561  12.697  -24.653  -12.023 0.0000000000
55562  11.540  -23.997  -12.218 0.0000000000
55563  10.694  -23.669  -12.215 0.0000000000
55580  12.279  -23.866  -12.911 0.0000000000
55581  11.596  -23.607  -12.889 0.0000000000
56605  4.183  -23.904  16.292 0.0000000000
56614  4.978  -23.126  16.407 0.0000000000
56615  4.488  -23.304  16.116 0.0000000000
56616  4.014  -23.502  15.711 0.0000000000
56622  3.606  -23.311  15.000 0.0000000000
56623  3.412  -23.589  14.517 0.0000000000
56625  3.460  -23.065  14.414 0.0000000000
56626  3.365  -23.364  13.986 0.0000000000
56628  3.377  -23.406  13.414 0.0000000000
56631  3.686  -23.710  12.356 0.0000000000
56632  3.426  -23.531  12.927 0.0000000000
56636  9.487  -23.095  11.404 0.0000000000
56637  9.020  -23.447  11.666 0.0000000000
56638  8.003  -23.556  11.712 0.0000000000
56639  6.953  -23.512  11.642 0.0000000000
56640  4.689  -23.567  11.605 0.0000000000
56641  4.261  -23.841  11.731 0.0000000000
56646  9.397  -23.623  10.676 0.0000000000
56647  8.566  -24.073  11.142 0.0000000000
56648  7.479  -24.117  11.224 0.0000000000
56649  6.203  -23.948  11.317 0.0000000000
56650  5.087  -24.040  11.438 0.0000000000
56651  4.626  -24.326  11.580 0.0000000000
56654  9.335  -23.635  9.640 0.0000000000
56656  9.121  -23.717  8.949 0.0000000000
56657  8.773  -23.810  8.203 0.0000000000
56660  8.339  -23.771  7.260 0.0000000000
56661  7.671  -23.376  6.610 0.0000000000
56664  8.221  -24.109  6.324 0.0000000000
56665  7.572  -23.544  5.870 0.0000000000
56670  8.156  -24.199  5.444 0.0000000000
56671  7.351  -23.526  5.025 0.0000000000
56672  6.695  -23.232  4.408 0.0000000000
56677  8.105  -24.262  4.524 0.0000000000
56678  7.436  -23.706  4.028 0.0000000000
56679  6.708  -23.235  3.538 0.0000000000
56682  8.074  -24.305  3.578 0.0000000000
56683  7.514  -23.718  3.091 0.0000000000
56684  6.855  -23.223  2.565 0.0000000000
56686  8.103  -24.259  2.657 0.0000000000
56687  7.682  -23.693  2.190 0.0000000000
56688  7.143  -23.272  1.582 0.0000000000
56697  8.182  -24.162  1.920 0.0000000000
56698  7.975  -23.778  1.348 0.0000000000
56699  7.573  -23.464  0.597 0.0000000000
56709  8.307  -24.385  1.373 0.0000000000
56710  8.264  -24.197  0.536 0.0000000000
56711  8.048  -23.756  -0.225 0.0000000000
56722  8.305  -24.324  -0.347 0.0000000000
56723  8.311  -24.017  -1.282 0.0000000000
56724  7.802  -24.716  -1.715 0.0000000000
56733  7.983  -23.589  -1.962 0.0000000000
56734  7.670  -24.414  -2.447 0.0000000000
56735  6.855  -24.838  -2.500 0.0000000000
56744  7.753  -24.177  -3.035 0.0000000000
56745  6.908  -24.478  -2.958 0.0000000000
56746  6.778  -24.764  -2.802 0.0000000000
56754  8.253  -24.178  -3.245 0.0000000000
56755  7.240  -24.288  -3.360 0.0000000000
56756  6.389  -24.546  -3.726 0.0000000000
56757  5.622  -24.722  -4.070 0.0000000000
56768  9.155  -23.446  -4.508 0.0000000000
56769  8.879  -23.662  -4.328 0.0000000000
56770  8.243  -24.060  -4.005 0.0000000000
56771  7.070  -24.174  -4.213 0.0000000000
56772  6.041  -24.262  -4.381 0.0000000000
56773  5.353  -24.598  -4.470 0.0000000000
56786  9.220  -23.460  -4.743 0.0000000000
56787  8.970  -23.533  -4.831 0.0000000000
56788  8.322  -23.669  -4.890 0.0000000000
56789  7.230  -23.827  -5.024 0.0000000000
56790  5.746  -23.825  -5.446 0.0000000000
56791  4.889  -24.321  -5.304 0.0000000000
56802  5.065  -23.597  -6.274 0.0000000000
56803  4.415  -23.927  -6.443 0.0000000000
56813  3.787  -24.109  -7.485 0.0000000000
56814  3.512  -24.539  -7.599 0.0000000000
56826  4.026  -24.054  -8.249 0.0000000000
56827  3.633  -24.496  -7.923 0.0000000000
56833  4.230  -24.116  -8.867 0.0000000000
56834  3.895  -24.493  -8.341 0.0000000000
56839  8.684  -23.664  -11.018 0.0000000000
56840  7.828  -23.670  -10.946 0.0000000000
56841  6.958  -23.782  -10.994 0.0000000000
56842  6.456  -23.826  -11.016 0.0000000000
56843  4.849  -23.629  -9.982 0.0000000000
56844  4.552  -23.915  -9.485 0.0000000000
56847  10.013  -23.588  -11.983 0.0000000000
56848  9.243  -23.482  -11.625 0.0000000000
56849  8.305  -23.196  -11.642 0.0000000000
56850  7.375  -23.160  -11.464 0.0000000000
56851  6.376  -23.288  -11.186 0.0000000000
56852  5.599  -23.152  -10.965 0.0000000000
56853  5.180  -23.301  -10.505 0.0000000000
56855  11.016  -23.432  -12.806 0.0000000000
56856  10.225  -23.299  -12.646 0.0000000000
56857  9.417  -23.102  -12.473 0.0000000000
56858  8.775  -23.047  -12.172 0.0000000000
56863  11.550  -23.107  -13.605 0.0000000000
56864  10.495  -22.930  -13.255 0.0000000000
56865  9.825  -22.864  -12.955 0.0000000000
57906  5.470  -22.498  16.551 0.0000000000
57907  4.809  -22.421  15.968 0.0000000000
57908  4.351  -22.934  15.768 0.0000000000
57911  4.584  -21.924  15.609 0.0000000000
57912  4.159  -22.444  15.345 0.0000000000
57915  3.662  -22.440  14.623 0.0000000000
57916  3.424  -22.588  14.050 0.0000000000
57919  3.391  -22.799  13.547 0.0000000000
57922  8.724  -22.302  12.737 0.0000000000
57923  7.769  -22.347  12.661 0.0000000000
57924  6.613  -22.313  12.447 0.0000000000
57925  5.900  -22.267  12.301 0.0000000000
57926  3.569  -22.921  12.624 0.0000000000
57927  3.407  -22.912  13.081 0.0000000000
57931  9.308  -22.525  12.017 0.0000000000
57932  8.429  -22.918  12.217 0.0000000000
57933  7.285  -22.932  12.084 0.0000000000
57934  5.786  -22.952  11.904 0.0000000000
57935  4.589  -23.036  11.749 0.0000000000
57936  3.902  -22.964  12.078 0.0000000000
57941  9.575  -22.511  11.020 0.0000000000
57942  5.485  -23.577  11.531 0.0000000000
57943  5.066  -23.402  11.561 0.0000000000
57947  9.153  -22.637  9.845 0.0000000000
57948  8.594  -22.157  9.389 0.0000000000
57951  9.103  -23.164  9.248 0.0000000000
57952  8.376  -22.652  8.667 0.0000000000
57953  7.473  -22.155  8.184 0.0000000000
57956  8.228  -23.183  7.860 0.0000000000
57957  7.280  -22.526  7.379 0.0000000000
57958  6.345  -22.001  7.122 0.0000000000
57961  6.954  -22.928  6.218 0.0000000000
57962  6.044  -22.201  6.507 0.0000000000
57963  5.356  -21.930  6.346 0.0000000000
57967  7.020  -23.184  5.608 0.0000000000
57968  6.233  -22.801  5.315 0.0000000000
57969  5.266  -22.135  5.829 0.0000000000
57977  5.870  -22.824  4.096 0.0000000000
57978  4.930  -22.286  4.738 0.0000000000
57981  5.948  -22.776  3.021 0.0000000000
57982  5.026  -22.372  3.505 0.0000000000
57984  6.173  -22.786  1.971 0.0000000000
57985  5.205  -22.365  2.422 0.0000000000
57987  6.558  -22.888  0.882 0.0000000000
57988  5.467  -22.405  1.347 0.0000000000
57990  7.175  -23.189  -0.355 0.0000000000
57991  5.841  -22.532  0.228 0.0000000000
57997  7.450  -23.246  -1.457 0.0000000000
57998  6.300  -22.663  -0.900 0.0000000000
58005  7.595  -23.364  -1.945 0.0000000000
58006  6.855  -22.936  -1.832 0.0000000000
58012  7.394  -22.979  -2.644 0.0000000000
58013  7.514  -23.250  -2.338 0.0000000000
58016  8.346  -22.592  -3.737 0.0000000000
58017  8.158  -23.182  -3.153 0.0000000000
58018  7.975  -23.711  -2.831 0.0000000000
58021  9.287  -23.254  -4.618 0.0000000000
58022  8.997  -22.880  -4.438 0.0000000000
58023  8.746  -23.366  -3.720 0.0000000000
58034  9.159  -23.231  -4.881 0.0000000000
58035  8.814  -23.056  -5.465 0.0000000000
58036  7.611  -23.357  -5.727 0.0000000000
58037  6.424  -23.446  -5.962 0.0000000000
58038  5.519  -23.437  -6.273 0.0000000000
58055  7.915  -22.818  -6.446 0.0000000000
58056  6.870  -23.127  -6.599 0.0000000000
58057  5.836  -23.113  -6.768 0.0000000000
58058  4.925  -23.279  -6.910 0.0000000000
58059  4.305  -23.527  -7.337 0.0000000000
58073  7.161  -22.813  -7.173 0.0000000000
58074  6.264  -22.832  -7.300 0.0000000000
58075  5.408  -22.853  -7.604 0.0000000000
58076  4.695  -23.101  -7.791 0.0000000000
58077  4.283  -23.537  -8.051 0.0000000000
58093  5.032  -22.750  -8.203 0.0000000000
58094  4.714  -22.951  -8.568 0.0000000000
58095  4.411  -23.501  -8.783 0.0000000000
58101  4.747  -22.895  -9.340 0.0000000000
58102  4.576  -23.467  -9.435 0.0000000000
58109  4.891  -22.952  -10.089 0.0000000000
58110  4.705  -23.471  -9.780 0.0000000000
58116  8.404  -22.808  -12.140 0.0000000000
58117  7.932  -22.608  -11.957 0.0000000000
58118  7.053  -22.387  -11.660 0.0000000000
58119  6.112  -22.492  -11.239 0.0000000000
58120  5.430  -22.656  -10.758 0.0000000000
58123  9.406  -22.643  -12.860 0.0000000000
58124  8.756  -22.365  -12.557 0.0000000000
58125  7.797  -21.958  -12.207 0.0000000000
58126  7.256  -21.747  -11.892 0.0000000000
58130  10.801  -22.425  -13.909 0.0000000000
58131  9.739  -22.239  -13.300 0.0000000000
58132  9.112  -21.688  -13.006 0.0000000000
59170  5.939  -21.735  16.871 0.0000000000
59173  5.430  -21.619  16.378 0.0000000000
59174  4.937  -21.407  15.890 0.0000000000
59177  4.438  -21.415  15.416 0.0000000000
59178  3.984  -21.544  14.883 0.0000000000
59181  3.597  -21.666  14.180 0.0000000000
59182  3.448  -22.192  13.660 0.0000000000
59186  9.023  -20.797  13.298 0.0000000000
59187  8.574  -21.057  13.448 0.0000000000
59188  7.746  -21.195  13.491 0.0000000000
59189  3.589  -21.591  13.452 0.0000000000
59190  3.476  -22.321  13.177 0.0000000000
59194  9.137  -21.354  12.740 0.0000000000
59195  8.245  -21.728  13.141 0.0000000000
59196  7.044  -21.640  13.053 0.0000000000
59197  5.946  -21.664  12.593 0.0000000000
59198  4.953  -21.532  12.406 0.0000000000
59199  3.910  -21.972  12.586 0.0000000000
59200  3.534  -22.522  12.854 0.0000000000
59208  9.378  -21.518  11.574 0.0000000000
59209  5.418  -22.130  12.233 0.0000000000
59210  4.749  -22.310  12.068 0.0000000000
59211  4.216  -22.536  12.063 0.0000000000
59221  9.085  -21.535  10.507 0.0000000000
59222  8.425  -21.216  9.959 0.0000000000
59234  8.735  -21.790  9.760 0.0000000000
59235  7.989  -21.525  9.292 0.0000000000
59236  6.920  -21.111  8.781 0.0000000000
59237  6.136  -21.040  8.434 0.0000000000
59250  7.519  -21.790  8.578 0.0000000000
59251  6.761  -21.660  8.107 0.0000000000
59252  5.748  -21.300  7.886 0.0000000000
59253  5.110  -21.333  7.514 0.0000000000
59266  6.371  -21.774  7.507 0.0000000000
59267  5.690  -21.676  7.169 0.0000000000
59268  4.972  -21.506  6.985 0.0000000000
59269  4.427  -21.337  6.805 0.0000000000
59282  5.362  -21.774  6.673 0.0000000000
59283  4.826  -21.683  6.363 0.0000000000
59284  4.105  -21.350  6.237 0.0000000000
59297  4.466  -21.739  5.584 0.0000000000
59298  3.811  -21.303  5.482 0.0000000000
59315  4.061  -21.621  4.792 0.0000000000
59316  3.598  -21.156  4.853 0.0000000000
59330  4.278  -21.773  3.890 0.0000000000
59331  3.686  -21.237  4.154 0.0000000000
59333  4.427  -21.811  2.867 0.0000000000
59334  3.771  -21.317  3.259 0.0000000000
59336  4.584  -21.859  1.829 0.0000000000
59337  3.863  -21.353  2.289 0.0000000000
59339  4.805  -21.936  0.771 0.0000000000
59340  4.029  -21.367  1.278 0.0000000000
59342  5.049  -22.094  -0.300 0.0000000000
59343  4.220  -21.423  0.248 0.0000000000
59346  5.375  -22.099  -1.402 0.0000000000
59347  4.454  -21.517  -0.679 0.0000000000
59350  6.536  -22.320  -2.702 0.0000000000
59351  6.125  -22.357  -2.327 0.0000000000
59354  7.908  -22.065  -3.895 0.0000000000
59355  7.543  -22.200  -3.598 0.0000000000
59356  6.943  -22.328  -3.091 0.0000000000
59357  5.792  -21.788  -2.929 0.0000000000
59359  8.213  -22.027  -4.311 0.0000000000
59360  7.380  -21.596  -4.244 0.0000000000
59361  6.515  -21.480  -3.918 0.0000000000
59362  5.799  -21.379  -3.538 0.0000000000
59365  8.449  -21.866  -5.138 0.0000000000
59366  7.713  -21.481  -4.778 0.0000000000
59380  8.952  -21.674  -6.800 0.0000000000
59381  8.776  -22.040  -6.172 0.0000000000
59392  9.361  -21.214  -8.055 0.0000000000
59393  8.912  -21.586  -7.648 0.0000000000
59394  7.939  -22.245  -7.408 0.0000000000
59395  6.607  -22.551  -7.800 0.0000000000
59396  5.927  -22.634  -7.775 0.0000000000
59409  9.361  -21.032  -8.821 0.0000000000
59410  8.692  -21.409  -8.593 0.0000000000
59411  7.850  -21.727  -8.499 0.0000000000
59412  6.756  -22.062  -8.498 0.0000000000
59413  5.643  -22.441  -8.362 0.0000000000
59414  5.041  -22.591  -8.565 0.0000000000
59422  8.999  -20.977  -9.441 0.0000000000
59423  8.545  -21.161  -9.327 0.0000000000
59424  7.826  -21.349  -9.274 0.0000000000
59425  6.811  -21.497  -9.523 0.0000000000
59426  5.807  -21.963  -9.266 0.0000000000
59427  5.094  -22.455  -9.025 0.0000000000
59433  6.432  -21.296  -10.156 0.0000000000
59434  5.913  -21.618  -10.226 0.0000000000
59435  5.149  -22.243  -9.800 0.0000000000
59443  6.748  -21.667  -11.455 0.0000000000
59444  5.876  -21.928  -10.933 0.0000000000
59445  5.369  -22.237  -10.428 0.0000000000
59448  8.518  -21.378  -12.545 0.0000000000
59449  7.684  -21.429  -12.045 0.0000000000
59450  7.257  -21.497  -11.779 0.0000000000
59452  10.279  -21.590  -13.951 0.0000000000
59453  9.614  -21.399  -13.395 0.0000000000
59454  9.188  -21.241  -12.965 0.0000000000
60517  6.085  -20.952  17.495 0.0000000000
60518  5.473  -20.081  17.891 0.0000000000
60522  5.717  -21.186  16.824 0.0000000000
60523  5.293  -20.577  16.701 0.0000000000
60528  4.672  -20.595  15.861 0.0000000000
60529  4.257  -20.631  15.276 0.0000000000
60535  3.965  -20.692  14.674 0.0000000000
60542  8.836  -20.387  13.732 0.0000000000
60543  7.971  -20.578  13.884 0.0000000000
60544  6.729  -20.697  13.512 0.0000000000
60545  5.948  -20.344  13.401 0.0000000000
60546  3.790  -20.707  14.006 0.0000000000
60554  9.197  -20.259  13.081 0.0000000000
60555  6.300  -21.183  13.022 0.0000000000
60556  5.558  -20.772  12.992 0.0000000000
60557  4.500  -20.860  12.867 0.0000000000
60558  3.963  -20.830  13.309 0.0000000000
60567  9.009  -20.198  11.838 0.0000000000
60568  8.388  -19.796  11.205 0.0000000000
60575  9.097  -20.869  11.078 0.0000000000
60576  8.158  -20.347  10.486 0.0000000000
60577  6.707  -19.885  9.833 0.0000000000
60578  5.968  -19.739  9.620 0.0000000000
60585  7.982  -20.914  9.788 0.0000000000
60586  7.277  -20.638  9.493 0.0000000000
60587  5.776  -20.292  9.016 0.0000000000
60588  4.291  -20.023  8.822 0.0000000000
60589  3.643  -19.805  8.765 0.0000000000
60596  5.569  -20.889  8.384 0.0000000000
60597  4.733  -20.846  8.095 0.0000000000
60598  3.484  -20.150  8.206 0.0000000000
60605  4.567  -21.215  7.316 0.0000000000
60606  3.788  -20.888  7.046 0.0000000000
60607  2.950  -20.223  7.279 0.0000000000
60613  3.558  -21.004  6.051 0.0000000000
60614  2.995  -20.527  6.119 0.0000000000
60622  3.324  -20.865  5.329 0.0000000000
60623  2.829  -20.525  4.982 0.0000000000
60638  3.259  -20.819  4.498 0.0000000000
60639  2.865  -20.541  4.025 0.0000000000
60661  3.302  -20.873  3.629 0.0000000000
60662  3.056  -20.698  3.142 0.0000000000
60678  3.334  -20.906  2.732 0.0000000000
60679  2.863  -20.533  2.333 0.0000000000
60690  3.399  -20.881  1.778 0.0000000000
60694  3.553  -20.864  0.749 0.0000000000
60695  3.080  -20.413  0.237 0.0000000000
60698  3.787  -20.914  -0.329 0.0000000000
60699  3.431  -20.471  -0.922 0.0000000000
60701  5.008  -21.812  -1.999 0.0000000000
60702  4.257  -21.087  -1.585 0.0000000000
60706  4.915  -21.409  -2.524 0.0000000000
60712  4.929  -20.893  -3.340 0.0000000000
60713  4.281  -20.100  -3.812 0.0000000000
60717  7.222  -21.156  -4.768 0.0000000000
60718  6.539  -20.919  -4.654 0.0000000000
60719  5.166  -20.391  -4.392 0.0000000000
60720  4.369  -19.849  -4.307 0.0000000000
60724  8.306  -21.324  -5.703 0.0000000000
60725  7.283  -20.660  -5.402 0.0000000000
60726  5.872  -20.233  -5.134 0.0000000000
60727  5.167  -19.894  -5.071 0.0000000000
60739  8.939  -20.991  -6.917 0.0000000000
60740  8.351  -20.806  -6.224 0.0000000000
60741  7.485  -20.099  -6.055 0.0000000000
60752  9.796  -20.752  -8.068 0.0000000000
60753  9.311  -20.607  -7.414 0.0000000000
60762  10.363  -20.539  -9.403 0.0000000000
60763  10.198  -20.501  -8.693 0.0000000000
60772  10.363  -20.520  -10.131 0.0000000000
60773  9.514  -20.755  -9.742 0.0000000000
60774  8.514  -20.894  -9.938 0.0000000000
60775  7.771  -21.023  -9.857 0.0000000000
60776  7.291  -21.183  -9.749 0.0000000000
60781  10.301  -20.366  -11.144 0.0000000000
60782  9.507  -20.524  -10.889 0.0000000000
60783  8.610  -20.709  -10.693 0.0000000000
60784  7.745  -20.864  -10.567 0.0000000000
60785  6.912  -21.069  -10.299 0.0000000000
60786  6.356  -21.287  -10.428 0.0000000000
60794  10.310  -20.221  -11.777 0.0000000000
60795  9.656  -20.354  -11.975 0.0000000000
60796  8.711  -20.624  -11.580 0.0000000000
60797  7.870  -20.816  -11.328 0.0000000000
60798  7.070  -21.017  -11.112 0.0000000000
60799  6.399  -21.356  -10.813 0.0000000000
60802  9.507  -20.615  -12.714 0.0000000000
60803  8.873  -20.763  -12.323 0.0000000000
60804  8.071  -20.926  -12.028 0.0000000000
60805  7.401  -21.203  -11.675 0.0000000000
60807  10.012  -20.966  -13.724 0.0000000000
60808  9.606  -20.887  -13.190 0.0000000000
60809  9.121  -20.966  -12.755 0.0000000000
60813  10.452  -20.968  -14.196 0.0000000000
61851  4.843  -19.491  18.446 0.0000000000
61852  4.325  -18.933  18.027 0.0000000000
61861  4.833  -19.584  17.399 0.0000000000
61862  4.294  -18.990  17.012 0.0000000000
61867  4.603  -19.791  16.456 0.0000000000
61868  4.196  -19.227  16.148 0.0000000000
61873  4.388  -19.954  15.768 0.0000000000
61874  4.170  -19.692  15.301 0.0000000000
61879  9.082  -19.115  14.269 0.0000000000
61880  8.761  -19.208  14.416 0.0000000000
61881  8.006  -19.320  14.521 0.0000000000
61882  4.120  -19.949  14.585 0.0000000000
61886  9.089  -19.409  13.845 0.0000000000
61887  8.415  -19.867  14.238 0.0000000000
61888  7.271  -19.824  14.155 0.0000000000
61889  6.140  -19.867  13.790 0.0000000000
61890  5.242  -19.589  13.740 0.0000000000
61891  4.373  -19.786  13.981 0.0000000000
61895  9.008  -19.249  12.770 0.0000000000
61896  8.629  -18.836  12.185 0.0000000000
61897  5.498  -20.130  13.422 0.0000000000
61898  4.850  -20.192  13.316 0.0000000000
61899  4.358  -20.398  13.347 0.0000000000
61903  8.780  -19.380  12.112 0.0000000000
61904  8.272  -19.156  11.564 0.0000000000
61905  7.498  -18.951  11.084 0.0000000000
61909  7.881  -19.506  10.977 0.0000000000
61910  7.008  -19.286  10.569 0.0000000000
61911  5.945  -19.271  10.072 0.0000000000
61912  5.045  -19.031  9.877 0.0000000000
61913  4.272  -18.935  9.723 0.0000000000
61917  5.478  -19.567  9.595 0.0000000000
61918  4.723  -19.528  9.384 0.0000000000
61919  3.588  -19.313  9.219 0.0000000000
61923  3.334  -19.672  8.719 0.0000000000
61932  2.438  -19.979  6.622 0.0000000000
61936  2.408  -20.170  5.507 0.0000000000
61943  2.437  -20.252  4.446 0.0000000000
61960  2.541  -20.335  3.505 0.0000000000
61980  2.645  -20.414  2.915 0.0000000000
62014  2.964  -20.230  -0.462 0.0000000000
62046  4.382  -19.619  -4.632 0.0000000000
62047  3.836  -19.425  -4.415 0.0000000000
62048  3.364  -19.362  -4.039 0.0000000000
62049  3.166  -19.371  -3.841 0.0000000000
62052  6.062  -19.762  -5.628 0.0000000000
62053  5.308  -19.565  -5.423 0.0000000000
62054  4.582  -19.327  -5.181 0.0000000000
62055  4.114  -19.308  -4.882 0.0000000000
62064  8.557  -20.123  -6.836 0.0000000000
62065  7.689  -19.708  -6.455 0.0000000000
62066  6.529  -19.270  -6.190 0.0000000000
62080  9.745  -19.774  -7.863 0.0000000000
62081  8.816  -19.449  -7.301 0.0000000000
62082  7.911  -19.156  -6.943 0.0000000000
62083  7.138  -18.923  -6.658 0.0000000000
62090  11.801  -19.657  -9.289 0.0000000000
62091  11.132  -20.096  -9.154 0.0000000000
62092  10.431  -19.627  -8.405 0.0000000000
62102  12.660  -20.028  -10.169 0.0000000000
62103  12.092  -20.119  -9.915 0.0000000000
62104  11.120  -20.368  -10.496 0.0000000000
62118  12.858  -19.925  -11.427 0.0000000000
62119  12.576  -20.090  -10.966 0.0000000000
62120  11.718  -20.211  -11.184 0.0000000000
62121  10.876  -20.224  -11.545 0.0000000000
62129  12.595  -19.893  -11.664 0.0000000000
62130  12.109  -19.837  -11.942 0.0000000000
62131  11.307  -19.923  -12.191 0.0000000000
62132  10.489  -20.098  -12.395 0.0000000000
62133  9.986  -20.332  -12.725 0.0000000000
62136  11.665  -19.647  -12.899 0.0000000000
62137  11.047  -19.824  -13.212 0.0000000000
62138  10.441  -20.158  -13.250 0.0000000000
62139  9.994  -20.532  -13.192 0.0000000000
62142  10.957  -20.040  -13.997 0.0000000000
62143  10.442  -20.526  -13.847 0.0000000000
62144  10.027  -20.731  -13.469 0.0000000000
62146  11.188  -19.946  -14.522 0.0000000000
62147  10.993  -20.390  -14.600 0.0000000000
62148  10.683  -20.667  -14.327 0.0000000000
63165  3.846  -18.405  18.459 0.0000000000
63175  3.893  -18.262  17.512 0.0000000000
63176  3.670  -17.830  18.060 0.0000000000
63180  3.902  -18.344  16.633 0.0000000000
63181  3.733  -17.904  16.559 0.0000000000
63185  4.005  -18.698  15.826 0.0000000000
63186  3.788  -18.021  16.215 0.0000000000
63189  9.074  -18.615  14.361 0.0000000000
63190  8.326  -18.669  14.777 0.0000000000
63191  7.033  -18.836  14.600 0.0000000000
63192  5.821  -18.453  14.593 0.0000000000
63193  5.232  -18.301  14.577 0.0000000000
63194  4.179  -18.813  15.000 0.0000000000
63195  3.935  -18.169  15.717 0.0000000000
63198  9.174  -18.290  13.515 0.0000000000
63199  6.571  -19.428  14.205 0.0000000000
63200  5.926  -19.166  14.210 0.0000000000
63201  4.994  -18.814  14.264 0.0000000000
63202  4.471  -18.973  14.470 0.0000000000
63205  8.748  -18.228  12.626 0.0000000000
63206  7.973  -18.176  11.922 0.0000000000
63207  7.151  -18.032  11.542 0.0000000000
63210  7.534  -18.523  11.406 0.0000000000
63211  6.681  -18.404  11.086 0.0000000000
63212  5.695  -18.207  10.823 0.0000000000
63213  5.035  -18.116  10.607 0.0000000000
63216  6.135  -18.746  10.575 0.0000000000
63217  5.384  -18.618  10.362 0.0000000000
63218  4.516  -18.387  10.227 0.0000000000
63219  3.574  -18.454  9.912 0.0000000000
63388  9.055  -18.624  -7.663 0.0000000000
63389  8.137  -18.426  -7.252 0.0000000000
63390  7.237  -18.278  -6.945 0.0000000000
63402  11.606  -19.126  -9.026 0.0000000000
63403  10.811  -18.969  -8.570 0.0000000000
63404  9.935  -18.785  -8.153 0.0000000000
63413  13.583  -19.418  -11.064 0.0000000000
63414  13.367  -19.605  -10.297 0.0000000000
63415  12.762  -19.616  -9.789 0.0000000000
63416  12.228  -19.349  -9.375 0.0000000000
63433  13.149  -19.774  -11.179 0.0000000000
63434  12.999  -19.937  -10.399 0.0000000000
63439  12.476  -19.708  -12.038 0.0000000000
64402  3.544  -17.203  18.239 0.0000000000
64408  3.750  -17.961  17.075 0.0000000000
64409  3.608  -17.460  17.374 0.0000000000
64412  3.719  -17.815  16.835 0.0000000000
64413  3.697  -17.461  16.616 0.0000000000
64416  3.832  -17.568  16.049 0.0000000000
64418  9.311  -17.588  14.300 0.0000000000
64419  8.863  -17.836  14.984 0.0000000000
64420  7.778  -17.932  15.167 0.0000000000
64421  6.543  -17.870  15.062 0.0000000000
64422  5.416  -17.802  14.925 0.0000000000
64423  4.577  -17.861  15.061 0.0000000000
64424  4.102  -17.774  15.552 0.0000000000
64427  9.208  -17.245  13.603 0.0000000000
64428  8.785  -16.966  13.104 0.0000000000
64429  4.890  -18.224  14.651 0.0000000000
64430  4.548  -18.517  14.661 0.0000000000
64432  8.951  -17.588  13.018 0.0000000000
64433  8.184  -17.275  12.527 0.0000000000
64434  7.006  -17.348  11.905 0.0000000000
64435  6.164  -17.309  11.572 0.0000000000
64438  6.570  -17.768  11.474 0.0000000000
64439  5.933  -17.759  11.254 0.0000000000
64440  5.110  -17.585  10.982 0.0000000000
64441  4.282  -17.234  10.854 0.0000000000
64445  4.549  -17.806  10.616 0.0000000000
64446  3.877  -17.785  10.464 0.0000000000
64628  13.502  -18.711  -9.893 0.0000000000
64629  12.369  -18.647  -9.297 0.0000000000
64641  13.694  -19.189  -10.323 0.0000000000
64642  13.073  -19.103  -9.764 0.0000000000
64643  12.597  -19.112  -9.511 0.0000000000
65666  3.491  -16.418  18.521 0.0000000000
65669  3.517  -16.509  17.762 0.0000000000
65672  3.591  -16.647  17.006 0.0000000000
65675  8.881  -16.166  15.415 0.0000000000
65676  7.914  -16.195  15.653 0.0000000000
65677  6.710  -16.217  15.742 0.0000000000
65678  5.588  -16.248  15.761 0.0000000000
65679  4.704  -16.329  15.856 0.0000000000
65680  4.128  -16.507  16.120 0.0000000000
65681  3.800  -16.869  16.380 0.0000000000
65684  9.263  -16.795  14.926 0.0000000000
65685  8.405  -17.021  15.367 0.0000000000
65686  7.249  -17.067  15.472 0.0000000000
65687  6.066  -17.048  15.413 0.0000000000
65688  5.073  -17.050  15.411 0.0000000000
65689  4.379  -17.106  15.636 0.0000000000
65690  3.987  -17.154  15.920 0.0000000000
65693  9.334  -16.625  14.186 0.0000000000
65694  8.947  -16.424  13.554 0.0000000000
65697  8.327  -16.347  12.940 0.0000000000
65698  7.276  -16.361  12.409 0.0000000000
65699  5.875  -16.478  11.793 0.0000000000
65700  4.613  -16.049  11.552 0.0000000000
65707  5.556  -17.196  11.403 0.0000000000
65708  4.856  -16.823  11.301 0.0000000000
67008  3.495  -15.571  19.419 0.0000000000
67020  3.460  -15.620  18.788 0.0000000000
67024  3.502  -15.666  18.107 0.0000000000
67027  3.601  -15.736  17.394 0.0000000000
67030  9.135  -15.654  15.393 0.0000000000
67031  8.608  -15.332  15.697 0.0000000000
67032  7.376  -15.340  15.971 0.0000000000
67033  6.147  -15.399  16.076 0.0000000000
67034  5.088  -15.482  16.141 0.0000000000
67035  4.339  -15.699  16.335 0.0000000000
67036  3.839  -15.924  16.681 0.0000000000
67041  9.371  -15.917  15.000 0.0000000000
67042  9.233  -15.185  15.173 0.0000000000
67049  9.399  -16.207  14.577 0.0000000000
67050  9.054  -15.496  14.112 0.0000000000
67051  8.371  -14.871  13.602 0.0000000000
67070  8.600  -15.884  13.387 0.0000000000
67071  7.824  -15.336  13.062 0.0000000000
67072  6.480  -15.450  12.389 0.0000000000
67073  5.249  -15.361  11.943 0.0000000000
68406  3.484  -14.847  19.595 0.0000000000
68418  3.440  -14.879  19.043 0.0000000000
68433  3.477  -14.908  18.435 0.0000000000
68438  3.577  -14.921  17.801 0.0000000000
68442  4.159  -14.324  17.003 0.0000000000
68443  3.835  -14.857  17.099 0.0000000000
68446  9.109  -14.350  15.722 0.0000000000
68447  8.043  -14.393  16.122 0.0000000000
68448  6.741  -14.481  16.262 0.0000000000
68449  5.569  -14.598  16.381 0.0000000000
68450  4.523  -14.729  16.640 0.0000000000
68451  4.062  -15.277  16.648 0.0000000000
68456  9.308  -14.356  14.844 0.0000000000
68466  8.728  -14.319  14.025 0.0000000000
68467  7.698  -14.365  13.305 0.0000000000
68468  6.981  -14.127  13.026 0.0000000000
68486  7.449  -14.788  13.076 0.0000000000
68487  6.935  -14.661  12.846 0.0000000000
68488  5.883  -14.577  12.467 0.0000000000
69710  3.513  -14.388  19.749 0.0000000000
69728  3.622  -13.701  19.476 0.0000000000
69729  3.458  -14.142  19.322 0.0000000000
69748  3.445  -14.330  18.741 0.0000000000
69757  3.770  -13.798  17.832 0.0000000000
69758  3.545  -14.183  18.188 0.0000000000
69762  4.044  -13.922  17.380 0.0000000000
69763  3.727  -14.316  17.655 0.0000000000
69766  9.512  -12.904  15.918 0.0000000000
69767  8.754  -13.298  16.151 0.0000000000
69768  7.329  -13.485  16.350 0.0000000000
69769  6.085  -13.679  16.460 0.0000000000
69770  5.125  -13.864  16.693 0.0000000000
69771  4.492  -13.885  16.992 0.0000000000
69778  9.642  -12.979  15.673 0.0000000000
69779  9.444  -13.344  15.464 0.0000000000
69789  9.244  -13.421  14.546 0.0000000000
69790  8.403  -13.411  13.685 0.0000000000
69791  7.042  -13.415  13.090 0.0000000000
69792  6.373  -12.977  12.840 0.0000000000
69802  6.456  -14.058  12.815 0.0000000000
69803  5.725  -13.504  12.616 0.0000000000
71001  3.902  -13.192  19.374 0.0000000000
71002  3.575  -13.648  19.226 0.0000000000
71017  3.971  -13.020  18.547 0.0000000000
71018  3.551  -13.673  18.781 0.0000000000
71030  4.135  -13.173  17.848 0.0000000000
71031  3.729  -13.540  18.217 0.0000000000
71039  5.104  -12.629  17.085 0.0000000000
71040  4.513  -13.220  17.289 0.0000000000
71043  9.616  -12.680  15.676 0.0000000000
71044  9.220  -12.135  16.013 0.0000000000
71045  7.804  -12.385  16.284 0.0000000000
71046  6.529  -12.690  16.487 0.0000000000
71047  5.528  -13.027  16.712 0.0000000000
71048  4.875  -13.307  16.919 0.0000000000
71056  9.646  -12.865  15.472 0.0000000000
71057  9.543  -12.618  15.213 0.0000000000
71066  9.106  -12.471  14.237 0.0000000000
71067  8.076  -12.458  13.407 0.0000000000
71068  6.921  -12.436  12.943 0.0000000000
72207  4.846  -12.358  20.108 0.0000000000
72220  5.095  -11.844  19.550 0.0000000000
72221  4.512  -12.547  19.657 0.0000000000
72230  5.088  -11.623  18.661 0.0000000000
72231  4.473  -12.421  18.980 0.0000000000
72241  5.159  -11.597  17.912 0.0000000000
72242  4.557  -12.382  18.234 0.0000000000
72252  5.416  -11.705  17.280 0.0000000000
72253  4.780  -12.463  17.600 0.0000000000
72258  9.020  -10.981  15.773 0.0000000000
72259  8.061  -11.202  16.108 0.0000000000
72260  6.836  -11.549  16.368 0.0000000000
72261  5.843  -12.051  16.758 0.0000000000
72270  9.610  -11.452  15.009 0.0000000000
72281  8.926  -11.433  13.821 0.0000000000
72282  7.752  -11.530  13.059 0.0000000000
72283  6.443  -11.659  12.664 0.0000000000
72292  6.168  -11.171  12.583 0.0000000000
72293  5.395  -11.524  12.552 0.0000000000
73595  5.789  -10.313  19.857 0.0000000000
73596  5.608  -11.146  20.037 0.0000000000
73603  5.693  -10.113  19.409 0.0000000000
73604  5.540  -10.650  19.185 0.0000000000
73612  5.497  -10.611  18.280 0.0000000000
73623  5.587  -10.623  17.497 0.0000000000
73636  9.311  -10.294  15.331 0.0000000000
73637  8.294  -9.995  15.760 0.0000000000
73638  7.041  -10.261  16.031 0.0000000000
73639  6.008  -10.708  16.697 0.0000000000
73652  9.301  -9.887  13.921 0.0000000000
73653  9.443  -10.354  14.385 0.0000000000
73654  7.869  -9.320  15.760 0.0000000000
73655  7.454  -9.565  15.811 0.0000000000
73664  9.126  -9.793  13.693 0.0000000000
73665  8.627  -10.246  13.362 0.0000000000
73666  7.279  -10.840  12.689 0.0000000000
73667  6.553  -11.038  12.573 0.0000000000
73670  8.315  -9.704  13.006 0.0000000000
73671  7.713  -9.981  12.725 0.0000000000
73672  6.454  -10.452  12.500 0.0000000000
73673  5.184  -10.367  12.240 0.0000000000
75003  5.671  -9.578  19.512 0.0000000000
75004  5.531  -9.162  19.223 0.0000000000
75012  5.642  -9.956  19.191 0.0000000000
75013  5.547  -9.529  18.779 0.0000000000
75021  5.514  -9.509  17.798 0.0000000000
75037  5.613  -9.528  16.986 0.0000000000
75053  9.534  -9.705  14.972 0.0000000000
75054  9.100  -9.435  15.429 0.0000000000
75055  6.931  -9.467  15.845 0.0000000000
75056  6.197  -9.201  16.148 0.0000000000
75063  9.337  -9.551  13.904 0.0000000000
75064  9.447  -9.460  14.379 0.0000000000
75065  8.415  -9.008  15.599 0.0000000000
75066  7.392  -8.785  15.681 0.0000000000
75067  6.484  -8.187  15.697 0.0000000000
75069  9.063  -9.504  13.636 0.0000000000
75070  8.671  -9.351  13.280 0.0000000000
75074  8.152  -9.252  12.823 0.0000000000
75075  7.317  -9.342  12.510 0.0000000000
75076  6.287  -9.345  12.200 0.0000000000
75077  5.095  -9.218  11.919 0.0000000000
76335  5.623  -8.963  19.909 0.0000000000
76347  5.559  -9.046  19.450 0.0000000000
76348  5.310  -8.574  19.206 0.0000000000
76359  5.098  -8.387  18.107 0.0000000000
76360  4.649  -7.859  17.852 0.0000000000
76372  5.196  -8.569  17.268 0.0000000000
76373  4.676  -7.848  17.467 0.0000000000
76386  5.407  -8.596  16.626 0.0000000000
76387  4.802  -7.782  16.730 0.0000000000
76396  9.452  -9.110  14.958 0.0000000000
76397  9.069  -8.747  15.222 0.0000000000
76398  5.472  -7.965  16.070 0.0000000000
76399  4.762  -7.318  16.249 0.0000000000
76401  9.330  -9.180  13.978 0.0000000000
76402  9.227  -8.613  14.357 0.0000000000
76403  8.612  -8.043  15.212 0.0000000000
76404  7.487  -7.598  15.416 0.0000000000
76405  6.287  -7.330  15.701 0.0000000000
76407  9.069  -8.988  13.677 0.0000000000
76408  8.661  -8.520  13.305 0.0000000000
76409  8.149  -8.112  12.907 0.0000000000
76414  7.961  -8.690  12.709 0.0000000000
76415  7.370  -8.383  12.443 0.0000000000
76416  6.386  -8.277  12.026 0.0000000000
76417  5.349  -8.077  11.758 0.0000000000
77591  4.766  -7.817  19.457 0.0000000000
77605  4.735  -7.839  18.606 0.0000000000
77606  4.188  -7.284  18.953 0.0000000000
77607  3.534  -6.764  19.289 0.0000000000
77617  4.665  -7.857  18.102 0.0000000000
77618  4.242  -7.416  17.923 0.0000000000
77619  3.561  -6.725  18.213 0.0000000000
77630  4.188  -7.231  17.067 0.0000000000
77631  3.637  -6.690  17.305 0.0000000000
77641  4.287  -7.029  16.509 0.0000000000
77642  3.827  -6.618  16.661 0.0000000000
77657  5.178  -7.145  15.877 0.0000000000
77658  4.404  -6.723  16.042 0.0000000000
77659  4.039  -6.613  16.351 0.0000000000
77670  8.819  -7.751  13.970 0.0000000000
77671  8.480  -7.023  14.610 0.0000000000
77672  7.489  -6.513  15.241 0.0000000000
77673  5.824  -6.645  15.739 0.0000000000
77674  4.964  -6.707  15.804 0.0000000000
77677  8.462  -7.879  13.313 0.0000000000
77678  8.013  -7.445  13.175 0.0000000000
77679  8.062  -6.500  13.764 0.0000000000
77685  7.201  -7.718  12.427 0.0000000000
77686  6.810  -7.003  12.482 0.0000000000
77687  4.892  -7.029  11.761 0.0000000000
78904  3.147  -6.102  19.504 0.0000000000
78917  3.074  -6.046  18.454 0.0000000000
78930  3.088  -6.037  17.471 0.0000000000
78945  3.291  -6.039  16.685 0.0000000000
78964  4.221  -6.315  15.948 0.0000000000
78965  3.823  -6.146  16.155 0.0000000000
78986  7.870  -5.693  15.366 0.0000000000
78987  6.448  -5.941  15.687 0.0000000000
78988  4.894  -6.166  15.748 0.0000000000
78989  4.192  -6.040  15.900 0.0000000000
79008  7.628  -5.789  13.778 0.0000000000
79024  6.165  -5.832  12.529 0.0000000000
79025  4.722  -5.874  12.045 0.0000000000
80303  3.181  -5.385  19.708 0.0000000000
80314  2.958  -5.287  18.725 0.0000000000
80327  2.737  -5.149  17.605 0.0000000000
80328  2.568  -4.684  16.764 0.0000000000
80338  2.840  -5.318  16.757 0.0000000000
80339  2.684  -4.669  16.229 0.0000000000
80348  7.648  -4.768  15.938 0.0000000000
80349  7.428  -4.940  15.939 0.0000000000
80350  3.116  -5.193  15.994 0.0000000000
80351  2.786  -4.625  15.966 0.0000000000
80360  8.318  -4.655  15.157 0.0000000000
80361  7.935  -4.950  15.636 0.0000000000
80362  7.004  -5.189  15.845 0.0000000000
80363  5.661  -5.247  15.794 0.0000000000
80364  4.261  -5.356  15.774 0.0000000000
80377  8.328  -4.355  14.928 0.0000000000
80378  8.041  -4.698  14.546 0.0000000000
80394  7.005  -4.671  13.310 0.0000000000
80395  5.635  -4.766  12.518 0.0000000000
80396  4.314  -4.926  12.060 0.0000000000
81690  3.154  -4.548  19.032 0.0000000000
81701  2.801  -4.364  18.116 0.0000000000
81702  2.491  -4.084  17.117 0.0000000000
81710  2.419  -4.081  16.319 0.0000000000
81718  7.426  -4.703  16.029 0.0000000000
81719  7.171  -4.735  15.990 0.0000000000
81720  2.949  -4.539  15.773 0.0000000000
81721  2.686  -4.077  15.722 0.0000000000
81730  8.146  -4.577  15.509 0.0000000000
81731  7.639  -4.286  15.811 0.0000000000
81732  6.530  -4.409  15.903 0.0000000000
81733  5.203  -4.263  15.643 0.0000000000
81734  3.669  -4.163  15.548 0.0000000000
81735  3.101  -3.632  15.423 0.0000000000
81746  8.231  -4.314  15.284 0.0000000000
81747  8.140  -3.752  14.979 0.0000000000
81757  7.565  -3.546  13.973 0.0000000000
81758  6.479  -3.533  13.129 0.0000000000
81759  5.213  -3.761  12.390 0.0000000000
81760  3.938  -4.019  11.929 0.0000000000
83034  3.514  -3.975  19.253 0.0000000000
83044  3.702  -3.322  19.186 0.0000000000
83045  3.190  -3.571  18.583 0.0000000000
83054  2.698  -3.439  17.699 0.0000000000
83055  2.382  -3.293  17.049 0.0000000000
83065  2.280  -3.432  16.487 0.0000000000
83072  2.309  -3.403  15.844 0.0000000000
83080  6.974  -3.750  15.968 0.0000000000
83081  6.295  -3.413  15.736 0.0000000000
83082  5.162  -3.027  15.366 0.0000000000
83083  3.745  -3.073  15.270 0.0000000000
83084  2.826  -3.138  15.394 0.0000000000
83092  7.392  -3.189  15.642 0.0000000000
83093  6.696  -2.403  15.323 0.0000000000
83094  6.069  -1.982  15.077 0.0000000000
83098  7.686  -2.734  14.759 0.0000000000
83099  7.043  -2.308  13.997 0.0000000000
83100  6.041  -2.484  13.336 0.0000000000
83101  4.755  -2.987  12.242 0.0000000000
83104  3.478  -3.205  11.840 0.0000000000
84445  3.656  -2.636  18.775 0.0000000000
84446  3.069  -2.674  18.063 0.0000000000
84456  2.627  -2.592  17.302 0.0000000000
84457  2.291  -2.863  16.692 0.0000000000
84467  2.505  -2.216  16.582 0.0000000000
84468  2.237  -2.778  16.113 0.0000000000
84475  2.527  -2.049  15.821 0.0000000000
84476  2.549  -2.715  15.538 0.0000000000
84483  4.769  -2.334  15.192 0.0000000000
84484  3.548  -2.199  15.320 0.0000000000
84485  2.829  -2.697  15.319 0.0000000000
84489  5.537  -1.672  14.906 0.0000000000
84490  4.706  -1.641  15.163 0.0000000000
84496  6.597  -2.061  13.680 0.0000000000
84497  5.504  -2.226  12.713 0.0000000000
84504  4.206  -2.347  12.078 0.0000000000
84505  2.989  -2.389  11.772 0.0000000000
85812  3.579  -1.722  18.210 0.0000000000
85813  3.030  -2.134  17.713 0.0000000000
85821  3.569  -1.115  17.759 0.0000000000
85822  3.007  -1.569  17.278 0.0000000000
85830  2.794  -1.425  16.413 0.0000000000
85842  2.983  -1.272  15.664 0.0000000000
85854  3.815  -1.262  15.237 0.0000000000
85866  5.868  -1.619  14.698 0.0000000000
85867  4.735  -1.246  15.196 0.0000000000
85878  7.336  -1.135  14.164 0.0000000000
85879  6.989  -0.923  13.722 0.0000000000
85880  5.960  -1.863  13.171 0.0000000000
85881  4.962  -1.711  12.414 0.0000000000
85891  3.678  -1.618  11.938 0.0000000000
85892  2.562  -1.513  11.615 0.0000000000
87287  3.526  -0.492  17.325 0.0000000000
87288  3.021  -0.965  16.860 0.0000000000
87298  3.450  0.021  16.896 0.0000000000
87299  3.144  -0.460  16.419 0.0000000000
87309  3.372  -0.496  15.621 0.0000000000
87313  4.113  -0.655  15.157 0.0000000000
87317  6.868  -1.477  14.077 0.0000000000
87318  5.157  -0.873  15.065 0.0000000000
87322  7.310  -0.674  13.943 0.0000000000
87323  6.992  -0.672  13.524 0.0000000000
87324  5.712  -1.233  12.932 0.0000000000
87325  4.443  -0.957  12.211 0.0000000000
87328  3.200  -0.756  11.816 0.0000000000
87329  2.201  -0.576  11.522 0.0000000000
88788  3.748  0.542  17.283 0.0000000000
88801  3.403  0.495  16.655 0.0000000000
88802  3.252  0.379  16.092 0.0000000000
88808  3.499  0.282  15.448 0.0000000000
88813  7.592  0.380  14.578 0.0000000000
88814  7.524  0.152  14.652 0.0000000000
88815  7.276  -0.558  14.769 0.0000000000
88816  5.418  -0.733  14.890 0.0000000000
88817  4.711  -0.170  14.952 0.0000000000
88822  7.581  0.391  14.391 0.0000000000
88823  7.480  0.046  14.158 0.0000000000
88824  6.167  -0.997  13.772 0.0000000000
88825  5.906  -0.757  14.933 0.0000000000
88830  7.062  -0.107  13.555 0.0000000000
88831  6.373  -0.377  13.355 0.0000000000
88832  5.163  -0.310  12.791 0.0000000000
88833  3.850  -0.022  12.065 0.0000000000
88837  2.817  0.193  11.733 0.0000000000
90253  3.316  0.965  16.444 0.0000000000
90270  7.484  0.676  14.632 0.0000000000
90271  7.213  0.638  15.062 0.0000000000
90272  6.356  0.335  15.218 0.0000000000
90273  5.350  0.057  15.005 0.0000000000
90281  7.476  0.867  14.289 0.0000000000
90282  7.239  0.811  13.736 0.0000000000
90283  6.235  -0.932  14.980 0.0000000000
90284  5.899  -0.749  14.685 0.0000000000
90289  6.607  0.773  13.180 0.0000000000
90290  5.618  0.798  12.683 0.0000000000
90291  4.331  0.992  12.202 0.0000000000
90292  3.390  0.799  11.871 0.0000000000
90296  3.506  1.513  11.815 0.0000000000
91752  7.340  1.632  14.062 0.0000000000
91753  6.931  1.845  13.478 0.0000000000
91758  6.088  1.944  12.875 0.0000000000
91759  5.015  2.053  12.364 0.0000000000
91760  4.025  2.178  11.951 0.0000000000
168407  12.786  -19.663  -11.873 0.0000000000
168780  6.502  -1.042  13.419 0.0000000000
168781  6.962  -1.392  14.258 0.0000000000
