#!ascii label  , from subject COLIN27_FS vox2ras=TkReg
1058
3010  -31.486  -79.328  -22.793 0.0000000000
3011  -31.862  -78.884  -22.760 0.0000000000
3021  -30.027  -79.298  -23.374 0.0000000000
3023  -31.124  -79.450  -23.124 0.0000000000
3024  -31.601  -78.944  -23.274 0.0000000000
3031  -30.838  -79.167  -23.679 0.0000000000
3032  -31.333  -78.886  -23.732 0.0000000000
3033  -31.754  -78.500  -23.736 0.0000000000
3413  -36.005  -77.105  -15.928 0.0000000000
3417  -35.272  -77.197  -17.009 0.0000000000
3418  -35.892  -77.237  -16.789 0.0000000000
3419  -36.451  -77.126  -16.583 0.0000000000
3426  -35.206  -77.166  -18.096 0.0000000000
3427  -35.760  -77.204  -17.800 0.0000000000
3428  -36.479  -77.082  -17.635 0.0000000000
3429  -36.879  -76.913  -18.121 0.0000000000
3438  -35.107  -77.143  -18.891 0.0000000000
3439  -35.565  -77.162  -18.744 0.0000000000
3440  -36.104  -77.109  -18.631 0.0000000000
3441  -36.642  -76.943  -18.649 0.0000000000
3451  -34.786  -77.020  -19.467 0.0000000000
3452  -35.276  -77.156  -19.587 0.0000000000
3453  -35.832  -77.136  -19.560 0.0000000000
3454  -36.367  -77.001  -19.488 0.0000000000
3465  -34.707  -77.058  -20.423 0.0000000000
3466  -35.466  -77.149  -20.491 0.0000000000
3467  -36.135  -77.086  -20.458 0.0000000000
3468  -36.626  -76.954  -20.143 0.0000000000
3478  -32.662  -77.443  -21.894 0.0000000000
3479  -33.847  -77.044  -22.033 0.0000000000
3480  -34.884  -77.111  -21.534 0.0000000000
3481  -35.728  -77.098  -21.339 0.0000000000
3482  -36.230  -77.014  -21.303 0.0000000000
3492  -32.383  -78.115  -22.750 0.0000000000
3493  -33.274  -77.375  -22.816 0.0000000000
3494  -34.361  -77.086  -22.624 0.0000000000
3495  -35.403  -76.950  -22.299 0.0000000000
3496  -35.911  -76.995  -21.756 0.0000000000
3502  -29.769  -78.898  -23.399 0.0000000000
3503  -30.286  -78.851  -23.818 0.0000000000
3504  -32.083  -78.382  -23.378 0.0000000000
3505  -32.767  -77.709  -23.487 0.0000000000
3506  -33.797  -77.139  -23.584 0.0000000000
3507  -34.700  -76.917  -23.091 0.0000000000
3517  -30.987  -78.586  -24.131 0.0000000000
3518  -31.593  -78.273  -24.169 0.0000000000
3519  -32.272  -77.947  -24.089 0.0000000000
3520  -33.052  -77.400  -24.130 0.0000000000
3521  -33.560  -77.087  -24.206 0.0000000000
3887  -36.626  -76.481  -14.467 0.0000000000
3901  -36.143  -76.873  -15.078 0.0000000000
3902  -36.884  -76.722  -15.230 0.0000000000
3909  -36.582  -76.996  -15.845 0.0000000000
3910  -37.162  -76.838  -15.911 0.0000000000
3916  -36.904  -77.023  -16.386 0.0000000000
3917  -37.403  -76.786  -16.664 0.0000000000
3918  -37.765  -76.631  -17.230 0.0000000000
3927  -34.821  -77.029  -17.608 0.0000000000
3928  -36.891  -76.999  -16.972 0.0000000000
3929  -37.264  -76.832  -17.642 0.0000000000
3930  -37.753  -76.635  -17.689 0.0000000000
3945  -34.583  -76.842  -18.625 0.0000000000
3946  -37.204  -76.816  -18.608 0.0000000000
3947  -37.774  -76.636  -18.290 0.0000000000
3961  -34.100  -76.658  -19.821 0.0000000000
3962  -36.958  -76.886  -19.479 0.0000000000
3963  -37.781  -76.673  -19.503 0.0000000000
3973  -33.992  -76.820  -20.746 0.0000000000
3974  -36.581  -76.988  -20.757 0.0000000000
3975  -37.181  -76.858  -20.464 0.0000000000
3976  -37.867  -76.623  -20.650 0.0000000000
3985  -33.502  -76.902  -21.404 0.0000000000
3986  -34.232  -77.006  -21.265 0.0000000000
3987  -36.798  -76.872  -21.317 0.0000000000
3988  -37.563  -76.589  -21.309 0.0000000000
3992  -28.714  -77.200  -21.902 0.0000000000
3993  -29.242  -77.479  -22.781 0.0000000000
3994  -35.742  -76.726  -22.611 0.0000000000
3995  -36.217  -76.801  -22.063 0.0000000000
3996  -36.940  -76.584  -21.843 0.0000000000
4004  -29.830  -77.907  -23.623 0.0000000000
4005  -30.631  -77.889  -24.216 0.0000000000
4006  -34.574  -76.792  -23.672 0.0000000000
4007  -35.302  -76.668  -23.179 0.0000000000
4008  -36.010  -76.442  -22.883 0.0000000000
4019  -31.272  -77.916  -24.442 0.0000000000
4020  -31.927  -77.616  -24.773 0.0000000000
4021  -32.663  -77.376  -24.662 0.0000000000
4022  -33.323  -77.058  -24.615 0.0000000000
4023  -34.112  -76.737  -24.438 0.0000000000
4024  -34.948  -76.475  -23.995 0.0000000000
4033  -32.447  -77.133  -25.099 0.0000000000
4034  -33.004  -76.983  -25.117 0.0000000000
4035  -33.603  -76.735  -25.020 0.0000000000
4036  -34.004  -76.557  -24.989 0.0000000000
4502  -37.459  -75.391  -13.860 0.0000000000
4514  -37.281  -76.236  -14.756 0.0000000000
4515  -37.710  -75.604  -14.439 0.0000000000
4521  -37.424  -76.506  -15.453 0.0000000000
4522  -38.037  -75.985  -15.466 0.0000000000
4523  -38.570  -75.692  -16.111 0.0000000000
4530  -37.650  -76.528  -15.996 0.0000000000
4531  -38.096  -76.280  -16.565 0.0000000000
4532  -38.822  -75.715  -16.972 0.0000000000
4538  -38.216  -76.332  -17.627 0.0000000000
4539  -38.829  -75.912  -17.999 0.0000000000
4556  -38.396  -76.282  -18.707 0.0000000000
4557  -38.928  -75.921  -18.708 0.0000000000
4575  -38.444  -76.329  -19.569 0.0000000000
4576  -38.818  -76.076  -19.264 0.0000000000
4591  -38.287  -76.448  -20.223 0.0000000000
4633  -29.757  -76.623  -23.388 0.0000000000
4634  -30.366  -76.870  -24.148 0.0000000000
4645  -31.235  -77.016  -24.694 0.0000000000
4646  -32.000  -76.798  -25.211 0.0000000000
4659  -32.623  -76.614  -25.341 0.0000000000
4660  -33.232  -76.451  -25.364 0.0000000000
4661  -33.829  -76.322  -25.285 0.0000000000
5105  -36.922  -74.604  -10.827 0.0000000000
5122  -36.535  -75.256  -11.657 0.0000000000
5123  -36.926  -74.724  -11.589 0.0000000000
5140  -37.312  -74.599  -12.833 0.0000000000
5154  -37.258  -75.191  -13.398 0.0000000000
5155  -37.867  -74.844  -14.072 0.0000000000
5156  -38.589  -74.604  -14.786 0.0000000000
5165  -38.500  -75.188  -15.050 0.0000000000
5166  -38.911  -74.649  -15.299 0.0000000000
5172  -38.597  -75.456  -15.639 0.0000000000
5173  -39.110  -74.926  -16.046 0.0000000000
5174  -39.553  -74.342  -16.443 0.0000000000
5182  -39.296  -75.119  -16.983 0.0000000000
5183  -39.606  -74.610  -16.884 0.0000000000
5190  -39.236  -75.389  -17.675 0.0000000000
5191  -39.576  -74.927  -17.475 0.0000000000
5202  -39.190  -75.580  -18.379 0.0000000000
5203  -39.638  -75.041  -18.332 0.0000000000
5211  -39.280  -75.580  -19.209 0.0000000000
5240  -29.120  -75.237  -21.769 0.0000000000
5241  -29.568  -75.194  -22.437 0.0000000000
5253  -29.893  -75.524  -23.105 0.0000000000
5254  -30.303  -75.813  -23.876 0.0000000000
5265  -30.894  -75.943  -24.494 0.0000000000
5266  -31.744  -75.913  -25.122 0.0000000000
5267  -32.360  -75.755  -25.356 0.0000000000
5277  -32.284  -76.207  -25.379 0.0000000000
5278  -32.813  -75.927  -25.469 0.0000000000
5279  -33.472  -75.905  -25.506 0.0000000000
5754  -37.373  -73.950  -10.071 0.0000000000
5767  -37.220  -74.262  -10.884 0.0000000000
5781  -37.347  -74.156  -11.816 0.0000000000
5796  -37.550  -74.059  -12.705 0.0000000000
5808  -37.863  -74.197  -13.559 0.0000000000
5809  -38.442  -74.226  -14.379 0.0000000000
5818  -38.999  -74.141  -15.172 0.0000000000
5819  -39.274  -73.828  -15.518 0.0000000000
5826  -39.137  -74.412  -15.595 0.0000000000
5827  -39.528  -74.006  -15.982 0.0000000000
5833  -39.970  -74.066  -16.985 0.0000000000
5834  -40.381  -73.478  -17.288 0.0000000000
5839  -39.935  -74.427  -17.649 0.0000000000
5840  -40.448  -73.690  -17.864 0.0000000000
5846  -40.164  -74.331  -18.626 0.0000000000
6409  -37.444  -73.614  -10.905 0.0000000000
6413  -37.492  -73.644  -12.149 0.0000000000
6421  -37.783  -73.700  -13.212 0.0000000000
6432  -38.292  -73.793  -14.036 0.0000000000
6433  -38.794  -73.773  -14.670 0.0000000000
6444  -39.171  -73.651  -15.231 0.0000000000
6445  -39.465  -73.511  -15.748 0.0000000000
6457  -39.837  -73.331  -16.247 0.0000000000
6458  -40.190  -73.134  -16.635 0.0000000000
6466  -39.940  -73.536  -16.567 0.0000000000
6467  -40.340  -73.297  -16.962 0.0000000000
6473  -40.759  -73.042  -17.528 0.0000000000
6481  -41.025  -73.000  -18.415 0.0000000000
7078  -37.663  -72.627  -9.640 0.0000000000
7087  -37.476  -72.128  -10.060 0.0000000000
7088  -37.526  -72.865  -10.446 0.0000000000
7090  -37.200  -72.338  -11.071 0.0000000000
7091  -37.434  -73.060  -11.572 0.0000000000
7093  -37.205  -72.497  -12.254 0.0000000000
7094  -37.577  -73.154  -12.774 0.0000000000
7097  -37.532  -72.438  -13.537 0.0000000000
7098  -38.162  -73.203  -13.935 0.0000000000
7099  -38.600  -73.520  -14.379 0.0000000000
7104  -37.692  -71.946  -14.207 0.0000000000
7105  -38.276  -72.277  -14.638 0.0000000000
7106  -38.954  -73.138  -14.938 0.0000000000
7107  -39.348  -73.313  -15.480 0.0000000000
7115  -38.668  -71.932  -15.158 0.0000000000
7116  -39.028  -72.256  -15.390 0.0000000000
7117  -39.735  -72.733  -16.047 0.0000000000
7118  -40.104  -72.787  -16.454 0.0000000000
7127  -40.378  -72.066  -16.583 0.0000000000
7128  -40.691  -72.555  -16.906 0.0000000000
7138  -41.595  -72.263  -17.934 0.0000000000
7139  -42.186  -71.715  -18.176 0.0000000000
7801  -37.625  -71.301  -8.420 0.0000000000
7808  -37.417  -71.356  -9.576 0.0000000000
7816  -36.689  -70.770  -10.852 0.0000000000
7817  -36.961  -71.364  -10.582 0.0000000000
7820  -36.578  -70.938  -11.442 0.0000000000
7821  -36.835  -71.717  -11.759 0.0000000000
7823  -36.501  -71.012  -12.424 0.0000000000
7824  -36.908  -71.790  -12.895 0.0000000000
7826  -36.651  -70.992  -13.449 0.0000000000
7827  -37.211  -71.621  -13.875 0.0000000000
7831  -37.008  -70.938  -14.244 0.0000000000
7832  -37.716  -71.340  -14.767 0.0000000000
7833  -38.373  -71.659  -15.114 0.0000000000
7837  -38.307  -71.173  -15.426 0.0000000000
7838  -38.832  -71.549  -15.608 0.0000000000
7839  -39.471  -71.760  -16.061 0.0000000000
7840  -39.980  -71.939  -16.350 0.0000000000
7844  -39.863  -71.524  -16.379 0.0000000000
7845  -40.292  -71.441  -16.565 0.0000000000
7846  -41.014  -71.473  -16.890 0.0000000000
7847  -41.751  -71.116  -17.229 0.0000000000
7856  -41.478  -71.762  -17.352 0.0000000000
7857  -42.195  -71.315  -17.736 0.0000000000
7858  -42.680  -70.959  -17.954 0.0000000000
8498  -37.306  -70.486  -7.601 0.0000000000
8513  -37.375  -70.267  -8.402 0.0000000000
8525  -37.010  -70.132  -9.867 0.0000000000
8526  -37.241  -70.341  -9.381 0.0000000000
8533  -36.860  -70.394  -10.301 0.0000000000
8534  -37.099  -70.883  -9.929 0.0000000000
8537  -36.532  -70.294  -11.146 0.0000000000
8540  -36.298  -70.268  -11.961 0.0000000000
8546  -36.228  -70.086  -13.023 0.0000000000
8556  -36.570  -70.210  -14.077 0.0000000000
8557  -37.174  -70.353  -14.863 0.0000000000
8568  -37.958  -70.498  -15.480 0.0000000000
8569  -38.801  -70.727  -15.958 0.0000000000
8570  -39.170  -71.244  -16.057 0.0000000000
8584  -39.194  -70.466  -16.186 0.0000000000
8585  -39.647  -70.874  -16.371 0.0000000000
8586  -40.646  -70.676  -16.635 0.0000000000
8587  -41.506  -70.524  -16.866 0.0000000000
8588  -42.351  -70.404  -17.260 0.0000000000
8589  -42.831  -69.980  -17.400 0.0000000000
8604  -42.560  -70.801  -17.685 0.0000000000
8605  -42.873  -70.451  -17.793 0.0000000000
9325  -36.010  -69.295  -7.149 0.0000000000
9326  -36.753  -69.708  -7.387 0.0000000000
9327  -37.176  -69.656  -8.070 0.0000000000
9338  -37.209  -69.658  -8.766 0.0000000000
9351  -36.917  -69.664  -9.947 0.0000000000
9352  -37.068  -69.516  -9.300 0.0000000000
9358  -36.595  -69.640  -10.811 0.0000000000
9359  -41.759  -68.118  -11.297 0.0000000000
9360  -41.826  -68.188  -11.525 0.0000000000
9362  -36.377  -69.698  -11.532 0.0000000000
9363  -41.318  -68.162  -12.032 0.0000000000
9364  -41.514  -68.150  -11.759 0.0000000000
9365  -41.835  -68.276  -12.011 0.0000000000
9371  -36.199  -69.431  -12.251 0.0000000000
9372  -41.135  -68.235  -12.550 0.0000000000
9373  -41.636  -68.411  -12.638 0.0000000000
9374  -42.096  -68.423  -12.621 0.0000000000
9384  -36.165  -69.139  -13.022 0.0000000000
9385  -41.166  -68.610  -13.695 0.0000000000
9386  -41.958  -68.640  -13.502 0.0000000000
9387  -42.454  -68.431  -13.335 0.0000000000
9388  -42.673  -68.313  -13.342 0.0000000000
9397  -36.365  -69.278  -13.799 0.0000000000
9398  -36.825  -69.387  -14.670 0.0000000000
9399  -40.950  -68.942  -14.828 0.0000000000
9400  -41.764  -68.874  -14.570 0.0000000000
9401  -42.434  -68.634  -14.344 0.0000000000
9402  -42.798  -68.328  -13.928 0.0000000000
9410  -37.591  -69.545  -15.344 0.0000000000
9411  -38.611  -69.730  -15.878 0.0000000000
9412  -39.562  -69.430  -15.819 0.0000000000
9413  -40.506  -69.301  -15.621 0.0000000000
9414  -41.486  -69.257  -15.581 0.0000000000
9415  -42.322  -69.030  -15.499 0.0000000000
9416  -43.084  -68.500  -15.257 0.0000000000
9417  -43.546  -68.278  -15.715 0.0000000000
9426  -38.971  -70.235  -16.107 0.0000000000
9427  -39.349  -70.082  -16.190 0.0000000000
9428  -40.139  -69.956  -16.317 0.0000000000
9429  -41.083  -69.840  -16.344 0.0000000000
9430  -41.989  -69.715  -16.416 0.0000000000
9431  -42.875  -69.335  -16.705 0.0000000000
9439  -43.160  -69.738  -17.720 0.0000000000
10000  -42.236  -66.862  -3.097 0.0000000000
10001  -42.575  -66.910  -3.063 0.0000000000
10002  -42.774  -66.914  -2.908 0.0000000000
10019  -42.102  -66.820  -3.954 0.0000000000
10020  -42.475  -66.906  -3.641 0.0000000000
10021  -42.820  -66.937  -3.354 0.0000000000
10036  -42.102  -66.862  -4.805 0.0000000000
10037  -42.417  -66.911  -4.436 0.0000000000
10038  -42.792  -66.960  -4.102 0.0000000000
10049  -42.107  -67.048  -5.493 0.0000000000
10050  -42.373  -67.016  -5.224 0.0000000000
10051  -42.731  -66.981  -4.960 0.0000000000
10061  -42.102  -67.133  -5.787 0.0000000000
10062  -42.311  -67.185  -5.821 0.0000000000
10063  -42.619  -67.185  -5.777 0.0000000000
10079  -35.564  -68.310  -7.439 0.0000000000
10080  -36.406  -68.417  -7.753 0.0000000000
10081  -36.894  -68.991  -8.027 0.0000000000
10082  -42.178  -67.686  -7.788 0.0000000000
10083  -42.358  -67.729  -8.083 0.0000000000
10100  -36.838  -68.260  -8.581 0.0000000000
10101  -37.031  -69.068  -8.618 0.0000000000
10102  -42.024  -67.682  -8.331 0.0000000000
10103  -42.381  -67.715  -8.758 0.0000000000
10121  -36.860  -68.727  -9.509 0.0000000000
10122  -37.074  -69.226  -9.018 0.0000000000
10123  -41.288  -67.548  -10.240 0.0000000000
10124  -41.851  -67.688  -9.559 0.0000000000
10125  -42.554  -67.708  -9.651 0.0000000000
10126  -42.944  -67.650  -9.920 0.0000000000
10136  -36.661  -68.936  -10.501 0.0000000000
10137  -41.101  -67.809  -11.046 0.0000000000
10138  -41.545  -67.940  -10.925 0.0000000000
10139  -42.096  -68.013  -10.780 0.0000000000
10140  -42.677  -67.761  -10.351 0.0000000000
10152  -36.409  -68.849  -11.477 0.0000000000
10153  -41.068  -67.991  -11.866 0.0000000000
10154  -41.303  -68.011  -11.389 0.0000000000
10155  -42.180  -68.210  -11.802 0.0000000000
10156  -42.627  -67.867  -11.093 0.0000000000
10169  -36.264  -68.533  -12.507 0.0000000000
10170  -40.689  -67.902  -12.691 0.0000000000
10171  -42.466  -68.282  -12.658 0.0000000000
10172  -42.679  -67.982  -12.024 0.0000000000
10180  -36.396  -68.399  -13.434 0.0000000000
10181  -39.884  -68.026  -14.166 0.0000000000
10182  -40.408  -68.091  -13.509 0.0000000000
10183  -42.614  -68.325  -13.090 0.0000000000
10184  -42.863  -68.089  -13.084 0.0000000000
10186  -36.699  -68.478  -14.290 0.0000000000
10187  -37.361  -68.507  -14.973 0.0000000000
10188  -38.274  -68.120  -15.101 0.0000000000
10189  -39.302  -68.044  -14.734 0.0000000000
10190  -40.266  -68.541  -14.446 0.0000000000
10191  -43.235  -68.005  -14.155 0.0000000000
10198  -38.116  -68.892  -15.464 0.0000000000
10199  -38.946  -68.799  -15.450 0.0000000000
10200  -39.807  -68.890  -15.166 0.0000000000
10201  -40.378  -68.963  -15.010 0.0000000000
10202  -43.602  -67.946  -15.154 0.0000000000
10729  -42.390  -66.585  -0.528 0.0000000000
10730  -42.643  -66.626  -0.714 0.0000000000
10731  -43.093  -66.646  -1.065 0.0000000000
10732  -43.455  -66.513  -1.501 0.0000000000
10742  -42.245  -66.681  -1.050 0.0000000000
10743  -42.603  -66.796  -1.524 0.0000000000
10744  -43.085  -66.795  -1.895 0.0000000000
10745  -43.589  -66.583  -2.210 0.0000000000
10764  -41.985  -66.742  -2.195 0.0000000000
10765  -42.619  -66.880  -2.478 0.0000000000
10766  -43.172  -66.846  -2.833 0.0000000000
10767  -43.759  -66.602  -2.884 0.0000000000
10783  -41.564  -66.391  -4.043 0.0000000000
10784  -41.767  -66.627  -3.395 0.0000000000
10785  -43.197  -66.885  -3.721 0.0000000000
10786  -43.595  -66.693  -3.399 0.0000000000
10800  -41.590  -66.371  -4.396 0.0000000000
10801  -41.765  -66.583  -4.478 0.0000000000
10802  -43.151  -66.864  -4.612 0.0000000000
10803  -43.634  -66.597  -4.164 0.0000000000
10817  -41.889  -66.811  -5.259 0.0000000000
10818  -43.084  -67.019  -5.592 0.0000000000
10819  -43.527  -66.557  -5.211 0.0000000000
10831  -41.963  -67.037  -6.068 0.0000000000
10832  -42.350  -67.366  -6.495 0.0000000000
10833  -42.891  -67.314  -6.527 0.0000000000
10834  -43.493  -66.785  -6.467 0.0000000000
10847  -34.100  -67.326  -7.214 0.0000000000
10849  -35.867  -67.354  -7.750 0.0000000000
10850  -41.919  -67.382  -7.386 0.0000000000
10851  -42.507  -67.549  -7.412 0.0000000000
10852  -43.142  -67.333  -7.433 0.0000000000
10853  -43.756  -66.805  -7.691 0.0000000000
10867  -36.409  -67.273  -8.449 0.0000000000
10868  -41.646  -67.352  -8.497 0.0000000000
10869  -42.755  -67.640  -8.145 0.0000000000
10870  -43.276  -67.386  -8.364 0.0000000000
10871  -43.787  -66.988  -8.730 0.0000000000
10883  -36.570  -67.430  -9.519 0.0000000000
10884  -41.024  -67.068  -9.940 0.0000000000
10885  -41.331  -67.256  -9.367 0.0000000000
10886  -42.838  -67.655  -8.846 0.0000000000
10887  -43.229  -67.463  -9.347 0.0000000000
10888  -43.747  -67.020  -9.621 0.0000000000
10896  -36.500  -67.842  -10.787 0.0000000000
10897  -40.857  -67.238  -10.614 0.0000000000
10898  -43.325  -67.329  -10.343 0.0000000000
10899  -43.713  -67.016  -10.035 0.0000000000
10914  -36.400  -67.891  -11.939 0.0000000000
10915  -40.774  -67.340  -11.465 0.0000000000
10916  -43.047  -67.557  -11.345 0.0000000000
10929  -36.539  -67.579  -12.883 0.0000000000
10930  -40.032  -66.994  -13.174 0.0000000000
10931  -40.495  -67.312  -12.422 0.0000000000
10932  -43.086  -67.420  -12.193 0.0000000000
10940  -36.849  -67.510  -13.957 0.0000000000
10941  -37.259  -67.102  -14.213 0.0000000000
10942  -38.864  -67.083  -14.375 0.0000000000
10943  -39.586  -67.342  -13.940 0.0000000000
10944  -40.276  -67.548  -13.173 0.0000000000
10945  -43.209  -67.380  -13.251 0.0000000000
10947  -37.022  -67.945  -14.540 0.0000000000
10948  -37.575  -67.505  -14.572 0.0000000000
10949  -38.476  -67.432  -14.641 0.0000000000
10950  -39.065  -67.446  -14.480 0.0000000000
10951  -43.444  -67.351  -14.221 0.0000000000
10958  -43.634  -67.207  -15.067 0.0000000000
11502  -42.792  -66.000  0.506 0.0000000000
11503  -43.109  -66.026  0.325 0.0000000000
11504  -43.438  -65.968  0.021 0.0000000000
11512  -42.123  -66.456  -0.443 0.0000000000
11513  -42.576  -66.331  -0.029 0.0000000000
11514  -43.100  -66.384  -0.319 0.0000000000
11515  -43.621  -66.097  -0.768 0.0000000000
11516  -44.049  -65.661  -1.392 0.0000000000
11524  -41.730  -66.362  -1.217 0.0000000000
11525  -43.882  -66.188  -1.741 0.0000000000
11526  -44.329  -65.652  -2.217 0.0000000000
11544  -41.092  -65.790  -2.578 0.0000000000
11545  -41.384  -66.195  -2.227 0.0000000000
11546  -44.116  -66.246  -2.573 0.0000000000
11547  -44.550  -65.673  -3.061 0.0000000000
11566  -41.277  -66.088  -3.340 0.0000000000
11567  -41.585  -66.488  -2.780 0.0000000000
11568  -44.160  -66.233  -3.542 0.0000000000
11569  -44.606  -65.612  -3.736 0.0000000000
11582  -41.373  -66.094  -4.577 0.0000000000
11583  -41.595  -66.368  -4.667 0.0000000000
11584  -44.111  -66.008  -4.658 0.0000000000
11585  -44.445  -65.789  -4.092 0.0000000000
11595  -41.381  -66.000  -5.246 0.0000000000
11596  -41.589  -66.396  -5.456 0.0000000000
11597  -43.971  -66.123  -5.829 0.0000000000
11604  -41.638  -66.635  -6.825 0.0000000000
11605  -44.124  -66.168  -6.936 0.0000000000
11606  -44.392  -65.826  -7.079 0.0000000000
11617  -33.663  -66.285  -6.972 0.0000000000
11618  -34.737  -66.333  -7.376 0.0000000000
11619  -35.429  -66.653  -7.658 0.0000000000
11620  -41.578  -66.899  -7.818 0.0000000000
11621  -44.164  -66.352  -7.626 0.0000000000
11622  -44.471  -65.897  -7.624 0.0000000000
11634  -35.315  -65.993  -7.796 0.0000000000
11635  -35.849  -66.300  -8.238 0.0000000000
11636  -41.370  -66.765  -8.616 0.0000000000
11637  -44.234  -66.445  -8.228 0.0000000000
11638  -44.729  -65.887  -8.562 0.0000000000
11650  -36.152  -66.208  -9.323 0.0000000000
11651  -40.963  -66.790  -9.866 0.0000000000
11652  -41.118  -66.590  -9.511 0.0000000000
11653  -44.294  -66.524  -9.132 0.0000000000
11654  -44.823  -65.836  -9.510 0.0000000000
11666  -36.333  -66.418  -10.644 0.0000000000
11667  -40.910  -66.546  -10.220 0.0000000000
11668  -41.047  -66.151  -9.881 0.0000000000
11669  -43.635  -66.934  -10.535 0.0000000000
11670  -44.043  -66.613  -10.171 0.0000000000
11671  -44.688  -65.788  -10.340 0.0000000000
11684  -36.528  -66.711  -12.018 0.0000000000
11685  -40.725  -66.505  -11.111 0.0000000000
11686  -43.548  -66.805  -11.150 0.0000000000
11687  -44.282  -65.932  -10.949 0.0000000000
11688  -44.647  -65.673  -10.690 0.0000000000
11697  -37.023  -66.505  -13.359 0.0000000000
11698  -37.635  -66.069  -13.636 0.0000000000
11699  -40.147  -66.342  -12.697 0.0000000000
11700  -40.538  -66.689  -11.927 0.0000000000
11701  -43.474  -66.445  -12.329 0.0000000000
11702  -43.801  -66.157  -11.536 0.0000000000
11709  -37.156  -66.905  -13.952 0.0000000000
11710  -37.725  -66.649  -14.129 0.0000000000
11711  -38.781  -66.500  -14.051 0.0000000000
11712  -39.557  -66.406  -13.468 0.0000000000
11713  -43.376  -66.705  -13.410 0.0000000000
11715  -38.003  -67.080  -14.508 0.0000000000
11716  -38.353  -66.915  -14.386 0.0000000000
11717  -43.409  -66.517  -14.218 0.0000000000
12300  -42.806  -65.476  1.179 0.0000000000
12301  -43.135  -65.315  1.398 0.0000000000
12302  -43.581  -65.228  1.306 0.0000000000
12303  -44.030  -65.037  1.195 0.0000000000
12314  -41.868  -65.621  0.380 0.0000000000
12315  -42.320  -65.728  0.666 0.0000000000
12316  -43.081  -65.678  0.907 0.0000000000
12317  -43.587  -65.539  0.658 0.0000000000
12318  -44.060  -65.024  0.539 0.0000000000
12322  -41.753  -65.836  -0.199 0.0000000000
12323  -42.164  -66.195  0.054 0.0000000000
12324  -43.744  -65.612  0.029 0.0000000000
12325  -44.012  -65.179  -0.574 0.0000000000
12328  -40.994  -65.196  -1.769 0.0000000000
12329  -41.186  -65.537  -1.421 0.0000000000
12330  -44.411  -64.949  -1.840 0.0000000000
12339  -40.954  -65.315  -2.175 0.0000000000
12340  -41.120  -65.764  -2.103 0.0000000000
12341  -44.753  -64.882  -2.894 0.0000000000
12342  -45.228  -64.439  -3.601 0.0000000000
12356  -40.811  -65.326  -3.030 0.0000000000
12357  -44.950  -65.087  -3.625 0.0000000000
12358  -45.433  -64.557  -4.148 0.0000000000
12371  -40.776  -65.193  -4.163 0.0000000000
12372  -44.406  -65.576  -5.426 0.0000000000
12373  -44.813  -65.164  -4.573 0.0000000000
12374  -45.454  -64.485  -4.818 0.0000000000
12385  -41.149  -65.405  -5.420 0.0000000000
12386  -41.376  -65.932  -5.615 0.0000000000
12387  -44.373  -65.662  -6.301 0.0000000000
12388  -44.857  -64.888  -5.870 0.0000000000
12389  -45.208  -64.627  -5.222 0.0000000000
12399  -41.220  -65.174  -6.150 0.0000000000
12400  -41.403  -65.754  -6.409 0.0000000000
12401  -44.379  -65.784  -6.815 0.0000000000
12402  -44.621  -65.385  -6.926 0.0000000000
12413  -34.235  -65.168  -7.502 0.0000000000
12414  -34.920  -65.657  -7.724 0.0000000000
12415  -41.454  -66.065  -7.788 0.0000000000
12416  -45.041  -65.087  -7.939 0.0000000000
12417  -45.507  -64.596  -8.102 0.0000000000
12428  -34.580  -64.622  -8.149 0.0000000000
12429  -35.209  -65.186  -8.430 0.0000000000
12430  -35.814  -65.713  -8.793 0.0000000000
12431  -41.357  -66.044  -8.818 0.0000000000
12432  -45.279  -65.342  -8.945 0.0000000000
12433  -45.644  -64.740  -8.640 0.0000000000
12446  -35.310  -64.767  -9.313 0.0000000000
12447  -35.670  -65.299  -9.367 0.0000000000
12448  -41.255  -65.736  -9.521 0.0000000000
12449  -45.318  -65.354  -9.491 0.0000000000
12450  -45.821  -64.917  -9.520 0.0000000000
12451  -46.333  -64.558  -9.976 0.0000000000
12463  -35.468  -64.706  -9.945 0.0000000000
12464  -35.964  -65.161  -10.459 0.0000000000
12465  -40.841  -66.090  -10.669 0.0000000000
12466  -41.026  -65.673  -10.325 0.0000000000
12467  -45.298  -65.391  -10.004 0.0000000000
12468  -45.842  -64.913  -10.346 0.0000000000
12469  -46.519  -64.450  -10.559 0.0000000000
12479  -36.572  -65.160  -11.767 0.0000000000
12480  -37.230  -64.935  -12.542 0.0000000000
12481  -40.820  -65.635  -11.059 0.0000000000
12482  -40.953  -65.323  -10.753 0.0000000000
12483  -44.452  -65.591  -11.195 0.0000000000
12484  -44.932  -65.351  -10.870 0.0000000000
12485  -45.901  -64.654  -11.191 0.0000000000
12486  -46.587  -64.323  -11.140 0.0000000000
12495  -36.944  -65.706  -12.617 0.0000000000
12496  -37.728  -65.371  -13.186 0.0000000000
12497  -38.546  -65.310  -13.385 0.0000000000
12498  -40.081  -65.529  -12.615 0.0000000000
12499  -40.505  -65.809  -11.915 0.0000000000
12500  -43.660  -65.862  -12.366 0.0000000000
12501  -44.088  -65.487  -11.848 0.0000000000
12502  -45.000  -64.843  -11.545 0.0000000000
12503  -45.536  -64.562  -11.691 0.0000000000
12511  -38.221  -65.887  -13.715 0.0000000000
12512  -39.041  -65.704  -13.543 0.0000000000
12513  -39.659  -65.683  -13.119 0.0000000000
12514  -43.590  -65.676  -13.013 0.0000000000
12515  -43.862  -65.304  -12.488 0.0000000000
13093  -43.177  -64.464  2.056 0.0000000000
13094  -43.811  -64.304  2.179 0.0000000000
13095  -44.468  -64.068  2.063 0.0000000000
13096  -44.833  -63.825  1.938 0.0000000000
13103  -41.906  -64.638  1.244 0.0000000000
13104  -42.625  -64.920  1.539 0.0000000000
13105  -43.433  -64.888  1.755 0.0000000000
13106  -44.046  -64.717  1.724 0.0000000000
13107  -44.534  -64.262  1.363 0.0000000000
13118  -41.707  -65.074  0.481 0.0000000000
13119  -42.069  -65.171  1.073 0.0000000000
13120  -44.368  -64.245  0.167 0.0000000000
13130  -40.994  -64.354  -0.731 0.0000000000
13131  -41.281  -65.053  -0.460 0.0000000000
13132  -44.276  -63.933  -1.490 0.0000000000
13133  -44.195  -64.400  -1.083 0.0000000000
13136  -40.886  -64.655  -1.702 0.0000000000
13137  -41.058  -64.921  -1.072 0.0000000000
13138  -44.445  -63.876  -2.139 0.0000000000
13139  -44.623  -64.081  -2.386 0.0000000000
13140  -45.217  -63.733  -3.125 0.0000000000
13145  -40.689  -64.702  -2.576 0.0000000000
13146  -44.688  -64.439  -2.638 0.0000000000
13147  -45.337  -63.822  -3.314 0.0000000000
13148  -46.249  -63.465  -3.889 0.0000000000
13156  -40.456  -64.508  -3.354 0.0000000000
13157  -45.850  -64.004  -3.951 0.0000000000
13158  -46.501  -63.569  -4.356 0.0000000000
13166  -40.088  -63.696  -4.411 0.0000000000
13167  -40.302  -64.149  -4.225 0.0000000000
13168  -45.969  -64.061  -4.628 0.0000000000
13169  -46.534  -63.646  -5.065 0.0000000000
13183  -40.109  -63.763  -4.807 0.0000000000
13184  -40.515  -64.334  -5.182 0.0000000000
13185  -45.221  -64.487  -6.133 0.0000000000
13186  -45.728  -64.070  -5.806 0.0000000000
13187  -46.490  -63.604  -5.591 0.0000000000
13204  -40.898  -64.519  -6.168 0.0000000000
13205  -41.266  -64.956  -6.686 0.0000000000
13206  -45.159  -64.596  -6.776 0.0000000000
13207  -45.667  -64.103  -7.075 0.0000000000
13219  -33.153  -64.155  -7.272 0.0000000000
13220  -34.046  -64.090  -8.002 0.0000000000
13221  -41.075  -64.168  -7.423 0.0000000000
13222  -41.389  -65.178  -7.384 0.0000000000
13223  -45.445  -64.482  -7.616 0.0000000000
13224  -46.012  -64.085  -8.061 0.0000000000
13225  -46.551  -63.728  -8.124 0.0000000000
13234  -34.596  -64.119  -8.860 0.0000000000
13235  -35.049  -64.550  -9.089 0.0000000000
13236  -41.136  -64.016  -8.355 0.0000000000
13237  -41.399  -64.897  -8.658 0.0000000000
13238  -46.295  -64.389  -9.065 0.0000000000
13239  -46.756  -63.885  -8.635 0.0000000000
13254  -34.606  -63.652  -9.538 0.0000000000
13255  -34.986  -64.107  -9.798 0.0000000000
13256  -41.269  -64.968  -9.901 0.0000000000
13257  -46.369  -64.464  -9.615 0.0000000000
13258  -47.128  -64.044  -9.775 0.0000000000
13259  -48.174  -63.658  -9.873 0.0000000000
13269  -35.559  -64.030  -10.703 0.0000000000
13270  -36.230  -64.179  -11.358 0.0000000000
13271  -40.813  -64.573  -11.058 0.0000000000
13272  -41.077  -64.990  -10.606 0.0000000000
13273  -47.185  -64.131  -10.951 0.0000000000
13274  -48.248  -63.773  -10.819 0.0000000000
13275  -48.927  -63.563  -11.298 0.0000000000
13285  -36.827  -64.037  -11.837 0.0000000000
13286  -37.285  -64.219  -12.233 0.0000000000
13287  -40.675  -65.034  -11.559 0.0000000000
13288  -40.915  -65.087  -11.028 0.0000000000
13289  -46.382  -64.353  -11.482 0.0000000000
13290  -46.842  -64.170  -11.640 0.0000000000
13291  -47.673  -63.987  -11.794 0.0000000000
13292  -48.662  -63.682  -12.024 0.0000000000
13303  -37.942  -64.425  -12.616 0.0000000000
13304  -38.743  -64.676  -12.954 0.0000000000
13305  -39.630  -64.957  -12.857 0.0000000000
13306  -40.271  -64.990  -12.252 0.0000000000
13307  -44.544  -64.881  -11.997 0.0000000000
13308  -45.061  -64.540  -12.109 0.0000000000
13309  -46.046  -64.329  -12.082 0.0000000000
13311  -47.917  -63.877  -12.839 0.0000000000
13312  -48.749  -63.615  -13.201 0.0000000000
13321  -39.068  -65.143  -13.255 0.0000000000
13322  -39.351  -65.342  -13.219 0.0000000000
13323  -43.696  -65.128  -13.050 0.0000000000
13324  -44.119  -64.845  -12.697 0.0000000000
13329  -48.793  -63.523  -14.194 0.0000000000
13331  -43.664  -64.984  -13.576 0.0000000000
13336  -48.302  -63.653  -15.064 0.0000000000
13337  -48.833  -63.456  -14.752 0.0000000000
13348  -48.091  -63.635  -16.017 0.0000000000
14033  -42.458  -63.171  2.496 0.0000000000
14034  -43.191  -63.669  2.476 0.0000000000
14035  -44.276  -63.566  2.548 0.0000000000
14036  -44.914  -63.369  2.307 0.0000000000
14037  -45.126  -63.375  1.821 0.0000000000
14044  -42.079  -63.852  1.930 0.0000000000
14045  -42.753  -64.277  2.066 0.0000000000
14046  -44.920  -63.444  0.993 0.0000000000
14054  -40.946  -63.350  0.675 0.0000000000
14055  -41.291  -63.945  0.909 0.0000000000
14056  -44.314  -62.982  -0.356 0.0000000000
14057  -44.562  -63.332  0.054 0.0000000000
14068  -40.870  -63.525  -0.002 0.0000000000
14069  -41.213  -64.401  0.056 0.0000000000
14070  -44.154  -63.403  -0.914 0.0000000000
14071  -44.334  -63.904  -0.590 0.0000000000
14081  -40.640  -63.548  -1.213 0.0000000000
14082  -44.317  -63.510  -2.057 0.0000000000
14083  -44.722  -63.634  -2.618 0.0000000000
14084  -45.101  -63.610  -3.008 0.0000000000
14089  -39.935  -62.798  -2.845 0.0000000000
14090  -40.365  -63.632  -2.564 0.0000000000
14091  -44.813  -63.203  -2.734 0.0000000000
14092  -45.328  -63.141  -3.001 0.0000000000
14093  -45.782  -63.144  -3.265 0.0000000000
14094  -46.442  -62.997  -3.638 0.0000000000
14102  -39.881  -63.163  -3.588 0.0000000000
14103  -40.203  -63.824  -3.567 0.0000000000
14104  -47.010  -62.996  -4.111 0.0000000000
14105  -47.511  -62.536  -4.108 0.0000000000
14109  -39.756  -63.331  -4.530 0.0000000000
14110  -40.037  -63.638  -4.068 0.0000000000
14111  -47.110  -63.161  -4.743 0.0000000000
14112  -47.630  -62.641  -4.470 0.0000000000
14119  -39.222  -62.766  -6.426 0.0000000000
14120  -39.783  -63.372  -5.676 0.0000000000
14121  -40.405  -63.975  -5.888 0.0000000000
14122  -46.537  -63.508  -6.096 0.0000000000
14123  -47.060  -63.240  -5.594 0.0000000000
14124  -47.738  -62.766  -5.199 0.0000000000
14142  -39.153  -62.680  -6.855 0.0000000000
14143  -39.611  -63.028  -6.972 0.0000000000
14144  -40.382  -63.712  -6.575 0.0000000000
14145  -46.313  -63.622  -7.050 0.0000000000
14146  -47.088  -63.166  -6.640 0.0000000000
14147  -47.796  -62.803  -6.141 0.0000000000
14159  -33.333  -63.147  -7.993 0.0000000000
14160  -34.013  -63.454  -8.568 0.0000000000
14161  -39.923  -62.945  -7.820 0.0000000000
14162  -40.359  -63.381  -7.419 0.0000000000
14163  -46.460  -63.669  -7.797 0.0000000000
14164  -47.070  -63.354  -7.861 0.0000000000
14165  -47.906  -62.873  -7.194 0.0000000000
14174  -33.733  -62.741  -8.740 0.0000000000
14175  -34.230  -63.139  -9.322 0.0000000000
14176  -39.762  -62.750  -8.506 0.0000000000
14177  -40.561  -63.325  -8.431 0.0000000000
14178  -41.133  -63.857  -8.977 0.0000000000
14179  -47.455  -63.571  -8.797 0.0000000000
14180  -48.363  -63.037  -8.352 0.0000000000
14181  -49.189  -63.032  -8.929 0.0000000000
14195  -34.665  -63.133  -10.120 0.0000000000
14196  -35.122  -63.457  -10.515 0.0000000000
14197  -39.855  -62.810  -9.401 0.0000000000
14198  -40.569  -63.392  -9.679 0.0000000000
14199  -41.140  -64.159  -9.762 0.0000000000
14200  -47.955  -63.514  -9.259 0.0000000000
14201  -48.678  -63.348  -9.371 0.0000000000
14202  -49.484  -63.131  -9.725 0.0000000000
14203  -50.027  -62.997  -10.359 0.0000000000
14212  -35.098  -62.825  -10.693 0.0000000000
14213  -35.538  -63.028  -11.021 0.0000000000
14214  -36.128  -63.258  -11.332 0.0000000000
14215  -38.921  -62.835  -10.910 0.0000000000
14216  -39.590  -63.016  -10.614 0.0000000000
14217  -40.557  -63.815  -10.772 0.0000000000
14218  -41.043  -64.457  -10.440 0.0000000000
14219  -48.803  -63.508  -10.097 0.0000000000
14220  -49.302  -63.360  -10.722 0.0000000000
14221  -50.088  -63.007  -11.154 0.0000000000
14230  -36.798  -63.351  -11.617 0.0000000000
14231  -37.566  -63.391  -11.820 0.0000000000
14232  -38.639  -63.146  -11.539 0.0000000000
14233  -39.643  -63.591  -11.666 0.0000000000
14234  -40.297  -64.316  -11.791 0.0000000000
14235  -49.440  -63.330  -11.633 0.0000000000
14236  -50.092  -62.953  -12.028 0.0000000000
14247  -38.020  -63.727  -12.191 0.0000000000
14248  -38.768  -63.850  -12.341 0.0000000000
14249  -39.552  -64.234  -12.416 0.0000000000
14250  -39.974  -64.570  -12.376 0.0000000000
14251  -49.495  -63.248  -12.605 0.0000000000
14252  -50.047  -62.917  -12.593 0.0000000000
14260  -49.406  -63.251  -13.634 0.0000000000
14261  -50.018  -62.887  -13.169 0.0000000000
14263  -48.900  -63.365  -15.163 0.0000000000
14264  -49.327  -63.225  -14.600 0.0000000000
14265  -50.003  -62.895  -14.062 0.0000000000
14273  -48.680  -63.341  -15.936 0.0000000000
14274  -49.338  -63.075  -15.463 0.0000000000
14275  -49.925  -62.818  -14.945 0.0000000000
14931  -46.013  -61.847  2.931 0.0000000000
14936  -41.786  -62.530  2.342 0.0000000000
14938  -44.031  -62.838  3.049 0.0000000000
14939  -44.936  -62.779  2.889 0.0000000000
14940  -45.633  -62.420  2.472 0.0000000000
14941  -46.021  -61.897  2.691 0.0000000000
14946  -40.897  -62.188  1.763 0.0000000000
14947  -41.222  -63.107  1.497 0.0000000000
14948  -45.425  -62.572  1.569 0.0000000000
14952  -40.624  -62.657  0.760 0.0000000000
14953  -41.006  -63.273  0.979 0.0000000000
14955  -45.016  -62.588  0.732 0.0000000000
14961  -39.824  -61.900  -0.644 0.0000000000
14962  -40.254  -62.481  -0.518 0.0000000000
14973  -39.788  -61.999  -1.225 0.0000000000
14974  -40.207  -62.741  -1.711 0.0000000000
14983  -39.669  -62.193  -2.305 0.0000000000
14984  -40.098  -62.813  -2.376 0.0000000000
14986  -44.513  -62.772  -2.615 0.0000000000
14987  -45.352  -62.614  -2.972 0.0000000000
14988  -46.060  -62.460  -3.102 0.0000000000
14989  -46.859  -62.220  -3.335 0.0000000000
14990  -47.790  -61.637  -3.571 0.0000000000
14991  -48.356  -61.361  -3.813 0.0000000000
15004  -39.098  -61.952  -3.983 0.0000000000
15005  -39.480  -62.282  -3.293 0.0000000000
15006  -47.311  -62.428  -3.794 0.0000000000
15007  -48.037  -62.042  -4.103 0.0000000000
15008  -48.492  -61.512  -4.111 0.0000000000
15021  -38.958  -62.156  -4.766 0.0000000000
15022  -39.409  -62.624  -4.194 0.0000000000
15023  -48.265  -62.246  -4.827 0.0000000000
15024  -48.717  -61.685  -4.479 0.0000000000
15038  -38.925  -62.458  -5.741 0.0000000000
15039  -39.314  -62.827  -4.976 0.0000000000
15040  -48.424  -62.375  -5.692 0.0000000000
15041  -48.995  -61.895  -5.254 0.0000000000
15060  -38.027  -61.766  -7.451 0.0000000000
15061  -38.653  -62.291  -6.917 0.0000000000
15062  -39.148  -62.613  -7.142 0.0000000000
15063  -48.547  -62.472  -6.658 0.0000000000
15064  -49.157  -62.036  -6.204 0.0000000000
15073  -32.330  -62.182  -7.907 0.0000000000
15074  -33.207  -62.334  -8.378 0.0000000000
15075  -37.898  -61.674  -7.895 0.0000000000
15076  -38.335  -62.004  -7.886 0.0000000000
15077  -39.160  -62.471  -7.868 0.0000000000
15078  -48.635  -62.636  -7.467 0.0000000000
15079  -49.388  -62.183  -7.261 0.0000000000
15080  -49.998  -62.069  -7.878 0.0000000000
15088  -32.994  -61.648  -8.411 0.0000000000
15089  -33.581  -61.909  -8.916 0.0000000000
15090  -33.974  -62.377  -9.287 0.0000000000
15091  -37.864  -61.634  -8.476 0.0000000000
15092  -38.462  -62.060  -8.762 0.0000000000
15093  -39.146  -62.441  -9.065 0.0000000000
15094  -48.975  -62.637  -7.835 0.0000000000
15095  -49.451  -62.567  -8.275 0.0000000000
15096  -50.370  -62.150  -8.653 0.0000000000
15097  -50.968  -61.924  -9.290 0.0000000000
15110  -34.027  -61.784  -9.457 0.0000000000
15111  -34.373  -62.209  -9.897 0.0000000000
15112  -37.772  -61.721  -9.488 0.0000000000
15113  -38.416  -62.185  -9.824 0.0000000000
15114  -39.097  -62.570  -10.067 0.0000000000
15115  -49.817  -62.754  -9.023 0.0000000000
15116  -50.378  -62.544  -9.663 0.0000000000
15117  -51.125  -62.014  -10.077 0.0000000000
15127  -34.932  -62.217  -10.511 0.0000000000
15128  -35.591  -62.219  -10.816 0.0000000000
15129  -36.348  -62.335  -11.024 0.0000000000
15130  -37.412  -62.126  -10.629 0.0000000000
15131  -38.392  -62.615  -10.815 0.0000000000
15132  -39.007  -62.736  -10.605 0.0000000000
15133  -50.607  -62.498  -10.626 0.0000000000
15134  -51.201  -61.910  -10.947 0.0000000000
15143  -36.822  -62.695  -11.313 0.0000000000
15144  -37.506  -62.781  -11.341 0.0000000000
15145  -38.035  -62.911  -11.435 0.0000000000
15146  -50.731  -62.394  -11.603 0.0000000000
15159  -50.522  -62.489  -12.595 0.0000000000
15874  -42.200  -61.951  2.811 0.0000000000
15875  -46.043  -61.859  2.509 0.0000000000
15889  -39.951  -61.797  0.218 0.0000000000
15897  -38.982  -60.709  -0.776 0.0000000000
15898  -39.391  -61.275  -0.523 0.0000000000
15899  -39.851  -61.863  -0.353 0.0000000000
15907  -38.918  -60.800  -1.304 0.0000000000
15908  -39.298  -61.462  -1.676 0.0000000000
15921  -38.812  -60.909  -2.272 0.0000000000
15922  -39.224  -61.564  -2.469 0.0000000000
15926  -45.960  -61.863  -2.999 0.0000000000
15927  -46.721  -61.576  -3.023 0.0000000000
15928  -47.565  -61.132  -3.097 0.0000000000
15929  -48.570  -60.652  -3.268 0.0000000000
15930  -49.187  -60.022  -3.084 0.0000000000
15944  -38.951  -61.405  -3.249 0.0000000000
15945  -39.343  -61.858  -2.834 0.0000000000
15949  -48.996  -61.033  -4.013 0.0000000000
15950  -49.497  -60.302  -3.464 0.0000000000
15965  -38.069  -61.003  -5.092 0.0000000000
15966  -38.570  -61.343  -4.359 0.0000000000
15967  -49.488  -61.289  -4.778 0.0000000000
15968  -49.998  -60.657  -4.168 0.0000000000
15981  -37.894  -61.224  -5.921 0.0000000000
15982  -38.457  -61.685  -5.334 0.0000000000
15983  -49.737  -61.478  -5.749 0.0000000000
15984  -50.357  -60.794  -5.220 0.0000000000
15995  -37.896  -61.557  -6.812 0.0000000000
15996  -38.343  -61.869  -6.136 0.0000000000
15997  -49.808  -61.727  -6.661 0.0000000000
15998  -50.573  -61.046  -6.439 0.0000000000
15999  -51.096  -60.701  -6.926 0.0000000000
16006  -31.841  -61.230  -7.876 0.0000000000
16007  -32.467  -61.230  -8.186 0.0000000000
16008  -37.031  -60.593  -7.815 0.0000000000
16009  -37.462  -61.155  -7.795 0.0000000000
16010  -49.801  -61.887  -7.056 0.0000000000
16011  -50.159  -61.672  -7.253 0.0000000000
16012  -50.943  -61.061  -7.493 0.0000000000
16020  -32.928  -61.040  -8.444 0.0000000000
16021  -33.372  -61.159  -8.754 0.0000000000
16022  -36.813  -60.536  -8.480 0.0000000000
16023  -37.250  -61.159  -9.037 0.0000000000
16024  -50.529  -61.634  -7.981 0.0000000000
16025  -51.203  -61.264  -8.586 0.0000000000
16038  -33.866  -61.198  -9.231 0.0000000000
16039  -34.469  -61.170  -9.766 0.0000000000
16040  -35.278  -60.843  -10.056 0.0000000000
16041  -36.256  -60.811  -9.726 0.0000000000
16042  -37.005  -61.467  -10.072 0.0000000000
16043  -51.443  -61.361  -9.594 0.0000000000
16053  -34.869  -61.549  -10.243 0.0000000000
16054  -35.528  -61.473  -10.453 0.0000000000
16055  -36.267  -61.635  -10.529 0.0000000000
16056  -36.775  -61.848  -10.619 0.0000000000
16057  -51.566  -61.358  -10.450 0.0000000000
16904  -38.659  -60.182  -0.901 0.0000000000
16905  -38.971  -60.527  -0.441 0.0000000000
16913  -38.058  -59.910  -2.319 0.0000000000
16914  -38.408  -60.179  -1.759 0.0000000000
16917  -48.590  -59.630  -2.176 0.0000000000
16918  -48.910  -59.399  -2.093 0.0000000000
16930  -38.021  -60.037  -2.907 0.0000000000
16931  -38.352  -60.338  -2.450 0.0000000000
16935  -46.328  -60.997  -2.974 0.0000000000
16936  -47.178  -60.623  -2.688 0.0000000000
16937  -48.128  -60.173  -2.547 0.0000000000
16938  -49.009  -59.700  -2.571 0.0000000000
16939  -49.690  -59.673  -2.906 0.0000000000
16953  -38.065  -60.279  -3.501 0.0000000000
16954  -38.455  -60.622  -3.016 0.0000000000
16960  -50.414  -59.699  -3.557 0.0000000000
16961  -51.050  -59.585  -4.239 0.0000000000
16974  -37.930  -60.414  -4.350 0.0000000000
16975  -38.413  -60.807  -3.700 0.0000000000
16976  -50.713  -60.176  -4.517 0.0000000000
16977  -51.246  -59.793  -4.913 0.0000000000
16987  -37.151  -59.767  -5.632 0.0000000000
16988  -37.484  -60.309  -5.501 0.0000000000
16989  -50.947  -60.282  -5.199 0.0000000000
16990  -51.334  -60.008  -5.619 0.0000000000
17000  -36.973  -59.858  -6.233 0.0000000000
17001  -37.327  -60.717  -6.735 0.0000000000
17002  -50.929  -60.487  -5.786 0.0000000000
17003  -51.370  -60.244  -6.465 0.0000000000
17004  -51.780  -59.952  -7.092 0.0000000000
17010  -31.542  -60.471  -7.632 0.0000000000
17011  -32.171  -60.557  -8.022 0.0000000000
17012  -36.691  -60.050  -7.488 0.0000000000
17013  -37.114  -60.647  -7.459 0.0000000000
17014  -51.445  -60.437  -7.292 0.0000000000
17015  -51.944  -60.122  -7.760 0.0000000000
17023  -32.671  -60.686  -8.275 0.0000000000
17024  -33.162  -60.452  -8.551 0.0000000000
17025  -33.813  -60.003  -8.788 0.0000000000
17026  -34.645  -59.781  -8.982 0.0000000000
17027  -35.769  -59.872  -8.760 0.0000000000
17028  -51.500  -60.651  -7.944 0.0000000000
17040  -33.692  -60.663  -8.935 0.0000000000
17041  -34.243  -60.507  -9.250 0.0000000000
17042  -34.985  -60.300  -9.559 0.0000000000
17043  -35.597  -60.407  -9.584 0.0000000000
17921  -37.921  -59.034  -1.187 0.0000000000
17922  -38.330  -59.335  -0.589 0.0000000000
17928  -37.852  -59.388  -1.889 0.0000000000
17929  -38.235  -59.636  -1.252 0.0000000000
17932  -47.921  -59.300  -1.750 0.0000000000
17933  -48.578  -59.217  -1.775 0.0000000000
17934  -49.318  -58.970  -2.051 0.0000000000
17935  -49.700  -58.473  -2.155 0.0000000000
17947  -37.734  -59.522  -2.643 0.0000000000
17951  -46.476  -59.867  -2.675 0.0000000000
17952  -47.535  -59.787  -2.167 0.0000000000
17953  -48.191  -59.668  -2.010 0.0000000000
17954  -49.569  -59.289  -2.519 0.0000000000
17955  -50.128  -58.774  -2.691 0.0000000000
17956  -50.730  -58.603  -3.278 0.0000000000
17975  -37.094  -58.858  -3.643 0.0000000000
17976  -37.513  -59.475  -3.547 0.0000000000
17983  -50.624  -59.023  -3.283 0.0000000000
17984  -51.057  -58.984  -3.780 0.0000000000
18002  -36.973  -58.918  -4.268 0.0000000000
18003  -37.340  -59.670  -4.740 0.0000000000
18004  -51.469  -59.077  -4.635 0.0000000000
18005  -51.755  -58.851  -5.279 0.0000000000
18018  -31.646  -58.989  -5.258 0.0000000000
18019  -36.801  -59.217  -5.428 0.0000000000
18020  -37.224  -59.730  -5.331 0.0000000000
18021  -51.602  -59.421  -5.390 0.0000000000
18022  -51.920  -59.106  -5.910 0.0000000000
18030  -31.430  -59.411  -6.716 0.0000000000
18031  -32.043  -59.083  -7.139 0.0000000000
18032  -35.642  -58.882  -7.093 0.0000000000
18033  -36.239  -59.142  -6.565 0.0000000000
18034  -51.659  -59.668  -5.993 0.0000000000
18035  -51.874  -59.529  -6.574 0.0000000000
18043  -31.412  -59.922  -7.328 0.0000000000
18044  -32.114  -59.644  -7.670 0.0000000000
18045  -32.728  -59.173  -7.752 0.0000000000
18046  -34.540  -58.945  -8.000 0.0000000000
18047  -35.180  -58.929  -7.714 0.0000000000
18048  -35.862  -59.340  -7.658 0.0000000000
18049  -52.025  -59.424  -7.365 0.0000000000
18057  -32.620  -60.150  -8.200 0.0000000000
18058  -33.147  -59.512  -8.205 0.0000000000
18059  -34.103  -59.297  -8.406 0.0000000000
18060  -34.972  -59.310  -8.390 0.0000000000
18061  -35.463  -59.346  -8.154 0.0000000000
18945  -37.037  -57.864  -1.307 0.0000000000
18946  -37.643  -58.253  -0.672 0.0000000000
18954  -36.986  -58.075  -1.936 0.0000000000
18955  -37.439  -58.570  -1.577 0.0000000000
18958  -48.058  -58.777  -1.467 0.0000000000
18959  -48.750  -58.464  -1.466 0.0000000000
18960  -49.453  -58.168  -1.758 0.0000000000
18961  -49.903  -58.041  -2.158 0.0000000000
18963  -33.030  -58.389  -2.858 0.0000000000
18964  -36.651  -57.992  -2.479 0.0000000000
18965  -37.256  -58.758  -2.595 0.0000000000
18971  -50.245  -57.848  -2.518 0.0000000000
18972  -50.691  -58.060  -3.034 0.0000000000
18981  -32.902  -58.192  -3.804 0.0000000000
18982  -36.652  -58.291  -3.455 0.0000000000
18983  -37.143  -58.831  -3.305 0.0000000000
18990  -51.068  -58.221  -3.695 0.0000000000
18991  -51.307  -58.098  -4.238 0.0000000000
19006  -32.864  -58.031  -4.754 0.0000000000
19007  -35.625  -57.822  -4.901 0.0000000000
19008  -36.173  -58.205  -4.747 0.0000000000
19012  -51.355  -58.521  -4.218 0.0000000000
19013  -51.552  -58.301  -4.836 0.0000000000
19030  -31.648  -58.917  -5.520 0.0000000000
19031  -32.097  -58.552  -5.352 0.0000000000
19032  -33.023  -57.975  -5.690 0.0000000000
19033  -34.796  -57.783  -5.715 0.0000000000
19034  -35.436  -57.978  -5.529 0.0000000000
19035  -36.080  -58.616  -5.835 0.0000000000
19050  -31.667  -58.853  -5.958 0.0000000000
19051  -32.388  -58.567  -6.596 0.0000000000
19052  -33.695  -58.058  -6.537 0.0000000000
19053  -34.810  -58.080  -6.408 0.0000000000
19054  -35.657  -58.538  -6.409 0.0000000000
19055  -36.015  -58.749  -6.280 0.0000000000
19069  -32.470  -58.974  -7.395 0.0000000000
19070  -33.274  -58.729  -7.563 0.0000000000
19071  -34.393  -58.505  -7.369 0.0000000000
19072  -35.164  -58.546  -7.028 0.0000000000
19082  -33.622  -59.060  -8.072 0.0000000000
19083  -33.987  -58.834  -7.948 0.0000000000
19941  -34.209  -57.268  -0.214 0.0000000000
19956  -33.640  -57.716  -1.602 0.0000000000
19957  -34.378  -57.258  -1.274 0.0000000000
19958  -35.341  -56.971  -0.967 0.0000000000
19972  -33.564  -57.745  -2.464 0.0000000000
19973  -34.322  -57.348  -2.195 0.0000000000
19974  -35.234  -57.207  -1.958 0.0000000000
19975  -36.291  -57.471  -1.715 0.0000000000
19982  -49.716  -57.371  -1.856 0.0000000000
19983  -49.990  -57.628  -2.209 0.0000000000
19989  -33.467  -57.767  -3.267 0.0000000000
19990  -34.143  -57.406  -3.055 0.0000000000
19991  -35.020  -57.266  -2.929 0.0000000000
19992  -35.948  -57.569  -2.727 0.0000000000
20000  -50.079  -57.232  -2.327 0.0000000000
20008  -33.410  -57.731  -3.761 0.0000000000
20009  -33.879  -57.497  -3.761 0.0000000000
20010  -34.675  -57.371  -3.801 0.0000000000
20011  -35.659  -57.603  -3.859 0.0000000000
20018  -51.105  -57.884  -3.859 0.0000000000
20026  -33.451  -57.689  -4.261 0.0000000000
20027  -34.184  -57.484  -4.482 0.0000000000
20028  -35.101  -57.566  -4.731 0.0000000000
20029  -35.663  -57.755  -4.561 0.0000000000
20048  -33.604  -57.669  -5.038 0.0000000000
20049  -34.398  -57.611  -5.290 0.0000000000
20050  -34.955  -57.669  -5.332 0.0000000000
20072  -33.797  -57.737  -5.721 0.0000000000
20073  -34.307  -57.788  -5.957 0.0000000000
