#!ascii label  , from subject COLIN27_FS vox2ras=TkReg
234
143450  -2.167  45.558  -10.578 0.0000000000
144467  -2.149  46.419  -9.990 0.0000000000
144476  -2.146  46.463  -11.003 0.0000000000
145481  -2.085  47.917  -10.442 0.0000000000
145482  -2.114  47.417  -10.594 0.0000000000
145490  -2.144  47.412  -11.638 0.0000000000
146467  -2.114  48.562  -10.715 0.0000000000
146468  -2.082  48.064  -10.754 0.0000000000
146472  -2.058  48.832  -11.346 0.0000000000
146473  -2.089  48.322  -11.384 0.0000000000
146487  -2.132  48.279  -12.365 0.0000000000
147431  -2.334  49.570  -10.700 0.0000000000
147432  -2.538  49.619  -10.227 0.0000000000
147438  -2.093  49.462  -11.710 0.0000000000
147439  -2.054  48.918  -11.640 0.0000000000
147446  -2.006  49.746  -12.846 0.0000000000
147447  -2.062  48.982  -12.168 0.0000000000
147456  -2.067  49.060  -13.112 0.0000000000
148272  -7.798  50.087  -1.964 0.0000000000
148273  -8.178  50.190  -1.496 0.0000000000
148277  -7.525  50.270  -2.524 0.0000000000
148278  -7.979  50.407  -2.101 0.0000000000
148282  -7.271  50.484  -3.036 0.0000000000
148346  -2.506  50.227  -11.040 0.0000000000
148347  -2.821  50.131  -10.569 0.0000000000
148348  -3.618  50.681  -10.647 0.0000000000
148356  -2.363  50.484  -11.733 0.0000000000
148357  -2.798  50.655  -11.250 0.0000000000
148358  -3.136  50.679  -10.957 0.0000000000
148363  -2.089  50.467  -12.637 0.0000000000
148366  -1.975  50.550  -13.602 0.0000000000
149126  -8.518  51.277  -1.140 0.0000000000
149131  -7.808  50.827  -2.719 0.0000000000
149132  -8.186  51.156  -2.302 0.0000000000
149136  -7.160  50.867  -3.553 0.0000000000
149137  -7.577  51.084  -3.242 0.0000000000
149138  -8.130  51.898  -2.971 0.0000000000
149143  -7.464  51.744  -3.989 0.0000000000
149201  -3.968  51.196  -11.110 0.0000000000
149215  -2.475  51.092  -12.187 0.0000000000
149216  -2.809  51.117  -11.882 0.0000000000
149217  -3.461  51.173  -11.424 0.0000000000
149218  -6.471  51.719  -11.754 0.0000000000
149219  -6.749  51.591  -11.343 0.0000000000
149224  -2.296  51.095  -12.580 0.0000000000
149225  -2.685  51.521  -12.604 0.0000000000
149226  -3.328  51.595  -12.164 0.0000000000
149227  -3.817  51.642  -11.883 0.0000000000
149229  -2.182  51.290  -13.376 0.0000000000
149230  -2.379  51.477  -12.976 0.0000000000
149930  -8.291  52.128  -0.614 0.0000000000
149935  -8.279  52.354  -1.569 0.0000000000
149940  -8.253  52.363  -2.415 0.0000000000
149945  -7.905  52.227  -3.626 0.0000000000
149946  -8.147  52.732  -3.057 0.0000000000
149952  -7.180  51.740  -4.548 0.0000000000
149953  -7.552  52.553  -4.487 0.0000000000
149960  -6.991  52.142  -5.313 0.0000000000
149961  -7.329  53.008  -5.233 0.0000000000
150017  -6.429  51.830  -12.041 0.0000000000
150018  -6.648  51.861  -11.959 0.0000000000
150019  -7.317  52.117  -11.553 0.0000000000
150023  -2.774  51.787  -12.921 0.0000000000
150024  -3.141  51.869  -12.818 0.0000000000
150025  -6.510  52.011  -12.349 0.0000000000
150026  -6.877  52.226  -12.577 0.0000000000
150027  -7.370  52.704  -12.633 0.0000000000
150029  -2.291  51.657  -13.575 0.0000000000
150030  -2.619  51.784  -13.335 0.0000000000
150031  -3.444  52.205  -13.478 0.0000000000
150032  -6.647  52.483  -13.402 0.0000000000
150033  -7.036  52.613  -13.391 0.0000000000
150034  -7.439  52.979  -13.320 0.0000000000
150036  -2.306  51.690  -13.953 0.0000000000
150039  -6.518  52.667  -14.518 0.0000000000
150702  -7.446  53.532  -1.604 0.0000000000
150703  -8.151  52.894  -2.009 0.0000000000
150711  -7.667  53.738  -2.744 0.0000000000
150712  -8.075  53.137  -2.474 0.0000000000
150719  -7.851  53.437  -3.687 0.0000000000
150720  -8.005  53.279  -3.004 0.0000000000
150726  -7.588  53.620  -4.774 0.0000000000
150735  -7.360  53.677  -5.632 0.0000000000
150783  -7.899  53.133  -12.001 0.0000000000
150787  -7.751  53.352  -12.878 0.0000000000
150788  -7.893  53.530  -12.977 0.0000000000
150790  -6.815  52.707  -14.227 0.0000000000
150791  -7.280  52.994  -14.011 0.0000000000
150792  -7.741  53.507  -13.556 0.0000000000
150793  -7.820  53.449  -13.191 0.0000000000
150795  -6.362  52.681  -15.346 0.0000000000
150796  -6.654  52.728  -15.085 0.0000000000
150797  -7.174  52.988  -14.850 0.0000000000
150798  -7.625  53.557  -14.475 0.0000000000
150808  -7.008  52.862  -15.697 0.0000000000
150809  -7.619  53.590  -15.503 0.0000000000
150810  -7.900  54.066  -15.881 0.0000000000
151477  -6.611  54.969  -2.753 0.0000000000
151478  -7.263  54.597  -3.305 0.0000000000
151484  -7.475  54.482  -4.264 0.0000000000
151497  -7.513  54.513  -5.249 0.0000000000
151543  -7.499  54.036  -11.428 0.0000000000
151546  -7.766  54.080  -12.423 0.0000000000
151547  -7.938  53.761  -12.906 0.0000000000
151549  -7.848  54.192  -13.201 0.0000000000
151550  -7.924  53.665  -13.184 0.0000000000
151552  -7.907  54.258  -13.996 0.0000000000
151561  -7.852  54.325  -14.828 0.0000000000
151562  -7.825  54.489  -15.538 0.0000000000
152187  -6.362  55.723  -3.530 0.0000000000
152188  -7.129  55.115  -3.919 0.0000000000
152199  -6.539  56.036  -4.305 0.0000000000
152200  -7.120  55.514  -4.618 0.0000000000
152215  -7.364  55.341  -5.740 0.0000000000
152254  -7.105  54.934  -11.912 0.0000000000
152261  -7.343  54.954  -12.774 0.0000000000
152263  -7.498  54.983  -13.573 0.0000000000
152265  -7.620  55.039  -14.333 0.0000000000
152273  -7.535  55.142  -15.063 0.0000000000
152274  -7.537  55.294  -15.810 0.0000000000
152862  -5.655  56.463  -3.670 0.0000000000
152881  -5.961  56.617  -4.332 0.0000000000
152882  -6.632  56.249  -4.736 0.0000000000
152902  -6.372  56.782  -5.083 0.0000000000
152903  -6.946  56.164  -5.388 0.0000000000
152907  -6.609  56.843  -5.925 0.0000000000
152908  -7.134  56.038  -6.250 0.0000000000
152943  -6.777  55.919  -11.422 0.0000000000
152944  -7.381  56.667  -11.757 0.0000000000
152954  -6.936  55.836  -12.324 0.0000000000
152955  -7.385  56.580  -12.697 0.0000000000
152970  -7.082  55.768  -13.173 0.0000000000
152971  -7.341  56.513  -13.564 0.0000000000
152990  -7.216  55.718  -13.950 0.0000000000
152991  -7.271  56.413  -14.374 0.0000000000
153008  -7.269  55.670  -14.601 0.0000000000
153009  -7.221  56.147  -15.251 0.0000000000
153020  -7.419  56.214  -16.195 0.0000000000
153668  -5.849  57.147  -4.816 0.0000000000
153686  -5.966  57.473  -5.377 0.0000000000
153695  -5.678  58.472  -6.215 0.0000000000
153696  -6.146  57.876  -6.440 0.0000000000
153717  -7.974  57.608  -11.116 0.0000000000
153718  -8.406  58.233  -11.268 0.0000000000
153727  -7.913  57.333  -12.228 0.0000000000
153728  -8.426  58.037  -11.887 0.0000000000
153738  -7.799  57.234  -13.173 0.0000000000
153739  -8.335  57.908  -12.811 0.0000000000
153753  -7.638  57.158  -14.045 0.0000000000
153754  -8.171  57.806  -13.743 0.0000000000
153768  -7.482  57.071  -14.852 0.0000000000
153769  -7.913  57.697  -14.612 0.0000000000
153782  -7.568  57.150  -15.688 0.0000000000
153783  -7.748  57.528  -15.161 0.0000000000
154523  -5.344  59.099  -6.233 0.0000000000
154524  -5.732  58.564  -6.544 0.0000000000
154533  -5.487  59.479  -6.819 0.0000000000
154534  -5.887  58.840  -7.230 0.0000000000
154557  -8.305  58.634  -10.634 0.0000000000
154566  -8.553  58.760  -11.560 0.0000000000
154577  -8.551  58.690  -12.452 0.0000000000
154589  -8.453  58.586  -13.398 0.0000000000
154599  -8.259  58.445  -14.377 0.0000000000
154608  -7.831  57.633  -16.240 0.0000000000
154609  -8.001  58.120  -15.498 0.0000000000
154621  -8.130  58.105  -16.776 0.0000000000
155330  -5.630  59.941  -7.228 0.0000000000
155340  -6.232  59.743  -7.976 0.0000000000
155369  -8.532  59.531  -11.147 0.0000000000
155378  -8.569  59.488  -12.079 0.0000000000
155386  -8.510  59.400  -13.016 0.0000000000
155393  -8.396  59.289  -13.985 0.0000000000
155402  -8.293  59.158  -15.019 0.0000000000
155413  -8.245  59.101  -16.117 0.0000000000
155419  -8.321  59.223  -17.257 0.0000000000
156061  -5.430  60.862  -6.931 0.0000000000
156062  -5.960  60.745  -7.647 0.0000000000
156073  -6.556  60.639  -8.369 0.0000000000
156103  -8.418  60.310  -11.709 0.0000000000
156112  -7.857  60.855  -13.069 0.0000000000
156113  -8.381  60.207  -12.623 0.0000000000
156121  -7.691  60.680  -14.034 0.0000000000
156122  -8.267  60.108  -13.556 0.0000000000
156131  -7.657  60.656  -15.038 0.0000000000
156132  -8.191  60.017  -14.541 0.0000000000
156145  -7.651  60.692  -16.053 0.0000000000
156146  -8.130  59.967  -15.563 0.0000000000
156157  -7.658  60.753  -17.063 0.0000000000
156158  -8.158  60.020  -16.602 0.0000000000
156165  -7.637  60.701  -17.983 0.0000000000
156166  -8.146  60.138  -17.609 0.0000000000
156827  -6.264  61.614  -8.103 0.0000000000
156828  -6.843  61.459  -8.774 0.0000000000
156839  -7.317  61.416  -9.402 0.0000000000
156861  -6.681  61.940  -12.676 0.0000000000
156863  -8.091  60.904  -12.266 0.0000000000
156869  -6.578  61.862  -13.101 0.0000000000
156870  -7.146  61.344  -13.513 0.0000000000
156881  -6.395  61.740  -14.006 0.0000000000
156882  -7.060  61.254  -14.517 0.0000000000
156894  -6.304  61.755  -14.994 0.0000000000
156895  -7.032  61.294  -15.524 0.0000000000
156903  -6.249  61.838  -16.021 0.0000000000
156904  -7.013  61.363  -16.553 0.0000000000
156909  -6.192  61.918  -17.098 0.0000000000
156910  -6.973  61.381  -17.596 0.0000000000
156917  -7.038  61.183  -18.569 0.0000000000
156922  -7.169  60.858  -19.262 0.0000000000
157614  -6.487  62.501  -8.846 0.0000000000
157615  -6.965  61.944  -9.146 0.0000000000
157623  -6.624  62.774  -9.443 0.0000000000
157624  -7.014  62.320  -9.675 0.0000000000
157633  -6.504  62.841  -11.010 0.0000000000
157634  -7.136  62.324  -10.632 0.0000000000
157642  -6.273  62.650  -11.773 0.0000000000
157643  -6.907  62.241  -11.499 0.0000000000
157651  -5.191  62.811  -12.977 0.0000000000
157652  -6.242  62.301  -12.574 0.0000000000
157653  -6.665  62.209  -12.048 0.0000000000
157663  -4.939  62.769  -13.923 0.0000000000
157664  -5.806  62.257  -13.501 0.0000000000
157680  -4.850  62.829  -14.917 0.0000000000
157681  -5.620  62.256  -14.462 0.0000000000
157692  -5.537  62.324  -15.463 0.0000000000
158453  -6.224  63.387  -9.575 0.0000000000
158454  -6.649  62.842  -9.717 0.0000000000
158469  -5.173  64.009  -10.886 0.0000000000
158470  -6.006  63.442  -10.535 0.0000000000
158471  -6.637  62.883  -10.190 0.0000000000
158484  -4.922  63.720  -11.697 0.0000000000
158485  -5.737  63.277  -11.343 0.0000000000
158498  -4.655  63.509  -12.489 0.0000000000
158499  -5.480  63.012  -12.131 0.0000000000
158521  -4.402  63.447  -13.376 0.0000000000
