#!ascii label  , from subject COLIN27_FS vox2ras=TkReg
648
29026  -38.848  -49.355  -28.678 0.0000000000
30161  -39.108  -48.438  -28.878 0.0000000000
30162  -39.694  -48.402  -29.539 0.0000000000
30230  -45.113  -47.848  -35.273 0.0000000000
30235  -44.576  -47.992  -35.715 0.0000000000
30236  -45.120  -47.503  -35.637 0.0000000000
30237  -43.528  -47.924  -36.292 0.0000000000
30238  -44.081  -47.756  -36.294 0.0000000000
30239  -44.529  -47.432  -36.227 0.0000000000
31305  -39.318  -47.433  -29.108 0.0000000000
31306  -39.940  -47.376  -29.803 0.0000000000
31321  -40.641  -47.359  -30.394 0.0000000000
31322  -41.347  -47.367  -30.931 0.0000000000
31335  -42.033  -47.383  -31.440 0.0000000000
31336  -42.741  -47.415  -31.922 0.0000000000
31348  -43.501  -47.480  -32.461 0.0000000000
31365  -44.823  -46.988  -33.638 0.0000000000
31366  -45.162  -47.536  -34.211 0.0000000000
31367  -45.541  -46.958  -34.723 0.0000000000
31374  -45.258  -47.834  -34.898 0.0000000000
31375  -45.479  -47.244  -35.198 0.0000000000
31376  -41.456  -47.691  -35.588 0.0000000000
31377  -42.257  -47.653  -36.048 0.0000000000
31378  -42.999  -47.512  -36.357 0.0000000000
31379  -44.943  -47.308  -36.048 0.0000000000
31380  -45.390  -47.009  -35.966 0.0000000000
31381  -43.639  -47.295  -36.525 0.0000000000
31382  -44.259  -47.101  -36.604 0.0000000000
31383  -44.831  -46.948  -36.486 0.0000000000
31384  -45.150  -46.913  -36.282 0.0000000000
32561  -38.980  -46.496  -28.566 0.0000000000
32562  -39.501  -46.365  -29.421 0.0000000000
32578  -40.170  -46.303  -30.151 0.0000000000
32579  -40.916  -46.311  -30.756 0.0000000000
32590  -41.641  -46.375  -31.291 0.0000000000
32591  -42.363  -46.421  -31.759 0.0000000000
32604  -43.064  -46.466  -32.278 0.0000000000
32605  -43.802  -46.487  -32.840 0.0000000000
32619  -44.481  -46.406  -33.406 0.0000000000
32620  -45.126  -46.399  -33.910 0.0000000000
32621  -45.542  -46.485  -34.495 0.0000000000
32627  -45.811  -46.460  -35.034 0.0000000000
32628  -40.964  -46.819  -35.085 0.0000000000
32629  -41.698  -46.744  -35.633 0.0000000000
32630  -42.469  -46.781  -36.140 0.0000000000
32631  -45.781  -46.379  -35.785 0.0000000000
32632  -43.086  -46.691  -36.501 0.0000000000
32633  -43.747  -46.468  -36.822 0.0000000000
32634  -44.546  -46.363  -36.913 0.0000000000
32635  -45.340  -46.315  -36.600 0.0000000000
33764  -39.687  -45.277  -29.823 0.0000000000
33779  -40.443  -45.123  -30.590 0.0000000000
33780  -41.241  -45.329  -31.197 0.0000000000
33795  -41.977  -45.420  -31.675 0.0000000000
33796  -42.664  -45.480  -32.173 0.0000000000
33813  -43.357  -45.511  -32.669 0.0000000000
33814  -44.032  -45.504  -33.215 0.0000000000
33826  -44.765  -45.465  -33.741 0.0000000000
33827  -45.501  -45.451  -34.478 0.0000000000
33828  -45.810  -45.978  -34.790 0.0000000000
33832  -45.804  -44.920  -34.959 0.0000000000
33833  -45.958  -45.456  -35.347 0.0000000000
33835  -40.915  -45.733  -35.106 0.0000000000
33836  -42.018  -45.717  -35.963 0.0000000000
33837  -42.637  -46.232  -36.330 0.0000000000
33838  -45.843  -45.443  -36.354 0.0000000000
33839  -42.292  -45.151  -36.379 0.0000000000
33840  -42.910  -45.673  -36.671 0.0000000000
33841  -43.939  -45.386  -37.207 0.0000000000
33842  -44.876  -45.613  -37.187 0.0000000000
33843  -45.405  -45.274  -37.029 0.0000000000
33844  -44.097  -44.703  -37.454 0.0000000000
33845  -44.586  -44.930  -37.389 0.0000000000
33846  -45.037  -45.097  -37.303 0.0000000000
34967  -39.444  -44.293  -29.357 0.0000000000
34968  -39.919  -44.244  -30.156 0.0000000000
34981  -40.450  -44.073  -30.663 0.0000000000
34982  -40.962  -44.292  -31.111 0.0000000000
35002  -41.648  -44.415  -31.591 0.0000000000
35003  -42.344  -44.490  -32.069 0.0000000000
35017  -43.012  -44.551  -32.559 0.0000000000
35018  -43.663  -44.579  -33.040 0.0000000000
35025  -44.321  -44.550  -33.559 0.0000000000
35026  -44.983  -44.498  -34.159 0.0000000000
35030  -45.529  -44.390  -34.766 0.0000000000
35031  -45.823  -44.398  -35.380 0.0000000000
35035  -41.201  -44.949  -35.586 0.0000000000
35036  -45.899  -44.504  -36.099 0.0000000000
35038  -40.714  -44.209  -35.751 0.0000000000
35039  -41.689  -44.508  -36.211 0.0000000000
35040  -42.433  -44.719  -36.726 0.0000000000
35041  -43.058  -44.842  -37.120 0.0000000000
35042  -45.656  -44.496  -36.839 0.0000000000
35043  -41.961  -44.086  -36.767 0.0000000000
35044  -42.516  -44.073  -37.173 0.0000000000
35045  -43.448  -44.234  -37.473 0.0000000000
35046  -44.248  -44.169  -37.540 0.0000000000
35047  -45.034  -44.449  -37.318 0.0000000000
36098  -39.622  -43.331  -27.816 0.0000000000
36115  -39.461  -43.206  -28.467 0.0000000000
36128  -39.437  -43.418  -29.005 0.0000000000
36129  -39.774  -43.392  -29.709 0.0000000000
36141  -40.259  -43.347  -30.375 0.0000000000
36142  -40.776  -43.359  -30.946 0.0000000000
36161  -41.398  -43.436  -31.435 0.0000000000
36162  -42.105  -43.504  -31.893 0.0000000000
36171  -42.812  -43.563  -32.404 0.0000000000
36172  -43.435  -43.679  -32.875 0.0000000000
36179  -43.973  -43.688  -33.338 0.0000000000
36180  -44.569  -43.596  -33.907 0.0000000000
36183  -45.147  -43.569  -34.557 0.0000000000
36184  -45.548  -43.577  -35.210 0.0000000000
36188  -45.682  -43.594  -35.901 0.0000000000
36190  -39.818  -43.493  -35.966 0.0000000000
36191  -40.919  -43.743  -36.423 0.0000000000
36192  -41.526  -43.900  -36.628 0.0000000000
36193  -45.609  -43.650  -36.569 0.0000000000
36197  -39.680  -42.979  -36.600 0.0000000000
36198  -40.312  -43.076  -36.824 0.0000000000
36199  -41.488  -43.386  -37.154 0.0000000000
36200  -42.537  -43.239  -37.703 0.0000000000
36201  -43.540  -43.148  -37.792 0.0000000000
36202  -44.533  -43.433  -37.460 0.0000000000
36203  -45.258  -43.610  -37.101 0.0000000000
36207  -42.820  -42.706  -37.972 0.0000000000
36208  -43.082  -42.537  -37.950 0.0000000000
37265  -39.625  -42.713  -28.199 0.0000000000
37266  -40.100  -42.260  -27.674 0.0000000000
37282  -39.560  -42.713  -28.645 0.0000000000
37283  -39.741  -42.179  -28.518 0.0000000000
37298  -39.485  -42.962  -28.836 0.0000000000
37299  -39.718  -42.582  -29.219 0.0000000000
37313  -40.154  -42.536  -29.994 0.0000000000
37314  -40.645  -42.514  -30.615 0.0000000000
37333  -41.221  -42.529  -31.126 0.0000000000
37334  -41.897  -42.542  -31.610 0.0000000000
37346  -42.645  -42.592  -32.119 0.0000000000
37347  -43.480  -42.594  -32.773 0.0000000000
37348  -43.952  -42.101  -33.117 0.0000000000
37360  -43.775  -43.140  -33.105 0.0000000000
37361  -44.192  -42.647  -33.491 0.0000000000
37369  -44.798  -42.713  -34.318 0.0000000000
37370  -45.243  -42.753  -35.026 0.0000000000
37380  -45.414  -42.896  -35.654 0.0000000000
37390  -39.191  -42.852  -36.425 0.0000000000
37391  -44.894  -42.372  -36.637 0.0000000000
37392  -45.228  -42.665  -36.367 0.0000000000
37399  -38.834  -42.272  -36.717 0.0000000000
37400  -39.541  -42.421  -37.058 0.0000000000
37401  -40.558  -42.400  -37.601 0.0000000000
37402  -41.596  -42.607  -37.887 0.0000000000
37403  -42.266  -42.533  -38.063 0.0000000000
37404  -44.038  -42.604  -37.562 0.0000000000
37405  -44.734  -42.588  -37.012 0.0000000000
37406  -45.305  -43.107  -36.820 0.0000000000
37413  -41.029  -42.024  -38.162 0.0000000000
37414  -41.739  -41.982  -38.248 0.0000000000
37415  -42.599  -42.096  -38.095 0.0000000000
37416  -43.336  -42.190  -37.793 0.0000000000
38513  -41.527  -40.961  -26.769 0.0000000000
38527  -40.456  -41.245  -27.686 0.0000000000
38528  -40.810  -41.532  -27.162 0.0000000000
38545  -40.099  -41.469  -28.281 0.0000000000
38560  -40.061  -41.616  -29.178 0.0000000000
38561  -40.465  -41.070  -29.395 0.0000000000
38574  -40.108  -42.025  -29.668 0.0000000000
38575  -40.700  -41.440  -30.158 0.0000000000
38576  -41.400  -40.901  -30.558 0.0000000000
38591  -41.052  -41.965  -30.782 0.0000000000
38592  -41.730  -41.417  -31.112 0.0000000000
38593  -42.663  -41.097  -31.676 0.0000000000
38606  -42.428  -41.837  -31.749 0.0000000000
38607  -43.163  -41.549  -32.266 0.0000000000
38608  -43.817  -41.581  -32.873 0.0000000000
38620  -44.196  -41.661  -33.422 0.0000000000
38629  -44.581  -41.854  -34.094 0.0000000000
38630  -44.880  -42.027  -34.852 0.0000000000
38639  -44.740  -41.745  -35.966 0.0000000000
38640  -44.965  -42.055  -35.692 0.0000000000
38649  -44.084  -41.575  -36.796 0.0000000000
38650  -44.582  -41.878  -36.468 0.0000000000
38651  -44.974  -42.184  -36.194 0.0000000000
38656  -38.846  -41.658  -37.168 0.0000000000
38657  -39.635  -41.505  -37.721 0.0000000000
38658  -40.455  -41.656  -38.050 0.0000000000
38659  -43.174  -41.369  -37.515 0.0000000000
38660  -43.742  -41.727  -37.246 0.0000000000
38661  -44.395  -42.059  -36.939 0.0000000000
38666  -40.156  -41.056  -38.182 0.0000000000
38667  -40.985  -41.250  -38.295 0.0000000000
38668  -41.941  -41.301  -38.215 0.0000000000
38669  -42.863  -41.429  -37.801 0.0000000000
38670  -43.330  -41.785  -37.658 0.0000000000
39842  -41.435  -40.261  -26.901 0.0000000000
39843  -41.964  -40.129  -26.566 0.0000000000
39854  -40.576  -40.876  -27.691 0.0000000000
39855  -40.915  -40.521  -27.465 0.0000000000
39871  -40.464  -40.849  -28.019 0.0000000000
39872  -40.771  -40.228  -28.392 0.0000000000
39885  -40.404  -40.916  -28.775 0.0000000000
39886  -40.893  -40.399  -29.387 0.0000000000
39898  -41.377  -40.409  -30.174 0.0000000000
39899  -41.860  -40.374  -30.700 0.0000000000
39912  -42.602  -40.217  -31.301 0.0000000000
39913  -43.306  -40.475  -32.016 0.0000000000
39926  -43.769  -40.763  -32.640 0.0000000000
39927  -44.133  -40.929  -33.165 0.0000000000
39939  -44.369  -41.030  -33.849 0.0000000000
39947  -44.564  -41.289  -34.805 0.0000000000
39948  -44.770  -41.740  -35.187 0.0000000000
39957  -43.217  -40.470  -36.057 0.0000000000
39958  -43.978  -40.760  -35.877 0.0000000000
39959  -44.535  -41.370  -35.697 0.0000000000
39960  -44.693  -41.606  -35.368 0.0000000000
39969  -42.128  -40.215  -36.961 0.0000000000
39970  -42.946  -40.704  -36.710 0.0000000000
39971  -43.826  -41.148  -36.592 0.0000000000
39972  -44.286  -41.254  -36.186 0.0000000000
39978  -38.617  -40.702  -37.501 0.0000000000
39979  -39.490  -40.506  -38.057 0.0000000000
39980  -42.065  -40.356  -37.583 0.0000000000
39981  -42.859  -40.968  -37.358 0.0000000000
39982  -43.356  -41.142  -37.006 0.0000000000
39988  -40.338  -40.326  -38.202 0.0000000000
39989  -41.254  -40.465  -38.178 0.0000000000
39990  -42.064  -40.688  -38.004 0.0000000000
39991  -42.498  -40.831  -37.744 0.0000000000
41150  -41.511  -39.423  -27.004 0.0000000000
41151  -42.339  -39.207  -26.389 0.0000000000
41164  -41.105  -39.380  -27.918 0.0000000000
41179  -41.155  -39.383  -28.877 0.0000000000
41193  -41.628  -39.420  -29.865 0.0000000000
41194  -42.079  -38.916  -30.251 0.0000000000
41205  -41.792  -39.907  -30.348 0.0000000000
41206  -42.256  -39.398  -30.669 0.0000000000
41219  -42.823  -39.256  -31.304 0.0000000000
41220  -43.292  -39.475  -31.856 0.0000000000
41234  -43.797  -39.749  -32.785 0.0000000000
41235  -44.030  -40.402  -32.982 0.0000000000
41247  -43.799  -39.576  -33.835 0.0000000000
41248  -44.089  -40.312  -33.472 0.0000000000
41256  -43.600  -39.852  -34.646 0.0000000000
41257  -44.100  -40.420  -34.281 0.0000000000
41263  -41.292  -39.226  -35.744 0.0000000000
41264  -41.892  -39.580  -35.656 0.0000000000
41265  -42.702  -39.903  -35.527 0.0000000000
41266  -43.448  -40.193  -35.361 0.0000000000
41267  -44.092  -40.600  -35.120 0.0000000000
41274  -40.978  -39.117  -36.025 0.0000000000
41275  -41.427  -39.480  -36.444 0.0000000000
41276  -42.342  -40.124  -36.212 0.0000000000
41286  -38.857  -39.942  -37.973 0.0000000000
41287  -40.962  -39.126  -37.691 0.0000000000
41288  -41.276  -39.493  -37.380 0.0000000000
41295  -38.653  -39.307  -38.066 0.0000000000
41296  -39.480  -39.455  -38.179 0.0000000000
41297  -40.639  -39.318  -37.993 0.0000000000
41298  -41.493  -40.024  -37.890 0.0000000000
42520  -41.902  -38.135  -26.674 0.0000000000
42534  -41.342  -38.339  -27.506 0.0000000000
42548  -41.245  -38.406  -28.431 0.0000000000
42558  -41.476  -38.478  -29.305 0.0000000000
42559  -41.913  -38.413  -29.980 0.0000000000
42567  -42.323  -38.406  -30.608 0.0000000000
42579  -42.655  -38.644  -31.129 0.0000000000
42580  -43.006  -38.593  -31.733 0.0000000000
42595  -43.366  -38.706  -32.488 0.0000000000
42604  -43.470  -38.751  -33.389 0.0000000000
42612  -40.815  -38.395  -35.011 0.0000000000
42613  -41.192  -38.472  -34.858 0.0000000000
42614  -42.041  -38.608  -34.653 0.0000000000
42615  -43.039  -38.840  -34.348 0.0000000000
42623  -40.873  -38.658  -35.485 0.0000000000
42624  -41.556  -39.031  -35.185 0.0000000000
42625  -42.369  -39.266  -35.042 0.0000000000
42626  -43.050  -39.586  -34.989 0.0000000000
42635  -40.772  -38.733  -36.469 0.0000000000
42636  -41.060  -39.089  -37.022 0.0000000000
42645  -38.149  -38.929  -37.911 0.0000000000
42646  -40.785  -38.690  -37.400 0.0000000000
42647  -41.051  -39.078  -37.295 0.0000000000
42653  -37.921  -38.310  -38.002 0.0000000000
42654  -38.686  -38.485  -38.256 0.0000000000
42655  -39.646  -38.346  -38.323 0.0000000000
42656  -40.309  -38.069  -38.062 0.0000000000
43810  -41.898  -37.074  -26.690 0.0000000000
43825  -41.449  -37.299  -27.188 0.0000000000
43842  -41.179  -37.395  -28.040 0.0000000000
43852  -41.275  -37.454  -29.050 0.0000000000
43853  -41.633  -37.791  -29.698 0.0000000000
43861  -41.546  -37.145  -29.777 0.0000000000
43862  -42.004  -37.483  -30.376 0.0000000000
43872  -42.557  -37.642  -31.444 0.0000000000
43873  -43.006  -37.993  -32.235 0.0000000000
43889  -42.663  -37.271  -32.509 0.0000000000
43890  -43.080  -37.958  -33.002 0.0000000000
43897  -39.617  -36.789  -34.166 0.0000000000
43898  -40.083  -37.101  -33.971 0.0000000000
43899  -41.037  -37.247  -33.795 0.0000000000
43900  -42.227  -37.421  -33.475 0.0000000000
43901  -42.901  -38.212  -33.749 0.0000000000
43908  -39.740  -37.066  -34.712 0.0000000000
43909  -40.497  -37.931  -34.769 0.0000000000
43910  -41.579  -37.979  -34.268 0.0000000000
43911  -42.467  -38.201  -34.113 0.0000000000
43912  -42.846  -38.365  -34.089 0.0000000000
43921  -39.922  -37.311  -35.636 0.0000000000
43922  -40.345  -38.023  -35.941 0.0000000000
43929  -40.193  -37.375  -36.360 0.0000000000
43930  -40.455  -37.794  -36.847 0.0000000000
43938  -40.436  -37.594  -37.612 0.0000000000
43944  -38.081  -37.590  -38.302 0.0000000000
43945  -38.894  -37.442  -38.504 0.0000000000
43946  -39.739  -37.309  -38.443 0.0000000000
43947  -40.246  -37.224  -38.139 0.0000000000
44987  -41.907  -36.687  -26.696 0.0000000000
44988  -42.228  -36.552  -26.591 0.0000000000
45003  -41.702  -36.457  -26.926 0.0000000000
45020  -41.234  -36.406  -27.644 0.0000000000
45030  -41.106  -36.466  -28.575 0.0000000000
45038  -41.316  -36.476  -29.460 0.0000000000
45039  -41.706  -36.520  -30.198 0.0000000000
45046  -42.115  -36.556  -30.979 0.0000000000
45061  -41.824  -35.966  -32.577 0.0000000000
45062  -42.272  -36.389  -31.966 0.0000000000
45069  -39.700  -36.344  -33.757 0.0000000000
45070  -40.499  -36.453  -33.426 0.0000000000
45071  -41.399  -36.405  -33.138 0.0000000000
45072  -42.172  -36.626  -32.791 0.0000000000
45080  -39.317  -36.388  -34.462 0.0000000000
45089  -39.462  -36.517  -35.415 0.0000000000
45097  -39.905  -36.605  -36.535 0.0000000000
45098  -40.294  -37.168  -36.751 0.0000000000
45106  -36.967  -36.585  -38.049 0.0000000000
45107  -37.602  -37.097  -38.252 0.0000000000
45108  -40.108  -36.251  -37.518 0.0000000000
45109  -40.368  -37.006  -37.205 0.0000000000
45117  -37.304  -35.979  -38.532 0.0000000000
45118  -38.001  -36.511  -38.613 0.0000000000
45119  -39.110  -36.423  -38.634 0.0000000000
45120  -39.896  -36.401  -38.245 0.0000000000
45121  -40.327  -36.857  -37.811 0.0000000000
46205  -41.120  -35.506  -28.161 0.0000000000
46216  -41.170  -35.569  -29.120 0.0000000000
46223  -41.486  -35.714  -29.928 0.0000000000
46224  -41.807  -35.785  -30.575 0.0000000000
46230  -41.991  -35.648  -31.286 0.0000000000
46245  -40.370  -35.062  -32.662 0.0000000000
46246  -40.988  -35.407  -32.583 0.0000000000
46247  -41.773  -35.389  -32.005 0.0000000000
46254  -38.477  -34.936  -34.098 0.0000000000
46255  -38.942  -35.525  -33.866 0.0000000000
46256  -40.027  -35.575  -33.047 0.0000000000
46257  -40.758  -35.944  -33.058 0.0000000000
46265  -38.562  -35.047  -34.718 0.0000000000
46266  -38.933  -35.783  -35.040 0.0000000000
46273  -38.857  -35.047  -35.654 0.0000000000
46274  -39.326  -35.737  -36.048 0.0000000000
46283  -39.242  -34.982  -36.429 0.0000000000
46284  -39.686  -35.424  -37.069 0.0000000000
46293  -35.143  -34.801  -36.546 0.0000000000
46296  -39.822  -35.443  -37.998 0.0000000000
46304  -36.041  -35.060  -37.920 0.0000000000
46305  -36.760  -35.381  -38.368 0.0000000000
46306  -37.606  -35.357  -38.820 0.0000000000
46307  -38.541  -35.434  -38.894 0.0000000000
46308  -39.334  -35.471  -38.555 0.0000000000
47402  -41.156  -34.613  -28.663 0.0000000000
47414  -41.341  -34.684  -29.861 0.0000000000
47415  -41.581  -35.304  -30.294 0.0000000000
47422  -41.356  -34.269  -30.882 0.0000000000
47423  -41.688  -35.076  -30.724 0.0000000000
47437  -39.657  -34.270  -32.456 0.0000000000
47438  -40.399  -34.486  -32.296 0.0000000000
47439  -41.118  -34.495  -31.796 0.0000000000
47440  -41.680  -34.925  -31.373 0.0000000000
47449  -38.530  -34.576  -33.617 0.0000000000
47450  -39.194  -34.699  -33.004 0.0000000000
47451  -39.948  -34.822  -32.683 0.0000000000
47459  -38.262  -34.385  -34.337 0.0000000000
47467  -34.060  -33.591  -35.565 0.0000000000
47469  -38.441  -34.340  -35.308 0.0000000000
47481  -34.140  -33.456  -36.019 0.0000000000
47482  -34.555  -34.025  -36.241 0.0000000000
47483  -38.859  -34.300  -36.264 0.0000000000
47484  -39.347  -34.448  -37.050 0.0000000000
47493  -35.125  -34.222  -37.021 0.0000000000
47494  -35.655  -34.326  -37.689 0.0000000000
47495  -39.581  -34.647  -37.765 0.0000000000
47500  -36.302  -34.336  -38.315 0.0000000000
47501  -37.082  -34.435  -38.832 0.0000000000
47502  -38.028  -34.294  -39.124 0.0000000000
47503  -38.948  -34.490  -38.878 0.0000000000
47504  -39.426  -34.698  -38.380 0.0000000000
47515  -38.231  -33.675  -39.216 0.0000000000
47516  -38.562  -33.851  -39.088 0.0000000000
48636  -38.241  -33.343  -32.824 0.0000000000
48637  -38.815  -33.699  -32.581 0.0000000000
48638  -39.884  -33.527  -31.843 0.0000000000
48639  -40.550  -33.934  -31.840 0.0000000000
48653  -38.574  -34.180  -33.115 0.0000000000
48661  -33.295  -33.073  -34.252 0.0000000000
48663  -38.030  -33.671  -34.848 0.0000000000
48672  -32.778  -32.651  -34.830 0.0000000000
48673  -33.474  -33.091  -35.129 0.0000000000
48674  -37.998  -33.041  -35.312 0.0000000000
48675  -38.388  -33.444  -35.927 0.0000000000
48687  -33.070  -32.581  -35.434 0.0000000000
48688  -33.681  -32.913  -35.932 0.0000000000
48689  -34.218  -33.275  -36.331 0.0000000000
48690  -39.037  -33.469  -37.017 0.0000000000
48691  -39.388  -33.962  -37.637 0.0000000000
48697  -34.079  -32.750  -36.489 0.0000000000
48698  -34.625  -33.171  -36.981 0.0000000000
48699  -35.250  -33.601  -37.505 0.0000000000
48700  -39.272  -33.303  -37.981 0.0000000000
48701  -39.381  -34.039  -38.228 0.0000000000
48714  -35.151  -32.891  -37.673 0.0000000000
48715  -35.759  -33.324  -38.165 0.0000000000
48716  -36.628  -33.416  -38.822 0.0000000000
48717  -37.336  -33.714  -39.112 0.0000000000
48718  -38.979  -33.545  -38.718 0.0000000000
48719  -39.217  -34.183  -38.586 0.0000000000
48739  -37.169  -33.077  -39.212 0.0000000000
48740  -37.825  -33.285  -39.251 0.0000000000
48741  -38.414  -33.268  -39.116 0.0000000000
49775  -39.193  -32.984  -31.900 0.0000000000
49776  -39.662  -33.057  -31.662 0.0000000000
49800  -32.151  -32.278  -34.697 0.0000000000
49810  -31.825  -31.846  -34.915 0.0000000000
49811  -32.404  -32.074  -35.335 0.0000000000
49822  -33.065  -32.114  -35.879 0.0000000000
49823  -33.637  -32.159  -36.386 0.0000000000
49824  -38.085  -32.113  -36.068 0.0000000000
49825  -38.521  -32.490  -36.641 0.0000000000
49835  -34.223  -32.183  -36.866 0.0000000000
49836  -34.775  -32.182  -37.487 0.0000000000
49837  -38.946  -32.514  -37.599 0.0000000000
49854  -35.457  -32.107  -38.188 0.0000000000
49855  -36.164  -32.457  -38.722 0.0000000000
49856  -36.756  -32.483  -39.113 0.0000000000
49857  -38.883  -32.600  -38.408 0.0000000000
49872  -37.414  -32.419  -39.270 0.0000000000
49873  -38.109  -32.526  -39.200 0.0000000000
49874  -38.586  -32.756  -38.890 0.0000000000
50950  -31.483  -31.450  -34.743 0.0000000000
50959  -31.405  -30.971  -34.823 0.0000000000
50960  -31.908  -31.193  -35.237 0.0000000000
50961  -32.619  -31.367  -35.747 0.0000000000
50973  -33.232  -31.409  -36.208 0.0000000000
50974  -33.858  -31.400  -36.649 0.0000000000
50976  -38.242  -31.580  -36.623 0.0000000000
50991  -34.429  -31.355  -37.223 0.0000000000
50992  -35.010  -31.281  -37.844 0.0000000000
50993  -38.614  -31.706  -37.331 0.0000000000
51005  -35.481  -31.140  -38.404 0.0000000000
51006  -36.064  -31.399  -38.883 0.0000000000
51007  -36.446  -31.966  -39.021 0.0000000000
51008  -38.706  -31.750  -38.116 0.0000000000
51017  -36.430  -30.975  -39.213 0.0000000000
51018  -36.854  -31.509  -39.254 0.0000000000
51019  -37.731  -31.636  -39.228 0.0000000000
51020  -38.420  -31.860  -38.838 0.0000000000
52205  -31.435  -30.316  -34.423 0.0000000000
52206  -32.025  -30.030  -34.615 0.0000000000
52219  -31.676  -30.716  -34.917 0.0000000000
52220  -32.122  -30.374  -34.974 0.0000000000
52221  -32.506  -30.655  -35.465 0.0000000000
52235  -33.016  -30.659  -35.877 0.0000000000
52236  -33.565  -30.662  -36.334 0.0000000000
52237  -37.928  -30.698  -36.658 0.0000000000
52238  -38.395  -31.079  -37.148 0.0000000000
52253  -34.138  -30.552  -36.884 0.0000000000
52254  -34.697  -30.469  -37.562 0.0000000000
52255  -38.298  -30.598  -37.370 0.0000000000
52256  -38.515  -30.969  -37.785 0.0000000000
52267  -35.229  -30.402  -38.258 0.0000000000
52268  -35.718  -30.492  -38.810 0.0000000000
52269  -38.432  -31.008  -38.485 0.0000000000
52281  -36.179  -30.483  -39.154 0.0000000000
52282  -36.703  -30.476  -39.323 0.0000000000
52283  -37.366  -30.669  -39.258 0.0000000000
52284  -38.045  -30.875  -39.032 0.0000000000
53498  -29.770  -28.876  -33.081 0.0000000000
53499  -30.355  -28.391  -33.113 0.0000000000
53513  -30.859  -29.245  -33.520 0.0000000000
53514  -32.196  -29.416  -34.294 0.0000000000
53515  -32.826  -28.977  -34.644 0.0000000000
53527  -32.337  -29.884  -34.806 0.0000000000
53528  -33.051  -29.657  -35.312 0.0000000000
53529  -33.768  -29.099  -35.960 0.0000000000
53543  -33.377  -30.187  -35.966 0.0000000000
53544  -33.880  -29.701  -36.369 0.0000000000
53556  -34.451  -29.659  -37.184 0.0000000000
53557  -34.959  -29.513  -37.986 0.0000000000
53559  -38.331  -30.451  -37.722 0.0000000000
53568  -35.592  -29.479  -38.883 0.0000000000
53569  -35.926  -30.002  -39.104 0.0000000000
53570  -38.046  -29.739  -38.383 0.0000000000
53571  -38.328  -30.378  -38.131 0.0000000000
53582  -35.958  -28.941  -39.397 0.0000000000
53583  -36.319  -29.525  -39.391 0.0000000000
53584  -37.067  -29.679  -39.413 0.0000000000
53585  -37.710  -29.852  -39.025 0.0000000000
53586  -38.140  -30.360  -38.657 0.0000000000
54703  -29.050  -28.246  -32.740 0.0000000000
54704  -29.817  -27.989  -32.874 0.0000000000
54705  -30.313  -27.758  -33.089 0.0000000000
54716  -30.925  -27.979  -33.276 0.0000000000
54717  -31.805  -28.294  -33.678 0.0000000000
54718  -32.622  -28.332  -34.266 0.0000000000
54727  -33.208  -28.369  -34.941 0.0000000000
54728  -33.750  -28.425  -35.714 0.0000000000
54740  -34.207  -28.530  -36.565 0.0000000000
54741  -34.446  -28.071  -37.041 0.0000000000
54752  -34.331  -29.119  -36.879 0.0000000000
54753  -34.643  -28.533  -37.462 0.0000000000
54766  -35.206  -28.484  -38.491 0.0000000000
54767  -37.784  -28.914  -38.705 0.0000000000
54776  -35.717  -28.375  -39.253 0.0000000000
54777  -36.338  -28.312  -39.759 0.0000000000
54778  -36.853  -28.775  -39.712 0.0000000000
54779  -37.366  -28.756  -39.402 0.0000000000
54786  -36.617  -27.852  -40.121 0.0000000000
54787  -36.835  -28.104  -40.064 0.0000000000
54788  -37.135  -28.261  -39.876 0.0000000000
55790  -27.479  -27.478  -32.466 0.0000000000
55791  -28.370  -27.343  -32.688 0.0000000000
55792  -29.272  -27.238  -32.948 0.0000000000
55793  -29.921  -27.382  -33.099 0.0000000000
55802  -29.733  -26.875  -33.311 0.0000000000
55803  -30.414  -27.062  -33.425 0.0000000000
55804  -31.384  -27.135  -33.808 0.0000000000
55805  -32.196  -27.533  -34.094 0.0000000000
55816  -31.960  -26.780  -34.526 0.0000000000
55817  -32.779  -27.318  -34.784 0.0000000000
55818  -33.447  -27.439  -35.539 0.0000000000
55833  -34.041  -27.384  -36.467 0.0000000000
55834  -34.339  -27.836  -36.832 0.0000000000
55844  -34.188  -26.854  -37.028 0.0000000000
55845  -34.463  -27.371  -37.321 0.0000000000
55859  -34.899  -27.460  -38.232 0.0000000000
55872  -35.356  -27.494  -39.060 0.0000000000
55873  -35.884  -27.470  -39.707 0.0000000000
55882  -36.422  -27.402  -40.095 0.0000000000
55883  -36.843  -27.484  -40.176 0.0000000000
56894  -26.845  -26.834  -32.616 0.0000000000
56905  -26.390  -26.149  -33.037 0.0000000000
56906  -27.509  -26.400  -33.118 0.0000000000
56907  -28.566  -26.561  -33.276 0.0000000000
56908  -29.233  -26.574  -33.454 0.0000000000
56917  -28.103  -26.003  -33.721 0.0000000000
56918  -28.821  -26.042  -33.971 0.0000000000
56919  -29.723  -26.317  -33.910 0.0000000000
56920  -30.586  -26.433  -34.197 0.0000000000
56921  -31.257  -26.469  -34.485 0.0000000000
56932  -29.230  -25.828  -34.489 0.0000000000
56933  -29.896  -25.894  -34.801 0.0000000000
56934  -30.750  -26.063  -34.939 0.0000000000
56935  -31.524  -26.194  -35.101 0.0000000000
56936  -32.333  -26.432  -35.264 0.0000000000
56937  -32.977  -26.730  -35.526 0.0000000000
56950  -30.321  -25.689  -35.336 0.0000000000
56951  -30.983  -25.758  -35.597 0.0000000000
56952  -31.860  -25.868  -35.806 0.0000000000
56953  -32.687  -26.102  -36.068 0.0000000000
56954  -33.398  -26.600  -36.163 0.0000000000
56966  -33.125  -26.021  -36.612 0.0000000000
56967  -33.748  -26.266  -36.995 0.0000000000
56968  -34.224  -26.533  -37.439 0.0000000000
56982  -34.010  -25.939  -37.746 0.0000000000
56983  -34.476  -26.387  -38.158 0.0000000000
56997  -34.959  -26.530  -38.937 0.0000000000
56998  -35.461  -26.582  -39.581 0.0000000000
58123  -22.379  -25.565  -32.452 0.0000000000
58124  -23.295  -25.742  -32.591 0.0000000000
58125  -24.036  -25.667  -32.796 0.0000000000
58129  -22.813  -25.142  -32.864 0.0000000000
58130  -23.489  -25.113  -33.151 0.0000000000
58131  -24.549  -25.208  -33.427 0.0000000000
58132  -25.706  -25.470  -33.535 0.0000000000
58133  -26.669  -25.593  -33.701 0.0000000000
58134  -27.471  -25.674  -33.885 0.0000000000
58142  -25.196  -24.896  -33.928 0.0000000000
58143  -25.964  -24.996  -34.161 0.0000000000
58144  -26.951  -24.974  -34.460 0.0000000000
58145  -28.117  -25.477  -34.387 0.0000000000
58146  -28.781  -25.632  -34.507 0.0000000000
58160  -27.138  -24.494  -34.849 0.0000000000
58161  -27.769  -24.790  -34.874 0.0000000000
58162  -28.990  -25.201  -35.097 0.0000000000
58163  -29.845  -25.496  -35.301 0.0000000000
58178  -29.420  -24.760  -35.565 0.0000000000
58179  -30.241  -25.169  -35.836 0.0000000000
58180  -31.375  -25.425  -36.274 0.0000000000
58181  -32.266  -25.601  -36.532 0.0000000000
58182  -32.754  -25.794  -36.625 0.0000000000
58196  -30.620  -24.916  -36.244 0.0000000000
58197  -31.060  -25.036  -36.530 0.0000000000
58198  -31.999  -25.108  -37.126 0.0000000000
58199  -32.988  -25.529  -37.205 0.0000000000
58200  -33.577  -25.755  -37.539 0.0000000000
58214  -32.308  -24.794  -37.664 0.0000000000
58215  -32.741  -24.878  -38.109 0.0000000000
58216  -33.545  -25.430  -38.173 0.0000000000
58217  -34.102  -25.741  -38.319 0.0000000000
58230  -32.886  -24.584  -38.805 0.0000000000
58231  -33.272  -24.867  -38.889 0.0000000000
58232  -34.278  -25.400  -39.181 0.0000000000
58233  -35.051  -25.971  -39.437 0.0000000000
58243  -35.321  -25.497  -40.103 0.0000000000
59422  -23.723  -24.394  -33.735 0.0000000000
59423  -24.250  -24.692  -33.739 0.0000000000
59430  -24.018  -24.000  -34.143 0.0000000000
59431  -24.487  -24.468  -34.007 0.0000000000
59432  -25.280  -24.334  -34.433 0.0000000000
59433  -26.085  -24.473  -34.555 0.0000000000
59447  -25.743  -23.951  -34.758 0.0000000000
59448  -26.512  -24.097  -34.889 0.0000000000
59449  -27.343  -24.126  -35.137 0.0000000000
59450  -28.134  -24.469  -35.205 0.0000000000
59467  -27.895  -23.950  -35.367 0.0000000000
59468  -28.754  -24.217  -35.441 0.0000000000
59469  -29.798  -24.368  -35.738 0.0000000000
59470  -30.473  -24.377  -36.010 0.0000000000
59485  -30.411  -24.724  -36.034 0.0000000000
59486  -30.898  -24.654  -36.402 0.0000000000
59487  -31.547  -24.744  -36.846 0.0000000000
59503  -32.120  -24.671  -37.343 0.0000000000
59504  -32.532  -24.508  -37.884 0.0000000000
59521  -32.969  -24.418  -39.276 0.0000000000
60666  -23.456  -23.410  -34.266 0.0000000000
60667  -24.421  -23.724  -34.527 0.0000000000
60668  -25.159  -23.654  -34.781 0.0000000000
60679  -23.960  -23.024  -34.811 0.0000000000
60680  -24.697  -23.012  -34.970 0.0000000000
60681  -25.691  -23.189  -35.122 0.0000000000
60682  -26.684  -23.427  -35.234 0.0000000000
60683  -27.374  -23.544  -35.332 0.0000000000
60684  -29.480  -23.010  -35.381 0.0000000000
60706  -26.204  -22.668  -35.452 0.0000000000
60707  -27.033  -22.872  -35.436 0.0000000000
60708  -28.006  -23.241  -35.390 0.0000000000
60709  -29.227  -23.359  -35.427 0.0000000000
60732  -31.361  -24.512  -36.602 0.0000000000
60733  -31.976  -24.363  -36.914 0.0000000000
60751  -32.324  -24.402  -37.538 0.0000000000
61941  -25.625  -22.488  -35.436 0.0000000000
