#!ascii label  , from subject COLIN27_FS vox2ras=TkReg
442
115206  -41.949  18.338  -48.939 0.0000000000
115207  -43.037  18.186  -48.572 0.0000000000
115210  -46.085  18.487  -49.179 0.0000000000
116505  -41.628  19.226  -49.310 0.0000000000
116506  -42.411  19.077  -48.908 0.0000000000
116507  -43.363  19.127  -48.885 0.0000000000
116508  -44.372  19.240  -49.052 0.0000000000
116509  -45.388  19.364  -49.326 0.0000000000
116510  -46.154  19.237  -49.490 0.0000000000
116516  -45.930  19.807  -49.636 0.0000000000
116517  -46.691  19.633  -49.760 0.0000000000
116518  -47.660  19.604  -49.997 0.0000000000
117704  -42.057  19.605  -49.237 0.0000000000
117705  -42.649  19.806  -49.229 0.0000000000
117706  -43.641  19.969  -49.318 0.0000000000
117707  -44.621  20.067  -49.502 0.0000000000
117708  -45.382  20.139  -49.672 0.0000000000
117715  -41.626  20.333  -49.607 0.0000000000
117716  -42.894  20.703  -49.586 0.0000000000
117717  -43.972  20.804  -49.771 0.0000000000
117718  -44.976  20.829  -49.884 0.0000000000
117719  -46.001  20.594  -49.970 0.0000000000
117720  -47.039  20.531  -50.250 0.0000000000
117721  -47.980  20.445  -50.500 0.0000000000
117722  -48.781  20.207  -50.659 0.0000000000
117729  -48.408  20.786  -50.772 0.0000000000
117730  -48.980  20.795  -50.992 0.0000000000
117731  -49.893  20.644  -51.160 0.0000000000
117732  -50.921  20.648  -51.486 0.0000000000
117733  -51.959  20.691  -51.782 0.0000000000
117734  -52.947  20.507  -51.965 0.0000000000
117735  -53.793  20.499  -52.012 0.0000000000
117741  -52.426  21.139  -52.152 0.0000000000
117742  -53.063  21.183  -52.348 0.0000000000
117743  -53.782  21.240  -52.409 0.0000000000
117744  -54.167  21.369  -52.326 0.0000000000
118926  -42.216  21.587  -49.853 0.0000000000
118927  -43.348  21.639  -50.001 0.0000000000
118928  -44.417  21.663  -50.160 0.0000000000
118929  -45.479  21.607  -50.324 0.0000000000
118930  -46.483  21.457  -50.484 0.0000000000
118931  -47.472  21.434  -50.740 0.0000000000
118932  -48.034  21.029  -50.743 0.0000000000
118939  -47.871  21.955  -51.073 0.0000000000
118940  -48.328  21.421  -51.016 0.0000000000
118941  -49.208  21.535  -51.397 0.0000000000
118942  -50.230  21.557  -51.673 0.0000000000
118943  -51.160  21.384  -51.881 0.0000000000
118944  -51.831  21.417  -52.108 0.0000000000
118950  -50.705  21.958  -52.001 0.0000000000
118951  -51.340  21.969  -52.235 0.0000000000
118952  -52.232  21.840  -52.428 0.0000000000
118953  -53.057  21.936  -52.575 0.0000000000
118954  -53.761  21.900  -52.486 0.0000000000
118955  -54.318  21.633  -52.141 0.0000000000
120167  -42.823  22.580  -50.098 0.0000000000
120168  -43.877  22.572  -50.279 0.0000000000
120169  -44.938  22.572  -50.476 0.0000000000
120170  -46.169  22.576  -50.727 0.0000000000
120171  -46.855  22.026  -50.729 0.0000000000
120179  -46.723  23.139  -50.958 0.0000000000
120180  -47.336  22.595  -51.066 0.0000000000
120181  -48.435  22.354  -51.463 0.0000000000
120182  -49.568  22.489  -51.892 0.0000000000
120183  -50.259  22.175  -51.952 0.0000000000
120184  -54.473  22.096  -51.360 0.0000000000
120189  -49.912  23.058  -52.253 0.0000000000
120190  -50.591  22.623  -52.299 0.0000000000
120191  -51.573  22.572  -52.498 0.0000000000
120192  -52.298  22.700  -52.572 0.0000000000
120193  -53.045  22.763  -52.498 0.0000000000
120194  -53.892  22.384  -52.258 0.0000000000
120195  -54.386  22.051  -51.905 0.0000000000
120200  -52.269  23.108  -52.577 0.0000000000
120201  -52.505  22.987  -52.557 0.0000000000
121426  -51.646  23.720  -48.543 0.0000000000
121427  -52.236  23.771  -48.819 0.0000000000
121428  -52.831  23.609  -49.285 0.0000000000
121433  -53.386  23.467  -49.950 0.0000000000
121440  -42.419  23.562  -50.111 0.0000000000
121442  -44.394  23.491  -50.497 0.0000000000
121443  -45.380  23.538  -50.722 0.0000000000
121444  -53.827  23.299  -50.765 0.0000000000
121450  -46.295  23.677  -50.929 0.0000000000
121451  -47.119  23.682  -51.210 0.0000000000
121452  -48.167  23.549  -51.672 0.0000000000
121453  -48.821  22.987  -51.854 0.0000000000
121454  -53.679  23.380  -51.568 0.0000000000
121455  -54.128  22.758  -51.211 0.0000000000
121460  -48.704  24.087  -51.944 0.0000000000
121461  -49.291  23.597  -52.114 0.0000000000
121462  -50.339  23.539  -52.444 0.0000000000
121463  -51.246  23.283  -52.600 0.0000000000
121464  -51.751  22.987  -52.602 0.0000000000
121465  -52.803  23.610  -52.330 0.0000000000
121466  -53.444  23.149  -52.114 0.0000000000
121467  -54.045  22.657  -51.804 0.0000000000
121472  -51.492  23.671  -52.609 0.0000000000
121473  -51.878  23.359  -52.606 0.0000000000
121474  -52.385  23.376  -52.520 0.0000000000
122589  -50.191  25.084  -48.254 0.0000000000
122590  -51.063  24.874  -48.343 0.0000000000
122591  -51.646  25.377  -48.464 0.0000000000
122596  -51.430  24.261  -48.457 0.0000000000
122597  -51.961  24.769  -48.601 0.0000000000
122598  -52.675  24.608  -49.120 0.0000000000
122603  -53.141  24.444  -49.750 0.0000000000
122615  -53.359  24.293  -50.505 0.0000000000
122622  -46.677  24.578  -51.169 0.0000000000
122623  -47.568  24.526  -51.507 0.0000000000
122624  -53.352  24.215  -51.261 0.0000000000
122628  -48.341  24.580  -51.828 0.0000000000
122629  -49.092  24.600  -52.036 0.0000000000
122630  -49.976  24.450  -52.340 0.0000000000
122631  -51.162  24.197  -52.538 0.0000000000
122632  -51.929  24.474  -52.395 0.0000000000
122633  -52.508  24.338  -52.222 0.0000000000
122634  -53.073  24.084  -51.934 0.0000000000
122639  -51.648  23.809  -52.606 0.0000000000
122640  -51.898  23.872  -52.599 0.0000000000
122641  -52.317  23.944  -52.476 0.0000000000
123716  -47.947  25.661  -47.755 0.0000000000
123717  -48.866  25.741  -48.069 0.0000000000
123718  -49.813  25.839  -48.162 0.0000000000
123719  -50.675  25.888  -48.261 0.0000000000
123720  -51.401  25.950  -48.415 0.0000000000
123721  -51.997  25.899  -48.611 0.0000000000
123726  -52.540  25.610  -48.982 0.0000000000
123727  -52.966  25.350  -49.554 0.0000000000
123732  -53.142  25.166  -50.256 0.0000000000
123745  -53.092  25.007  -50.948 0.0000000000
123754  -47.209  25.541  -51.415 0.0000000000
123755  -47.977  25.882  -51.676 0.0000000000
123756  -52.375  25.363  -51.600 0.0000000000
123757  -52.733  25.002  -51.551 0.0000000000
123761  -47.947  25.207  -51.687 0.0000000000
123762  -48.680  25.475  -51.842 0.0000000000
123763  -49.595  25.359  -52.028 0.0000000000
123764  -50.515  25.278  -52.171 0.0000000000
123765  -51.411  25.196  -52.166 0.0000000000
123766  -52.181  25.160  -51.887 0.0000000000
123767  -52.642  24.665  -51.956 0.0000000000
124838  -47.616  26.580  -47.490 0.0000000000
124839  -48.453  26.641  -47.841 0.0000000000
124840  -49.398  26.718  -48.026 0.0000000000
124841  -50.306  26.775  -48.132 0.0000000000
124842  -51.086  26.814  -48.277 0.0000000000
124843  -51.728  26.822  -48.539 0.0000000000
124848  -52.362  26.803  -48.987 0.0000000000
124849  -52.750  26.119  -49.433 0.0000000000
124854  -52.626  26.734  -49.738 0.0000000000
124855  -52.937  25.973  -50.027 0.0000000000
124868  -52.561  26.457  -50.446 0.0000000000
124869  -52.849  25.703  -50.724 0.0000000000
124880  -47.538  26.579  -51.510 0.0000000000
124881  -48.532  26.553  -51.645 0.0000000000
124882  -49.354  26.741  -51.656 0.0000000000
124883  -50.941  26.695  -51.513 0.0000000000
124884  -51.364  26.502  -51.436 0.0000000000
124885  -52.208  25.921  -51.279 0.0000000000
124886  -52.753  25.436  -51.166 0.0000000000
124891  -49.250  26.077  -51.814 0.0000000000
124892  -50.013  26.212  -51.799 0.0000000000
124893  -50.883  26.133  -51.770 0.0000000000
124894  -51.688  25.759  -51.735 0.0000000000
124895  -52.027  25.614  -51.665 0.0000000000
125915  -48.102  27.498  -47.523 0.0000000000
125916  -48.986  27.620  -47.759 0.0000000000
125917  -49.941  27.656  -47.883 0.0000000000
125918  -50.748  27.693  -48.064 0.0000000000
125919  -51.384  27.693  -48.343 0.0000000000
125920  -51.901  27.681  -48.666 0.0000000000
125925  -52.193  27.781  -48.996 0.0000000000
125930  -52.343  27.539  -49.471 0.0000000000
125941  -51.863  27.811  -50.417 0.0000000000
125942  -52.353  27.307  -50.118 0.0000000000
125954  -47.924  27.517  -51.474 0.0000000000
125955  -48.895  27.530  -51.449 0.0000000000
125956  -49.968  27.285  -51.475 0.0000000000
125957  -50.848  27.356  -51.281 0.0000000000
125958  -51.590  27.174  -50.972 0.0000000000
125959  -52.139  26.952  -50.670 0.0000000000
125965  -50.392  26.602  -51.634 0.0000000000
125966  -50.623  26.806  -51.529 0.0000000000
126921  -47.547  28.540  -46.819 0.0000000000
126922  -48.158  29.142  -46.891 0.0000000000
126926  -47.861  28.031  -47.233 0.0000000000
126927  -48.525  28.566  -47.290 0.0000000000
126928  -49.585  28.509  -47.561 0.0000000000
126929  -50.444  28.549  -47.719 0.0000000000
126930  -51.001  28.526  -47.947 0.0000000000
126931  -51.588  28.457  -48.432 0.0000000000
126936  -51.926  28.383  -48.814 0.0000000000
126941  -51.915  28.679  -49.552 0.0000000000
126942  -52.080  28.345  -49.260 0.0000000000
126950  -51.693  28.704  -50.063 0.0000000000
126951  -52.121  28.105  -49.823 0.0000000000
126962  -47.286  28.397  -51.554 0.0000000000
126963  -48.227  28.547  -51.469 0.0000000000
126964  -49.229  28.542  -51.325 0.0000000000
126965  -50.216  28.490  -51.176 0.0000000000
126966  -51.123  28.516  -50.745 0.0000000000
127936  -47.506  29.782  -45.970 0.0000000000
127939  -47.292  29.207  -46.268 0.0000000000
127940  -47.909  29.619  -46.438 0.0000000000
127941  -48.815  29.711  -46.801 0.0000000000
127942  -49.805  29.934  -46.987 0.0000000000
127943  -50.442  29.975  -47.243 0.0000000000
127946  -49.379  29.235  -47.229 0.0000000000
127947  -50.129  29.304  -47.380 0.0000000000
127948  -50.874  29.487  -47.610 0.0000000000
127949  -51.438  29.349  -48.166 0.0000000000
127950  -51.710  28.944  -48.622 0.0000000000
127955  -51.615  29.494  -48.740 0.0000000000
127956  -51.919  28.999  -49.084 0.0000000000
127962  -51.621  29.318  -49.421 0.0000000000
127963  -51.901  28.834  -49.289 0.0000000000
127972  -50.644  30.131  -50.427 0.0000000000
127973  -51.103  29.563  -50.243 0.0000000000
127978  -47.477  29.389  -51.839 0.0000000000
127979  -48.495  29.778  -51.728 0.0000000000
127980  -49.551  29.580  -51.307 0.0000000000
127981  -50.458  29.613  -50.813 0.0000000000
127982  -50.923  29.251  -50.634 0.0000000000
127993  -46.610  29.951  -52.721 0.0000000000
127994  -47.662  30.209  -52.335 0.0000000000
127995  -48.148  30.476  -52.181 0.0000000000
128012  -44.859  29.962  -53.590 0.0000000000
128013  -45.787  30.175  -53.516 0.0000000000
128014  -46.365  30.446  -53.490 0.0000000000
128957  -47.262  30.635  -43.703 0.0000000000
128962  -47.311  30.742  -44.587 0.0000000000
128966  -47.628  30.482  -45.423 0.0000000000
128967  -48.320  31.026  -45.567 0.0000000000
128970  -47.866  30.122  -45.969 0.0000000000
128971  -48.497  30.583  -46.040 0.0000000000
128972  -49.516  30.677  -46.521 0.0000000000
128973  -50.310  30.650  -46.986 0.0000000000
128976  -50.804  30.407  -47.442 0.0000000000
128977  -51.199  30.186  -47.826 0.0000000000
128981  -51.377  30.164  -48.377 0.0000000000
128987  -51.014  30.649  -49.289 0.0000000000
128988  -51.366  30.112  -48.996 0.0000000000
128997  -50.680  30.619  -49.959 0.0000000000
128998  -51.208  30.081  -49.585 0.0000000000
129002  -49.121  30.396  -51.609 0.0000000000
129003  -49.703  30.610  -51.148 0.0000000000
129004  -50.239  30.659  -50.610 0.0000000000
129007  -47.356  30.614  -52.937 0.0000000000
129008  -47.928  30.912  -52.671 0.0000000000
129009  -48.578  30.886  -52.099 0.0000000000
129010  -49.171  31.089  -51.633 0.0000000000
129026  -44.428  30.298  -54.352 0.0000000000
129027  -45.359  30.469  -54.273 0.0000000000
129028  -46.179  30.668  -54.086 0.0000000000
129029  -46.936  30.921  -53.606 0.0000000000
129030  -47.572  31.118  -53.195 0.0000000000
129046  -44.985  30.745  -55.032 0.0000000000
129047  -45.896  31.076  -54.883 0.0000000000
129048  -46.539  31.233  -54.380 0.0000000000
129057  -44.627  31.203  -55.677 0.0000000000
129058  -45.350  31.324  -55.414 0.0000000000
129971  -47.801  31.670  -44.288 0.0000000000
129972  -48.325  32.166  -44.570 0.0000000000
129976  -47.776  31.186  -44.876 0.0000000000
129977  -48.489  31.726  -45.171 0.0000000000
129978  -49.120  32.211  -45.545 0.0000000000
129983  -45.380  32.020  -47.083 0.0000000000
129984  -48.668  31.255  -45.660 0.0000000000
129985  -49.289  31.654  -45.945 0.0000000000
129986  -50.108  31.517  -46.698 0.0000000000
129991  -44.572  31.564  -47.597 0.0000000000
129992  -45.283  31.897  -47.577 0.0000000000
129993  -50.692  31.302  -47.467 0.0000000000
129994  -50.966  30.698  -47.688 0.0000000000
130000  -44.221  31.358  -48.377 0.0000000000
130001  -45.072  31.725  -48.374 0.0000000000
130002  -50.801  31.577  -48.295 0.0000000000
130003  -51.100  30.831  -48.029 0.0000000000
130011  -43.919  31.349  -49.367 0.0000000000
130012  -44.732  31.567  -49.070 0.0000000000
130013  -50.546  31.477  -49.248 0.0000000000
130014  -51.096  30.836  -48.693 0.0000000000
130026  -43.369  31.527  -50.293 0.0000000000
130027  -44.182  31.644  -50.175 0.0000000000
130028  -49.549  31.984  -50.664 0.0000000000
130029  -49.890  31.660  -50.298 0.0000000000
130035  -43.483  31.977  -51.040 0.0000000000
130036  -49.456  31.684  -51.132 0.0000000000
130037  -49.849  31.175  -50.823 0.0000000000
130040  -47.884  31.368  -53.071 0.0000000000
130041  -48.246  31.667  -52.739 0.0000000000
130042  -48.870  31.811  -52.032 0.0000000000
130052  -47.027  31.651  -54.192 0.0000000000
130053  -47.677  31.772  -53.511 0.0000000000
130054  -48.110  32.292  -53.035 0.0000000000
130068  -45.822  31.746  -55.337 0.0000000000
130069  -46.493  31.904  -54.849 0.0000000000
130084  -44.212  31.919  -56.308 0.0000000000
130085  -45.218  31.984  -55.805 0.0000000000
130098  -43.506  32.171  -56.703 0.0000000000
130099  -43.910  32.404  -56.605 0.0000000000
131001  -48.250  32.411  -44.193 0.0000000000
131002  -48.633  32.746  -44.676 0.0000000000
131010  -49.056  32.699  -45.345 0.0000000000
131011  -49.413  32.657  -45.849 0.0000000000
131018  -46.204  32.780  -46.765 0.0000000000
131019  -49.943  32.554  -46.545 0.0000000000
131020  -50.325  32.115  -47.134 0.0000000000
131026  -45.766  32.334  -47.311 0.0000000000
131027  -46.428  32.814  -47.723 0.0000000000
131028  -50.210  32.696  -47.246 0.0000000000
131029  -50.451  32.318  -47.762 0.0000000000
131035  -45.808  32.248  -48.198 0.0000000000
131036  -46.515  32.749  -48.778 0.0000000000
131037  -50.292  32.323  -48.613 0.0000000000
131043  -44.689  31.674  -49.753 0.0000000000
131044  -45.565  32.133  -49.435 0.0000000000
131045  -46.565  32.823  -49.888 0.0000000000
131046  -49.352  32.843  -49.769 0.0000000000
131047  -49.775  32.429  -49.560 0.0000000000
131059  -44.021  31.869  -50.754 0.0000000000
131060  -44.875  32.051  -50.605 0.0000000000
131061  -45.907  32.612  -50.698 0.0000000000
131062  -46.696  33.017  -50.854 0.0000000000
131063  -48.703  32.991  -50.831 0.0000000000
131064  -49.262  32.529  -50.522 0.0000000000
131065  -49.616  32.213  -50.118 0.0000000000
131071  -43.157  32.359  -51.644 0.0000000000
131072  -44.196  32.357  -51.517 0.0000000000
131073  -45.303  32.686  -51.570 0.0000000000
131074  -46.279  33.094  -51.683 0.0000000000
131075  -46.813  33.184  -51.385 0.0000000000
131076  -48.626  32.831  -51.378 0.0000000000
131077  -48.927  32.331  -51.615 0.0000000000
131082  -43.774  32.831  -52.412 0.0000000000
131083  -44.787  32.983  -52.358 0.0000000000
131084  -45.686  33.221  -52.310 0.0000000000
131085  -46.183  33.346  -52.291 0.0000000000
131086  -47.831  32.992  -52.714 0.0000000000
131087  -48.312  32.572  -52.372 0.0000000000
131088  -48.757  32.278  -52.054 0.0000000000
131099  -47.052  32.491  -54.112 0.0000000000
131100  -47.732  32.704  -53.189 0.0000000000
131101  -48.085  32.563  -52.908 0.0000000000
131108  -45.837  32.478  -55.314 0.0000000000
131109  -46.391  32.669  -54.704 0.0000000000
131117  -44.757  32.723  -56.043 0.0000000000
131118  -45.292  32.559  -55.670 0.0000000000
131129  -43.643  32.858  -56.862 0.0000000000
131130  -44.178  32.641  -56.484 0.0000000000
131141  -43.180  32.886  -57.160 0.0000000000
132006  -48.345  33.439  -44.482 0.0000000000
132014  -48.877  33.448  -45.419 0.0000000000
132015  -49.247  33.123  -45.687 0.0000000000
132019  -46.921  33.397  -47.128 0.0000000000
132020  -47.489  33.891  -46.617 0.0000000000
132021  -49.091  33.781  -45.939 0.0000000000
132022  -49.414  33.421  -46.186 0.0000000000
132027  -47.143  33.368  -48.169 0.0000000000
132028  -47.615  33.914  -47.582 0.0000000000
132029  -49.869  33.361  -47.250 0.0000000000
132030  -50.161  32.861  -47.578 0.0000000000
132035  -47.268  33.236  -49.230 0.0000000000
132036  -48.039  33.754  -48.522 0.0000000000
132037  -48.954  33.820  -48.478 0.0000000000
132038  -49.619  33.473  -48.231 0.0000000000
132039  -50.091  32.939  -48.039 0.0000000000
132044  -47.271  33.168  -50.252 0.0000000000
132045  -47.948  33.364  -49.722 0.0000000000
132046  -48.668  33.484  -49.358 0.0000000000
132047  -49.388  33.260  -49.182 0.0000000000
132048  -49.846  32.923  -48.730 0.0000000000
132060  -47.226  33.221  -51.087 0.0000000000
132061  -47.827  33.244  -50.654 0.0000000000
132062  -48.541  33.171  -50.294 0.0000000000
132063  -49.051  33.099  -49.836 0.0000000000
132068  -39.869  33.940  -52.145 0.0000000000
132070  -46.544  33.387  -52.271 0.0000000000
132071  -47.029  33.332  -51.832 0.0000000000
132072  -47.692  33.244  -51.451 0.0000000000
132073  -48.268  33.162  -51.069 0.0000000000
132076  -40.117  34.139  -52.754 0.0000000000
132077  -40.887  33.724  -52.840 0.0000000000
132078  -42.285  33.427  -53.170 0.0000000000
132079  -43.400  33.285  -53.221 0.0000000000
132080  -44.425  33.303  -53.172 0.0000000000
132081  -45.370  33.433  -53.057 0.0000000000
132082  -46.247  33.502  -52.834 0.0000000000
132083  -47.005  33.479  -52.614 0.0000000000
132084  -47.668  33.222  -52.255 0.0000000000
132085  -48.152  33.105  -51.737 0.0000000000
132096  -41.104  34.215  -53.700 0.0000000000
132097  -41.863  34.064  -54.073 0.0000000000
132098  -43.077  33.773  -54.053 0.0000000000
132099  -44.125  33.522  -54.035 0.0000000000
132100  -45.107  33.447  -53.934 0.0000000000
132101  -46.014  33.426  -53.733 0.0000000000
132102  -46.940  33.298  -53.461 0.0000000000
132103  -47.487  33.243  -52.899 0.0000000000
132109  -42.102  34.309  -54.757 0.0000000000
132110  -42.786  34.076  -55.008 0.0000000000
132111  -43.840  33.758  -54.904 0.0000000000
132112  -44.807  33.479  -54.800 0.0000000000
132113  -45.761  33.171  -54.656 0.0000000000
132114  -46.489  33.085  -54.202 0.0000000000
132117  -43.009  34.156  -55.582 0.0000000000
132118  -43.547  33.931  -55.793 0.0000000000
132119  -44.444  33.422  -55.598 0.0000000000
132120  -45.218  33.017  -55.413 0.0000000000
132124  -42.766  33.877  -56.808 0.0000000000
132125  -43.424  33.607  -56.568 0.0000000000
132126  -44.085  33.255  -56.306 0.0000000000
132135  -43.082  33.298  -57.072 0.0000000000
132974  -48.089  34.245  -46.274 0.0000000000
132975  -48.732  34.047  -45.962 0.0000000000
132976  -49.184  33.901  -46.182 0.0000000000
132981  -48.074  34.318  -47.177 0.0000000000
132982  -48.721  34.326  -46.906 0.0000000000
132983  -49.279  33.977  -46.668 0.0000000000
132989  -48.091  34.092  -47.764 0.0000000000
132990  -48.542  34.124  -47.748 0.0000000000
132991  -49.236  33.994  -47.573 0.0000000000
133011  -38.985  35.266  -52.121 0.0000000000
133012  -39.276  34.549  -51.642 0.0000000000
133016  -39.157  35.328  -52.699 0.0000000000
133017  -39.614  34.769  -52.884 0.0000000000
133018  -40.233  34.286  -53.084 0.0000000000
133030  -39.816  34.975  -53.525 0.0000000000
133031  -40.449  34.660  -53.778 0.0000000000
133032  -41.215  34.398  -54.105 0.0000000000
133039  -41.421  34.618  -54.850 0.0000000000
133040  -42.228  34.363  -55.073 0.0000000000
133044  -42.492  34.374  -55.618 0.0000000000
133045  -43.071  34.201  -55.827 0.0000000000
133051  -43.023  34.163  -56.225 0.0000000000
133941  -38.798  35.918  -52.767 0.0000000000
133942  -39.258  35.398  -53.045 0.0000000000
133954  -39.501  35.598  -53.826 0.0000000000
133955  -40.215  35.159  -54.319 0.0000000000
133958  -39.614  35.942  -54.668 0.0000000000
133960  -41.119  34.925  -55.470 0.0000000000
