#!ascii label  , from subject COLIN27_FS vox2ras=TkReg
838
101866  -3.252  8.516  10.971 0.0000000000
103168  -3.181  9.508  10.902 0.0000000000
103169  -3.613  9.507  11.252 0.0000000000
104566  -3.187  10.511  10.760 0.0000000000
104567  -3.924  10.492  11.339 0.0000000000
104568  -4.708  10.622  11.655 0.0000000000
105882  -5.660  11.562  15.834 0.0000000000
105883  -6.518  11.487  15.518 0.0000000000
105950  -3.522  11.424  11.027 0.0000000000
105951  -4.217  11.465  11.368 0.0000000000
107129  -5.796  12.710  15.434 0.0000000000
107130  -7.070  12.388  15.275 0.0000000000
107147  -6.610  13.204  15.106 0.0000000000
107148  -7.548  13.200  15.132 0.0000000000
107149  -8.434  13.231  14.951 0.0000000000
107180  -3.182  12.275  10.622 0.0000000000
107181  -3.764  12.282  11.060 0.0000000000
107182  -6.161  12.530  11.579 0.0000000000
108355  -5.910  13.858  15.075 0.0000000000
108356  -6.850  13.939  14.868 0.0000000000
108357  -7.875  14.004  14.909 0.0000000000
108358  -8.761  13.870  14.504 0.0000000000
108370  -3.449  12.956  10.765 0.0000000000
108371  -3.959  13.095  11.003 0.0000000000
108372  -6.200  13.213  11.499 0.0000000000
108373  -6.439  13.221  11.565 0.0000000000
108374  -6.914  13.367  11.691 0.0000000000
108375  -7.632  13.436  11.962 0.0000000000
108377  -3.074  13.364  10.278 0.0000000000
108378  -3.527  13.645  10.649 0.0000000000
108379  -4.049  13.804  10.866 0.0000000000
108382  -2.736  13.471  9.572 0.0000000000
109528  -6.091  14.715  14.693 0.0000000000
109529  -7.126  14.772  14.619 0.0000000000
109530  -8.193  14.814  14.603 0.0000000000
109533  -8.987  14.817  13.951 0.0000000000
109534  -9.264  15.383  13.411 0.0000000000
109536  -8.726  13.979  12.519 0.0000000000
109537  -9.138  14.648  12.842 0.0000000000
109538  -9.386  15.568  12.931 0.0000000000
109540  -6.268  13.653  11.443 0.0000000000
109541  -6.514  14.001  11.438 0.0000000000
109542  -7.175  14.174  11.560 0.0000000000
109543  -8.199  14.415  11.944 0.0000000000
109544  -8.723  15.217  12.068 0.0000000000
109546  -3.240  14.112  10.285 0.0000000000
109547  -3.695  14.350  10.527 0.0000000000
109548  -6.238  14.143  11.344 0.0000000000
109549  -6.364  14.695  11.274 0.0000000000
109551  -2.935  14.233  9.803 0.0000000000
110735  -5.509  15.647  14.996 0.0000000000
110736  -6.285  15.629  14.363 0.0000000000
110737  -7.420  15.611  14.381 0.0000000000
110738  -8.400  15.576  14.322 0.0000000000
110741  -6.704  16.121  14.162 0.0000000000
110742  -7.253  16.277  14.133 0.0000000000
110743  -8.996  15.818  13.901 0.0000000000
110744  -9.355  16.103  13.346 0.0000000000
110747  -9.155  15.636  12.395 0.0000000000
110748  -9.392  16.217  12.696 0.0000000000
110751  -6.699  14.709  11.345 0.0000000000
110752  -7.259  15.169  11.358 0.0000000000
110753  -8.083  15.526  11.560 0.0000000000
110754  -8.734  15.982  11.804 0.0000000000
110757  -3.272  14.772  10.059 0.0000000000
110758  -3.825  15.121  10.328 0.0000000000
110759  -6.262  15.102  11.144 0.0000000000
110760  -6.536  15.457  11.100 0.0000000000
110761  -6.917  15.963  11.042 0.0000000000
110764  -2.951  15.087  9.472 0.0000000000
111991  -5.554  16.605  14.716 0.0000000000
111992  -6.088  16.372  14.126 0.0000000000
111993  -7.867  16.119  14.286 0.0000000000
111994  -8.415  16.238  14.126 0.0000000000
111997  -5.792  16.992  14.152 0.0000000000
111998  -6.574  16.818  13.936 0.0000000000
111999  -7.690  16.810  13.968 0.0000000000
112000  -8.784  16.788  13.724 0.0000000000
112001  -9.371  16.881  13.061 0.0000000000
112004  -9.158  16.305  12.163 0.0000000000
112005  -9.309  16.921  12.328 0.0000000000
112008  -7.449  15.980  11.212 0.0000000000
112009  -8.051  16.507  11.278 0.0000000000
112010  -8.863  16.880  11.734 0.0000000000
112011  -9.175  17.340  11.933 0.0000000000
112014  -3.339  15.463  9.849 0.0000000000
112015  -3.816  16.032  10.007 0.0000000000
112016  -6.288  16.039  10.807 0.0000000000
112017  -6.513  16.451  10.744 0.0000000000
112018  -7.131  16.741  10.838 0.0000000000
112019  -7.710  17.260  10.882 0.0000000000
112022  -3.117  16.074  9.292 0.0000000000
112023  -3.521  16.754  9.568 0.0000000000
112031  -2.719  16.433  8.372 0.0000000000
113262  -5.547  17.671  14.704 0.0000000000
113265  -5.893  17.706  13.935 0.0000000000
113266  -6.854  17.709  13.679 0.0000000000
113267  -7.988  17.738  13.629 0.0000000000
113268  -8.983  17.738  13.218 0.0000000000
113269  -9.313  17.416  12.667 0.0000000000
113272  -9.209  18.010  12.471 0.0000000000
113273  -9.260  17.526  12.154 0.0000000000
113275  -8.353  17.308  11.204 0.0000000000
113276  -9.002  17.928  11.598 0.0000000000
113277  -9.191  17.587  11.895 0.0000000000
113279  -4.035  16.803  9.935 0.0000000000
113280  -6.143  17.160  10.435 0.0000000000
113281  -6.480  17.363  10.453 0.0000000000
113282  -7.088  17.731  10.489 0.0000000000
113283  -8.024  18.059  10.685 0.0000000000
113284  -8.655  18.684  10.836 0.0000000000
113293  -3.125  17.152  8.932 0.0000000000
113294  -3.769  17.553  9.499 0.0000000000
113295  -5.834  18.036  10.038 0.0000000000
113308  -2.722  17.662  7.955 0.0000000000
114542  -6.012  18.660  13.637 0.0000000000
114543  -7.145  18.713  13.304 0.0000000000
114544  -8.283  18.534  13.242 0.0000000000
114545  -8.930  18.499  12.854 0.0000000000
114547  -7.810  19.196  13.083 0.0000000000
114548  -8.539  19.179  12.817 0.0000000000
114549  -9.141  18.935  12.204 0.0000000000
114551  -9.069  19.146  11.297 0.0000000000
114554  -6.059  17.868  10.157 0.0000000000
114555  -6.397  18.210  10.116 0.0000000000
114556  -7.056  18.781  10.059 0.0000000000
114557  -8.039  18.995  10.311 0.0000000000
114558  -8.681  19.451  10.577 0.0000000000
114571  -3.191  18.327  8.683 0.0000000000
114572  -5.636  18.532  9.784 0.0000000000
114573  -5.881  18.552  9.820 0.0000000000
114574  -6.265  18.937  9.754 0.0000000000
114575  -6.554  19.243  9.703 0.0000000000
114589  -2.795  18.735  7.884 0.0000000000
114600  -2.577  18.625  7.154 0.0000000000
115817  -6.083  19.827  13.156 0.0000000000
115818  -7.132  19.529  12.946 0.0000000000
115821  -6.891  20.154  12.711 0.0000000000
115822  -7.856  19.943  12.732 0.0000000000
115823  -8.771  19.837  12.369 0.0000000000
115824  -9.081  19.871  11.730 0.0000000000
115827  -9.049  20.087  10.948 0.0000000000
115836  -7.522  19.435  9.934 0.0000000000
115837  -8.121  19.723  10.090 0.0000000000
115838  -8.593  20.217  10.301 0.0000000000
115852  -3.423  19.124  8.785 0.0000000000
115853  -5.688  19.011  9.598 0.0000000000
115854  -5.868  19.293  9.539 0.0000000000
115855  -6.242  19.585  9.498 0.0000000000
115856  -6.882  19.692  9.596 0.0000000000
115857  -7.587  20.045  9.693 0.0000000000
115858  -8.142  20.300  9.863 0.0000000000
115868  -3.015  19.503  8.121 0.0000000000
115869  -3.397  19.799  8.550 0.0000000000
115878  -2.687  19.568  7.262 0.0000000000
117090  -5.713  21.007  13.209 0.0000000000
117092  -6.285  20.751  12.622 0.0000000000
117093  -7.247  20.878  12.288 0.0000000000
117094  -8.363  20.577  12.218 0.0000000000
117095  -8.882  20.316  11.987 0.0000000000
117097  -7.410  21.436  11.940 0.0000000000
117098  -8.048  21.307  11.923 0.0000000000
117099  -8.778  20.868  11.442 0.0000000000
117109  -8.787  20.923  10.524 0.0000000000
117121  -5.729  19.657  9.370 0.0000000000
117122  -5.920  19.974  9.283 0.0000000000
117123  -6.381  20.368  9.213 0.0000000000
117124  -7.091  20.489  9.323 0.0000000000
117125  -7.788  20.733  9.507 0.0000000000
117126  -8.418  20.886  9.876 0.0000000000
117137  -3.168  20.455  8.036 0.0000000000
117138  -3.719  20.428  8.542 0.0000000000
117139  -5.805  20.318  9.127 0.0000000000
117140  -5.983  20.589  9.042 0.0000000000
117148  -2.825  20.488  7.348 0.0000000000
118325  -6.426  21.215  12.252 0.0000000000
118345  -8.675  21.827  10.659 0.0000000000
118356  -6.735  20.981  9.008 0.0000000000
118357  -7.324  21.198  9.098 0.0000000000
118358  -8.048  21.577  9.353 0.0000000000
118359  -8.620  21.680  9.927 0.0000000000
118370  -3.378  21.066  8.027 0.0000000000
118371  -3.858  21.332  8.229 0.0000000000
118372  -5.940  21.005  8.844 0.0000000000
118373  -6.259  21.238  8.776 0.0000000000
118374  -6.836  21.641  8.716 0.0000000000
118375  -7.468  21.865  8.862 0.0000000000
118384  -3.043  21.363  7.445 0.0000000000
118385  -3.409  21.628  7.781 0.0000000000
119540  -8.379  22.149  9.473 0.0000000000
119541  -8.561  22.780  9.820 0.0000000000
119552  -4.160  21.748  8.181 0.0000000000
119553  -6.045  21.832  8.445 0.0000000000
119554  -6.350  22.264  8.309 0.0000000000
119555  -7.065  22.392  8.446 0.0000000000
119556  -7.961  22.626  8.892 0.0000000000
119557  -8.421  23.459  9.040 0.0000000000
119568  -3.247  22.035  7.396 0.0000000000
119569  -3.821  22.179  7.750 0.0000000000
119570  -5.931  22.818  7.906 0.0000000000
119571  -6.162  23.027  7.850 0.0000000000
120766  -8.514  23.938  9.515 0.0000000000
120781  -6.592  22.901  8.055 0.0000000000
120782  -7.190  23.215  8.151 0.0000000000
120783  -7.912  23.783  8.368 0.0000000000
120784  -8.424  24.298  8.802 0.0000000000
120797  -3.313  22.596  7.142 0.0000000000
120798  -5.627  23.451  7.545 0.0000000000
120799  -5.832  23.572  7.536 0.0000000000
120800  -6.409  23.682  7.655 0.0000000000
120801  -7.146  24.079  7.788 0.0000000000
120802  -7.685  24.453  7.921 0.0000000000
122099  -8.121  24.560  8.247 0.0000000000
122100  -8.365  25.226  8.475 0.0000000000
122111  -5.546  24.084  7.248 0.0000000000
122112  -5.770  24.450  7.182 0.0000000000
122113  -6.492  24.695  7.310 0.0000000000
122114  -7.216  24.812  7.530 0.0000000000
122115  -7.891  25.167  7.796 0.0000000000
122116  -8.302  25.751  7.936 0.0000000000
122119  -2.492  24.824  5.582 0.0000000000
122121  -5.293  24.914  6.859 0.0000000000
122122  -5.476  25.149  6.810 0.0000000000
122123  -5.920  25.120  6.934 0.0000000000
122126  -2.314  25.029  5.120 0.0000000000
122127  -2.452  24.333  5.359 0.0000000000
122140  -2.221  25.232  4.772 0.0000000000
122141  -2.272  24.681  4.546 0.0000000000
123260  -8.360  25.892  8.966 0.0000000000
123271  -8.435  26.125  8.317 0.0000000000
123274  -6.836  25.152  7.250 0.0000000000
123275  -7.269  25.497  7.294 0.0000000000
123276  -7.916  26.122  7.434 0.0000000000
123277  -8.392  26.323  7.821 0.0000000000
123280  -2.656  24.946  5.805 0.0000000000
123281  -5.009  25.341  6.615 0.0000000000
123282  -5.149  25.595  6.556 0.0000000000
123283  -5.701  25.716  6.618 0.0000000000
123284  -6.512  25.679  6.890 0.0000000000
123285  -7.280  26.200  6.985 0.0000000000
123286  -7.672  26.505  7.087 0.0000000000
123290  -2.553  25.488  5.480 0.0000000000
123291  -4.903  25.515  6.514 0.0000000000
123292  -4.969  25.741  6.453 0.0000000000
123305  -2.284  25.643  4.942 0.0000000000
123306  -2.249  25.608  4.496 0.0000000000
124384  -7.940  26.594  9.196 0.0000000000
124387  -8.493  26.897  8.040 0.0000000000
124390  -7.971  26.865  7.149 0.0000000000
124391  -8.286  26.841  7.530 0.0000000000
124394  -5.171  26.103  6.373 0.0000000000
124395  -5.477  26.298  6.378 0.0000000000
124396  -6.109  26.579  6.406 0.0000000000
124397  -6.824  26.655  6.584 0.0000000000
124398  -7.505  26.889  6.787 0.0000000000
124402  -2.418  26.170  5.089 0.0000000000
124403  -2.729  26.251  5.371 0.0000000000
124404  -3.349  26.520  5.563 0.0000000000
124405  -5.484  26.794  6.188 0.0000000000
124406  -5.780  27.016  6.170 0.0000000000
124419  -2.370  26.305  4.655 0.0000000000
125445  -8.230  27.651  8.332 0.0000000000
125447  -8.226  27.253  7.261 0.0000000000
125448  -8.398  27.685  7.531 0.0000000000
125451  -6.561  27.111  6.314 0.0000000000
125452  -7.139  27.589  6.294 0.0000000000
125453  -8.056  27.663  6.839 0.0000000000
125454  -8.438  28.114  7.087 0.0000000000
125460  -2.545  26.516  5.121 0.0000000000
125461  -2.862  26.830  5.078 0.0000000000
125462  -3.637  27.491  5.129 0.0000000000
125463  -5.875  27.753  5.842 0.0000000000
125464  -6.349  27.656  6.019 0.0000000000
125465  -6.832  28.037  5.959 0.0000000000
125475  -2.517  26.671  4.866 0.0000000000
125477  -3.359  27.944  4.713 0.0000000000
126448  -8.322  28.507  7.886 0.0000000000
126451  -8.465  28.586  7.301 0.0000000000
126454  -7.184  28.325  5.958 0.0000000000
126455  -7.816  28.537  6.235 0.0000000000
126456  -8.368  28.573  6.785 0.0000000000
126467  -3.751  28.273  4.862 0.0000000000
126468  -5.947  28.784  5.384 0.0000000000
126469  -6.172  28.559  5.537 0.0000000000
126470  -6.760  28.627  5.671 0.0000000000
126471  -7.385  28.890  5.792 0.0000000000
126484  -4.013  28.863  4.769 0.0000000000
127437  -8.026  29.142  8.060 0.0000000000
127441  -8.318  29.347  7.520 0.0000000000
127444  -8.304  29.331  6.474 0.0000000000
127445  -8.542  29.232  7.006 0.0000000000
127463  -6.053  29.133  5.261 0.0000000000
127464  -6.390  29.486  5.202 0.0000000000
127465  -7.187  29.517  5.443 0.0000000000
127466  -7.876  29.503  5.868 0.0000000000
127480  -5.964  29.745  4.980 0.0000000000
127481  -6.113  29.978  4.916 0.0000000000
128502  -8.144  30.308  7.254 0.0000000000
128503  -8.445  29.694  7.166 0.0000000000
128519  -8.245  30.338  6.316 0.0000000000
128520  -8.425  29.798  6.837 0.0000000000
128542  -6.347  30.178  4.870 0.0000000000
128543  -6.904  30.195  5.013 0.0000000000
128544  -7.711  30.486  5.380 0.0000000000
128558  -5.708  30.603  4.531 0.0000000000
128559  -6.013  30.524  4.630 0.0000000000
128560  -6.568  30.742  4.638 0.0000000000
128561  -7.206  30.872  4.804 0.0000000000
128574  -2.851  30.324  3.057 0.0000000000
128575  -3.263  30.592  3.544 0.0000000000
128584  -2.542  30.494  2.157 0.0000000000
129553  -7.679  31.039  7.347 0.0000000000
129578  -7.640  32.116  6.901 0.0000000000
129579  -8.029  31.385  6.801 0.0000000000
129599  -8.178  31.468  5.789 0.0000000000
129610  -5.476  31.035  4.289 0.0000000000
129611  -5.699  31.124  4.297 0.0000000000
129612  -6.191  31.339  4.256 0.0000000000
129613  -6.935  31.410  4.389 0.0000000000
129614  -7.733  31.638  4.825 0.0000000000
129622  -3.193  31.016  3.206 0.0000000000
129623  -5.558  31.476  4.086 0.0000000000
129624  -5.778  31.737  3.998 0.0000000000
129625  -6.168  31.992  3.906 0.0000000000
129627  -2.951  31.241  2.622 0.0000000000
129629  -2.690  31.501  1.796 0.0000000000
129631  -2.407  31.635  0.925 0.0000000000
129634  -2.142  31.716  0.054 0.0000000000
130540  -7.035  32.760  6.882 0.0000000000
130541  -8.027  32.505  6.295 0.0000000000
130548  -8.223  32.510  5.282 0.0000000000
130551  -6.602  31.893  4.062 0.0000000000
130552  -7.249  32.169  4.135 0.0000000000
130553  -7.958  32.745  4.358 0.0000000000
130557  -3.389  31.600  3.022 0.0000000000
130558  -5.646  32.006  3.825 0.0000000000
130559  -5.940  32.444  3.650 0.0000000000
130560  -6.659  32.586  3.707 0.0000000000
130561  -7.443  32.920  3.799 0.0000000000
130562  -7.879  33.130  3.900 0.0000000000
130568  -3.320  32.376  2.359 0.0000000000
130570  -5.799  32.615  3.521 0.0000000000
130576  -2.748  32.524  1.386 0.0000000000
130583  -2.398  32.577  0.571 0.0000000000
130595  -2.170  32.669  -0.065 0.0000000000
131563  -7.461  33.804  6.202 0.0000000000
131564  -8.218  33.284  5.685 0.0000000000
131568  -8.147  34.049  5.568 0.0000000000
131569  -8.402  33.561  4.849 0.0000000000
131575  -8.171  33.536  3.981 0.0000000000
131582  -6.042  33.022  3.361 0.0000000000
131583  -6.386  33.197  3.327 0.0000000000
131584  -7.079  33.579  3.280 0.0000000000
131585  -7.717  33.471  3.634 0.0000000000
131592  -3.160  33.551  1.660 0.0000000000
131593  -3.824  33.524  2.253 0.0000000000
131594  -4.607  33.632  2.633 0.0000000000
131602  -2.662  33.487  0.903 0.0000000000
131609  -2.313  33.441  0.176 0.0000000000
132566  -6.735  34.744  6.196 0.0000000000
132567  -7.219  34.436  6.061 0.0000000000
132572  -6.962  35.196  5.822 0.0000000000
132573  -7.512  34.775  5.716 0.0000000000
132574  -8.389  34.732  4.965 0.0000000000
132575  -8.452  35.183  4.646 0.0000000000
132580  -8.465  34.294  4.150 0.0000000000
132581  -8.547  35.045  4.272 0.0000000000
132586  -7.900  34.291  3.319 0.0000000000
132587  -8.440  34.837  3.689 0.0000000000
132590  -3.239  34.241  1.553 0.0000000000
132591  -3.594  34.227  1.817 0.0000000000
132592  -4.304  34.426  2.086 0.0000000000
132599  -2.971  34.409  1.103 0.0000000000
132600  -3.384  34.717  1.439 0.0000000000
132601  -3.832  34.829  1.666 0.0000000000
132605  -2.528  34.358  0.374 0.0000000000
133520  -6.612  35.687  5.798 0.0000000000
133521  -7.199  35.599  5.522 0.0000000000
133522  -7.918  35.607  5.081 0.0000000000
133523  -8.336  35.307  4.829 0.0000000000
133532  -8.057  36.012  4.711 0.0000000000
133533  -8.353  35.686  4.487 0.0000000000
133536  -8.252  35.115  3.234 0.0000000000
133537  -8.485  35.601  3.669 0.0000000000
133543  -7.791  35.282  2.719 0.0000000000
133544  -8.304  35.692  2.965 0.0000000000
133548  -3.195  35.100  1.040 0.0000000000
133549  -3.654  35.375  1.216 0.0000000000
133556  -2.868  35.266  0.510 0.0000000000
133557  -3.273  35.583  0.789 0.0000000000
134428  -6.155  36.675  5.571 0.0000000000
134429  -6.919  36.257  5.304 0.0000000000
134430  -7.424  36.018  5.193 0.0000000000
134445  -6.160  37.188  4.938 0.0000000000
134446  -6.660  36.902  4.866 0.0000000000
134447  -7.640  36.494  4.620 0.0000000000
134448  -8.143  36.189  4.489 0.0000000000
134459  -7.967  36.768  4.155 0.0000000000
134460  -8.292  36.456  3.998 0.0000000000
134467  -8.394  36.397  3.132 0.0000000000
134476  -7.758  36.945  1.918 0.0000000000
134481  -3.131  35.835  0.458 0.0000000000
134489  -2.861  36.168  -0.151 0.0000000000
134490  -3.504  36.884  -0.070 0.0000000000
135445  -5.848  37.509  5.870 0.0000000000
135458  -5.902  37.641  4.989 0.0000000000
135459  -6.441  37.606  4.480 0.0000000000
135460  -7.107  37.245  4.393 0.0000000000
135474  -7.011  37.757  4.039 0.0000000000
135475  -7.794  37.267  3.770 0.0000000000
135476  -8.336  36.855  3.332 0.0000000000
135481  -8.200  37.199  2.709 0.0000000000
135482  -8.426  36.828  3.054 0.0000000000
135490  -7.880  37.800  1.619 0.0000000000
135501  -7.772  38.230  1.111 0.0000000000
135510  -5.898  37.816  0.364 0.0000000000
135511  -6.153  38.073  0.251 0.0000000000
135512  -6.383  38.202  0.211 0.0000000000
136506  -6.002  38.146  6.088 0.0000000000
136516  -5.879  38.513  5.132 0.0000000000
136517  -6.414  38.711  5.708 0.0000000000
136518  -6.974  38.746  5.974 0.0000000000
136527  -6.206  38.396  4.245 0.0000000000
136528  -6.648  38.080  4.053 0.0000000000
136541  -6.407  38.803  3.801 0.0000000000
136542  -7.161  38.481  3.469 0.0000000000
136543  -7.948  37.910  3.124 0.0000000000
136545  -7.597  38.905  2.721 0.0000000000
136546  -7.973  38.462  2.386 0.0000000000
136549  -7.917  38.625  1.325 0.0000000000
136552  -6.609  38.373  0.162 0.0000000000
136553  -7.143  38.607  0.256 0.0000000000
136554  -7.652  38.533  0.778 0.0000000000
136559  -6.097  38.547  -0.190 0.0000000000
136560  -6.401  38.607  -0.124 0.0000000000
136561  -6.732  38.702  -0.062 0.0000000000
136570  -1.958  38.151  -3.098 0.0000000000
136574  -1.837  38.613  -3.933 0.0000000000
136575  -2.031  38.721  -3.237 0.0000000000
137572  -5.922  39.124  4.728 0.0000000000
137573  -6.234  39.217  5.066 0.0000000000
137574  -7.159  39.331  5.388 0.0000000000
137587  -5.925  39.010  4.300 0.0000000000
137588  -6.282  39.468  4.390 0.0000000000
137589  -6.603  39.594  4.756 0.0000000000
137603  -6.090  38.900  3.924 0.0000000000
137604  -6.502  39.328  3.658 0.0000000000
137611  -7.333  39.498  2.704 0.0000000000
137612  -7.761  39.110  2.389 0.0000000000
137614  -7.540  39.949  2.161 0.0000000000
137615  -7.831  39.472  1.764 0.0000000000
137617  -7.367  39.134  -0.032 0.0000000000
137618  -7.762  39.291  0.510 0.0000000000
137621  -6.074  39.124  -0.685 0.0000000000
137622  -6.305  39.156  -0.621 0.0000000000
137623  -6.912  39.262  -0.435 0.0000000000
137624  -7.498  39.530  -0.231 0.0000000000
137630  -6.202  39.679  -1.157 0.0000000000
137631  -6.525  39.699  -1.045 0.0000000000
137637  -1.954  39.527  -3.953 0.0000000000
137638  -2.208  39.329  -3.316 0.0000000000
137640  -1.780  39.438  -4.612 0.0000000000
137642  -1.664  39.409  -5.463 0.0000000000
138566  -7.758  39.894  4.968 0.0000000000
138567  -8.485  40.104  5.047 0.0000000000
138580  -6.615  39.796  4.392 0.0000000000
138581  -7.142  39.955  4.532 0.0000000000
138582  -8.030  40.379  4.441 0.0000000000
138583  -8.775  40.578  4.677 0.0000000000
138594  -6.755  40.027  3.897 0.0000000000
138595  -7.451  40.469  3.893 0.0000000000
138596  -8.085  40.792  3.865 0.0000000000
138607  -6.878  40.167  3.083 0.0000000000
138611  -7.295  40.342  2.417 0.0000000000
138612  -7.610  40.386  1.790 0.0000000000
138616  -7.905  40.325  0.947 0.0000000000
138620  -7.361  39.810  -0.592 0.0000000000
138621  -7.809  40.352  -0.274 0.0000000000
138625  -6.072  40.222  -1.619 0.0000000000
138626  -6.311  40.310  -1.575 0.0000000000
138627  -7.059  40.250  -1.157 0.0000000000
138628  -7.625  41.025  -1.095 0.0000000000
138632  -2.998  39.902  -2.667 0.0000000000
138634  -5.969  40.740  -1.994 0.0000000000
138635  -6.177  40.884  -2.012 0.0000000000
138638  -2.186  39.970  -3.714 0.0000000000
138639  -2.700  40.189  -3.202 0.0000000000
138640  -3.234  40.815  -3.127 0.0000000000
138643  -1.990  40.116  -4.278 0.0000000000
138645  -1.837  40.209  -5.055 0.0000000000
138652  -1.705  40.136  -6.090 0.0000000000
139502  -8.565  40.859  4.209 0.0000000000
139503  -9.258  41.225  4.507 0.0000000000
139515  -7.176  40.535  3.379 0.0000000000
139516  -7.728  41.043  3.339 0.0000000000
139517  -8.565  41.383  3.696 0.0000000000
139518  -9.274  41.938  3.920 0.0000000000
139534  -7.220  40.918  2.773 0.0000000000
139535  -7.688  41.414  2.775 0.0000000000
139545  -7.257  40.990  2.050 0.0000000000
139546  -7.635  41.116  1.423 0.0000000000
139550  -7.878  41.326  0.554 0.0000000000
139554  -7.933  41.626  -0.462 0.0000000000
139558  -6.577  40.789  -1.775 0.0000000000
139559  -7.102  41.191  -1.717 0.0000000000
139560  -7.743  41.943  -1.485 0.0000000000
139564  -5.764  41.065  -2.286 0.0000000000
139565  -5.938  41.239  -2.331 0.0000000000
139566  -6.461  41.388  -2.218 0.0000000000
139567  -7.095  41.937  -2.191 0.0000000000
139568  -7.568  42.508  -2.096 0.0000000000
139572  -2.310  40.483  -3.888 0.0000000000
139573  -2.742  41.081  -3.796 0.0000000000
139574  -5.738  41.320  -2.442 0.0000000000
139575  -5.913  41.611  -2.575 0.0000000000
139579  -2.169  40.809  -4.496 0.0000000000
139580  -2.434  41.559  -4.597 0.0000000000
139583  -1.997  41.108  -5.390 0.0000000000
139584  -2.262  41.873  -5.224 0.0000000000
139590  -1.824  41.103  -6.419 0.0000000000
139601  -1.764  41.186  -7.386 0.0000000000
140453  -8.144  41.623  3.058 0.0000000000
140454  -8.786  42.230  3.175 0.0000000000
140455  -9.454  42.761  3.859 0.0000000000
140470  -7.510  41.391  2.370 0.0000000000
140471  -7.992  41.995  2.394 0.0000000000
140472  -8.585  42.763  2.530 0.0000000000
140486  -7.561  41.545  1.917 0.0000000000
140487  -7.714  42.094  1.414 0.0000000000
140490  -7.734  42.460  0.377 0.0000000000
140493  -7.821  42.741  -0.632 0.0000000000
140497  -7.873  42.975  -1.535 0.0000000000
140500  -6.151  41.707  -2.553 0.0000000000
140501  -6.564  42.112  -2.605 0.0000000000
140502  -7.126  42.693  -2.643 0.0000000000
140503  -7.689  43.195  -2.301 0.0000000000
140506  -3.021  41.903  -4.028 0.0000000000
140507  -3.701  42.238  -3.650 0.0000000000
140508  -6.273  42.243  -2.827 0.0000000000
140509  -6.657  42.756  -3.023 0.0000000000
140510  -7.016  43.187  -3.097 0.0000000000
140514  -2.678  42.263  -4.727 0.0000000000
140517  -2.048  41.734  -5.842 0.0000000000
140518  -2.363  42.441  -5.632 0.0000000000
140520  -1.990  41.902  -6.566 0.0000000000
140521  -2.188  42.694  -6.614 0.0000000000
140531  -1.922  42.010  -7.506 0.0000000000
140532  -2.078  42.797  -7.584 0.0000000000
141373  -9.703  43.211  4.584 0.0000000000
141381  -9.146  43.254  3.100 0.0000000000
141382  -9.484  43.697  3.946 0.0000000000
141392  -8.156  42.764  1.962 0.0000000000
141393  -8.636  43.636  2.237 0.0000000000
141409  -7.882  43.320  1.304 0.0000000000
141410  -8.301  44.165  1.634 0.0000000000
141417  -7.393  44.051  0.018 0.0000000000
141418  -7.521  43.733  0.191 0.0000000000
141420  -7.451  44.094  -0.218 0.0000000000
141421  -7.702  43.761  -0.804 0.0000000000
141424  -7.897  43.847  -1.724 0.0000000000
141427  -7.398  43.353  -2.850 0.0000000000
141428  -7.800  44.031  -2.631 0.0000000000
141431  -3.201  42.506  -4.218 0.0000000000
141432  -3.763  42.890  -4.016 0.0000000000
141433  -6.510  43.034  -3.262 0.0000000000
141434  -6.776  43.430  -3.403 0.0000000000
141435  -7.285  43.842  -3.337 0.0000000000
141436  -7.633  44.523  -3.237 0.0000000000
141439  -3.020  42.998  -4.820 0.0000000000
141440  -3.695  43.553  -4.466 0.0000000000
141441  -4.263  43.913  -4.290 0.0000000000
141444  -2.584  43.321  -5.780 0.0000000000
141447  -2.316  43.511  -6.730 0.0000000000
141461  -2.162  43.562  -7.688 0.0000000000
141477  -2.118  43.664  -8.616 0.0000000000
142286  -9.153  44.507  3.343 0.0000000000
142294  -8.666  44.757  2.221 0.0000000000
142308  -7.847  44.320  1.072 0.0000000000
142309  -8.238  44.824  1.565 0.0000000000
142317  -7.341  44.364  0.016 0.0000000000
142318  -7.523  44.709  0.514 0.0000000000
142320  -7.385  44.581  -0.541 0.0000000000
142321  -7.654  44.387  -1.192 0.0000000000
142324  -7.350  44.961  -1.115 0.0000000000
142325  -7.701  44.782  -1.836 0.0000000000
142331  -7.854  44.996  -2.711 0.0000000000
142347  -6.653  43.758  -3.666 0.0000000000
142348  -6.902  44.136  -3.806 0.0000000000
142349  -7.285  44.636  -3.771 0.0000000000
142350  -7.702  45.294  -3.540 0.0000000000
142367  -3.095  43.733  -5.148 0.0000000000
142368  -3.661  44.271  -4.939 0.0000000000
142369  -6.737  44.495  -4.102 0.0000000000
142370  -6.956  44.877  -4.264 0.0000000000
142371  -7.305  45.354  -4.226 0.0000000000
142372  -7.638  45.800  -4.109 0.0000000000
142388  -2.468  44.696  -6.165 0.0000000000
142389  -2.726  44.367  -5.951 0.0000000000
142390  -3.424  44.879  -5.481 0.0000000000
142401  -2.402  44.778  -6.492 0.0000000000
142402  -2.298  44.240  -6.946 0.0000000000
142412  -2.247  44.912  -7.204 0.0000000000
142413  -2.168  44.321  -7.816 0.0000000000
142424  -2.153  45.013  -7.897 0.0000000000
142425  -2.150  44.624  -8.693 0.0000000000
143297  -8.956  45.723  2.900 0.0000000000
143314  -7.901  45.187  1.119 0.0000000000
143315  -8.497  45.714  1.804 0.0000000000
143323  -7.201  45.080  0.048 0.0000000000
143324  -7.502  45.591  0.594 0.0000000000
143327  -7.108  45.460  -0.576 0.0000000000
143330  -7.156  45.714  -1.432 0.0000000000
143331  -7.556  45.501  -2.172 0.0000000000
143349  -7.236  46.134  -2.119 0.0000000000
143350  -7.708  45.946  -2.801 0.0000000000
143367  -7.812  46.137  -3.623 0.0000000000
143377  -4.056  44.882  -5.049 0.0000000000
143378  -6.749  45.291  -4.595 0.0000000000
143379  -6.954  45.646  -4.754 0.0000000000
143380  -7.332  46.123  -4.719 0.0000000000
143381  -7.719  46.346  -4.246 0.0000000000
143400  -2.550  44.919  -6.221 0.0000000000
143401  -3.009  45.210  -6.012 0.0000000000
143402  -3.969  45.626  -5.644 0.0000000000
143403  -6.670  46.194  -5.274 0.0000000000
143404  -6.930  46.303  -5.218 0.0000000000
143405  -7.139  46.398  -5.130 0.0000000000
143418  -2.567  45.526  -6.725 0.0000000000
143419  -3.267  45.938  -6.293 0.0000000000
143420  -3.714  46.098  -6.086 0.0000000000
143424  -2.248  45.652  -7.556 0.0000000000
143428  -2.163  45.643  -8.375 0.0000000000
143429  -2.166  45.458  -9.153 0.0000000000
144357  -7.965  45.992  1.118 0.0000000000
144358  -8.527  46.747  1.388 0.0000000000
144364  -7.170  45.896  0.053 0.0000000000
144365  -7.701  46.703  0.481 0.0000000000
144366  -8.364  47.197  0.889 0.0000000000
144369  -6.998  46.636  -0.536 0.0000000000
144370  -7.375  47.102  -0.053 0.0000000000
144380  -6.791  46.758  -1.650 0.0000000000
144400  -7.135  46.858  -2.546 0.0000000000
144401  -7.620  46.627  -3.171 0.0000000000
144409  -7.343  47.224  -3.178 0.0000000000
144410  -7.733  46.976  -3.827 0.0000000000
144418  -7.326  46.562  -5.083 0.0000000000
144419  -7.637  46.881  -4.776 0.0000000000
144432  -4.097  46.281  -6.042 0.0000000000
144433  -6.399  46.938  -5.898 0.0000000000
144434  -6.642  46.953  -5.810 0.0000000000
144435  -7.084  46.767  -5.416 0.0000000000
144436  -7.382  46.834  -5.229 0.0000000000
144449  -2.456  46.231  -7.325 0.0000000000
144450  -2.997  46.616  -7.017 0.0000000000
144451  -3.778  46.594  -6.465 0.0000000000
144452  -6.319  47.420  -6.350 0.0000000000
144453  -6.398  47.239  -6.162 0.0000000000
144457  -2.341  46.665  -8.053 0.0000000000
144458  -2.583  46.745  -7.507 0.0000000000
144461  -2.166  46.535  -9.132 0.0000000000
144462  -2.167  45.956  -9.478 0.0000000000
144466  -2.118  46.910  -9.682 0.0000000000
145338  -9.045  47.241  1.799 0.0000000000
145339  -9.357  47.848  2.192 0.0000000000
145357  -8.925  47.683  1.280 0.0000000000
145367  -7.698  47.381  0.092 0.0000000000
145368  -8.286  47.722  0.426 0.0000000000
145374  -6.838  47.812  -1.221 0.0000000000
145375  -7.396  47.671  -0.396 0.0000000000
145376  -7.858  47.741  -0.049 0.0000000000
145395  -6.548  47.683  -2.114 0.0000000000
145410  -6.645  48.371  -3.195 0.0000000000
145411  -6.811  47.724  -2.884 0.0000000000
145419  -6.880  48.451  -3.545 0.0000000000
145420  -7.247  47.914  -3.600 0.0000000000
145421  -7.645  47.631  -4.324 0.0000000000
145427  -7.659  47.606  -4.961 0.0000000000
145430  -6.701  47.376  -6.102 0.0000000000
145431  -6.938  47.233  -5.824 0.0000000000
145432  -7.359  47.306  -5.465 0.0000000000
145446  -3.267  47.251  -7.289 0.0000000000
145447  -3.720  47.202  -6.997 0.0000000000
145448  -6.288  47.850  -6.760 0.0000000000
145449  -6.534  47.740  -6.557 0.0000000000
145450  -6.921  47.642  -6.194 0.0000000000
145451  -7.122  47.487  -5.883 0.0000000000
145461  -2.450  47.396  -8.220 0.0000000000
145462  -2.905  47.500  -7.836 0.0000000000
145463  -3.687  47.707  -7.457 0.0000000000
145464  -6.308  48.242  -7.146 0.0000000000
145465  -6.346  48.078  -6.962 0.0000000000
145469  -2.346  47.682  -8.854 0.0000000000
145470  -2.562  47.760  -8.360 0.0000000000
145476  -2.138  47.598  -9.850 0.0000000000
145477  -2.114  47.088  -9.977 0.0000000000
146336  -8.880  48.240  0.791 0.0000000000
146364  -7.003  48.492  -1.397 0.0000000000
146365  -7.473  48.628  -1.044 0.0000000000
146366  -8.035  48.269  -0.275 0.0000000000
146387  -6.787  48.714  -1.894 0.0000000000
146388  -7.154  48.808  -1.517 0.0000000000
146396  -6.314  48.915  -3.082 0.0000000000
146397  -6.468  48.475  -2.621 0.0000000000
146403  -6.594  48.807  -3.482 0.0000000000
146404  -7.091  48.622  -4.046 0.0000000000
146405  -7.454  48.131  -4.138 0.0000000000
146407  -7.295  48.714  -4.575 0.0000000000
146408  -7.537  48.282  -4.685 0.0000000000
146411  -7.491  48.573  -5.980 0.0000000000
146412  -7.559  48.034  -5.414 0.0000000000
146423  -6.695  48.283  -6.942 0.0000000000
146424  -7.042  48.350  -6.641 0.0000000000
146425  -7.295  47.859  -5.975 0.0000000000
146441  -3.233  48.220  -8.192 0.0000000000
146442  -3.675  48.204  -7.924 0.0000000000
146443  -6.371  48.521  -7.426 0.0000000000
146444  -6.593  48.569  -7.364 0.0000000000
146445  -6.832  48.552  -7.133 0.0000000000
146455  -2.447  48.389  -9.109 0.0000000000
146456  -2.890  48.479  -8.744 0.0000000000
146457  -3.672  48.698  -8.401 0.0000000000
146458  -4.353  48.800  -8.131 0.0000000000
146459  -6.538  48.848  -7.695 0.0000000000
146464  -2.337  48.663  -9.747 0.0000000000
146465  -2.555  48.738  -9.283 0.0000000000
147338  -7.813  49.225  -1.198 0.0000000000
147353  -7.000  49.323  -2.158 0.0000000000
147355  -7.975  49.532  -1.299 0.0000000000
147359  -6.459  49.263  -3.184 0.0000000000
147360  -6.761  49.481  -2.753 0.0000000000
147361  -7.175  49.621  -2.299 0.0000000000
147364  -6.431  49.093  -3.357 0.0000000000
147365  -6.637  49.411  -3.681 0.0000000000
147367  -7.119  49.248  -4.739 0.0000000000
147368  -7.389  48.730  -4.817 0.0000000000
147371  -7.450  49.382  -5.710 0.0000000000
147372  -7.505  48.708  -5.233 0.0000000000
147378  -7.434  49.276  -6.603 0.0000000000
147394  -6.897  49.110  -7.808 0.0000000000
147395  -7.101  49.157  -7.431 0.0000000000
147410  -3.228  49.193  -9.159 0.0000000000
147411  -3.673  49.189  -8.895 0.0000000000
147412  -4.355  49.294  -8.623 0.0000000000
147413  -6.872  49.552  -8.208 0.0000000000
147414  -7.043  49.440  -7.992 0.0000000000
147424  -2.438  49.323  -10.059 0.0000000000
147425  -2.877  49.413  -9.707 0.0000000000
147426  -3.672  49.668  -9.403 0.0000000000
147427  -4.363  49.780  -9.126 0.0000000000
147428  -4.819  49.772  -8.856 0.0000000000
148276  -7.079  50.179  -2.922 0.0000000000
148281  -6.951  50.391  -3.423 0.0000000000
148284  -6.732  50.269  -4.366 0.0000000000
148287  -7.072  50.234  -5.345 0.0000000000
148290  -7.396  50.231  -6.300 0.0000000000
148301  -7.514  50.162  -7.280 0.0000000000
148316  -7.136  50.153  -8.791 0.0000000000
148317  -7.271  50.158  -8.277 0.0000000000
148332  -3.200  50.106  -10.198 0.0000000000
148333  -3.663  50.146  -9.958 0.0000000000
148334  -4.365  50.249  -9.651 0.0000000000
148335  -7.045  50.688  -9.448 0.0000000000
148336  -7.302  50.505  -9.023 0.0000000000
148349  -6.611  51.179  -10.625 0.0000000000
148350  -6.766  50.983  -10.228 0.0000000000
149142  -7.013  51.094  -3.973 0.0000000000
149147  -6.868  51.133  -4.917 0.0000000000
149150  -7.043  51.169  -5.886 0.0000000000
149157  -7.326  51.179  -6.880 0.0000000000
149168  -7.575  51.197  -7.948 0.0000000000
149182  -7.239  51.104  -10.006 0.0000000000
149183  -7.616  51.303  -9.329 0.0000000000
149184  -7.968  52.063  -9.802 0.0000000000
149202  -6.575  51.412  -11.067 0.0000000000
149203  -6.863  51.214  -10.551 0.0000000000
149204  -7.368  51.566  -10.500 0.0000000000
149205  -7.820  51.830  -10.165 0.0000000000
149220  -7.031  51.575  -11.010 0.0000000000
149966  -6.949  52.155  -6.377 0.0000000000
149969  -7.147  52.195  -7.404 0.0000000000
149976  -7.452  52.254  -8.462 0.0000000000
149987  -7.752  52.421  -9.355 0.0000000000
149988  -8.036  52.562  -9.867 0.0000000000
150004  -7.775  52.115  -10.732 0.0000000000
150005  -8.044  52.416  -10.295 0.0000000000
150734  -6.995  53.014  -5.885 0.0000000000
150740  -6.850  53.328  -6.737 0.0000000000
150741  -7.108  53.595  -6.154 0.0000000000
150744  -6.873  53.172  -7.854 0.0000000000
150747  -7.153  53.175  -8.898 0.0000000000
150755  -7.680  53.140  -9.894 0.0000000000
150756  -8.072  52.756  -10.093 0.0000000000
150768  -7.914  52.994  -10.864 0.0000000000
150769  -8.020  52.843  -10.315 0.0000000000
151503  -6.947  53.951  -6.756 0.0000000000
151504  -7.222  54.309  -6.350 0.0000000000
151507  -6.859  54.177  -7.195 0.0000000000
151508  -7.130  54.892  -6.941 0.0000000000
151511  -6.618  54.160  -8.270 0.0000000000
151515  -6.726  54.050  -9.411 0.0000000000
151526  -7.144  54.024  -10.437 0.0000000000
152219  -7.280  55.287  -6.541 0.0000000000
152221  -6.902  55.331  -7.542 0.0000000000
152222  -7.165  55.325  -6.992 0.0000000000
152225  -6.490  55.246  -8.772 0.0000000000
152227  -6.332  55.065  -9.966 0.0000000000
152237  -6.778  54.962  -10.981 0.0000000000
152911  -6.873  56.603  -6.999 0.0000000000
152912  -7.172  55.744  -6.892 0.0000000000
152915  -6.776  56.439  -8.195 0.0000000000
152918  -6.640  56.382  -9.392 0.0000000000
152919  -6.992  56.846  -10.089 0.0000000000
152928  -6.613  56.042  -10.477 0.0000000000
152929  -7.215  56.763  -10.835 0.0000000000
153700  -6.558  57.642  -7.684 0.0000000000
153703  -6.828  57.420  -8.726 0.0000000000
153706  -7.109  57.454  -9.518 0.0000000000
153707  -7.533  57.513  -10.219 0.0000000000
154540  -6.731  58.628  -8.536 0.0000000000
154541  -7.173  59.144  -9.040 0.0000000000
154544  -7.110  58.003  -9.070 0.0000000000
154545  -7.579  58.564  -9.633 0.0000000000
154546  -8.146  59.054  -10.053 0.0000000000
154556  -7.911  58.057  -10.364 0.0000000000
155341  -6.889  59.729  -8.707 0.0000000000
155348  -7.499  59.679  -9.288 0.0000000000
155349  -8.007  59.561  -9.817 0.0000000000
155358  -8.323  59.537  -10.377 0.0000000000
156074  -7.212  60.579  -9.007 0.0000000000
156083  -7.844  60.539  -9.808 0.0000000000
156084  -8.192  60.026  -10.126 0.0000000000
156092  -7.961  60.933  -10.356 0.0000000000
156093  -8.259  60.426  -10.693 0.0000000000
156848  -7.630  61.536  -10.231 0.0000000000
156849  -7.928  61.167  -10.776 0.0000000000
156855  -7.522  61.708  -11.165 0.0000000000
156856  -8.026  61.110  -11.492 0.0000000000
156862  -7.209  61.677  -12.350 0.0000000000
