#!ascii label  , from subject COLIN27_FS vox2ras=TkReg
156
65305  -43.909  -20.246  -1.905 0.0000000000
65306  -44.780  -20.206  -2.074 0.0000000000
65321  -42.257  -20.351  -2.254 0.0000000000
65322  -43.188  -20.186  -2.543 0.0000000000
65323  -44.133  -20.007  -2.736 0.0000000000
65324  -45.112  -19.926  -2.886 0.0000000000
65325  -46.190  -19.947  -3.085 0.0000000000
65337  -41.471  -20.181  -2.793 0.0000000000
65338  -42.351  -20.091  -3.208 0.0000000000
65339  -43.361  -19.890  -3.459 0.0000000000
65340  -44.381  -19.736  -3.579 0.0000000000
65341  -45.380  -19.626  -3.748 0.0000000000
65342  -46.431  -19.450  -4.060 0.0000000000
65343  -47.336  -19.374  -4.000 0.0000000000
65351  -40.754  -19.905  -3.068 0.0000000000
65352  -41.388  -19.838  -3.664 0.0000000000
65353  -42.416  -19.605  -4.294 0.0000000000
65354  -43.631  -19.559  -4.291 0.0000000000
65355  -44.615  -19.454  -4.366 0.0000000000
65356  -45.519  -19.313  -4.574 0.0000000000
65357  -46.052  -19.258  -4.582 0.0000000000
65363  -42.430  -19.264  -4.945 0.0000000000
65364  -43.019  -19.304  -4.971 0.0000000000
65365  -43.951  -19.257  -4.996 0.0000000000
65366  -44.784  -19.212  -5.010 0.0000000000
66627  -52.571  -18.921  -2.218 0.0000000000
66643  -50.455  -18.827  -3.223 0.0000000000
66644  -51.150  -18.738  -2.920 0.0000000000
66651  -47.022  -19.194  -4.486 0.0000000000
66652  -47.677  -19.060  -4.415 0.0000000000
66653  -48.482  -18.834  -4.278 0.0000000000
66654  -49.309  -18.757  -3.901 0.0000000000
66655  -50.002  -18.651  -3.759 0.0000000000
66664  -40.214  -19.460  -3.765 0.0000000000
66665  -41.207  -19.325  -4.565 0.0000000000
66666  -41.935  -19.188  -4.971 0.0000000000
66667  -45.862  -19.169  -4.860 0.0000000000
66668  -46.376  -19.073  -4.871 0.0000000000
66669  -47.226  -18.767  -5.006 0.0000000000
66670  -47.939  -18.660  -4.798 0.0000000000
66682  -42.355  -18.905  -5.459 0.0000000000
66683  -43.320  -18.894  -5.592 0.0000000000
66684  -44.310  -18.872  -5.591 0.0000000000
66685  -45.467  -18.875  -5.383 0.0000000000
66686  -46.487  -18.475  -5.603 0.0000000000
66687  -47.252  -18.312  -5.530 0.0000000000
66701  -42.654  -18.432  -6.149 0.0000000000
66702  -43.644  -18.441  -6.235 0.0000000000
66703  -44.677  -18.379  -6.197 0.0000000000
66704  -45.662  -18.201  -6.172 0.0000000000
66705  -46.410  -17.944  -6.225 0.0000000000
67820  -52.375  -18.489  -2.679 0.0000000000
67821  -53.053  -18.318  -2.564 0.0000000000
67822  -53.871  -18.132  -2.492 0.0000000000
67823  -54.829  -17.926  -2.524 0.0000000000
67839  -51.132  -18.373  -3.447 0.0000000000
67840  -51.891  -18.201  -3.244 0.0000000000
67841  -52.695  -17.944  -3.037 0.0000000000
67842  -53.455  -17.670  -2.926 0.0000000000
67843  -54.245  -17.527  -2.855 0.0000000000
67850  -49.184  -18.392  -4.525 0.0000000000
67851  -49.872  -18.285  -4.327 0.0000000000
67852  -50.693  -18.121  -4.077 0.0000000000
67853  -51.433  -17.907  -3.821 0.0000000000
67861  -47.752  -18.373  -5.242 0.0000000000
67862  -48.541  -18.207  -5.078 0.0000000000
67863  -49.662  -17.725  -5.031 0.0000000000
67864  -50.280  -17.821  -4.603 0.0000000000
67877  -46.989  -18.013  -5.972 0.0000000000
67878  -47.789  -17.836  -5.792 0.0000000000
67879  -48.885  -17.327  -5.716 0.0000000000
67880  -49.569  -17.216  -5.480 0.0000000000
67900  -43.993  -17.927  -6.871 0.0000000000
67901  -45.000  -17.806  -6.816 0.0000000000
67902  -45.942  -17.608  -6.734 0.0000000000
67903  -46.968  -17.318  -6.569 0.0000000000
67904  -48.096  -17.101  -6.291 0.0000000000
67905  -48.663  -16.955  -6.133 0.0000000000
67917  -44.384  -17.374  -7.458 0.0000000000
67918  -45.376  -17.232  -7.361 0.0000000000
67919  -46.265  -17.045  -7.169 0.0000000000
67920  -46.724  -16.920  -7.018 0.0000000000
69130  -52.423  -17.667  -3.448 0.0000000000
69131  -52.968  -17.324  -3.431 0.0000000000
69132  -53.944  -16.905  -3.379 0.0000000000
69133  -55.133  -17.067  -3.037 0.0000000000
69144  -51.283  -17.585  -4.244 0.0000000000
69145  -52.112  -17.182  -4.110 0.0000000000
69146  -53.205  -16.656  -3.841 0.0000000000
69147  -53.728  -16.479  -3.768 0.0000000000
69154  -49.956  -17.156  -5.318 0.0000000000
69155  -50.837  -17.063  -4.955 0.0000000000
69156  -51.734  -16.633  -4.711 0.0000000000
69165  -48.989  -16.846  -6.027 0.0000000000
69166  -49.740  -16.592  -5.807 0.0000000000
69167  -50.560  -16.345  -5.499 0.0000000000
69184  -46.990  -16.817  -6.972 0.0000000000
69185  -47.589  -16.524  -6.932 0.0000000000
69186  -48.670  -16.479  -6.438 0.0000000000
69187  -49.330  -15.982  -6.417 0.0000000000
69205  -44.833  -16.812  -7.997 0.0000000000
69206  -45.871  -16.583  -7.865 0.0000000000
69207  -46.752  -16.521  -7.398 0.0000000000
69208  -47.278  -16.161  -7.422 0.0000000000
70511  -54.089  -16.307  -3.760 0.0000000000
70512  -54.714  -16.293  -3.541 0.0000000000
70526  -52.201  -16.344  -4.668 0.0000000000
70527  -52.872  -16.132  -4.446 0.0000000000
70528  -53.658  -16.079  -4.132 0.0000000000
70529  -54.357  -15.796  -3.979 0.0000000000
70530  -55.047  -15.655  -3.742 0.0000000000
70537  -51.044  -16.109  -5.417 0.0000000000
70538  -51.781  -15.972  -5.149 0.0000000000
70539  -52.457  -15.805  -4.881 0.0000000000
70546  -49.895  -15.751  -6.221 0.0000000000
70547  -50.645  -15.649  -5.867 0.0000000000
70548  -51.358  -15.504  -5.536 0.0000000000
70563  -48.214  -16.096  -6.937 0.0000000000
70564  -48.797  -15.707  -6.946 0.0000000000
70565  -49.592  -15.392  -6.688 0.0000000000
70566  -50.253  -15.214  -6.421 0.0000000000
70589  -46.433  -16.195  -7.924 0.0000000000
70590  -46.964  -15.879  -7.884 0.0000000000
70591  -47.865  -15.698  -7.470 0.0000000000
70592  -48.672  -15.166  -7.473 0.0000000000
70614  -46.876  -15.397  -8.252 0.0000000000
71845  -53.375  -15.705  -4.516 0.0000000000
71846  -53.874  -15.430  -4.465 0.0000000000
71861  -52.362  -15.441  -5.167 0.0000000000
71862  -53.076  -15.234  -4.991 0.0000000000
71863  -54.016  -14.746  -4.840 0.0000000000
71871  -51.287  -15.126  -5.807 0.0000000000
71872  -52.146  -14.850  -5.655 0.0000000000
71873  -53.006  -14.610  -5.444 0.0000000000
71889  -49.276  -15.087  -7.152 0.0000000000
71890  -50.089  -14.679  -7.064 0.0000000000
71891  -51.099  -14.666  -6.333 0.0000000000
71911  -47.382  -15.310  -8.092 0.0000000000
71912  -48.164  -14.777  -8.144 0.0000000000
71913  -49.312  -14.552  -7.673 0.0000000000
71914  -49.944  -14.321  -7.501 0.0000000000
73186  -53.517  -14.479  -5.283 0.0000000000
73223  -50.262  -14.187  -7.413 0.0000000000
73240  -48.220  -14.257  -8.568 0.0000000000
73241  -48.918  -13.891  -8.462 0.0000000000
73242  -50.078  -13.823  -7.827 0.0000000000
73261  -48.639  -13.529  -8.927 0.0000000000
74637  -49.064  -13.247  -8.882 0.0000000000
74638  -49.844  -12.959  -8.550 0.0000000000
74639  -50.608  -13.122  -7.949 0.0000000000
74653  -49.270  -12.746  -9.089 0.0000000000
76009  -50.255  -12.360  -8.717 0.0000000000
76025  -49.786  -12.090  -9.196 0.0000000000
77257  -49.884  -11.648  -9.432 0.0000000000
77258  -50.305  -11.513  -9.276 0.0000000000
77274  -50.624  -10.681  -9.670 0.0000000000
