#!ascii label  , from subject COLIN27_FS vox2ras=TkReg
51
118911  -25.343  21.448  -48.555 0.0000000000
118912  -25.643  21.515  -47.934 0.0000000000
120148  -26.109  21.766  -49.115 0.0000000000
120156  -25.760  21.847  -49.734 0.0000000000
120157  -26.863  22.216  -49.740 0.0000000000
120158  -27.317  22.146  -49.151 0.0000000000
120162  -25.951  22.555  -50.772 0.0000000000
120163  -26.425  22.362  -50.271 0.0000000000
121429  -27.396  22.854  -50.198 0.0000000000
121430  -27.976  22.995  -49.791 0.0000000000
121434  -26.401  23.800  -51.253 0.0000000000
121435  -26.991  23.153  -50.633 0.0000000000
121436  -27.557  23.288  -50.322 0.0000000000
122599  -28.272  23.976  -50.195 0.0000000000
122604  -26.427  24.880  -51.291 0.0000000000
122605  -26.958  24.544  -50.935 0.0000000000
122606  -27.745  24.198  -50.476 0.0000000000
122607  -28.403  24.651  -50.218 0.0000000000
122617  -25.930  24.599  -51.751 0.0000000000
123733  -26.677  25.676  -51.014 0.0000000000
123734  -27.396  25.522  -50.713 0.0000000000
123735  -28.194  25.481  -50.430 0.0000000000
123746  -25.657  25.774  -51.946 0.0000000000
123747  -26.114  25.736  -51.431 0.0000000000
124856  -26.311  26.703  -51.115 0.0000000000
124857  -27.034  26.624  -50.835 0.0000000000
124858  -27.858  26.554  -50.651 0.0000000000
124870  -25.303  26.756  -52.102 0.0000000000
124871  -25.734  26.717  -51.540 0.0000000000
125931  -25.834  27.771  -51.166 0.0000000000
125932  -26.617  27.647  -50.867 0.0000000000
125933  -27.447  27.596  -50.719 0.0000000000
125934  -28.344  27.556  -50.568 0.0000000000
125935  -29.259  27.537  -50.323 0.0000000000
125943  -24.853  27.787  -52.185 0.0000000000
125944  -25.353  27.516  -51.668 0.0000000000
126943  -25.725  28.728  -51.072 0.0000000000
126944  -26.217  28.574  -50.830 0.0000000000
126945  -26.981  28.588  -50.667 0.0000000000
126946  -27.898  28.567  -50.581 0.0000000000
126947  -28.845  28.544  -50.446 0.0000000000
126948  -29.804  28.518  -50.281 0.0000000000
126953  -25.228  28.532  -51.552 0.0000000000
127966  -27.419  29.550  -50.544 0.0000000000
127967  -28.393  29.547  -50.485 0.0000000000
127968  -29.393  29.533  -50.435 0.0000000000
128990  -27.014  30.480  -50.609 0.0000000000
128991  -27.912  30.535  -50.514 0.0000000000
128992  -28.929  30.552  -50.521 0.0000000000
128993  -29.969  30.546  -50.492 0.0000000000
130017  -28.434  31.581  -50.583 0.0000000000
