#!ascii label  , from subject COLIN27_FS vox2ras=TkReg
666
11119  -40.887  -66.989  -27.230 0.0000000000
11855  -40.756  -66.575  -25.835 0.0000000000
11856  -41.220  -66.158  -25.907 0.0000000000
11878  -41.105  -66.477  -26.520 0.0000000000
11898  -41.056  -66.363  -27.516 0.0000000000
11915  -40.964  -65.935  -28.622 0.0000000000
12632  -39.041  -65.414  -24.587 0.0000000000
12633  -40.029  -65.659  -24.647 0.0000000000
12634  -40.970  -65.576  -24.854 0.0000000000
12635  -41.832  -65.424  -25.042 0.0000000000
12636  -42.706  -65.299  -25.137 0.0000000000
12637  -43.364  -65.243  -25.253 0.0000000000
12655  -39.240  -66.244  -25.227 0.0000000000
12656  -40.366  -66.236  -25.234 0.0000000000
12657  -41.165  -65.934  -25.453 0.0000000000
12658  -41.879  -65.568  -25.785 0.0000000000
12659  -42.932  -65.240  -25.593 0.0000000000
12660  -43.511  -65.174  -25.621 0.0000000000
12680  -41.691  -65.414  -26.610 0.0000000000
12681  -42.720  -65.133  -26.022 0.0000000000
12682  -43.283  -65.166  -25.842 0.0000000000
12699  -41.340  -65.376  -27.605 0.0000000000
12713  -41.198  -65.105  -28.396 0.0000000000
12727  -41.055  -65.029  -29.352 0.0000000000
13458  -38.254  -63.708  -23.825 0.0000000000
13459  -38.796  -64.023  -23.803 0.0000000000
13460  -39.660  -64.257  -23.797 0.0000000000
13461  -40.547  -64.409  -23.869 0.0000000000
13462  -41.453  -64.494  -23.967 0.0000000000
13463  -42.362  -64.587  -24.052 0.0000000000
13464  -43.053  -64.698  -24.191 0.0000000000
13478  -37.800  -64.288  -24.452 0.0000000000
13479  -38.896  -64.695  -24.176 0.0000000000
13480  -39.811  -64.967  -24.151 0.0000000000
13481  -40.750  -65.055  -24.294 0.0000000000
13482  -41.662  -65.042  -24.460 0.0000000000
13483  -42.544  -65.048  -24.564 0.0000000000
13484  -43.497  -64.939  -24.670 0.0000000000
13485  -44.424  -64.564  -24.875 0.0000000000
13486  -44.991  -64.310  -25.201 0.0000000000
13504  -43.953  -65.063  -25.325 0.0000000000
13505  -44.572  -64.661  -25.534 0.0000000000
13506  -45.053  -64.320  -25.650 0.0000000000
13523  -41.754  -64.588  -26.845 0.0000000000
13524  -42.663  -64.598  -26.378 0.0000000000
13525  -43.782  -64.732  -26.047 0.0000000000
13526  -44.831  -64.312  -26.052 0.0000000000
13527  -45.259  -64.174  -25.913 0.0000000000
13542  -41.315  -64.527  -27.684 0.0000000000
13558  -41.186  -64.312  -28.719 0.0000000000
13570  -41.342  -63.905  -30.105 0.0000000000
13571  -41.467  -63.370  -30.720 0.0000000000
13582  -41.151  -64.114  -30.781 0.0000000000
13583  -41.333  -63.513  -31.025 0.0000000000
14373  -38.173  -62.525  -23.230 0.0000000000
14374  -38.688  -62.729  -23.185 0.0000000000
14375  -39.497  -62.939  -23.102 0.0000000000
14376  -40.329  -63.126  -23.141 0.0000000000
14377  -40.992  -63.312  -23.301 0.0000000000
14388  -36.340  -62.376  -24.216 0.0000000000
14389  -36.810  -63.021  -24.202 0.0000000000
14390  -37.758  -63.053  -23.679 0.0000000000
14391  -38.751  -63.356  -23.492 0.0000000000
14392  -39.566  -63.590  -23.452 0.0000000000
14393  -40.387  -63.760  -23.518 0.0000000000
14394  -41.217  -63.853  -23.602 0.0000000000
14395  -42.128  -63.927  -23.643 0.0000000000
14396  -43.215  -64.028  -23.798 0.0000000000
14397  -44.188  -63.513  -23.846 0.0000000000
14398  -44.684  -63.120  -23.907 0.0000000000
14409  -36.701  -63.522  -24.780 0.0000000000
14410  -37.209  -63.582  -24.359 0.0000000000
14411  -43.485  -64.530  -24.188 0.0000000000
14412  -44.036  -64.260  -24.260 0.0000000000
14413  -45.124  -63.618  -24.497 0.0000000000
14414  -45.920  -63.107  -24.641 0.0000000000
14422  -45.511  -64.013  -25.513 0.0000000000
14423  -46.045  -63.433  -25.122 0.0000000000
14434  -41.051  -63.160  -27.118 0.0000000000
14435  -41.601  -63.676  -26.930 0.0000000000
14436  -42.578  -63.805  -26.687 0.0000000000
14437  -43.552  -63.954  -26.624 0.0000000000
14438  -44.606  -63.827  -26.693 0.0000000000
14439  -45.505  -63.859  -26.355 0.0000000000
14440  -46.088  -63.653  -25.854 0.0000000000
14453  -40.825  -62.897  -27.769 0.0000000000
14454  -41.109  -63.713  -27.822 0.0000000000
14455  -45.017  -63.406  -27.118 0.0000000000
14456  -45.309  -63.547  -26.930 0.0000000000
14471  -40.817  -62.441  -28.310 0.0000000000
14472  -41.140  -63.164  -28.939 0.0000000000
14486  -41.537  -63.081  -29.975 0.0000000000
14487  -41.616  -63.107  -30.562 0.0000000000
14500  -41.595  -62.976  -31.028 0.0000000000
14515  -41.447  -62.868  -31.489 0.0000000000
15292  -36.139  -60.967  -23.182 0.0000000000
15293  -36.774  -61.546  -23.151 0.0000000000
15294  -37.678  -62.125  -23.161 0.0000000000
15295  -38.587  -62.120  -22.912 0.0000000000
15296  -39.397  -62.265  -22.793 0.0000000000
15297  -40.267  -62.431  -22.773 0.0000000000
15298  -41.233  -62.612  -22.937 0.0000000000
15299  -42.284  -62.499  -23.059 0.0000000000
15300  -43.029  -62.514  -23.265 0.0000000000
15311  -35.967  -61.505  -23.763 0.0000000000
15312  -36.945  -62.354  -23.635 0.0000000000
15313  -37.457  -62.527  -23.500 0.0000000000
15314  -41.764  -63.234  -23.321 0.0000000000
15315  -42.672  -63.217  -23.409 0.0000000000
15316  -43.522  -63.054  -23.496 0.0000000000
15317  -44.239  -62.670  -23.621 0.0000000000
15318  -45.006  -62.517  -23.882 0.0000000000
15329  -45.775  -62.581  -24.321 0.0000000000
15330  -46.466  -62.522  -24.840 0.0000000000
15340  -46.568  -63.018  -25.666 0.0000000000
15351  -40.767  -62.372  -26.955 0.0000000000
15352  -41.404  -62.615  -26.557 0.0000000000
15353  -42.335  -62.782  -26.603 0.0000000000
15354  -43.492  -62.966  -26.886 0.0000000000
15355  -44.068  -63.488  -26.916 0.0000000000
15356  -45.760  -63.401  -26.921 0.0000000000
15357  -46.268  -63.211  -26.510 0.0000000000
15373  -40.589  -62.022  -27.633 0.0000000000
15374  -44.053  -62.501  -27.121 0.0000000000
15375  -44.540  -62.952  -27.227 0.0000000000
15376  -45.458  -63.013  -27.339 0.0000000000
15377  -46.066  -62.945  -27.148 0.0000000000
15378  -46.625  -62.454  -27.038 0.0000000000
15392  -40.669  -61.736  -28.335 0.0000000000
15393  -41.011  -62.124  -28.936 0.0000000000
15405  -41.459  -62.325  -29.774 0.0000000000
15406  -41.739  -62.671  -30.348 0.0000000000
15421  -41.760  -62.165  -30.433 0.0000000000
15422  -41.769  -62.427  -30.876 0.0000000000
15435  -41.645  -62.337  -31.412 0.0000000000
15438  -41.485  -62.208  -31.914 0.0000000000
15445  -41.181  -62.077  -32.411 0.0000000000
15454  -40.577  -61.794  -33.470 0.0000000000
16171  -30.627  -60.639  -20.153 0.0000000000
16211  -35.859  -59.982  -22.195 0.0000000000
16212  -36.377  -60.212  -22.262 0.0000000000
16213  -37.206  -60.470  -22.273 0.0000000000
16214  -38.078  -60.692  -22.182 0.0000000000
16215  -38.968  -60.862  -22.076 0.0000000000
16216  -39.870  -60.990  -22.005 0.0000000000
16217  -40.812  -61.067  -22.054 0.0000000000
16218  -41.562  -61.214  -22.244 0.0000000000
16232  -34.799  -60.074  -23.001 0.0000000000
16233  -35.523  -60.273  -22.709 0.0000000000
16234  -36.592  -60.791  -22.730 0.0000000000
16235  -37.448  -61.205  -22.680 0.0000000000
16236  -38.335  -61.451  -22.576 0.0000000000
16237  -39.220  -61.576  -22.464 0.0000000000
16238  -40.106  -61.703  -22.417 0.0000000000
16239  -40.997  -61.817  -22.488 0.0000000000
16240  -41.913  -61.816  -22.618 0.0000000000
16241  -43.014  -61.603  -22.868 0.0000000000
16242  -43.605  -60.905  -22.785 0.0000000000
16251  -33.948  -60.240  -24.368 0.0000000000
16252  -34.860  -60.478  -23.679 0.0000000000
16253  -35.645  -60.809  -23.341 0.0000000000
16254  -43.631  -62.262  -23.319 0.0000000000
16255  -44.315  -61.488  -23.258 0.0000000000
16281  -40.509  -60.998  -26.085 0.0000000000
16282  -41.083  -61.002  -25.771 0.0000000000
16283  -41.539  -60.810  -25.722 0.0000000000
16296  -39.950  -60.783  -27.256 0.0000000000
16297  -40.281  -61.333  -26.823 0.0000000000
16298  -40.927  -61.734  -26.254 0.0000000000
16299  -41.892  -61.533  -26.074 0.0000000000
16300  -42.993  -61.845  -26.630 0.0000000000
16315  -40.058  -60.713  -27.628 0.0000000000
16316  -40.303  -61.114  -27.789 0.0000000000
16317  -43.725  -62.060  -27.021 0.0000000000
16318  -44.288  -61.928  -27.422 0.0000000000
16319  -45.155  -62.033  -27.857 0.0000000000
16320  -46.104  -62.203  -27.682 0.0000000000
16335  -40.615  -61.051  -28.550 0.0000000000
16336  -40.853  -61.481  -28.847 0.0000000000
16337  -45.810  -61.491  -28.166 0.0000000000
16353  -40.862  -61.033  -29.026 0.0000000000
16354  -41.139  -61.390  -29.423 0.0000000000
16366  -41.533  -61.431  -30.294 0.0000000000
16367  -41.818  -61.795  -30.801 0.0000000000
16373  -41.724  -61.214  -30.947 0.0000000000
16374  -41.775  -61.586  -31.358 0.0000000000
16378  -41.671  -61.685  -31.836 0.0000000000
16384  -41.126  -61.557  -32.829 0.0000000000
16385  -41.468  -61.368  -32.401 0.0000000000
16397  -40.912  -61.374  -33.356 0.0000000000
17175  -30.807  -60.109  -19.697 0.0000000000
17176  -31.415  -59.643  -19.988 0.0000000000
17192  -31.112  -60.175  -20.519 0.0000000000
17193  -31.986  -59.559  -20.735 0.0000000000
17194  -32.935  -59.331  -21.091 0.0000000000
17195  -33.829  -59.261  -21.171 0.0000000000
17196  -34.722  -59.262  -21.212 0.0000000000
17197  -35.614  -59.287  -21.200 0.0000000000
17198  -36.499  -59.342  -21.242 0.0000000000
17199  -37.354  -59.463  -21.309 0.0000000000
17200  -38.114  -59.593  -21.268 0.0000000000
17218  -31.373  -60.200  -21.655 0.0000000000
17219  -32.576  -59.603  -21.787 0.0000000000
17220  -33.634  -59.478  -21.841 0.0000000000
17221  -34.519  -59.525  -21.834 0.0000000000
17222  -35.357  -59.671  -21.924 0.0000000000
17223  -36.120  -59.711  -21.819 0.0000000000
17224  -36.905  -59.851  -21.835 0.0000000000
17225  -37.753  -59.991  -21.817 0.0000000000
17226  -38.681  -60.077  -21.603 0.0000000000
17227  -39.542  -60.308  -21.590 0.0000000000
17228  -40.489  -60.262  -21.579 0.0000000000
17229  -41.735  -60.261  -21.819 0.0000000000
17230  -42.469  -59.737  -21.824 0.0000000000
17249  -33.429  -59.640  -22.601 0.0000000000
17250  -34.476  -59.748  -22.501 0.0000000000
17251  -34.999  -59.767  -22.275 0.0000000000
17252  -42.262  -61.049  -22.346 0.0000000000
17253  -42.996  -60.294  -22.282 0.0000000000
17254  -44.076  -60.229  -22.725 0.0000000000
17269  -33.409  -59.813  -23.600 0.0000000000
17270  -34.223  -59.886  -23.089 0.0000000000
17296  -39.597  -59.885  -26.532 0.0000000000
17297  -39.912  -60.356  -26.256 0.0000000000
17298  -40.515  -60.313  -25.648 0.0000000000
17299  -41.227  -60.266  -25.476 0.0000000000
17316  -39.683  -60.197  -26.958 0.0000000000
17317  -39.894  -60.721  -26.780 0.0000000000
17318  -41.953  -60.361  -25.709 0.0000000000
17319  -42.720  -60.624  -26.335 0.0000000000
17337  -39.891  -60.295  -27.659 0.0000000000
17338  -40.116  -60.591  -27.880 0.0000000000
17339  -43.681  -60.964  -27.051 0.0000000000
17340  -44.606  -60.853  -27.838 0.0000000000
17341  -45.330  -61.114  -28.221 0.0000000000
17357  -40.048  -60.298  -28.051 0.0000000000
17358  -40.281  -60.481  -28.338 0.0000000000
17359  -45.183  -60.381  -28.327 0.0000000000
17376  -40.631  -60.434  -29.065 0.0000000000
17377  -40.935  -60.829  -29.333 0.0000000000
17387  -40.653  -60.001  -29.516 0.0000000000
17388  -41.029  -60.473  -29.860 0.0000000000
17392  -41.416  -60.535  -30.762 0.0000000000
17393  -41.687  -60.605  -31.418 0.0000000000
17398  -41.758  -60.730  -32.050 0.0000000000
17405  -41.319  -60.880  -33.080 0.0000000000
17406  -41.602  -60.355  -32.749 0.0000000000
17416  -40.628  -60.479  -34.245 0.0000000000
17417  -41.083  -60.460  -33.714 0.0000000000
17418  -41.460  -60.082  -33.287 0.0000000000
18234  -33.274  -58.649  -19.827 0.0000000000
18250  -32.531  -59.217  -20.465 0.0000000000
18251  -33.108  -59.024  -20.464 0.0000000000
18252  -34.012  -58.932  -20.522 0.0000000000
18253  -34.933  -58.845  -20.526 0.0000000000
18254  -35.980  -58.720  -20.420 0.0000000000
18255  -36.938  -58.939  -20.745 0.0000000000
18256  -37.803  -59.053  -20.775 0.0000000000
18257  -38.901  -59.227  -20.845 0.0000000000
18258  -39.966  -58.759  -20.696 0.0000000000
18259  -40.532  -58.446  -20.743 0.0000000000
18272  -39.270  -59.830  -21.294 0.0000000000
18273  -39.879  -59.630  -21.135 0.0000000000
18274  -40.958  -59.098  -21.129 0.0000000000
18275  -42.130  -59.134  -21.469 0.0000000000
18276  -42.916  -59.163  -21.884 0.0000000000
18290  -43.708  -59.246  -22.326 0.0000000000
18341  -39.468  -59.420  -26.214 0.0000000000
18342  -39.892  -59.473  -25.611 0.0000000000
18343  -40.678  -59.460  -25.262 0.0000000000
18344  -41.551  -59.405  -25.411 0.0000000000
18362  -39.385  -59.470  -26.837 0.0000000000
18363  -42.429  -59.324  -25.992 0.0000000000
18364  -43.239  -59.644  -26.759 0.0000000000
18378  -39.547  -59.572  -27.572 0.0000000000
18379  -43.991  -59.749  -27.486 0.0000000000
18380  -44.691  -59.633  -28.138 0.0000000000
18391  -39.915  -59.789  -28.353 0.0000000000
18392  -40.279  -60.068  -28.741 0.0000000000
18405  -39.802  -59.179  -28.861 0.0000000000
18406  -40.238  -59.585  -29.230 0.0000000000
18416  -40.604  -59.560  -29.947 0.0000000000
18417  -41.030  -59.650  -30.590 0.0000000000
18426  -41.406  -59.702  -31.287 0.0000000000
18427  -41.760  -59.714  -31.886 0.0000000000
18435  -41.787  -59.631  -32.482 0.0000000000
18444  -41.698  -59.387  -33.097 0.0000000000
18450  -37.056  -59.262  -34.609 0.0000000000
18451  -37.826  -59.071  -34.763 0.0000000000
18452  -38.445  -58.996  -34.895 0.0000000000
18453  -40.557  -59.815  -34.479 0.0000000000
18454  -40.978  -59.601  -34.113 0.0000000000
18455  -41.415  -59.280  -33.664 0.0000000000
18458  -39.018  -59.443  -35.009 0.0000000000
18459  -40.067  -59.447  -34.786 0.0000000000
19270  -36.651  -58.574  -20.280 0.0000000000
19271  -37.247  -58.495  -20.250 0.0000000000
19272  -38.165  -58.410  -20.236 0.0000000000
19273  -39.184  -57.997  -20.137 0.0000000000
19274  -40.198  -57.913  -20.400 0.0000000000
19275  -40.952  -57.931  -20.734 0.0000000000
19288  -41.795  -58.118  -21.127 0.0000000000
19289  -42.636  -58.200  -21.599 0.0000000000
19290  -43.403  -58.262  -22.055 0.0000000000
19296  -44.165  -58.280  -22.459 0.0000000000
19338  -38.677  -57.946  -25.863 0.0000000000
19339  -39.118  -58.420  -25.738 0.0000000000
19340  -40.003  -58.521  -25.171 0.0000000000
19341  -40.964  -58.483  -25.157 0.0000000000
19342  -41.799  -58.416  -25.599 0.0000000000
19354  -38.581  -57.940  -26.299 0.0000000000
19355  -39.036  -58.739  -26.558 0.0000000000
19356  -42.370  -58.263  -26.108 0.0000000000
19357  -42.895  -58.531  -26.625 0.0000000000
19367  -38.721  -58.166  -27.102 0.0000000000
19368  -39.152  -58.837  -27.348 0.0000000000
19369  -43.514  -58.697  -27.275 0.0000000000
19370  -44.106  -58.729  -27.930 0.0000000000
19378  -38.910  -58.278  -27.747 0.0000000000
19379  -39.347  -58.744  -28.327 0.0000000000
19390  -39.763  -58.562  -29.478 0.0000000000
19391  -40.268  -59.062  -29.821 0.0000000000
19397  -39.864  -58.006  -30.062 0.0000000000
19398  -40.499  -58.509  -30.555 0.0000000000
19399  -41.122  -59.092  -31.050 0.0000000000
19409  -40.839  -57.880  -31.222 0.0000000000
19410  -41.408  -58.495  -31.723 0.0000000000
19411  -41.847  -59.082  -32.218 0.0000000000
19425  -41.731  -57.906  -32.357 0.0000000000
19426  -41.854  -58.476  -32.711 0.0000000000
19436  -41.696  -58.420  -33.462 0.0000000000
19437  -36.741  -58.451  -34.095 0.0000000000
19438  -37.568  -58.370  -34.475 0.0000000000
19439  -38.289  -58.329  -34.717 0.0000000000
19440  -38.965  -58.400  -34.873 0.0000000000
19441  -40.751  -58.988  -34.402 0.0000000000
19442  -41.238  -58.543  -34.043 0.0000000000
19443  -41.508  -58.424  -33.786 0.0000000000
19444  -39.736  -58.440  -34.866 0.0000000000
19445  -40.508  -58.302  -34.597 0.0000000000
19446  -40.961  -58.182  -34.273 0.0000000000
20275  -41.498  -57.028  -20.905 0.0000000000
20290  -42.331  -57.173  -21.386 0.0000000000
20291  -43.121  -57.288  -21.841 0.0000000000
20298  -44.573  -57.395  -22.632 0.0000000000
20329  -38.549  -57.353  -25.750 0.0000000000
20330  -39.343  -57.506  -25.240 0.0000000000
20331  -40.317  -57.494  -25.147 0.0000000000
20332  -41.230  -57.517  -25.460 0.0000000000
20333  -41.946  -57.508  -25.998 0.0000000000
20340  -38.209  -57.205  -26.368 0.0000000000
20341  -42.529  -57.582  -26.595 0.0000000000
20342  -43.085  -57.733  -27.203 0.0000000000
20350  -38.283  -57.438  -26.997 0.0000000000
20351  -43.622  -57.867  -27.792 0.0000000000
20352  -44.096  -57.961  -28.248 0.0000000000
20360  -38.553  -57.655  -27.691 0.0000000000
20361  -38.845  -57.954  -28.222 0.0000000000
20371  -38.563  -57.340  -28.291 0.0000000000
20372  -38.990  -57.698  -28.935 0.0000000000
20377  -39.392  -57.538  -29.750 0.0000000000
20378  -39.862  -57.372  -30.343 0.0000000000
20385  -40.422  -57.254  -30.946 0.0000000000
20386  -41.015  -57.229  -31.547 0.0000000000
20399  -41.578  -57.281  -32.129 0.0000000000
20400  -41.897  -57.335  -32.723 0.0000000000
20406  -35.452  -57.251  -32.742 0.0000000000
20407  -36.037  -57.428  -33.182 0.0000000000
20408  -41.920  -57.441  -33.337 0.0000000000
20409  -36.624  -57.499  -33.754 0.0000000000
20410  -37.289  -57.519  -34.236 0.0000000000
20411  -38.034  -57.503  -34.615 0.0000000000
20412  -38.749  -57.572  -34.831 0.0000000000
20413  -41.257  -57.860  -34.154 0.0000000000
20414  -41.669  -57.488  -33.998 0.0000000000
20415  -39.427  -57.567  -34.931 0.0000000000
20416  -40.242  -57.424  -34.843 0.0000000000
20417  -41.108  -57.301  -34.447 0.0000000000
20418  -41.609  -56.644  -34.301 0.0000000000
21204  -42.005  -56.103  -21.239 0.0000000000
21205  -42.836  -56.265  -21.719 0.0000000000
21206  -43.595  -56.444  -22.140 0.0000000000
21258  -38.281  -56.552  -25.659 0.0000000000
21259  -38.739  -56.560  -25.341 0.0000000000
21260  -39.636  -56.483  -25.180 0.0000000000
21261  -40.699  -56.394  -25.472 0.0000000000
21262  -41.496  -56.785  -25.858 0.0000000000
21268  -37.748  -56.147  -26.295 0.0000000000
21269  -37.947  -56.439  -26.110 0.0000000000
21270  -41.357  -56.021  -26.045 0.0000000000
21271  -42.067  -56.500  -26.604 0.0000000000
21272  -42.698  -56.976  -27.126 0.0000000000
21279  -37.732  -56.220  -26.569 0.0000000000
21280  -37.930  -56.746  -26.808 0.0000000000
21282  -43.256  -56.754  -27.814 0.0000000000
21290  -37.745  -56.297  -27.105 0.0000000000
21291  -38.092  -56.731  -27.704 0.0000000000
21302  -38.428  -56.648  -28.785 0.0000000000
21303  -38.892  -56.954  -29.430 0.0000000000
21309  -38.650  -56.287  -29.465 0.0000000000
21310  -39.165  -56.546  -30.022 0.0000000000
21311  -39.796  -56.378  -30.655 0.0000000000
21322  -40.467  -56.140  -31.291 0.0000000000
21323  -41.219  -56.301  -31.913 0.0000000000
21336  -35.258  -56.457  -32.646 0.0000000000
21337  -41.767  -56.388  -32.509 0.0000000000
21338  -42.067  -56.443  -33.131 0.0000000000
21344  -35.840  -56.579  -33.049 0.0000000000
21345  -36.362  -56.674  -33.518 0.0000000000
21346  -42.077  -56.430  -33.734 0.0000000000
21350  -36.927  -56.644  -34.080 0.0000000000
21351  -37.649  -56.656  -34.549 0.0000000000
21352  -38.552  -56.589  -34.933 0.0000000000
21353  -39.097  -57.059  -35.011 0.0000000000
21354  -41.893  -56.228  -34.170 0.0000000000
21355  -38.987  -55.984  -35.107 0.0000000000
21356  -39.618  -56.485  -35.061 0.0000000000
21357  -40.748  -56.383  -34.880 0.0000000000
21358  -41.457  -56.185  -34.528 0.0000000000
21359  -41.721  -56.083  -34.335 0.0000000000
22187  -43.546  -55.392  -21.943 0.0000000000
22188  -44.323  -55.252  -22.155 0.0000000000
22199  -44.092  -55.842  -22.293 0.0000000000
22200  -44.836  -55.669  -22.451 0.0000000000
22241  -37.697  -55.379  -25.887 0.0000000000
22242  -38.027  -55.799  -25.638 0.0000000000
22243  -38.889  -55.538  -25.257 0.0000000000
22244  -39.897  -55.337  -25.303 0.0000000000
22245  -40.862  -55.075  -25.818 0.0000000000
22256  -37.674  -55.774  -26.246 0.0000000000
22257  -37.809  -56.017  -25.950 0.0000000000
22258  -41.671  -55.291  -26.526 0.0000000000
22270  -37.587  -55.887  -26.878 0.0000000000
22283  -37.654  -55.849  -27.482 0.0000000000
22284  -37.873  -55.815  -28.288 0.0000000000
22296  -38.237  -55.640  -29.111 0.0000000000
22303  -38.692  -55.616  -29.779 0.0000000000
22304  -39.182  -55.572  -30.319 0.0000000000
22305  -39.748  -55.347  -30.844 0.0000000000
22315  -40.252  -55.119  -31.288 0.0000000000
22316  -40.818  -55.314  -31.728 0.0000000000
22330  -35.050  -55.932  -32.597 0.0000000000
22331  -41.462  -55.423  -32.262 0.0000000000
22332  -42.008  -55.485  -32.821 0.0000000000
22336  -35.026  -55.081  -32.831 0.0000000000
22337  -35.560  -55.584  -33.077 0.0000000000
22338  -36.070  -56.147  -33.359 0.0000000000
22339  -42.237  -55.482  -33.443 0.0000000000
22343  -36.064  -55.153  -33.670 0.0000000000
22344  -36.407  -55.805  -33.809 0.0000000000
22345  -37.197  -55.748  -34.486 0.0000000000
22346  -37.888  -55.962  -34.809 0.0000000000
22347  -42.211  -55.398  -33.974 0.0000000000
22348  -37.672  -55.359  -34.852 0.0000000000
22349  -38.416  -55.464  -35.033 0.0000000000
22350  -39.345  -55.379  -35.152 0.0000000000
22351  -40.320  -55.421  -35.101 0.0000000000
22352  -41.246  -55.354  -34.844 0.0000000000
22353  -41.872  -55.267  -34.387 0.0000000000
23340  -37.786  -55.143  -25.724 0.0000000000
23341  -38.108  -54.634  -25.497 0.0000000000
23342  -39.119  -54.376  -25.279 0.0000000000
23359  -37.582  -54.780  -26.150 0.0000000000
23360  -37.732  -54.211  -25.846 0.0000000000
23376  -37.487  -55.255  -26.959 0.0000000000
23389  -37.542  -55.065  -27.783 0.0000000000
23390  -37.792  -54.864  -28.555 0.0000000000
23401  -38.357  -54.576  -29.468 0.0000000000
23402  -38.674  -53.945  -29.816 0.0000000000
23410  -38.796  -55.055  -30.012 0.0000000000
23411  -39.096  -54.463  -30.306 0.0000000000
23412  -39.855  -54.386  -30.962 0.0000000000
23419  -40.469  -54.392  -31.468 0.0000000000
23420  -41.092  -54.468  -31.979 0.0000000000
23433  -41.756  -54.528  -32.480 0.0000000000
23434  -42.296  -54.551  -33.045 0.0000000000
23442  -33.312  -54.179  -32.421 0.0000000000
23443  -34.526  -54.484  -32.729 0.0000000000
23444  -35.218  -54.894  -32.990 0.0000000000
23445  -42.478  -54.490  -33.669 0.0000000000
23449  -35.067  -53.938  -33.109 0.0000000000
23450  -35.641  -54.513  -33.371 0.0000000000
23451  -36.701  -54.713  -34.221 0.0000000000
23452  -37.284  -55.084  -34.685 0.0000000000
23453  -42.397  -54.373  -34.133 0.0000000000
23454  -37.176  -54.074  -34.531 0.0000000000
23455  -37.703  -54.512  -34.870 0.0000000000
23456  -38.815  -54.461  -35.160 0.0000000000
23457  -39.842  -54.436  -35.225 0.0000000000
23458  -40.846  -54.400  -35.079 0.0000000000
23459  -41.695  -54.289  -34.760 0.0000000000
23460  -42.195  -54.104  -34.439 0.0000000000
24526  -38.439  -53.511  -25.417 0.0000000000
24527  -39.357  -53.098  -25.264 0.0000000000
24543  -37.653  -53.727  -26.263 0.0000000000
24544  -37.917  -53.754  -25.757 0.0000000000
24560  -37.483  -54.177  -27.201 0.0000000000
24561  -37.625  -53.363  -27.400 0.0000000000
24575  -37.586  -54.435  -27.987 0.0000000000
24576  -37.811  -53.684  -28.287 0.0000000000
24589  -38.439  -53.403  -29.318 0.0000000000
24590  -38.999  -53.385  -29.966 0.0000000000
24599  -39.584  -53.496  -30.540 0.0000000000
24600  -40.173  -53.523  -31.089 0.0000000000
24608  -40.753  -53.553  -31.606 0.0000000000
24609  -41.394  -53.584  -32.102 0.0000000000
24617  -42.082  -53.602  -32.605 0.0000000000
24618  -42.626  -53.570  -33.237 0.0000000000
24627  -32.020  -53.186  -32.974 0.0000000000
24629  -33.736  -53.651  -32.697 0.0000000000
24630  -42.904  -53.503  -33.885 0.0000000000
24631  -43.101  -53.001  -34.168 0.0000000000
24635  -32.652  -52.867  -32.930 0.0000000000
24636  -33.387  -52.961  -32.896 0.0000000000
24637  -34.450  -53.335  -32.994 0.0000000000
24638  -35.580  -53.465  -33.360 0.0000000000
24639  -36.234  -53.933  -33.784 0.0000000000
24640  -42.681  -53.482  -34.324 0.0000000000
24641  -42.956  -52.748  -34.462 0.0000000000
24642  -36.359  -53.358  -33.702 0.0000000000
24643  -36.838  -53.611  -34.164 0.0000000000
24644  -37.510  -53.479  -34.654 0.0000000000
24645  -38.325  -53.498  -35.050 0.0000000000
24646  -39.302  -53.475  -35.242 0.0000000000
24647  -40.325  -53.442  -35.251 0.0000000000
24648  -41.337  -53.358  -35.093 0.0000000000
24649  -42.329  -53.136  -34.795 0.0000000000
24650  -42.815  -52.419  -34.708 0.0000000000
25685  -38.615  -52.521  -25.398 0.0000000000
25686  -39.131  -52.021  -25.210 0.0000000000
25699  -37.691  -53.241  -26.321 0.0000000000
25700  -37.903  -52.746  -26.051 0.0000000000
25713  -37.618  -53.256  -26.742 0.0000000000
25714  -37.848  -52.402  -27.365 0.0000000000
25725  -38.267  -52.463  -28.614 0.0000000000
25738  -38.884  -52.466  -29.490 0.0000000000
25739  -39.464  -52.593  -30.150 0.0000000000
25749  -39.982  -52.655  -30.683 0.0000000000
25750  -40.497  -52.682  -31.190 0.0000000000
25757  -41.032  -52.691  -31.666 0.0000000000
25758  -41.673  -52.657  -32.172 0.0000000000
25764  -42.407  -52.628  -32.709 0.0000000000
25765  -43.084  -52.490  -33.448 0.0000000000
25766  -43.458  -51.943  -33.690 0.0000000000
25774  -31.690  -52.220  -33.315 0.0000000000
25776  -43.246  -52.866  -33.920 0.0000000000
25777  -43.376  -52.280  -34.099 0.0000000000
25782  -32.186  -51.738  -33.334 0.0000000000
25783  -32.726  -52.185  -33.155 0.0000000000
25784  -33.842  -52.343  -33.018 0.0000000000
25785  -34.977  -52.544  -33.068 0.0000000000
25786  -36.254  -52.643  -33.469 0.0000000000
25787  -36.888  -52.303  -33.660 0.0000000000
25788  -43.109  -52.018  -34.539 0.0000000000
25789  -36.704  -53.078  -33.846 0.0000000000
25790  -37.188  -52.681  -34.098 0.0000000000
25791  -37.963  -52.581  -34.775 0.0000000000
25792  -38.796  -52.541  -35.137 0.0000000000
25793  -39.743  -52.500  -35.308 0.0000000000
25794  -40.765  -52.447  -35.325 0.0000000000
25795  -41.761  -52.332  -35.201 0.0000000000
25796  -42.545  -52.098  -34.961 0.0000000000
25797  -42.888  -51.957  -34.748 0.0000000000
26754  -37.999  -51.314  -26.482 0.0000000000
26766  -38.059  -51.139  -27.303 0.0000000000
26778  -38.260  -51.420  -28.089 0.0000000000
26791  -38.684  -51.481  -28.984 0.0000000000
26792  -39.477  -51.478  -29.871 0.0000000000
26793  -39.920  -50.928  -30.238 0.0000000000
26803  -39.815  -52.071  -30.375 0.0000000000
26804  -40.342  -51.560  -30.787 0.0000000000
26805  -40.787  -51.220  -31.139 0.0000000000
26813  -40.758  -52.122  -31.303 0.0000000000
26814  -41.226  -51.568  -31.546 0.0000000000
26815  -42.038  -51.102  -31.990 0.0000000000
26823  -41.987  -51.880  -32.243 0.0000000000
26824  -42.702  -51.471  -32.655 0.0000000000
26825  -43.396  -51.441  -33.316 0.0000000000
26835  -43.667  -51.426  -33.865 0.0000000000
26840  -31.823  -51.257  -33.441 0.0000000000
26841  -32.514  -51.295  -33.378 0.0000000000
26842  -33.290  -51.445  -33.160 0.0000000000
26843  -34.246  -51.622  -32.895 0.0000000000
26844  -35.432  -51.834  -32.897 0.0000000000
26845  -36.643  -51.844  -33.287 0.0000000000
26846  -37.360  -51.521  -33.679 0.0000000000
26847  -43.534  -51.385  -34.406 0.0000000000
26848  -37.231  -52.012  -33.825 0.0000000000
26849  -37.718  -51.735  -34.321 0.0000000000
26850  -38.384  -51.701  -34.896 0.0000000000
26851  -39.173  -51.598  -35.213 0.0000000000
26852  -40.132  -51.520  -35.374 0.0000000000
26853  -41.153  -51.461  -35.403 0.0000000000
26854  -42.124  -51.347  -35.291 0.0000000000
26855  -43.039  -51.230  -34.954 0.0000000000
27854  -38.276  -50.331  -27.791 0.0000000000
27855  -38.587  -50.032  -28.440 0.0000000000
27870  -38.523  -50.725  -28.503 0.0000000000
27871  -39.011  -50.394  -29.109 0.0000000000
27872  -39.690  -50.326  -29.812 0.0000000000
27880  -40.254  -50.364  -30.386 0.0000000000
27881  -40.887  -50.554  -31.003 0.0000000000
27889  -41.699  -50.365  -31.504 0.0000000000
27890  -42.554  -50.197  -32.092 0.0000000000
27900  -43.326  -50.498  -32.824 0.0000000000
27901  -43.772  -50.661  -33.494 0.0000000000
27912  -36.504  -50.719  -32.354 0.0000000000
27913  -37.257  -50.612  -32.997 0.0000000000
27914  -43.911  -50.594  -34.099 0.0000000000
27915  -43.966  -49.980  -34.440 0.0000000000
27920  -32.173  -50.537  -33.512 0.0000000000
27921  -32.856  -50.619  -33.374 0.0000000000
27922  -33.549  -50.685  -32.983 0.0000000000
27924  -35.908  -51.302  -32.562 0.0000000000
27925  -37.029  -51.192  -33.061 0.0000000000
27926  -37.713  -50.797  -33.831 0.0000000000
27927  -38.302  -50.384  -34.484 0.0000000000
27928  -38.813  -50.125  -34.865 0.0000000000
27929  -43.653  -50.500  -34.674 0.0000000000
27930  -43.811  -49.698  -34.831 0.0000000000
27931  -38.107  -51.059  -34.615 0.0000000000
27932  -38.647  -50.867  -35.003 0.0000000000
27933  -39.479  -50.551  -35.228 0.0000000000
27934  -40.497  -50.564  -35.415 0.0000000000
27935  -41.486  -50.473  -35.507 0.0000000000
27936  -42.459  -50.312  -35.413 0.0000000000
27937  -43.364  -49.838  -35.165 0.0000000000
27938  -43.718  -49.502  -35.043 0.0000000000
29038  -39.398  -49.384  -29.334 0.0000000000
29039  -40.038  -49.389  -29.929 0.0000000000
29050  -40.684  -49.427  -30.493 0.0000000000
29051  -41.354  -49.409  -31.050 0.0000000000
29062  -42.076  -49.311  -31.535 0.0000000000
29063  -42.681  -49.141  -31.934 0.0000000000
29073  -43.266  -49.421  -32.436 0.0000000000
29074  -43.963  -49.652  -33.216 0.0000000000
29075  -44.360  -49.239  -33.612 0.0000000000
29091  -44.050  -50.196  -33.678 0.0000000000
29092  -44.228  -49.715  -33.956 0.0000000000
29098  -32.501  -50.016  -33.512 0.0000000000
29099  -32.987  -49.812  -33.304 0.0000000000
29104  -39.316  -49.472  -34.859 0.0000000000
29105  -39.975  -49.146  -35.091 0.0000000000
29106  -44.273  -49.292  -34.580 0.0000000000
29107  -39.982  -49.841  -35.263 0.0000000000
29108  -40.739  -49.521  -35.436 0.0000000000
29109  -41.780  -49.503  -35.695 0.0000000000
29110  -42.711  -49.321  -35.744 0.0000000000
29111  -43.397  -49.012  -35.668 0.0000000000
29112  -43.996  -49.034  -35.244 0.0000000000
30176  -40.362  -48.394  -30.119 0.0000000000
30177  -41.044  -48.393  -30.662 0.0000000000
30188  -41.703  -48.370  -31.205 0.0000000000
30189  -42.389  -48.340  -31.663 0.0000000000
30200  -43.072  -48.397  -32.150 0.0000000000
30201  -43.821  -48.551  -32.718 0.0000000000
30202  -44.392  -48.690  -33.343 0.0000000000
30218  -44.659  -48.778  -34.020 0.0000000000
30228  -40.355  -48.501  -35.073 0.0000000000
30229  -44.872  -48.438  -34.890 0.0000000000
30231  -41.161  -48.590  -35.529 0.0000000000
30232  -42.030  -48.577  -35.965 0.0000000000
30233  -42.989  -48.409  -36.119 0.0000000000
30234  -43.800  -48.408  -35.970 0.0000000000
31349  -44.396  -47.551  -33.205 0.0000000000
31350  -44.740  -48.175  -33.633 0.0000000000
