#!ascii label  , from subject COLIN27_FS vox2ras=TkReg
170
24110  -51.211  -52.656  0.802 0.0000000000
24111  -51.517  -52.511  0.499 0.0000000000
24124  -50.638  -52.774  0.652 0.0000000000
24125  -51.181  -52.654  0.342 0.0000000000
24126  -51.605  -52.666  0.345 0.0000000000
24137  -50.741  -52.708  0.240 0.0000000000
24138  -50.958  -52.603  0.076 0.0000000000
25251  -51.857  -52.262  0.924 0.0000000000
25252  -52.294  -52.033  0.520 0.0000000000
25266  -49.512  -51.955  0.925 0.0000000000
25267  -49.980  -52.447  0.693 0.0000000000
25268  -50.373  -52.594  0.307 0.0000000000
25269  -51.477  -52.478  0.291 0.0000000000
25270  -51.848  -52.324  0.246 0.0000000000
25271  -52.501  -51.902  0.020 0.0000000000
25285  -49.457  -51.975  0.406 0.0000000000
25286  -49.882  -52.234  0.068 0.0000000000
25287  -50.612  -52.387  -0.140 0.0000000000
25288  -51.341  -52.327  -0.108 0.0000000000
25289  -52.085  -51.882  -0.408 0.0000000000
25290  -52.619  -51.579  -0.444 0.0000000000
25302  -50.987  -52.003  -0.496 0.0000000000
25303  -51.565  -51.783  -0.703 0.0000000000
25304  -52.016  -51.500  -0.958 0.0000000000
26330  -48.385  -50.859  0.919 0.0000000000
26333  -52.358  -51.858  0.886 0.0000000000
26334  -52.796  -51.413  0.571 0.0000000000
26341  -47.232  -50.432  -0.112 0.0000000000
26342  -48.100  -50.986  0.202 0.0000000000
26343  -48.917  -51.520  0.580 0.0000000000
26344  -53.078  -51.373  -0.130 0.0000000000
26345  -53.361  -50.956  -0.021 0.0000000000
26351  -46.176  -49.979  -0.884 0.0000000000
26352  -46.921  -50.349  -0.687 0.0000000000
26353  -47.810  -50.791  -0.483 0.0000000000
26354  -48.975  -51.486  -0.229 0.0000000000
26355  -50.030  -51.869  -0.532 0.0000000000
26356  -50.606  -51.956  -0.551 0.0000000000
26357  -52.546  -51.407  -0.846 0.0000000000
26358  -52.997  -51.253  -0.784 0.0000000000
26359  -53.395  -50.980  -0.666 0.0000000000
26365  -46.144  -49.939  -1.145 0.0000000000
26366  -46.596  -50.180  -1.108 0.0000000000
26367  -47.357  -50.505  -1.044 0.0000000000
26368  -48.320  -50.865  -0.962 0.0000000000
26369  -49.401  -51.216  -1.007 0.0000000000
26370  -50.752  -51.343  -1.141 0.0000000000
26371  -51.925  -51.340  -1.223 0.0000000000
26372  -52.556  -51.221  -1.245 0.0000000000
26373  -52.982  -51.101  -1.212 0.0000000000
26374  -53.390  -50.889  -1.227 0.0000000000
26381  -51.043  -50.769  -1.771 0.0000000000
26382  -51.682  -50.920  -1.727 0.0000000000
26383  -52.487  -50.954  -1.697 0.0000000000
26384  -53.059  -50.881  -1.606 0.0000000000
26385  -53.311  -50.842  -1.492 0.0000000000
27406  -47.297  -49.679  0.784 0.0000000000
27407  -47.922  -50.014  1.286 0.0000000000
27417  -46.143  -49.580  -0.243 0.0000000000
27418  -46.759  -49.778  0.171 0.0000000000
27419  -47.601  -50.318  0.537 0.0000000000
27429  -44.117  -49.377  -0.861 0.0000000000
27430  -45.413  -49.494  -0.658 0.0000000000
27431  -46.455  -49.939  -0.431 0.0000000000
27432  -53.727  -50.618  -0.504 0.0000000000
27442  -43.514  -49.524  -1.253 0.0000000000
27443  -44.569  -49.537  -1.269 0.0000000000
27444  -45.578  -49.694  -1.224 0.0000000000
27445  -46.192  -49.848  -1.378 0.0000000000
27446  -46.905  -50.071  -1.435 0.0000000000
27447  -47.774  -50.309  -1.444 0.0000000000
27448  -48.749  -50.536  -1.445 0.0000000000
27449  -49.676  -50.750  -1.524 0.0000000000
27450  -53.854  -50.549  -1.132 0.0000000000
27451  -54.423  -50.023  -1.613 0.0000000000
27457  -44.956  -49.502  -1.562 0.0000000000
27458  -45.550  -49.520  -1.676 0.0000000000
27459  -46.349  -49.617  -1.785 0.0000000000
27460  -47.225  -49.741  -1.838 0.0000000000
27461  -48.174  -49.887  -1.863 0.0000000000
27462  -49.181  -50.046  -1.893 0.0000000000
27463  -50.328  -50.338  -1.986 0.0000000000
27464  -51.349  -50.312  -2.195 0.0000000000
27465  -52.300  -50.457  -2.266 0.0000000000
27466  -53.055  -50.544  -2.159 0.0000000000
27467  -53.818  -50.434  -1.965 0.0000000000
27468  -54.865  -49.740  -2.503 0.0000000000
27474  -52.873  -50.162  -2.592 0.0000000000
27475  -53.545  -50.028  -2.768 0.0000000000
27476  -54.459  -49.799  -2.983 0.0000000000
28568  -47.287  -49.144  1.478 0.0000000000
28581  -43.938  -48.602  -0.246 0.0000000000
28582  -44.924  -48.662  -0.084 0.0000000000
28583  -45.909  -49.054  0.055 0.0000000000
28584  -46.765  -49.223  0.626 0.0000000000
28594  -44.533  -49.049  -0.513 0.0000000000
28595  -45.206  -49.060  -0.348 0.0000000000
28606  -43.914  -49.389  -1.678 0.0000000000
28607  -44.506  -49.440  -1.633 0.0000000000
28618  -45.647  -49.117  -2.132 0.0000000000
28619  -46.608  -49.137  -2.207 0.0000000000
28620  -47.581  -49.202  -2.223 0.0000000000
28621  -48.563  -49.306  -2.250 0.0000000000
28622  -49.577  -49.409  -2.369 0.0000000000
28623  -50.750  -49.316  -2.634 0.0000000000
28624  -51.904  -49.816  -2.672 0.0000000000
28625  -52.492  -50.025  -2.657 0.0000000000
28631  -51.033  -48.670  -3.012 0.0000000000
28632  -51.676  -49.040  -3.065 0.0000000000
28633  -52.761  -49.521  -3.101 0.0000000000
28634  -54.017  -49.359  -3.695 0.0000000000
28635  -55.019  -49.426  -3.659 0.0000000000
28653  -54.361  -48.925  -4.241 0.0000000000
28654  -54.911  -49.067  -4.196 0.0000000000
28655  -55.597  -49.064  -4.094 0.0000000000
28656  -55.905  -49.007  -3.913 0.0000000000
29680  -45.885  -47.677  2.938 0.0000000000
29697  -45.977  -47.729  2.003 0.0000000000
29698  -46.601  -48.148  2.521 0.0000000000
29709  -45.909  -47.965  1.216 0.0000000000
29710  -46.591  -48.337  1.698 0.0000000000
29718  -43.384  -48.055  0.163 0.0000000000
29719  -44.440  -48.044  0.264 0.0000000000
29720  -45.436  -48.212  0.548 0.0000000000
29721  -46.371  -48.603  0.881 0.0000000000
29753  -47.961  -48.576  -2.518 0.0000000000
29754  -48.892  -48.638  -2.598 0.0000000000
29755  -49.759  -48.689  -2.715 0.0000000000
29764  -50.332  -48.177  -3.096 0.0000000000
29765  -51.319  -48.214  -3.413 0.0000000000
29766  -52.241  -48.636  -3.553 0.0000000000
29767  -53.081  -48.882  -3.811 0.0000000000
29783  -51.902  -47.978  -3.830 0.0000000000
29784  -52.655  -48.131  -4.117 0.0000000000
29785  -53.728  -48.498  -4.360 0.0000000000
29786  -54.678  -48.576  -4.609 0.0000000000
29787  -55.527  -48.615  -4.643 0.0000000000
29788  -56.209  -48.401  -4.266 0.0000000000
29802  -56.044  -48.264  -4.914 0.0000000000
29803  -56.465  -47.890  -4.947 0.0000000000
30790  -42.435  -47.048  5.468 0.0000000000
30808  -42.622  -46.840  5.022 0.0000000000
30824  -43.451  -46.830  4.350 0.0000000000
30825  -44.042  -46.905  3.844 0.0000000000
30826  -44.987  -47.256  3.395 0.0000000000
30836  -43.506  -46.513  2.271 0.0000000000
30837  -44.043  -46.694  2.657 0.0000000000
30838  -45.144  -47.297  2.325 0.0000000000
30848  -43.349  -46.659  1.595 0.0000000000
30849  -44.489  -47.114  1.569 0.0000000000
30850  -45.323  -47.555  1.475 0.0000000000
30856  -42.830  -47.353  0.598 0.0000000000
30857  -43.937  -47.359  0.734 0.0000000000
30858  -44.877  -47.610  0.870 0.0000000000
30859  -45.420  -47.785  0.985 0.0000000000
30925  -53.033  -47.423  -4.884 0.0000000000
30926  -54.222  -47.918  -4.986 0.0000000000
30927  -55.180  -48.144  -5.058 0.0000000000
30928  -55.716  -48.237  -5.029 0.0000000000
32046  -41.921  -46.803  5.237 0.0000000000
32065  -41.302  -46.318  4.218 0.0000000000
32066  -42.359  -46.625  4.640 0.0000000000
32067  -43.030  -46.704  4.417 0.0000000000
32081  -42.177  -46.249  3.512 0.0000000000
32082  -43.198  -46.551  3.731 0.0000000000
32083  -43.732  -46.627  3.327 0.0000000000
32093  -41.870  -46.149  2.530 0.0000000000
32094  -43.044  -46.357  2.637 0.0000000000
32095  -43.533  -46.508  3.082 0.0000000000
32105  -42.396  -46.348  1.859 0.0000000000
