#!ascii label  , from subject COLIN27_FS vox2ras=TkReg
1326
14836  -40.178  -62.604  11.285 0.0000000000
14837  -40.657  -62.682  10.865 0.0000000000
14851  -41.361  -62.717  10.393 0.0000000000
14853  -42.615  -62.150  9.561 0.0000000000
14927  -43.271  -61.767  3.288 0.0000000000
14928  -43.892  -61.997  3.425 0.0000000000
14929  -44.819  -62.111  3.463 0.0000000000
14930  -45.602  -62.024  3.229 0.0000000000
14935  -41.256  -61.871  2.226 0.0000000000
14937  -42.912  -62.447  2.938 0.0000000000
14954  -44.486  -62.516  0.032 0.0000000000
14963  -43.734  -62.117  -1.076 0.0000000000
14964  -43.980  -62.535  -0.762 0.0000000000
14975  -43.738  -62.303  -1.570 0.0000000000
14976  -43.943  -62.971  -1.715 0.0000000000
14985  -43.959  -62.448  -2.255 0.0000000000
15147  -51.284  -61.754  -11.662 0.0000000000
15160  -51.094  -61.964  -12.228 0.0000000000
15168  -50.513  -62.397  -13.547 0.0000000000
15169  -51.044  -61.870  -13.010 0.0000000000
15171  -50.423  -62.362  -14.460 0.0000000000
15172  -50.918  -61.859  -13.980 0.0000000000
15178  -50.264  -62.291  -15.336 0.0000000000
15179  -50.719  -61.848  -14.893 0.0000000000
15774  -40.493  -62.305  10.920 0.0000000000
15786  -40.330  -61.424  10.610 0.0000000000
15787  -41.199  -61.761  10.303 0.0000000000
15788  -42.373  -61.887  9.650 0.0000000000
15789  -42.770  -61.978  9.448 0.0000000000
15801  -41.535  -61.083  9.788 0.0000000000
15802  -42.031  -61.271  9.550 0.0000000000
15803  -42.741  -61.675  9.167 0.0000000000
15859  -46.037  -60.812  4.153 0.0000000000
15860  -46.235  -60.976  3.921 0.0000000000
15864  -42.037  -60.923  2.885 0.0000000000
15865  -42.624  -61.321  3.119 0.0000000000
15866  -43.681  -61.189  3.567 0.0000000000
15867  -44.610  -61.333  3.852 0.0000000000
15868  -45.593  -61.299  3.910 0.0000000000
15869  -46.217  -61.320  3.421 0.0000000000
15872  -40.807  -61.323  2.103 0.0000000000
15873  -41.639  -61.379  2.620 0.0000000000
15876  -46.333  -61.388  2.739 0.0000000000
15880  -39.710  -60.825  1.040 0.0000000000
15881  -40.163  -61.375  1.248 0.0000000000
15882  -46.070  -61.644  2.009 0.0000000000
15883  -46.423  -61.062  2.338 0.0000000000
15888  -39.572  -61.038  0.548 0.0000000000
15890  -44.794  -61.746  0.500 0.0000000000
15891  -45.440  -61.732  1.187 0.0000000000
15900  -43.806  -61.816  -0.733 0.0000000000
15901  -44.190  -61.775  -0.178 0.0000000000
15909  -43.511  -61.714  -1.266 0.0000000000
15923  -43.497  -61.775  -2.342 0.0000000000
15924  -44.262  -62.056  -2.881 0.0000000000
15925  -45.168  -61.939  -3.078 0.0000000000
15946  -43.352  -61.299  -3.015 0.0000000000
15947  -43.900  -61.429  -3.244 0.0000000000
15948  -44.652  -61.480  -3.282 0.0000000000
16026  -51.749  -60.811  -9.211 0.0000000000
16044  -51.808  -60.750  -9.973 0.0000000000
16058  -51.883  -60.771  -10.835 0.0000000000
16069  -51.621  -61.300  -11.283 0.0000000000
16070  -51.874  -60.835  -11.533 0.0000000000
16082  -51.538  -61.180  -12.235 0.0000000000
16083  -51.859  -60.666  -11.850 0.0000000000
16091  -51.200  -61.239  -13.422 0.0000000000
16096  -50.939  -61.292  -14.459 0.0000000000
16099  -50.739  -61.335  -15.393 0.0000000000
16762  -39.929  -61.279  10.730 0.0000000000
16776  -38.920  -60.075  10.672 0.0000000000
16777  -40.238  -60.575  10.132 0.0000000000
16778  -41.150  -60.963  9.878 0.0000000000
16789  -40.575  -59.848  9.407 0.0000000000
16790  -41.355  -60.447  9.331 0.0000000000
16791  -42.253  -60.939  8.935 0.0000000000
16804  -41.616  -60.463  8.579 0.0000000000
16805  -42.181  -61.001  8.395 0.0000000000
16821  -38.979  -60.259  7.713 0.0000000000
16822  -40.102  -60.321  7.808 0.0000000000
16823  -41.307  -60.641  8.044 0.0000000000
16859  -45.254  -59.806  4.435 0.0000000000
16860  -45.691  -60.320  4.325 0.0000000000
16861  -46.387  -60.407  4.062 0.0000000000
16866  -41.683  -60.551  2.767 0.0000000000
16867  -42.270  -60.384  3.062 0.0000000000
16868  -43.186  -60.345  3.526 0.0000000000
16869  -44.494  -60.212  4.094 0.0000000000
16870  -45.111  -60.860  4.178 0.0000000000
16871  -46.532  -60.690  3.700 0.0000000000
16876  -40.296  -60.518  1.893 0.0000000000
16877  -40.983  -60.401  2.494 0.0000000000
16878  -46.722  -60.659  3.248 0.0000000000
16884  -39.391  -60.372  0.888 0.0000000000
16885  -39.781  -60.439  1.368 0.0000000000
16886  -45.851  -60.304  1.439 0.0000000000
16887  -46.386  -60.583  1.941 0.0000000000
16888  -46.725  -60.559  2.615 0.0000000000
16894  -38.762  -59.992  -0.295 0.0000000000
16895  -39.093  -60.385  0.182 0.0000000000
16896  -44.319  -60.414  0.400 0.0000000000
16897  -45.132  -60.693  0.889 0.0000000000
16898  -45.814  -61.004  1.485 0.0000000000
16906  -42.937  -60.423  -0.964 0.0000000000
16907  -43.655  -60.891  -0.419 0.0000000000
16908  -44.399  -61.108  0.262 0.0000000000
16915  -42.583  -60.423  -1.772 0.0000000000
16916  -43.070  -61.125  -1.532 0.0000000000
16932  -42.395  -60.335  -2.792 0.0000000000
16933  -42.940  -61.022  -2.556 0.0000000000
16934  -45.774  -61.383  -3.064 0.0000000000
16955  -42.542  -59.926  -3.594 0.0000000000
16956  -43.311  -60.634  -3.566 0.0000000000
16957  -44.513  -60.771  -3.648 0.0000000000
16958  -45.367  -61.024  -3.294 0.0000000000
16959  -45.864  -60.997  -3.073 0.0000000000
17029  -51.861  -60.450  -8.546 0.0000000000
17044  -45.462  -60.296  -10.078 0.0000000000
17045  -46.255  -60.224  -10.073 0.0000000000
17046  -46.704  -60.104  -10.129 0.0000000000
17047  -51.976  -60.157  -9.364 0.0000000000
17056  -43.965  -60.240  -10.896 0.0000000000
17057  -44.791  -60.440  -10.734 0.0000000000
17058  -45.879  -60.568  -10.820 0.0000000000
17059  -46.869  -60.306  -10.667 0.0000000000
17060  -47.767  -60.065  -10.842 0.0000000000
17061  -48.262  -59.843  -10.925 0.0000000000
17062  -51.872  -60.136  -10.344 0.0000000000
17073  -43.635  -60.024  -11.219 0.0000000000
17074  -44.310  -60.168  -11.753 0.0000000000
17076  -46.525  -60.618  -11.696 0.0000000000
17077  -47.461  -60.401  -11.574 0.0000000000
17078  -48.218  -60.068  -11.429 0.0000000000
17079  -51.848  -60.319  -11.376 0.0000000000
17091  -47.210  -60.588  -12.537 0.0000000000
17092  -48.071  -60.354  -12.294 0.0000000000
17093  -51.351  -60.649  -12.849 0.0000000000
17094  -51.705  -60.475  -12.144 0.0000000000
17104  -50.937  -60.693  -13.967 0.0000000000
17793  -38.537  -59.137  10.750 0.0000000000
17794  -39.308  -59.322  10.023 0.0000000000
17795  -40.025  -59.571  9.576 0.0000000000
17806  -39.716  -58.977  9.472 0.0000000000
17807  -40.200  -59.131  9.128 0.0000000000
17808  -40.763  -59.675  8.992 0.0000000000
17820  -40.368  -59.253  8.664 0.0000000000
17821  -40.954  -59.928  8.653 0.0000000000
17836  -37.137  -59.425  7.671 0.0000000000
17837  -38.239  -59.333  7.832 0.0000000000
17838  -39.343  -59.298  7.898 0.0000000000
17839  -40.383  -59.558  8.261 0.0000000000
17840  -41.093  -60.150  8.380 0.0000000000
17873  -44.997  -59.273  4.519 0.0000000000
17874  -45.760  -59.309  4.570 0.0000000000
17875  -46.555  -59.443  4.243 0.0000000000
17876  -46.902  -59.006  4.069 0.0000000000
17882  -40.862  -59.177  2.639 0.0000000000
17883  -41.548  -59.615  2.887 0.0000000000
17884  -42.574  -59.495  3.379 0.0000000000
17885  -43.558  -59.362  3.878 0.0000000000
17886  -44.314  -59.189  4.294 0.0000000000
17887  -46.898  -59.985  3.748 0.0000000000
17888  -47.000  -59.247  3.886 0.0000000000
17895  -39.723  -59.271  1.817 0.0000000000
17896  -40.340  -59.541  2.241 0.0000000000
17897  -40.900  -59.703  2.593 0.0000000000
17898  -47.105  -59.778  3.116 0.0000000000
17899  -47.112  -59.400  3.567 0.0000000000
17905  -38.857  -59.203  0.748 0.0000000000
17906  -39.336  -59.531  1.262 0.0000000000
17907  -39.891  -59.880  1.727 0.0000000000
17908  -45.525  -59.612  1.244 0.0000000000
17909  -46.290  -59.625  1.701 0.0000000000
17910  -46.858  -59.709  2.341 0.0000000000
17914  -38.665  -59.479  0.191 0.0000000000
17915  -39.035  -59.830  0.698 0.0000000000
17916  -43.857  -59.722  0.310 0.0000000000
17917  -44.698  -59.638  0.794 0.0000000000
17923  -42.537  -59.711  -0.964 0.0000000000
17924  -43.157  -59.779  -0.323 0.0000000000
17930  -41.543  -59.155  -2.206 0.0000000000
17931  -41.991  -59.627  -1.841 0.0000000000
17948  -41.319  -58.918  -2.722 0.0000000000
17949  -41.778  -59.574  -3.027 0.0000000000
17950  -45.899  -59.384  -2.883 0.0000000000
17977  -41.477  -58.821  -3.518 0.0000000000
17978  -42.234  -59.212  -3.993 0.0000000000
17979  -43.211  -59.485  -4.073 0.0000000000
17980  -44.264  -59.755  -3.907 0.0000000000
17981  -45.422  -59.894  -3.376 0.0000000000
17982  -45.915  -60.562  -3.081 0.0000000000
18062  -46.478  -59.180  -9.102 0.0000000000
18063  -47.252  -59.027  -9.119 0.0000000000
18064  -48.102  -58.850  -9.152 0.0000000000
18065  -48.562  -58.731  -9.243 0.0000000000
18066  -52.067  -59.555  -8.434 0.0000000000
18076  -43.876  -59.606  -9.763 0.0000000000
18077  -44.726  -59.891  -9.676 0.0000000000
18078  -45.799  -59.685  -9.423 0.0000000000
18079  -46.819  -59.728  -9.700 0.0000000000
18080  -47.762  -59.393  -9.663 0.0000000000
18081  -48.649  -58.969  -9.694 0.0000000000
18082  -49.147  -58.838  -9.909 0.0000000000
18083  -51.468  -59.087  -10.034 0.0000000000
18084  -51.875  -59.397  -9.596 0.0000000000
18097  -42.669  -59.282  -10.831 0.0000000000
18098  -43.324  -59.736  -10.506 0.0000000000
18099  -44.075  -60.118  -10.258 0.0000000000
18100  -46.942  -60.036  -10.155 0.0000000000
18101  -47.409  -59.891  -10.207 0.0000000000
18102  -48.272  -59.573  -10.386 0.0000000000
18103  -49.217  -59.095  -10.411 0.0000000000
18104  -50.099  -59.047  -10.735 0.0000000000
18105  -50.934  -59.148  -10.696 0.0000000000
18106  -51.571  -59.650  -10.839 0.0000000000
18119  -48.734  -59.632  -11.078 0.0000000000
18120  -49.518  -59.492  -11.345 0.0000000000
18121  -50.323  -59.501  -11.595 0.0000000000
18122  -51.038  -59.682  -11.797 0.0000000000
18123  -51.563  -60.020  -11.961 0.0000000000
18132  -48.855  -59.983  -11.898 0.0000000000
18133  -49.586  -59.934  -12.312 0.0000000000
18134  -50.312  -59.969  -12.642 0.0000000000
18135  -50.997  -60.186  -12.953 0.0000000000
18136  -51.482  -60.293  -12.477 0.0000000000
18146  -50.077  -60.211  -13.776 0.0000000000
18147  -50.487  -60.375  -14.081 0.0000000000
18818  -38.665  -58.374  10.311 0.0000000000
18827  -39.222  -58.460  9.650 0.0000000000
18828  -39.696  -58.475  9.219 0.0000000000
18838  -39.415  -57.851  8.655 0.0000000000
18839  -39.808  -58.395  8.784 0.0000000000
18851  -36.497  -58.480  7.471 0.0000000000
18852  -37.471  -58.407  7.774 0.0000000000
18853  -38.508  -58.324  7.896 0.0000000000
18854  -39.456  -58.312  8.268 0.0000000000
18855  -40.068  -58.833  8.445 0.0000000000
18884  -44.562  -57.966  4.914 0.0000000000
18885  -45.452  -58.383  4.882 0.0000000000
18886  -46.372  -58.529  4.622 0.0000000000
18887  -46.851  -58.634  4.216 0.0000000000
18888  -47.035  -58.763  3.922 0.0000000000
18893  -41.185  -58.399  2.988 0.0000000000
18894  -42.027  -58.737  3.335 0.0000000000
18895  -42.899  -58.496  3.775 0.0000000000
18896  -43.875  -58.407  4.370 0.0000000000
18897  -44.628  -58.664  4.652 0.0000000000
18898  -47.247  -58.677  3.467 0.0000000000
18899  -47.148  -58.941  3.663 0.0000000000
18907  -39.793  -58.656  2.133 0.0000000000
18908  -40.394  -58.567  2.542 0.0000000000
18909  -47.222  -58.843  2.887 0.0000000000
18910  -47.241  -59.119  3.360 0.0000000000
18918  -33.809  -58.281  1.331 0.0000000000
18919  -38.097  -57.944  0.659 0.0000000000
18920  -38.696  -58.437  1.070 0.0000000000
18921  -39.288  -58.631  1.645 0.0000000000
18922  -45.128  -58.701  1.185 0.0000000000
18923  -45.978  -58.768  1.580 0.0000000000
18924  -46.717  -58.807  2.079 0.0000000000
18933  -33.764  -57.882  0.548 0.0000000000
18934  -37.873  -58.064  0.143 0.0000000000
18935  -38.417  -58.665  0.473 0.0000000000
18936  -42.667  -58.418  -0.011 0.0000000000
18937  -43.332  -58.800  0.301 0.0000000000
18938  -44.215  -58.756  0.818 0.0000000000
18947  -38.203  -58.769  -0.073 0.0000000000
18948  -41.566  -58.368  -1.196 0.0000000000
18949  -42.084  -58.748  -0.766 0.0000000000
18950  -42.730  -59.103  -0.316 0.0000000000
18956  -41.223  -58.491  -1.928 0.0000000000
18957  -41.650  -58.909  -1.558 0.0000000000
18966  -40.681  -58.138  -2.853 0.0000000000
18967  -40.837  -58.268  -2.869 0.0000000000
18968  -45.525  -58.958  -2.979 0.0000000000
18969  -46.096  -58.839  -2.412 0.0000000000
18970  -47.146  -58.850  -1.759 0.0000000000
18984  -40.649  -57.901  -3.349 0.0000000000
18985  -41.111  -58.112  -3.874 0.0000000000
18986  -41.917  -58.421  -4.224 0.0000000000
18987  -42.955  -58.308  -4.238 0.0000000000
18988  -43.977  -58.671  -3.922 0.0000000000
18989  -44.856  -58.862  -3.440 0.0000000000
19009  -41.651  -57.800  -4.297 0.0000000000
19010  -42.316  -57.781  -4.345 0.0000000000
19011  -42.778  -57.683  -4.261 0.0000000000
19036  -51.824  -58.407  -5.684 0.0000000000
19056  -52.017  -58.727  -6.625 0.0000000000
19073  -48.337  -57.993  -8.113 0.0000000000
19074  -49.168  -57.928  -8.103 0.0000000000
19075  -50.082  -57.772  -8.119 0.0000000000
19076  -50.944  -57.821  -8.037 0.0000000000
19077  -51.600  -58.185  -7.884 0.0000000000
19078  -52.011  -58.745  -7.671 0.0000000000
19084  -45.015  -58.490  -8.890 0.0000000000
19085  -45.817  -58.725  -8.823 0.0000000000
19086  -46.732  -58.554  -8.675 0.0000000000
19087  -47.663  -58.371  -8.536 0.0000000000
19088  -48.715  -58.450  -8.828 0.0000000000
19089  -49.706  -58.219  -8.822 0.0000000000
19090  -50.601  -58.165  -8.832 0.0000000000
19091  -51.333  -58.358  -8.746 0.0000000000
19092  -51.844  -58.785  -8.636 0.0000000000
19104  -41.795  -58.079  -9.934 0.0000000000
19105  -42.419  -58.436  -9.771 0.0000000000
19106  -43.253  -58.929  -9.578 0.0000000000
19107  -44.278  -58.912  -9.193 0.0000000000
19108  -45.111  -59.176  -9.148 0.0000000000
19109  -48.807  -58.682  -9.320 0.0000000000
19110  -49.317  -58.633  -9.517 0.0000000000
19111  -50.197  -58.494  -9.513 0.0000000000
19112  -51.004  -58.665  -9.620 0.0000000000
19113  -51.587  -58.803  -9.349 0.0000000000
19129  -42.029  -58.637  -10.555 0.0000000000
19130  -42.671  -59.086  -10.201 0.0000000000
19131  -49.392  -58.807  -9.978 0.0000000000
19132  -49.816  -58.762  -10.063 0.0000000000
19133  -50.467  -58.796  -10.128 0.0000000000
19821  -38.409  -57.507  10.765 0.0000000000
19835  -38.676  -57.607  9.863 0.0000000000
19836  -39.274  -58.035  9.329 0.0000000000
19849  -39.141  -57.578  9.113 0.0000000000
19850  -39.569  -58.070  9.100 0.0000000000
19863  -35.997  -57.637  7.258 0.0000000000
19864  -36.717  -57.475  7.655 0.0000000000
19865  -37.698  -57.423  7.915 0.0000000000
19866  -38.528  -57.409  8.186 0.0000000000
19867  -38.926  -57.327  8.629 0.0000000000
19882  -35.378  -57.376  6.681 0.0000000000
19897  -43.605  -56.807  4.956 0.0000000000
19898  -44.215  -57.158  5.114 0.0000000000
19899  -45.341  -57.285  5.236 0.0000000000
19900  -46.274  -57.552  4.951 0.0000000000
19901  -46.939  -57.860  4.429 0.0000000000
19902  -47.135  -58.345  4.027 0.0000000000
19906  -40.961  -57.255  3.279 0.0000000000
19907  -42.039  -57.625  3.658 0.0000000000
19908  -43.266  -57.399  4.417 0.0000000000
19909  -43.965  -57.741  4.713 0.0000000000
19910  -47.202  -57.980  3.561 0.0000000000
19911  -47.178  -58.534  3.749 0.0000000000
19914  -34.439  -57.511  1.578 0.0000000000
19919  -39.757  -57.759  2.464 0.0000000000
19920  -40.475  -57.804  2.825 0.0000000000
19921  -46.193  -57.281  2.213 0.0000000000
19922  -46.895  -57.940  2.559 0.0000000000
19924  -34.393  -57.328  0.774 0.0000000000
19925  -35.271  -56.884  1.033 0.0000000000
19926  -36.452  -56.669  1.062 0.0000000000
19927  -37.820  -57.288  1.146 0.0000000000
19928  -38.733  -57.761  1.615 0.0000000000
19929  -39.314  -58.038  2.002 0.0000000000
19930  -43.744  -57.103  1.056 0.0000000000
19931  -44.649  -57.646  1.226 0.0000000000
19932  -45.661  -57.878  1.584 0.0000000000
19933  -46.367  -58.093  1.926 0.0000000000
19942  -35.336  -56.850  0.064 0.0000000000
19943  -36.399  -56.948  0.314 0.0000000000
19944  -37.382  -57.327  0.516 0.0000000000
19945  -42.229  -57.626  -0.022 0.0000000000
19946  -43.098  -57.755  0.510 0.0000000000
19947  -43.797  -58.009  0.804 0.0000000000
19959  -36.542  -57.258  -0.637 0.0000000000
19960  -37.219  -57.514  -0.072 0.0000000000
19961  -41.208  -57.676  -1.171 0.0000000000
19962  -41.714  -57.952  -0.684 0.0000000000
19976  -40.432  -57.345  -2.169 0.0000000000
19977  -40.779  -57.844  -1.978 0.0000000000
19978  -45.944  -57.182  -1.496 0.0000000000
19979  -46.797  -57.438  -1.141 0.0000000000
19980  -47.836  -57.865  -1.107 0.0000000000
19981  -48.974  -57.571  -1.334 0.0000000000
19993  -40.490  -57.697  -2.866 0.0000000000
19994  -40.621  -57.812  -2.465 0.0000000000
19995  -44.418  -57.561  -3.081 0.0000000000
19996  -45.229  -57.865  -2.558 0.0000000000
19997  -46.331  -58.066  -1.723 0.0000000000
19998  -46.988  -58.095  -1.318 0.0000000000
19999  -49.879  -57.020  -2.045 0.0000000000
20001  -50.503  -57.427  -2.917 0.0000000000
20012  -40.358  -57.388  -3.434 0.0000000000
20013  -40.690  -57.623  -3.845 0.0000000000
20014  -43.113  -57.452  -4.012 0.0000000000
20015  -43.774  -57.547  -3.558 0.0000000000
20016  -44.469  -58.102  -3.354 0.0000000000
20017  -50.874  -57.580  -3.545 0.0000000000
20030  -40.446  -56.982  -4.130 0.0000000000
20031  -41.049  -57.311  -4.274 0.0000000000
20032  -41.899  -57.180  -4.367 0.0000000000
20033  -42.656  -57.124  -4.154 0.0000000000
20034  -51.005  -57.494  -4.098 0.0000000000
20035  -51.216  -57.726  -4.552 0.0000000000
20051  -50.768  -57.010  -5.679 0.0000000000
20052  -50.997  -57.205  -5.616 0.0000000000
20053  -51.402  -57.654  -5.338 0.0000000000
20074  -49.081  -57.232  -7.037 0.0000000000
20075  -49.639  -57.146  -6.738 0.0000000000
20076  -50.568  -57.118  -6.175 0.0000000000
20077  -51.381  -57.552  -6.233 0.0000000000
20078  -51.839  -58.001  -6.163 0.0000000000
20096  -46.648  -57.380  -7.899 0.0000000000
20097  -47.567  -57.622  -7.783 0.0000000000
20098  -48.579  -57.465  -7.438 0.0000000000
20099  -49.503  -57.489  -7.455 0.0000000000
20100  -50.363  -57.473  -7.278 0.0000000000
20101  -51.175  -57.659  -7.109 0.0000000000
20102  -51.822  -58.050  -6.976 0.0000000000
20110  -44.472  -57.775  -8.789 0.0000000000
20111  -45.412  -57.838  -8.562 0.0000000000
20112  -46.247  -57.925  -8.410 0.0000000000
20113  -46.964  -57.993  -8.228 0.0000000000
20127  -42.151  -57.594  -9.490 0.0000000000
20128  -42.949  -57.941  -9.236 0.0000000000
20129  -43.700  -58.192  -9.108 0.0000000000
20791  -38.551  -56.683  9.721 0.0000000000
20806  -38.373  -56.246  8.897 0.0000000000
20807  -38.694  -56.749  9.072 0.0000000000
20818  -35.827  -56.395  7.255 0.0000000000
20819  -36.971  -56.443  7.890 0.0000000000
20820  -37.865  -56.551  8.226 0.0000000000
20821  -38.413  -56.714  8.528 0.0000000000
20822  -38.610  -56.763  8.765 0.0000000000
20835  -34.998  -56.247  6.241 0.0000000000
20846  -34.742  -56.040  5.321 0.0000000000
20847  -44.495  -55.565  5.606 0.0000000000
20848  -45.391  -55.496  5.414 0.0000000000
20849  -45.830  -55.333  5.112 0.0000000000
20855  -34.783  -56.242  4.468 0.0000000000
20856  -42.201  -55.924  4.434 0.0000000000
20857  -43.051  -56.311  4.875 0.0000000000
20858  -43.951  -56.310  5.363 0.0000000000
20859  -44.997  -56.356  5.498 0.0000000000
20860  -46.222  -56.177  4.895 0.0000000000
20861  -46.669  -57.113  4.655 0.0000000000
20871  -40.499  -56.263  3.458 0.0000000000
20872  -41.543  -56.382  3.854 0.0000000000
20873  -42.427  -56.719  4.203 0.0000000000
20874  -46.578  -56.154  3.673 0.0000000000
20875  -46.940  -56.968  4.116 0.0000000000
20885  -40.076  -57.037  2.978 0.0000000000
20886  -44.933  -55.835  2.081 0.0000000000
20887  -45.725  -56.028  2.504 0.0000000000
20888  -46.797  -56.963  3.055 0.0000000000
20892  -43.608  -56.377  1.241 0.0000000000
20893  -44.484  -56.248  1.630 0.0000000000
20894  -45.403  -56.970  1.757 0.0000000000
20898  -41.405  -56.294  -0.193 0.0000000000
20899  -41.805  -56.549  0.071 0.0000000000
20900  -42.858  -56.580  0.793 0.0000000000
20905  -40.533  -56.223  -1.021 0.0000000000
20906  -40.994  -56.515  -0.675 0.0000000000
20907  -41.576  -57.273  -0.460 0.0000000000
20915  -39.786  -56.131  -1.892 0.0000000000
20916  -40.182  -56.403  -1.599 0.0000000000
20917  -40.687  -57.184  -1.481 0.0000000000
20918  -45.950  -56.509  -1.345 0.0000000000
20919  -46.535  -56.578  -1.100 0.0000000000
20920  -47.469  -56.697  -1.037 0.0000000000
20921  -48.484  -56.698  -1.201 0.0000000000
20922  -49.235  -56.838  -1.514 0.0000000000
20932  -39.675  -56.246  -2.298 0.0000000000
20933  -40.026  -56.945  -2.733 0.0000000000
20934  -43.708  -56.286  -3.013 0.0000000000
20935  -44.186  -56.710  -2.822 0.0000000000
20936  -45.355  -56.410  -1.832 0.0000000000
20937  -48.992  -56.251  -1.616 0.0000000000
20938  -49.663  -56.490  -2.136 0.0000000000
20939  -50.269  -56.802  -2.864 0.0000000000
20940  -50.641  -57.096  -3.350 0.0000000000
20951  -39.538  -56.311  -3.139 0.0000000000
20952  -40.000  -56.782  -3.632 0.0000000000
20953  -42.665  -55.982  -3.734 0.0000000000
20954  -43.233  -56.574  -3.525 0.0000000000
20955  -43.719  -56.959  -3.279 0.0000000000
20956  -49.879  -56.036  -3.049 0.0000000000
20957  -50.471  -56.614  -3.605 0.0000000000
20958  -50.855  -57.119  -3.905 0.0000000000
20966  -39.546  -56.088  -3.914 0.0000000000
20967  -40.395  -56.446  -4.255 0.0000000000
20968  -41.351  -56.486  -4.401 0.0000000000
20969  -42.326  -56.425  -4.121 0.0000000000
20970  -42.752  -56.718  -3.958 0.0000000000
20971  -49.048  -55.971  -4.785 0.0000000000
20972  -49.879  -56.102  -4.238 0.0000000000
20973  -50.708  -56.825  -4.417 0.0000000000
20974  -51.015  -57.308  -4.569 0.0000000000
20975  -51.130  -57.508  -4.894 0.0000000000
20985  -47.699  -56.265  -5.713 0.0000000000
20986  -48.797  -56.351  -5.504 0.0000000000
20987  -49.718  -56.397  -5.249 0.0000000000
20988  -50.533  -56.807  -5.253 0.0000000000
20989  -50.952  -57.166  -5.174 0.0000000000
20990  -51.070  -57.416  -5.207 0.0000000000
21005  -46.463  -56.424  -6.737 0.0000000000
21006  -47.370  -56.657  -6.535 0.0000000000
21007  -48.575  -56.874  -6.501 0.0000000000
21008  -49.607  -56.739  -5.981 0.0000000000
21009  -50.154  -56.743  -5.660 0.0000000000
21025  -45.412  -56.441  -7.703 0.0000000000
21026  -46.189  -56.737  -7.470 0.0000000000
21027  -46.999  -56.992  -7.245 0.0000000000
21028  -47.819  -57.091  -7.118 0.0000000000
21036  -43.535  -56.343  -8.871 0.0000000000
21037  -44.245  -56.691  -8.577 0.0000000000
21038  -45.048  -56.983  -8.354 0.0000000000
21039  -45.854  -57.166  -8.125 0.0000000000
21054  -41.920  -56.601  -9.426 0.0000000000
21055  -42.825  -56.930  -9.144 0.0000000000
21056  -43.625  -57.312  -8.962 0.0000000000
21756  -38.734  -55.577  10.874 0.0000000000
21775  -38.400  -55.238  9.738 0.0000000000
21776  -38.536  -55.659  10.230 0.0000000000
21792  -37.757  -55.011  8.713 0.0000000000
21793  -38.130  -55.211  9.020 0.0000000000
21794  -38.417  -55.964  9.438 0.0000000000
21804  -35.736  -55.353  7.271 0.0000000000
21805  -36.385  -55.428  7.710 0.0000000000
21806  -37.427  -55.334  8.355 0.0000000000
21807  -38.041  -56.017  8.602 0.0000000000
21813  -34.804  -54.610  6.285 0.0000000000
21814  -35.089  -55.048  6.611 0.0000000000
21824  -34.631  -54.548  5.911 0.0000000000
21825  -34.661  -55.301  5.668 0.0000000000
21826  -44.120  -54.904  5.645 0.0000000000
21827  -44.845  -54.844  5.529 0.0000000000
21828  -45.501  -54.801  5.218 0.0000000000
21835  -34.561  -54.614  5.202 0.0000000000
21836  -34.706  -55.127  4.601 0.0000000000
21837  -41.348  -54.741  4.500 0.0000000000
21838  -41.844  -55.122  4.620 0.0000000000
21839  -42.642  -55.399  5.043 0.0000000000
21840  -43.504  -55.446  5.446 0.0000000000
21841  -45.893  -54.975  4.662 0.0000000000
21845  -35.304  -55.278  3.507 0.0000000000
21849  -39.904  -55.381  3.520 0.0000000000
21850  -40.988  -55.288  4.051 0.0000000000
21851  -41.646  -55.671  4.215 0.0000000000
21852  -46.055  -55.249  3.734 0.0000000000
21860  -43.635  -55.003  1.905 0.0000000000
21861  -44.464  -55.306  2.175 0.0000000000
21862  -45.409  -55.034  2.980 0.0000000000
21868  -42.555  -55.203  1.200 0.0000000000
21869  -43.328  -55.580  1.435 0.0000000000
21870  -44.109  -55.705  1.742 0.0000000000
21876  -41.401  -55.825  -0.016 0.0000000000
21877  -42.307  -55.661  0.757 0.0000000000
21878  -42.825  -55.944  1.021 0.0000000000
21886  -40.437  -55.732  -0.848 0.0000000000
21887  -40.924  -55.848  -0.422 0.0000000000
21894  -39.578  -55.673  -1.832 0.0000000000
21895  -40.008  -55.769  -1.353 0.0000000000
21896  -46.209  -55.882  -1.364 0.0000000000
21897  -47.129  -55.844  -1.249 0.0000000000
21898  -48.051  -55.913  -1.323 0.0000000000
21899  -48.602  -56.020  -1.482 0.0000000000
21911  -38.758  -55.261  -3.005 0.0000000000
21912  -39.216  -55.775  -2.667 0.0000000000
21913  -43.778  -55.538  -2.840 0.0000000000
21914  -44.760  -55.461  -2.244 0.0000000000
21915  -45.797  -55.217  -1.851 0.0000000000
21916  -46.825  -55.133  -1.770 0.0000000000
21917  -47.692  -55.338  -1.740 0.0000000000
21918  -48.711  -55.520  -2.140 0.0000000000
21919  -49.446  -55.829  -2.495 0.0000000000
21934  -38.745  -55.256  -3.582 0.0000000000
21935  -39.077  -55.715  -3.429 0.0000000000
21936  -41.506  -55.214  -4.304 0.0000000000
21937  -42.184  -55.456  -3.944 0.0000000000
21938  -42.935  -55.425  -3.399 0.0000000000
21939  -48.856  -55.111  -3.084 0.0000000000
21940  -49.302  -55.534  -2.823 0.0000000000
21954  -38.629  -55.027  -3.802 0.0000000000
21955  -38.952  -55.322  -4.057 0.0000000000
21956  -39.762  -55.460  -4.425 0.0000000000
21957  -40.812  -55.521  -4.501 0.0000000000
21958  -41.647  -55.837  -4.323 0.0000000000
21959  -47.687  -55.103  -4.506 0.0000000000
21960  -48.659  -55.302  -4.067 0.0000000000
21961  -49.337  -55.584  -3.448 0.0000000000
21975  -45.560  -54.826  -5.935 0.0000000000
21976  -45.758  -55.007  -5.705 0.0000000000
21977  -46.770  -55.347  -5.182 0.0000000000
21978  -48.102  -55.740  -4.929 0.0000000000
21998  -45.524  -54.941  -6.286 0.0000000000
21999  -45.927  -55.670  -6.278 0.0000000000
22000  -46.773  -56.162  -6.011 0.0000000000
22017  -44.519  -55.090  -7.924 0.0000000000
22018  -45.083  -55.318  -7.339 0.0000000000
22019  -45.755  -56.148  -7.065 0.0000000000
22031  -43.516  -55.866  -8.861 0.0000000000
22032  -44.071  -55.545  -8.496 0.0000000000
22033  -44.758  -56.192  -8.086 0.0000000000
22053  -41.564  -55.574  -9.464 0.0000000000
22054  -42.915  -55.695  -9.150 0.0000000000
22055  -43.534  -55.047  -8.911 0.0000000000
22821  -38.698  -54.350  10.450 0.0000000000
22822  -38.945  -54.883  10.779 0.0000000000
22848  -38.346  -54.486  9.840 0.0000000000
22849  -38.570  -54.912  10.213 0.0000000000
22869  -37.678  -54.500  8.816 0.0000000000
22870  -38.023  -54.309  9.340 0.0000000000
22881  -35.789  -54.495  7.404 0.0000000000
22882  -36.667  -54.504  7.998 0.0000000000
22883  -37.201  -54.364  8.422 0.0000000000
22888  -34.781  -54.205  6.306 0.0000000000
22889  -35.152  -54.105  6.835 0.0000000000
22896  -34.570  -53.986  5.875 0.0000000000
22897  -42.944  -54.546  5.433 0.0000000000
22898  -43.447  -54.552  5.517 0.0000000000
22899  -44.219  -54.178  5.372 0.0000000000
22900  -44.959  -54.300  5.187 0.0000000000
22908  -34.524  -53.926  5.312 0.0000000000
22909  -34.696  -54.073  4.595 0.0000000000
22910  -40.900  -54.304  4.451 0.0000000000
22911  -41.660  -54.275  4.861 0.0000000000
22912  -42.462  -54.558  5.184 0.0000000000
22913  -42.975  -54.917  5.406 0.0000000000
22914  -44.535  -53.655  4.770 0.0000000000
22915  -45.324  -54.258  4.691 0.0000000000
22918  -35.164  -54.185  3.801 0.0000000000
22919  -36.063  -54.219  3.140 0.0000000000
22920  -37.232  -54.238  2.988 0.0000000000
22921  -38.395  -54.372  3.229 0.0000000000
22922  -39.374  -54.551  3.578 0.0000000000
22923  -40.166  -54.522  3.985 0.0000000000
22924  -44.926  -53.717  4.063 0.0000000000
22925  -45.592  -54.400  3.975 0.0000000000
22928  -42.669  -54.025  2.050 0.0000000000
22929  -43.435  -54.317  2.293 0.0000000000
22930  -44.730  -54.255  3.238 0.0000000000
22931  -45.534  -54.687  3.479 0.0000000000
22935  -41.679  -54.160  1.201 0.0000000000
22936  -42.428  -54.523  1.521 0.0000000000
22937  -43.219  -54.855  1.786 0.0000000000
22945  -40.612  -54.081  0.290 0.0000000000
22946  -41.380  -54.660  0.597 0.0000000000
22947  -42.179  -55.007  1.013 0.0000000000
22958  -39.516  -54.005  -0.870 0.0000000000
22959  -40.160  -54.513  -0.432 0.0000000000
22960  -40.864  -55.314  -0.216 0.0000000000
22971  -38.558  -54.008  -2.054 0.0000000000
22972  -39.169  -54.468  -1.529 0.0000000000
22973  -39.848  -55.244  -1.176 0.0000000000
22981  -38.523  -54.514  -2.589 0.0000000000
22982  -38.992  -55.173  -2.306 0.0000000000
22983  -43.883  -54.822  -2.788 0.0000000000
22984  -44.453  -54.517  -2.720 0.0000000000
22985  -45.457  -54.548  -2.404 0.0000000000
22986  -46.435  -54.450  -2.493 0.0000000000
22987  -47.607  -54.715  -2.541 0.0000000000
22988  -48.370  -54.940  -2.753 0.0000000000
23000  -38.508  -54.792  -3.421 0.0000000000
23001  -41.802  -54.745  -4.114 0.0000000000
23002  -42.464  -54.480  -3.697 0.0000000000
23003  -43.528  -54.464  -3.139 0.0000000000
23004  -44.212  -53.905  -3.166 0.0000000000
23005  -46.967  -54.199  -2.983 0.0000000000
23006  -47.302  -54.323  -3.527 0.0000000000
23007  -48.149  -54.759  -3.330 0.0000000000
23024  -38.522  -54.572  -3.973 0.0000000000
23025  -39.081  -54.539  -4.473 0.0000000000
23026  -40.029  -54.531  -4.671 0.0000000000
23027  -41.065  -54.441  -4.441 0.0000000000
23028  -41.759  -54.103  -4.115 0.0000000000
23029  -46.481  -54.264  -4.602 0.0000000000
23030  -47.047  -54.522  -4.361 0.0000000000
23031  -47.810  -54.730  -3.980 0.0000000000
23047  -45.634  -54.552  -5.919 0.0000000000
23048  -46.010  -54.385  -5.176 0.0000000000
23049  -46.569  -54.628  -4.810 0.0000000000
23067  -45.497  -54.246  -6.621 0.0000000000
23068  -45.800  -53.950  -5.923 0.0000000000
23076  -44.725  -54.687  -7.781 0.0000000000
23077  -45.251  -54.095  -7.524 0.0000000000
23078  -45.942  -53.649  -7.806 0.0000000000
23079  -46.744  -53.628  -7.839 0.0000000000
23080  -47.511  -53.585  -7.753 0.0000000000
23081  -48.003  -53.540  -7.620 0.0000000000
23099  -44.395  -54.784  -8.213 0.0000000000
23100  -44.841  -54.259  -8.233 0.0000000000
23101  -45.541  -53.748  -8.242 0.0000000000
23102  -46.411  -53.661  -8.347 0.0000000000
23103  -47.412  -53.769  -8.391 0.0000000000
23104  -48.101  -53.748  -7.941 0.0000000000
23125  -42.061  -54.673  -9.389 0.0000000000
23126  -43.088  -54.536  -9.228 0.0000000000
23127  -44.091  -54.359  -8.783 0.0000000000
23128  -45.055  -53.716  -8.760 0.0000000000
23129  -45.966  -53.501  -8.791 0.0000000000
23130  -46.802  -53.660  -8.857 0.0000000000
23131  -47.384  -53.761  -8.908 0.0000000000
23975  -38.599  -53.718  10.293 0.0000000000
23976  -39.282  -53.814  10.922 0.0000000000
24001  -38.228  -53.685  9.755 0.0000000000
24022  -36.888  -53.251  8.313 0.0000000000
24023  -37.336  -53.626  8.691 0.0000000000
24024  -37.831  -53.648  9.245 0.0000000000
24035  -35.560  -53.425  7.199 0.0000000000
24036  -36.338  -53.536  7.838 0.0000000000
24037  -36.886  -53.855  8.253 0.0000000000
24043  -34.655  -53.743  6.091 0.0000000000
24044  -34.912  -53.306  6.412 0.0000000000
24050  -34.573  -53.446  5.717 0.0000000000
24051  -34.667  -52.843  5.817 0.0000000000
24052  -42.935  -54.172  5.353 0.0000000000
24053  -43.392  -53.781  5.303 0.0000000000
24054  -43.916  -53.472  5.090 0.0000000000
24061  -34.541  -53.359  5.206 0.0000000000
24062  -34.624  -53.377  4.796 0.0000000000
24063  -39.691  -53.253  4.112 0.0000000000
24064  -40.143  -53.545  4.264 0.0000000000
24065  -41.201  -53.427  4.738 0.0000000000
24066  -42.387  -53.473  5.089 0.0000000000
24067  -43.285  -53.008  4.986 0.0000000000
24068  -43.834  -53.041  4.606 0.0000000000
24074  -35.009  -53.146  4.120 0.0000000000
24075  -35.784  -53.243  3.454 0.0000000000
24076  -36.817  -53.294  3.192 0.0000000000
24077  -37.969  -53.388  3.396 0.0000000000
24078  -39.221  -53.535  3.799 0.0000000000
24079  -39.715  -54.045  3.945 0.0000000000
24080  -43.618  -52.789  3.651 0.0000000000
24081  -44.058  -52.984  4.031 0.0000000000
24090  -41.808  -52.967  2.233 0.0000000000
24091  -42.522  -53.357  2.415 0.0000000000
24092  -43.640  -53.265  3.260 0.0000000000
24093  -44.397  -53.523  3.656 0.0000000000
24105  -40.789  -53.113  1.267 0.0000000000
24106  -41.558  -53.479  1.625 0.0000000000
24107  -42.297  -53.850  1.905 0.0000000000
24121  -40.761  -53.578  0.820 0.0000000000
24122  -41.350  -53.966  1.054 0.0000000000
24135  -39.601  -53.476  -0.466 0.0000000000
24136  -40.172  -53.568  0.152 0.0000000000
24146  -38.559  -53.343  -1.666 0.0000000000
24147  -39.159  -53.562  -1.071 0.0000000000
24155  -37.721  -53.071  -3.082 0.0000000000
24156  -38.149  -53.639  -2.493 0.0000000000
24157  -44.782  -53.792  -3.083 0.0000000000
24158  -45.387  -53.941  -2.902 0.0000000000
24159  -45.921  -54.131  -2.795 0.0000000000
24165  -37.810  -53.243  -3.749 0.0000000000
24166  -38.090  -53.973  -3.399 0.0000000000
24167  -42.988  -53.771  -3.604 0.0000000000
24168  -43.739  -53.440  -3.571 0.0000000000
24169  -44.549  -53.412  -3.499 0.0000000000
24170  -45.279  -53.504  -3.496 0.0000000000
24171  -46.272  -53.853  -3.556 0.0000000000
24172  -46.883  -54.086  -3.928 0.0000000000
24185  -37.798  -52.973  -4.084 0.0000000000
24186  -38.315  -53.531  -4.262 0.0000000000
24187  -39.291  -53.534  -4.695 0.0000000000
24188  -40.306  -53.466  -4.687 0.0000000000
24189  -41.258  -53.403  -4.369 0.0000000000
24190  -42.244  -53.426  -4.026 0.0000000000
24191  -43.028  -53.141  -3.886 0.0000000000
24192  -46.193  -53.735  -4.589 0.0000000000
24193  -46.630  -54.029  -4.218 0.0000000000
24206  -46.055  -53.418  -5.489 0.0000000000
24219  -45.744  -53.766  -7.072 0.0000000000
24220  -46.310  -53.360  -6.546 0.0000000000
24221  -47.257  -52.992  -6.865 0.0000000000
24222  -48.126  -52.925  -6.845 0.0000000000
24223  -49.052  -52.945  -6.755 0.0000000000
24224  -49.728  -52.886  -6.725 0.0000000000
24236  -45.715  -53.694  -7.439 0.0000000000
24237  -46.209  -53.553  -7.341 0.0000000000
24238  -46.948  -53.331  -7.324 0.0000000000
24239  -47.752  -53.310  -7.317 0.0000000000
24240  -48.548  -53.422  -7.402 0.0000000000
24241  -49.773  -53.354  -7.265 0.0000000000
24242  -50.718  -53.417  -7.587 0.0000000000
24243  -51.583  -53.304  -7.704 0.0000000000
24244  -52.313  -53.054  -7.866 0.0000000000
24265  -48.136  -53.811  -8.380 0.0000000000
24266  -48.872  -53.736  -8.152 0.0000000000
24267  -50.014  -53.587  -8.207 0.0000000000
24268  -51.017  -53.504  -8.340 0.0000000000
24269  -51.959  -53.295  -8.453 0.0000000000
24270  -52.935  -52.811  -8.569 0.0000000000
24287  -42.412  -53.742  -9.450 0.0000000000
24288  -43.466  -53.564  -9.414 0.0000000000
24289  -44.480  -53.437  -9.255 0.0000000000
24290  -45.513  -53.131  -9.357 0.0000000000
24291  -46.405  -53.301  -9.219 0.0000000000
24292  -47.179  -53.467  -9.236 0.0000000000
24293  -48.078  -53.663  -8.958 0.0000000000
24294  -49.265  -53.563  -8.954 0.0000000000
24295  -50.314  -53.424  -9.003 0.0000000000
24309  -44.717  -52.790  -9.624 0.0000000000
25109  -38.449  -53.231  10.076 0.0000000000
25110  -38.913  -52.831  10.418 0.0000000000
25123  -37.669  -52.342  9.071 0.0000000000
25124  -38.212  -52.760  9.694 0.0000000000
25125  -38.634  -52.477  10.052 0.0000000000
25146  -36.641  -52.505  8.102 0.0000000000
25147  -37.235  -52.746  8.668 0.0000000000
25148  -37.663  -53.018  9.070 0.0000000000
25169  -35.446  -52.389  6.961 0.0000000000
25170  -36.006  -52.717  7.536 0.0000000000
25177  -34.931  -52.290  6.190 0.0000000000
25185  -34.595  -52.940  5.306 0.0000000000
25186  -34.711  -52.266  5.437 0.0000000000
25194  -34.572  -53.080  4.993 0.0000000000
25195  -34.722  -52.644  4.773 0.0000000000
25196  -39.713  -52.695  4.155 0.0000000000
25197  -40.595  -52.615  4.515 0.0000000000
25198  -41.582  -52.474  4.701 0.0000000000
25199  -42.548  -52.410  4.680 0.0000000000
25200  -43.280  -52.479  4.345 0.0000000000
25201  -43.712  -52.787  4.284 0.0000000000
25210  -35.054  -52.209  4.227 0.0000000000
25211  -35.552  -52.303  3.721 0.0000000000
25212  -36.400  -52.340  3.377 0.0000000000
25213  -37.481  -52.383  3.394 0.0000000000
25214  -38.664  -52.475  3.749 0.0000000000
25215  -42.947  -52.108  3.535 0.0000000000
25216  -43.270  -52.351  3.778 0.0000000000
25217  -43.610  -52.630  4.119 0.0000000000
25227  -42.018  -52.526  2.543 0.0000000000
25228  -42.767  -52.334  3.159 0.0000000000
25229  -43.370  -52.649  3.467 0.0000000000
25245  -40.857  -52.694  1.499 0.0000000000
25246  -41.302  -52.361  2.039 0.0000000000
25264  -39.920  -52.392  0.489 0.0000000000
25265  -40.234  -52.541  0.882 0.0000000000
25283  -39.790  -52.646  0.117 0.0000000000
25284  -40.179  -53.107  0.535 0.0000000000
25300  -38.348  -52.367  -1.629 0.0000000000
25301  -39.029  -52.509  -0.869 0.0000000000
25313  -37.551  -52.128  -2.874 0.0000000000
25314  -37.927  -52.740  -2.264 0.0000000000
25321  -37.593  -52.465  -3.705 0.0000000000
25322  -44.268  -52.979  -3.888 0.0000000000
25323  -44.919  -53.011  -3.953 0.0000000000
25324  -45.594  -53.208  -4.118 0.0000000000
25325  -45.952  -53.437  -4.297 0.0000000000
25337  -37.928  -52.501  -4.319 0.0000000000
25338  -38.629  -52.579  -4.680 0.0000000000
25339  -39.615  -52.383  -4.840 0.0000000000
25340  -40.638  -52.390  -4.685 0.0000000000
25341  -41.635  -52.566  -4.398 0.0000000000
25342  -42.578  -52.538  -4.220 0.0000000000
25343  -43.580  -52.580  -4.120 0.0000000000
25344  -44.480  -52.422  -4.231 0.0000000000
25345  -45.247  -52.500  -4.396 0.0000000000
25346  -45.915  -52.794  -4.879 0.0000000000
25354  -39.870  -51.807  -4.899 0.0000000000
25355  -40.121  -52.016  -4.842 0.0000000000
25356  -46.750  -52.511  -5.842 0.0000000000
25357  -47.698  -51.973  -6.093 0.0000000000
25358  -48.207  -51.842  -6.003 0.0000000000
25368  -46.950  -52.832  -6.430 0.0000000000
25369  -47.536  -52.534  -6.444 0.0000000000
25370  -48.494  -52.259  -6.272 0.0000000000
25371  -49.520  -52.365  -6.395 0.0000000000
25372  -50.460  -52.657  -6.679 0.0000000000
25373  -51.451  -52.418  -6.847 0.0000000000
25374  -51.970  -52.273  -6.976 0.0000000000
25393  -50.563  -53.190  -7.112 0.0000000000
25394  -51.186  -53.068  -7.091 0.0000000000
25395  -52.011  -52.736  -7.256 0.0000000000
25396  -52.742  -52.532  -7.713 0.0000000000
25413  -53.259  -52.270  -8.161 0.0000000000
25429  -46.160  -52.960  -9.478 0.0000000000
25432  -48.597  -53.055  -9.546 0.0000000000
26208  -37.634  -51.974  9.022 0.0000000000
26209  -37.981  -51.851  9.279 0.0000000000
26210  -38.834  -51.921  9.952 0.0000000000
26221  -36.688  -51.808  8.081 0.0000000000
26222  -37.289  -51.771  8.641 0.0000000000
26223  -37.910  -51.133  8.929 0.0000000000
26245  -35.612  -51.715  7.056 0.0000000000
26246  -36.107  -51.746  7.544 0.0000000000
26257  -35.308  -51.575  6.606 0.0000000000
26265  -34.932  -51.421  5.830 0.0000000000
26274  -34.890  -51.531  4.790 0.0000000000
26275  -40.163  -52.077  4.302 0.0000000000
26276  -40.778  -51.652  4.354 0.0000000000
26277  -41.860  -51.563  4.349 0.0000000000
26278  -42.647  -51.853  4.172 0.0000000000
26279  -43.026  -52.045  3.968 0.0000000000
26291  -35.313  -51.447  3.956 0.0000000000
26292  -35.949  -51.440  3.503 0.0000000000
26293  -36.915  -51.377  3.317 0.0000000000
26294  -38.131  -51.418  3.434 0.0000000000
26295  -39.542  -51.471  3.892 0.0000000000
26296  -40.395  -50.871  3.959 0.0000000000
26297  -42.176  -51.248  3.866 0.0000000000
26298  -42.685  -51.761  3.614 0.0000000000
26299  -42.985  -52.043  3.746 0.0000000000
26314  -41.725  -51.585  2.592 0.0000000000
26315  -42.389  -51.667  3.115 0.0000000000
26328  -40.607  -51.878  1.427 0.0000000000
26329  -40.943  -51.253  1.728 0.0000000000
26338  -39.815  -51.977  0.421 0.0000000000
26339  -40.266  -51.302  0.656 0.0000000000
26340  -40.645  -51.124  1.174 0.0000000000
26349  -39.490  -51.603  -0.273 0.0000000000
26350  -39.859  -51.428  0.183 0.0000000000
26363  -38.562  -51.484  -1.377 0.0000000000
26364  -39.031  -51.587  -0.813 0.0000000000
26379  -37.571  -51.186  -2.713 0.0000000000
26380  -37.898  -51.757  -2.100 0.0000000000
26391  -37.457  -51.469  -3.469 0.0000000000
26402  -37.615  -51.751  -4.103 0.0000000000
26403  -38.084  -51.584  -4.642 0.0000000000
26404  -38.825  -51.818  -4.881 0.0000000000
26405  -40.717  -51.911  -4.760 0.0000000000
26406  -41.133  -51.885  -4.724 0.0000000000
26407  -42.012  -51.818  -4.598 0.0000000000
26408  -42.974  -51.800  -4.549 0.0000000000
26409  -43.928  -51.769  -4.537 0.0000000000
26410  -44.814  -51.792  -4.620 0.0000000000
26411  -45.518  -51.949  -4.813 0.0000000000
26425  -38.589  -51.143  -4.975 0.0000000000
26426  -39.384  -51.350  -5.021 0.0000000000
26427  -40.407  -51.479  -4.957 0.0000000000
26428  -41.400  -51.184  -5.031 0.0000000000
26429  -42.371  -51.126  -5.027 0.0000000000
26430  -43.342  -51.102  -5.003 0.0000000000
26431  -44.301  -51.103  -4.994 0.0000000000
26432  -45.230  -51.202  -5.057 0.0000000000
26433  -46.149  -51.588  -5.354 0.0000000000
26434  -47.148  -51.464  -5.794 0.0000000000
26435  -48.061  -51.354  -5.880 0.0000000000
26436  -48.672  -51.241  -5.831 0.0000000000
26454  -48.532  -51.683  -5.927 0.0000000000
26455  -49.156  -51.583  -5.975 0.0000000000
26456  -50.097  -51.669  -6.246 0.0000000000
26457  -51.050  -51.744  -6.582 0.0000000000
26458  -51.806  -51.810  -6.901 0.0000000000
26476  -52.394  -51.969  -7.261 0.0000000000
26477  -53.061  -51.840  -7.745 0.0000000000
26487  -53.542  -51.686  -8.313 0.0000000000
27272  -38.481  -51.233  9.369 0.0000000000
27283  -36.718  -51.244  8.007 0.0000000000
27284  -37.375  -50.491  8.246 0.0000000000
27285  -38.519  -50.455  8.921 0.0000000000
27308  -35.692  -51.187  7.053 0.0000000000
27309  -36.247  -50.487  7.362 0.0000000000
27310  -36.911  -49.963  7.684 0.0000000000
27328  -35.476  -50.521  6.477 0.0000000000
27329  -35.842  -50.197  6.846 0.0000000000
27340  -35.073  -50.540  5.394 0.0000000000
27350  -35.306  -50.376  4.257 0.0000000000
27351  -35.666  -49.708  3.843 0.0000000000
27352  -41.195  -50.915  4.007 0.0000000000
27353  -41.746  -50.992  3.961 0.0000000000
27363  -35.604  -50.877  3.700 0.0000000000
27364  -36.168  -50.315  3.444 0.0000000000
27365  -37.460  -50.377  3.155 0.0000000000
27366  -38.685  -50.438  3.255 0.0000000000
27367  -39.750  -50.361  3.471 0.0000000000
27368  -40.631  -50.376  3.459 0.0000000000
27369  -41.461  -50.718  3.292 0.0000000000
27370  -42.147  -51.190  3.501 0.0000000000
27387  -41.421  -50.783  2.620 0.0000000000
27388  -42.053  -51.221  3.127 0.0000000000
27405  -41.042  -50.521  1.835 0.0000000000
27414  -40.528  -50.643  0.229 0.0000000000
27415  -40.982  -50.175  0.659 0.0000000000
27416  -41.886  -49.444  0.098 0.0000000000
27424  -39.565  -51.086  -0.437 0.0000000000
27425  -39.993  -50.887  -0.191 0.0000000000
27426  -40.863  -50.215  -0.268 0.0000000000
27427  -42.016  -49.567  -0.415 0.0000000000
27428  -43.101  -49.448  -0.796 0.0000000000
27437  -38.653  -50.781  -1.506 0.0000000000
27438  -39.295  -50.820  -0.955 0.0000000000
27439  -40.269  -50.176  -0.930 0.0000000000
27440  -41.326  -49.787  -1.034 0.0000000000
27441  -42.439  -49.594  -1.181 0.0000000000
27455  -37.662  -50.575  -2.696 0.0000000000
27456  -38.092  -50.679  -2.095 0.0000000000
27473  -37.467  -50.606  -3.216 0.0000000000
27489  -37.528  -50.687  -4.089 0.0000000000
27490  -38.099  -50.518  -4.773 0.0000000000
27507  -38.797  -50.409  -5.182 0.0000000000
27508  -39.716  -50.417  -5.356 0.0000000000
27509  -40.733  -50.429  -5.458 0.0000000000
27510  -41.742  -50.419  -5.478 0.0000000000
27511  -42.726  -50.426  -5.495 0.0000000000
27512  -43.712  -50.428  -5.480 0.0000000000
27513  -44.697  -50.453  -5.462 0.0000000000
27514  -45.679  -50.559  -5.508 0.0000000000
27515  -46.628  -50.677  -5.726 0.0000000000
27516  -47.555  -50.661  -5.845 0.0000000000
27517  -48.544  -50.545  -5.873 0.0000000000
27518  -49.006  -51.001  -5.849 0.0000000000
27536  -49.040  -50.047  -6.033 0.0000000000
27537  -49.546  -50.651  -6.086 0.0000000000
27538  -50.577  -50.872  -6.533 0.0000000000
27539  -51.568  -50.934  -7.067 0.0000000000
27540  -52.111  -51.436  -7.202 0.0000000000
27556  -51.911  -50.499  -7.526 0.0000000000
27557  -52.609  -50.933  -7.696 0.0000000000
27558  -53.249  -51.366  -8.022 0.0000000000
27570  -53.096  -50.382  -8.231 0.0000000000
27571  -53.689  -50.823  -8.447 0.0000000000
28433  -38.192  -49.800  8.301 0.0000000000
28434  -39.019  -49.672  8.551 0.0000000000
28450  -36.651  -49.644  7.283 0.0000000000
28451  -37.520  -49.373  7.623 0.0000000000
28452  -38.630  -49.189  7.943 0.0000000000
28475  -35.579  -50.006  6.348 0.0000000000
28476  -35.951  -49.670  6.594 0.0000000000
28477  -36.866  -48.947  6.874 0.0000000000
28495  -35.428  -49.895  5.940 0.0000000000
28496  -35.756  -49.138  5.601 0.0000000000
28514  -35.306  -49.761  5.117 0.0000000000
28515  -35.663  -49.142  4.490 0.0000000000
28533  -36.076  -49.139  3.598 0.0000000000
28534  -36.940  -49.310  3.099 0.0000000000
28535  -38.057  -49.384  2.785 0.0000000000
28536  -39.138  -49.641  2.835 0.0000000000
28537  -40.039  -49.755  2.883 0.0000000000
28538  -40.686  -49.987  2.802 0.0000000000
28551  -38.705  -48.850  2.401 0.0000000000
28552  -39.557  -49.040  2.301 0.0000000000
28553  -40.287  -49.336  2.223 0.0000000000
28554  -40.851  -49.832  2.059 0.0000000000
28567  -41.133  -49.448  1.067 0.0000000000
28579  -41.798  -49.144  0.405 0.0000000000
28580  -42.736  -48.936  -0.136 0.0000000000
28592  -42.870  -49.289  -0.491 0.0000000000
28593  -43.554  -49.116  -0.556 0.0000000000
28601  -38.807  -50.234  -1.727 0.0000000000
28602  -39.546  -49.776  -1.677 0.0000000000
28603  -40.557  -49.550  -1.560 0.0000000000
28604  -41.638  -49.235  -1.801 0.0000000000
28605  -42.894  -49.332  -1.718 0.0000000000
28611  -37.778  -49.924  -2.814 0.0000000000
28612  -38.437  -49.780  -2.260 0.0000000000
28613  -38.961  -49.715  -1.994 0.0000000000
28614  -41.738  -48.760  -2.208 0.0000000000
28615  -42.398  -48.879  -2.162 0.0000000000
28616  -43.406  -48.997  -2.131 0.0000000000
28617  -44.584  -49.198  -2.023 0.0000000000
28630  -37.514  -49.955  -3.530 0.0000000000
28651  -37.502  -49.913  -3.999 0.0000000000
28652  -37.778  -49.775  -4.385 0.0000000000
28672  -38.272  -49.556  -4.982 0.0000000000
28673  -39.046  -49.448  -5.436 0.0000000000
28674  -40.056  -49.338  -5.730 0.0000000000
28675  -41.122  -49.600  -5.820 0.0000000000
28676  -42.091  -49.659  -5.876 0.0000000000
28677  -43.083  -49.689  -5.923 0.0000000000
28678  -44.095  -49.720  -5.935 0.0000000000
28679  -45.113  -49.755  -5.908 0.0000000000
28680  -46.111  -49.843  -5.938 0.0000000000
28681  -47.047  -49.937  -6.006 0.0000000000
28682  -47.846  -49.971  -5.969 0.0000000000
28697  -40.691  -48.817  -6.004 0.0000000000
28698  -41.468  -48.866  -6.158 0.0000000000
28699  -42.421  -48.876  -6.283 0.0000000000
28700  -43.456  -48.917  -6.357 0.0000000000
28701  -44.507  -48.960  -6.382 0.0000000000
28702  -45.559  -49.041  -6.395 0.0000000000
28703  -46.579  -49.181  -6.376 0.0000000000
28704  -47.532  -49.306  -6.344 0.0000000000
28705  -48.515  -49.549  -6.259 0.0000000000
28706  -49.442  -49.614  -6.406 0.0000000000
28707  -50.211  -49.999  -6.558 0.0000000000
28708  -50.863  -50.248  -6.959 0.0000000000
28726  -49.965  -49.354  -6.818 0.0000000000
28727  -50.562  -49.522  -7.148 0.0000000000
28728  -51.405  -49.901  -7.530 0.0000000000
28729  -52.057  -50.155  -7.814 0.0000000000
28747  -51.824  -49.564  -8.045 0.0000000000
28748  -52.541  -49.802  -8.247 0.0000000000
28749  -53.466  -49.872  -8.598 0.0000000000
28750  -54.427  -49.920  -8.953 0.0000000000
28751  -55.323  -50.008  -9.248 0.0000000000
28765  -55.037  -49.342  -9.327 0.0000000000
29603  -37.493  -48.671  7.039 0.0000000000
29604  -38.230  -48.555  7.271 0.0000000000
29617  -36.404  -48.677  6.159 0.0000000000
29618  -37.455  -47.945  6.235 0.0000000000
29619  -38.942  -47.878  6.757 0.0000000000
29639  -36.450  -48.110  5.193 0.0000000000
29640  -37.010  -47.760  5.546 0.0000000000
29658  -36.204  -48.322  4.119 0.0000000000
29677  -36.686  -48.370  3.397 0.0000000000
29678  -37.552  -48.327  2.753 0.0000000000
29679  -38.120  -48.665  2.490 0.0000000000
29692  -37.922  -47.807  2.504 0.0000000000
29693  -38.323  -48.096  2.269 0.0000000000
29694  -39.135  -48.260  1.971 0.0000000000
29695  -40.013  -48.373  1.651 0.0000000000
29696  -40.512  -49.002  1.741 0.0000000000
29707  -40.391  -47.811  1.196 0.0000000000
29708  -40.837  -48.485  1.128 0.0000000000
29716  -41.573  -48.594  0.630 0.0000000000
29717  -42.344  -48.269  0.284 0.0000000000
29734  -39.512  -49.391  -2.013 0.0000000000
29735  -39.886  -49.247  -1.989 0.0000000000
29736  -40.622  -49.045  -2.023 0.0000000000
29742  -37.819  -49.473  -2.942 0.0000000000
29743  -38.122  -49.242  -2.798 0.0000000000
29744  -39.102  -49.132  -2.300 0.0000000000
29745  -39.974  -48.587  -2.317 0.0000000000
29746  -41.018  -48.490  -2.341 0.0000000000
29747  -41.871  -48.310  -2.464 0.0000000000
29748  -42.796  -48.344  -2.480 0.0000000000
29749  -43.834  -48.423  -2.448 0.0000000000
29750  -44.893  -48.472  -2.450 0.0000000000
29751  -45.908  -48.479  -2.523 0.0000000000
29752  -46.946  -48.445  -2.611 0.0000000000
29759  -37.743  -49.421  -3.220 0.0000000000
29760  -38.010  -48.845  -3.441 0.0000000000
29761  -47.496  -47.994  -2.782 0.0000000000
29781  -37.700  -49.402  -3.832 0.0000000000
29782  -38.085  -48.775  -4.322 0.0000000000
29799  -38.563  -48.585  -5.143 0.0000000000
29800  -39.263  -48.439  -5.586 0.0000000000
29801  -40.043  -48.194  -5.955 0.0000000000
29820  -40.852  -48.108  -6.293 0.0000000000
29821  -41.714  -48.077  -6.516 0.0000000000
29822  -42.774  -47.937  -6.719 0.0000000000
29823  -43.893  -48.165  -6.732 0.0000000000
29824  -44.935  -48.045  -6.912 0.0000000000
29825  -46.108  -48.384  -6.856 0.0000000000
29826  -47.105  -48.593  -6.866 0.0000000000
29827  -48.084  -48.723  -6.856 0.0000000000
29828  -49.035  -48.931  -6.860 0.0000000000
29829  -49.593  -49.118  -6.831 0.0000000000
29846  -45.105  -47.424  -7.336 0.0000000000
29847  -45.758  -47.612  -7.354 0.0000000000
29848  -46.705  -47.859  -7.396 0.0000000000
29849  -47.630  -48.066  -7.415 0.0000000000
29850  -48.643  -48.127  -7.697 0.0000000000
29851  -49.866  -48.761  -7.435 0.0000000000
29852  -50.925  -49.055  -7.815 0.0000000000
29853  -51.452  -49.293  -8.005 0.0000000000
29867  -48.916  -47.593  -8.346 0.0000000000
29868  -49.586  -47.910  -8.247 0.0000000000
29869  -50.538  -48.319  -8.278 0.0000000000
29870  -51.685  -48.645  -8.596 0.0000000000
29871  -52.954  -49.039  -8.889 0.0000000000
29872  -53.931  -49.204  -9.038 0.0000000000
29873  -54.516  -49.298  -9.162 0.0000000000
29884  -51.930  -47.889  -9.255 0.0000000000
29885  -52.591  -48.157  -9.304 0.0000000000
29886  -53.559  -48.404  -9.384 0.0000000000
29887  -54.541  -48.653  -9.423 0.0000000000
29888  -55.438  -48.615  -9.589 0.0000000000
30767  -37.926  -47.314  5.597 0.0000000000
30768  -38.658  -47.305  5.897 0.0000000000
30769  -39.780  -47.393  6.139 0.0000000000
30784  -36.771  -47.657  4.760 0.0000000000
30785  -37.284  -47.397  5.115 0.0000000000
30786  -38.431  -46.831  5.000 0.0000000000
30787  -39.542  -46.860  5.353 0.0000000000
30788  -40.570  -46.965  5.570 0.0000000000
30789  -41.496  -47.046  5.669 0.0000000000
30805  -36.556  -47.836  4.441 0.0000000000
30806  -36.972  -47.446  4.267 0.0000000000
30807  -37.787  -46.891  4.042 0.0000000000
30821  -36.642  -47.839  3.886 0.0000000000
30822  -37.216  -47.538  3.380 0.0000000000
30823  -37.961  -47.011  3.044 0.0000000000
30832  -37.726  -47.567  2.773 0.0000000000
30833  -38.264  -47.347  2.414 0.0000000000
30834  -38.902  -47.462  1.940 0.0000000000
30835  -39.455  -47.725  1.641 0.0000000000
30844  -39.421  -47.224  1.644 0.0000000000
30845  -39.941  -47.382  1.362 0.0000000000
30846  -40.855  -47.086  1.070 0.0000000000
30847  -42.119  -46.762  1.091 0.0000000000
30855  -41.738  -47.695  0.635 0.0000000000
30874  -38.497  -48.598  -2.936 0.0000000000
30875  -39.195  -48.135  -2.839 0.0000000000
30876  -40.149  -47.784  -2.773 0.0000000000
30877  -41.141  -47.708  -2.821 0.0000000000
30878  -42.115  -47.649  -2.835 0.0000000000
30879  -43.137  -47.678  -2.826 0.0000000000
30880  -44.181  -47.731  -2.807 0.0000000000
30881  -45.197  -47.776  -2.825 0.0000000000
30882  -46.147  -47.806  -2.893 0.0000000000
30883  -46.889  -47.769  -2.953 0.0000000000
30891  -38.516  -48.096  -3.596 0.0000000000
30892  -39.390  -47.250  -3.610 0.0000000000
30893  -40.400  -47.113  -3.279 0.0000000000
30894  -41.354  -46.986  -3.283 0.0000000000
30895  -42.409  -46.923  -3.252 0.0000000000
30896  -43.494  -46.985  -3.221 0.0000000000
30897  -44.531  -47.054  -3.206 0.0000000000
30898  -45.506  -47.138  -3.231 0.0000000000
30899  -46.420  -47.221  -3.263 0.0000000000
30920  -38.725  -47.723  -4.590 0.0000000000
30921  -39.268  -46.933  -4.550 0.0000000000
30941  -38.902  -47.944  -5.245 0.0000000000
30942  -39.428  -47.308  -5.436 0.0000000000
30943  -40.358  -47.252  -6.170 0.0000000000
30962  -41.101  -47.410  -6.536 0.0000000000
30963  -41.817  -47.179  -6.831 0.0000000000
30964  -42.675  -46.857  -7.134 0.0000000000
30965  -43.539  -47.403  -7.063 0.0000000000
30966  -44.182  -47.681  -7.018 0.0000000000
30979  -42.925  -46.401  -7.312 0.0000000000
30980  -43.399  -46.655  -7.352 0.0000000000
30981  -44.386  -47.080  -7.392 0.0000000000
30982  -45.363  -46.931  -7.694 0.0000000000
30983  -46.342  -47.028  -8.002 0.0000000000
30984  -47.303  -47.452  -7.929 0.0000000000
30985  -47.936  -47.698  -7.859 0.0000000000
31000  -46.575  -46.606  -8.310 0.0000000000
31001  -47.092  -46.762  -8.341 0.0000000000
31002  -48.172  -47.169  -8.430 0.0000000000
31003  -49.327  -47.061  -8.873 0.0000000000
31004  -50.273  -47.587  -8.815 0.0000000000
31005  -50.927  -47.968  -8.746 0.0000000000
31019  -49.597  -46.622  -9.236 0.0000000000
31020  -50.124  -46.840  -9.295 0.0000000000
31021  -51.215  -47.379  -9.336 0.0000000000
31022  -52.280  -47.355  -9.704 0.0000000000
31023  -53.229  -47.520  -9.814 0.0000000000
31024  -54.120  -47.778  -9.765 0.0000000000
31025  -55.020  -47.844  -9.797 0.0000000000
31042  -53.815  -47.160  -10.089 0.0000000000
31043  -54.537  -47.100  -10.143 0.0000000000
32042  -38.706  -46.525  4.114 0.0000000000
32043  -39.457  -46.482  4.487 0.0000000000
32044  -40.420  -46.517  4.799 0.0000000000
32045  -41.352  -46.653  5.057 0.0000000000
32062  -38.611  -46.576  3.356 0.0000000000
32063  -39.412  -46.305  3.613 0.0000000000
32064  -40.311  -46.232  3.911 0.0000000000
32077  -38.662  -46.785  2.596 0.0000000000
32078  -39.333  -46.379  2.766 0.0000000000
32079  -40.171  -46.119  3.006 0.0000000000
32080  -41.129  -46.111  3.257 0.0000000000
32089  -38.736  -47.033  2.179 0.0000000000
32090  -39.295  -46.766  1.980 0.0000000000
32091  -40.040  -46.310  2.181 0.0000000000
32092  -40.891  -46.148  2.367 0.0000000000
32101  -39.635  -46.959  1.541 0.0000000000
32102  -40.053  -46.746  1.570 0.0000000000
32103  -40.654  -46.427  1.708 0.0000000000
32104  -41.469  -46.355  1.694 0.0000000000
32153  -39.993  -46.781  -3.662 0.0000000000
32154  -40.572  -46.519  -3.759 0.0000000000
32155  -41.589  -46.151  -3.839 0.0000000000
32156  -42.830  -46.227  -3.691 0.0000000000
32157  -43.909  -46.330  -3.626 0.0000000000
32158  -44.919  -46.384  -3.613 0.0000000000
32159  -45.835  -46.558  -3.579 0.0000000000
32160  -46.734  -46.645  -3.651 0.0000000000
32176  -39.821  -46.539  -4.149 0.0000000000
32177  -40.518  -45.961  -4.566 0.0000000000
32178  -41.424  -45.600  -4.620 0.0000000000
32179  -45.382  -46.030  -3.868 0.0000000000
32180  -46.074  -45.990  -3.986 0.0000000000
32181  -47.008  -46.053  -4.138 0.0000000000
32201  -39.687  -46.420  -4.911 0.0000000000
32202  -40.304  -46.278  -5.657 0.0000000000
32222  -41.054  -46.460  -6.474 0.0000000000
32223  -41.928  -46.251  -6.948 0.0000000000
32224  -42.593  -46.069  -7.243 0.0000000000
32244  -43.128  -46.035  -7.420 0.0000000000
32245  -43.876  -46.126  -7.603 0.0000000000
32246  -44.830  -46.212  -7.810 0.0000000000
32247  -45.806  -46.217  -8.216 0.0000000000
32248  -46.317  -46.499  -8.293 0.0000000000
32263  -46.144  -45.799  -8.408 0.0000000000
32264  -46.617  -46.104  -8.470 0.0000000000
32265  -47.615  -46.163  -8.736 0.0000000000
32266  -48.754  -46.168  -9.107 0.0000000000
32267  -49.330  -46.487  -9.196 0.0000000000
32283  -49.212  -45.682  -9.325 0.0000000000
32284  -49.692  -46.085  -9.451 0.0000000000
32285  -50.760  -46.227  -9.731 0.0000000000
32286  -51.956  -46.303  -10.038 0.0000000000
32287  -52.904  -46.756  -10.121 0.0000000000
32288  -53.423  -46.962  -10.146 0.0000000000
33345  -42.314  -45.596  -4.356 0.0000000000
33346  -43.369  -45.659  -4.166 0.0000000000
33347  -44.370  -45.789  -4.034 0.0000000000
33348  -44.949  -45.895  -3.953 0.0000000000
33358  -41.053  -45.586  -5.362 0.0000000000
33359  -41.934  -45.221  -5.165 0.0000000000
33360  -42.928  -45.132  -4.912 0.0000000000
33361  -43.980  -45.219  -4.676 0.0000000000
33362  -45.161  -45.462  -4.413 0.0000000000
33363  -46.330  -45.433  -4.587 0.0000000000
33382  -41.023  -45.826  -6.099 0.0000000000
33383  -41.658  -45.298  -6.013 0.0000000000
33384  -42.609  -44.877  -5.899 0.0000000000
33385  -43.563  -44.791  -5.471 0.0000000000
33386  -44.591  -44.798  -5.260 0.0000000000
33387  -45.684  -44.857  -5.211 0.0000000000
33388  -46.744  -44.960  -5.283 0.0000000000
33406  -41.120  -45.995  -6.396 0.0000000000
33407  -41.489  -45.811  -6.484 0.0000000000
33408  -42.451  -45.333  -6.786 0.0000000000
33409  -42.998  -45.012  -7.022 0.0000000000
33431  -42.841  -45.667  -7.246 0.0000000000
33432  -43.358  -45.372  -7.320 0.0000000000
33433  -44.399  -45.447  -7.641 0.0000000000
33434  -45.293  -45.516  -7.983 0.0000000000
33451  -45.877  -45.569  -8.289 0.0000000000
33452  -46.385  -45.427  -8.381 0.0000000000
33453  -47.161  -45.402  -8.561 0.0000000000
33454  -48.099  -45.347  -8.858 0.0000000000
33469  -48.917  -45.275  -9.145 0.0000000000
33470  -49.592  -45.300  -9.335 0.0000000000
34570  -42.882  -44.753  -6.297 0.0000000000
34571  -43.296  -44.651  -6.173 0.0000000000
34572  -44.129  -44.520  -6.041 0.0000000000
34573  -45.127  -44.485  -5.990 0.0000000000
34574  -46.179  -44.543  -6.000 0.0000000000
34590  -42.701  -44.891  -6.424 0.0000000000
34591  -43.029  -44.806  -6.654 0.0000000000
34592  -43.737  -44.645  -6.661 0.0000000000
34593  -44.621  -44.561  -6.725 0.0000000000
34594  -45.639  -44.480  -6.784 0.0000000000
34595  -46.686  -44.456  -6.797 0.0000000000
34615  -43.403  -44.854  -7.037 0.0000000000
34616  -44.078  -44.871  -7.221 0.0000000000
34617  -45.130  -44.845  -7.487 0.0000000000
34618  -46.192  -44.608  -7.527 0.0000000000
34619  -47.201  -44.512  -7.567 0.0000000000
34639  -45.885  -45.025  -8.089 0.0000000000
34640  -46.721  -44.850  -8.170 0.0000000000
34641  -47.671  -44.760  -8.303 0.0000000000
