#!ascii label  , from subject COLIN27_FS vox2ras=TkReg
322
96827  -60.339  4.631  -11.411 0.0000000000
96828  -61.138  4.669  -11.682 0.0000000000
96829  -61.708  4.673  -12.072 0.0000000000
96830  -62.078  4.680  -12.524 0.0000000000
96838  -62.327  4.660  -13.037 0.0000000000
96846  -62.346  4.567  -13.640 0.0000000000
98075  -59.835  5.547  -11.320 0.0000000000
98076  -60.705  5.569  -11.459 0.0000000000
98077  -61.276  5.542  -11.829 0.0000000000
98078  -61.633  5.500  -12.235 0.0000000000
98086  -61.885  5.495  -12.708 0.0000000000
98092  -61.553  5.949  -13.537 0.0000000000
98093  -61.956  5.351  -13.269 0.0000000000
98101  -61.935  5.097  -13.837 0.0000000000
98137  -60.043  6.072  -18.993 0.0000000000
98138  -60.671  6.338  -19.188 0.0000000000
98147  -60.208  5.943  -19.626 0.0000000000
98148  -60.924  6.383  -19.700 0.0000000000
98155  -59.674  5.386  -20.104 0.0000000000
98156  -60.309  6.071  -20.372 0.0000000000
98157  -61.043  6.557  -20.223 0.0000000000
98166  -59.279  5.526  -21.160 0.0000000000
98167  -60.153  6.286  -21.043 0.0000000000
98176  -59.132  6.127  -21.863 0.0000000000
99359  -59.321  6.467  -11.354 0.0000000000
99360  -60.319  6.494  -11.264 0.0000000000
99361  -61.066  6.426  -11.513 0.0000000000
99362  -61.437  6.339  -11.930 0.0000000000
99375  -61.646  6.363  -12.345 0.0000000000
99386  -61.506  6.637  -13.504 0.0000000000
99387  -61.689  6.575  -13.061 0.0000000000
99397  -60.848  6.301  -14.306 0.0000000000
99398  -61.192  6.654  -13.916 0.0000000000
99429  -59.790  6.901  -17.756 0.0000000000
99430  -61.128  7.243  -18.067 0.0000000000
99431  -62.159  7.376  -18.154 0.0000000000
99432  -62.711  7.484  -18.122 0.0000000000
99439  -59.877  6.401  -18.555 0.0000000000
99440  -60.515  6.639  -18.624 0.0000000000
99441  -61.570  6.827  -18.954 0.0000000000
99442  -62.712  7.354  -18.657 0.0000000000
99443  -63.106  7.470  -18.908 0.0000000000
99452  -61.635  6.762  -19.832 0.0000000000
99453  -62.437  7.163  -19.527 0.0000000000
99454  -62.900  7.350  -19.132 0.0000000000
99462  -60.783  6.621  -20.738 0.0000000000
99463  -61.539  7.002  -20.512 0.0000000000
99464  -62.038  7.055  -20.062 0.0000000000
99471  -59.761  6.447  -21.541 0.0000000000
99472  -60.540  6.925  -21.349 0.0000000000
99473  -61.096  6.955  -20.976 0.0000000000
99481  -58.768  6.384  -22.361 0.0000000000
99482  -59.488  6.892  -22.138 0.0000000000
99483  -60.003  6.961  -21.729 0.0000000000
99490  -57.672  6.629  -23.269 0.0000000000
99491  -58.518  6.814  -22.846 0.0000000000
99492  -59.021  6.889  -22.547 0.0000000000
100744  -58.761  7.251  -11.586 0.0000000000
100745  -59.878  7.600  -11.351 0.0000000000
100746  -60.869  7.270  -11.298 0.0000000000
100747  -61.517  7.237  -11.705 0.0000000000
100748  -61.675  6.842  -12.012 0.0000000000
100758  -58.973  8.067  -11.651 0.0000000000
100759  -61.735  7.625  -11.934 0.0000000000
100760  -61.771  7.410  -12.372 0.0000000000
100768  -61.546  7.339  -13.729 0.0000000000
100769  -61.953  8.019  -13.462 0.0000000000
100770  -62.307  8.603  -13.810 0.0000000000
100777  -60.823  6.942  -14.476 0.0000000000
100778  -61.290  7.656  -14.546 0.0000000000
100779  -61.906  8.214  -14.329 0.0000000000
100780  -62.388  8.655  -14.256 0.0000000000
100789  -60.642  7.371  -15.174 0.0000000000
100790  -61.395  8.018  -15.573 0.0000000000
100803  -60.739  7.752  -16.129 0.0000000000
100804  -61.711  7.980  -16.545 0.0000000000
100805  -62.455  7.924  -16.943 0.0000000000
100806  -63.008  7.957  -17.048 0.0000000000
100818  -60.068  7.432  -16.671 0.0000000000
100819  -60.856  7.643  -17.149 0.0000000000
100820  -61.873  7.684  -17.436 0.0000000000
100821  -62.720  7.676  -17.613 0.0000000000
100822  -63.366  7.895  -17.549 0.0000000000
100823  -63.735  8.109  -17.763 0.0000000000
100829  -63.046  7.598  -18.064 0.0000000000
100830  -63.408  7.774  -18.428 0.0000000000
100831  -63.848  8.274  -18.187 0.0000000000
100839  -62.678  7.408  -19.771 0.0000000000
100840  -63.107  7.657  -19.454 0.0000000000
100850  -61.790  7.301  -20.696 0.0000000000
100851  -62.372  7.503  -20.353 0.0000000000
100852  -63.118  8.093  -20.208 0.0000000000
100860  -60.771  7.266  -21.544 0.0000000000
100861  -61.417  7.435  -21.252 0.0000000000
100862  -62.275  8.015  -21.156 0.0000000000
100869  -59.717  7.278  -22.336 0.0000000000
100870  -60.354  7.452  -22.053 0.0000000000
100871  -61.266  7.977  -22.032 0.0000000000
100877  -57.725  7.124  -23.493 0.0000000000
100878  -58.214  7.355  -23.406 0.0000000000
100879  -59.353  7.451  -22.849 0.0000000000
100880  -60.179  8.044  -22.830 0.0000000000
100889  -57.291  7.398  -23.818 0.0000000000
100890  -58.095  8.004  -23.883 0.0000000000
100898  -55.972  8.101  -24.914 0.0000000000
102102  -60.274  8.295  -11.486 0.0000000000
102103  -60.810  8.024  -11.405 0.0000000000
102104  -61.261  7.711  -11.487 0.0000000000
102111  -59.679  8.684  -11.764 0.0000000000
102112  -60.693  8.723  -11.775 0.0000000000
102113  -61.613  8.211  -11.925 0.0000000000
102114  -62.084  8.344  -12.825 0.0000000000
102122  -62.287  8.682  -13.482 0.0000000000
102123  -62.630  8.948  -14.040 0.0000000000
102130  -61.976  8.378  -15.209 0.0000000000
102131  -62.573  8.677  -15.035 0.0000000000
102132  -63.116  9.069  -14.863 0.0000000000
102133  -63.460  9.245  -15.232 0.0000000000
102140  -62.170  8.287  -16.046 0.0000000000
102141  -62.729  8.493  -15.871 0.0000000000
102142  -63.247  8.782  -15.703 0.0000000000
102143  -63.552  9.147  -15.523 0.0000000000
102149  -62.324  8.103  -16.509 0.0000000000
102150  -62.736  8.197  -16.524 0.0000000000
102151  -63.362  8.377  -16.715 0.0000000000
102152  -63.733  8.916  -16.300 0.0000000000
102162  -63.645  8.239  -17.360 0.0000000000
102163  -63.891  8.648  -17.399 0.0000000000
102174  -63.686  8.268  -18.950 0.0000000000
102175  -63.916  8.833  -18.475 0.0000000000
102180  -63.486  8.425  -19.763 0.0000000000
102181  -63.719  8.914  -19.431 0.0000000000
102188  -62.834  8.316  -20.819 0.0000000000
102189  -63.321  8.837  -20.561 0.0000000000
102190  -63.562  8.924  -20.018 0.0000000000
102200  -61.923  8.240  -21.751 0.0000000000
102201  -62.640  8.688  -21.583 0.0000000000
102202  -63.055  8.795  -21.109 0.0000000000
102211  -60.885  8.217  -22.577 0.0000000000
102212  -61.696  8.592  -22.500 0.0000000000
102213  -62.207  8.656  -22.069 0.0000000000
102218  -58.839  8.101  -23.664 0.0000000000
102219  -59.698  8.496  -23.521 0.0000000000
102220  -60.633  8.577  -23.164 0.0000000000
102221  -61.198  8.609  -22.914 0.0000000000
102227  -56.763  8.203  -24.561 0.0000000000
102228  -57.647  8.377  -24.319 0.0000000000
102229  -58.493  8.781  -24.233 0.0000000000
102230  -59.103  8.654  -23.894 0.0000000000
102236  -56.415  8.811  -25.358 0.0000000000
102237  -57.336  8.889  -24.890 0.0000000000
102238  -57.939  8.917  -24.616 0.0000000000
102245  -55.942  8.847  -25.822 0.0000000000
103407  -61.299  9.282  -12.395 0.0000000000
103408  -62.001  8.977  -12.785 0.0000000000
103409  -62.255  8.826  -13.156 0.0000000000
103417  -60.927  10.093  -13.120 0.0000000000
103418  -61.872  9.733  -13.162 0.0000000000
103419  -62.461  9.315  -13.597 0.0000000000
103420  -62.925  9.399  -14.337 0.0000000000
103431  -63.259  9.530  -14.811 0.0000000000
103432  -63.369  9.351  -15.050 0.0000000000
103441  -63.404  9.754  -14.995 0.0000000000
103442  -63.524  9.523  -15.292 0.0000000000
103448  -63.720  9.410  -15.922 0.0000000000
103456  -63.794  9.369  -16.782 0.0000000000
103469  -63.742  9.445  -17.891 0.0000000000
103480  -63.646  9.573  -19.080 0.0000000000
103487  -63.424  9.245  -20.807 0.0000000000
103488  -63.536  9.574  -20.378 0.0000000000
103496  -62.829  9.046  -21.841 0.0000000000
103497  -63.216  9.374  -21.487 0.0000000000
103498  -63.499  10.219  -21.330 0.0000000000
103509  -61.924  8.927  -22.775 0.0000000000
103510  -62.460  9.131  -22.423 0.0000000000
103511  -63.069  10.032  -22.588 0.0000000000
103517  -59.801  8.899  -23.831 0.0000000000
103518  -60.286  9.017  -23.731 0.0000000000
103519  -61.495  9.157  -23.301 0.0000000000
103520  -62.508  10.008  -23.375 0.0000000000
103521  -63.030  10.562  -23.164 0.0000000000
103528  -58.726  9.204  -24.481 0.0000000000
103529  -59.400  9.201  -24.188 0.0000000000
103530  -60.623  9.803  -24.266 0.0000000000
103531  -61.734  10.127  -24.048 0.0000000000
103532  -62.347  10.571  -23.944 0.0000000000
103537  -56.554  9.162  -25.671 0.0000000000
103538  -57.014  9.317  -25.539 0.0000000000
103539  -58.292  9.576  -25.040 0.0000000000
103540  -59.635  10.083  -24.893 0.0000000000
103541  -60.451  10.454  -24.856 0.0000000000
103546  -55.809  9.148  -26.440 0.0000000000
103547  -56.270  9.289  -26.144 0.0000000000
103548  -57.276  10.017  -26.200 0.0000000000
103549  -58.200  10.376  -25.981 0.0000000000
103556  -55.683  9.310  -26.874 0.0000000000
103557  -56.346  9.993  -27.135 0.0000000000
103558  -57.156  10.473  -27.031 0.0000000000
103568  -55.138  9.696  -27.994 0.0000000000
103569  -56.093  10.419  -27.965 0.0000000000
104821  -61.752  10.341  -13.673 0.0000000000
104822  -62.425  10.079  -13.855 0.0000000000
104823  -62.849  9.784  -14.244 0.0000000000
104824  -63.079  9.664  -14.507 0.0000000000
104833  -62.886  10.254  -14.579 0.0000000000
104834  -63.212  9.870  -14.689 0.0000000000
104844  -62.632  10.503  -15.390 0.0000000000
104845  -63.334  10.019  -15.347 0.0000000000
104846  -63.611  9.699  -15.652 0.0000000000
104857  -63.065  10.275  -16.354 0.0000000000
104858  -63.575  9.806  -16.173 0.0000000000
104868  -63.448  9.967  -17.205 0.0000000000
104876  -63.251  10.275  -18.594 0.0000000000
104885  -63.374  10.422  -19.875 0.0000000000
104892  -63.512  10.721  -20.914 0.0000000000
104901  -63.418  10.428  -22.096 0.0000000000
104902  -63.544  10.995  -21.778 0.0000000000
104916  -63.316  10.774  -22.793 0.0000000000
104917  -63.478  11.164  -22.512 0.0000000000
104927  -62.791  10.790  -23.609 0.0000000000
104928  -63.176  11.191  -23.295 0.0000000000
104929  -63.391  11.224  -22.942 0.0000000000
104937  -61.195  10.559  -24.616 0.0000000000
104938  -61.934  10.806  -24.370 0.0000000000
104939  -62.484  11.197  -24.004 0.0000000000
104940  -62.864  11.224  -23.631 0.0000000000
104945  -59.031  10.501  -25.632 0.0000000000
104946  -59.945  10.779  -25.330 0.0000000000
104947  -60.732  10.957  -25.044 0.0000000000
104948  -61.445  11.281  -24.745 0.0000000000
104949  -62.032  11.249  -24.369 0.0000000000
104954  -57.840  10.648  -26.709 0.0000000000
104955  -58.591  10.889  -26.362 0.0000000000
104956  -59.362  11.278  -25.978 0.0000000000
104957  -60.294  11.345  -25.385 0.0000000000
104958  -60.842  11.356  -25.075 0.0000000000
104964  -56.827  10.642  -27.692 0.0000000000
104965  -57.527  10.870  -27.407 0.0000000000
104966  -58.156  11.267  -27.073 0.0000000000
104967  -58.715  11.321  -26.498 0.0000000000
104975  -55.710  10.610  -28.558 0.0000000000
104976  -56.505  10.980  -28.468 0.0000000000
104977  -57.257  11.097  -28.007 0.0000000000
104978  -57.679  11.235  -27.627 0.0000000000
104991  -56.029  11.032  -28.856 0.0000000000
106271  -63.507  11.618  -21.493 0.0000000000
106283  -63.586  11.758  -22.264 0.0000000000
106295  -63.186  11.534  -23.306 0.0000000000
106296  -63.421  11.750  -23.063 0.0000000000
106303  -62.547  11.543  -23.983 0.0000000000
106304  -62.930  11.723  -23.663 0.0000000000
106305  -63.243  12.217  -23.374 0.0000000000
106311  -61.536  11.827  -24.787 0.0000000000
106312  -62.209  11.786  -24.341 0.0000000000
106313  -62.697  12.326  -24.044 0.0000000000
106318  -59.388  11.782  -26.100 0.0000000000
106319  -59.967  11.808  -25.748 0.0000000000
106320  -60.879  11.855  -25.212 0.0000000000
106326  -58.200  11.716  -27.201 0.0000000000
106327  -58.778  11.758  -26.606 0.0000000000
106333  -56.618  11.292  -28.720 0.0000000000
106334  -56.945  11.406  -28.506 0.0000000000
106335  -57.687  11.675  -27.885 0.0000000000
106345  -55.802  11.433  -29.330 0.0000000000
106346  -56.315  11.503  -29.044 0.0000000000
106347  -57.102  11.889  -28.637 0.0000000000
106348  -57.481  12.098  -28.290 0.0000000000
106367  -56.154  11.981  -29.429 0.0000000000
107504  -63.580  12.506  -21.953 0.0000000000
107511  -63.560  12.453  -22.670 0.0000000000
107525  -63.350  12.629  -23.211 0.0000000000
107533  -63.230  12.473  -23.371 0.0000000000
107539  -61.569  12.507  -24.873 0.0000000000
107540  -62.320  12.710  -24.397 0.0000000000
107541  -62.703  12.883  -24.103 0.0000000000
107546  -59.433  12.287  -26.117 0.0000000000
107547  -60.301  12.386  -25.597 0.0000000000
107548  -60.856  12.551  -25.294 0.0000000000
107554  -58.213  12.120  -27.230 0.0000000000
107555  -58.685  12.285  -26.602 0.0000000000
107561  -57.428  12.443  -28.124 0.0000000000
107562  -57.662  12.250  -27.865 0.0000000000
107572  -56.604  12.303  -29.096 0.0000000000
107573  -57.185  12.377  -28.484 0.0000000000
107574  -57.464  12.238  -28.261 0.0000000000
107591  -55.928  12.427  -29.551 0.0000000000
108686  -63.552  13.037  -22.476 0.0000000000
108696  -63.387  13.666  -22.783 0.0000000000
108697  -63.475  13.010  -22.953 0.0000000000
108711  -63.391  12.982  -23.176 0.0000000000
108725  -60.360  13.511  -25.419 0.0000000000
108726  -60.891  13.342  -25.272 0.0000000000
108727  -62.061  13.696  -24.619 0.0000000000
108728  -62.488  13.208  -24.313 0.0000000000
108734  -57.139  13.493  -26.817 0.0000000000
108735  -57.612  13.370  -26.657 0.0000000000
108736  -58.670  12.953  -26.286 0.0000000000
108737  -59.969  13.161  -25.623 0.0000000000
108738  -60.530  12.826  -25.456 0.0000000000
108745  -56.544  13.462  -27.708 0.0000000000
108746  -56.928  13.331  -27.312 0.0000000000
108747  -57.747  12.667  -27.241 0.0000000000
108748  -58.319  12.458  -26.820 0.0000000000
108755  -55.784  13.492  -28.670 0.0000000000
108756  -56.462  13.298  -28.194 0.0000000000
108757  -57.187  12.782  -28.016 0.0000000000
108758  -57.509  12.515  -27.833 0.0000000000
108768  -56.168  13.047  -29.118 0.0000000000
108769  -56.780  12.791  -28.644 0.0000000000
108783  -54.967  13.110  -29.732 0.0000000000
108784  -55.574  12.942  -29.594 0.0000000000
109866  -60.127  14.129  -25.357 0.0000000000
109867  -61.246  14.545  -25.029 0.0000000000
109874  -55.901  14.521  -26.866 0.0000000000
109875  -56.901  13.959  -26.567 0.0000000000
109877  -59.341  13.708  -25.645 0.0000000000
109878  -59.847  13.634  -25.529 0.0000000000
109885  -55.388  14.573  -27.557 0.0000000000
109886  -56.173  13.792  -27.550 0.0000000000
109887  -56.653  13.638  -27.118 0.0000000000
109896  -55.877  13.655  -28.243 0.0000000000
111089  -56.359  15.078  -26.206 0.0000000000
