#!ascii label  , from subject COLIN27_FS vox2ras=TkReg
75
79993  -64.042  -7.829  -8.884 0.0000000000
81274  -63.456  -7.474  -9.459 0.0000000000
81275  -64.292  -7.316  -9.273 0.0000000000
81276  -65.039  -7.097  -9.262 0.0000000000
81293  -60.889  -6.984  -10.626 0.0000000000
81294  -61.942  -7.121  -10.353 0.0000000000
81295  -62.973  -7.079  -10.089 0.0000000000
81296  -63.909  -6.973  -9.727 0.0000000000
81297  -64.494  -6.974  -9.491 0.0000000000
81318  -60.142  -6.816  -11.029 0.0000000000
82516  -65.049  -6.813  -9.488 0.0000000000
82517  -65.327  -6.824  -9.521 0.0000000000
82525  -61.036  -6.637  -10.944 0.0000000000
82526  -61.491  -6.636  -10.860 0.0000000000
82527  -62.472  -6.584  -10.632 0.0000000000
82528  -63.540  -6.447  -10.286 0.0000000000
82529  -64.683  -6.578  -9.789 0.0000000000
82530  -65.612  -6.473  -9.983 0.0000000000
82545  -59.792  -6.513  -11.499 0.0000000000
82546  -60.784  -6.317  -11.382 0.0000000000
82547  -61.929  -6.115  -11.180 0.0000000000
82548  -62.999  -5.988  -10.866 0.0000000000
82549  -63.645  -5.970  -10.612 0.0000000000
82566  -57.614  -6.277  -12.418 0.0000000000
82567  -58.537  -6.226  -12.232 0.0000000000
82568  -59.469  -6.139  -12.017 0.0000000000
82569  -60.101  -6.146  -11.798 0.0000000000
83791  -64.131  -6.030  -10.369 0.0000000000
83792  -64.859  -5.837  -10.371 0.0000000000
83793  -65.639  -5.744  -10.660 0.0000000000
83794  -66.146  -5.696  -11.046 0.0000000000
83803  -60.831  -5.886  -11.809 0.0000000000
83804  -61.353  -5.738  -11.760 0.0000000000
83805  -62.558  -5.400  -11.564 0.0000000000
83806  -63.890  -5.420  -10.943 0.0000000000
83807  -65.009  -5.090  -10.954 0.0000000000
83808  -65.736  -5.083  -11.307 0.0000000000
83809  -66.224  -5.234  -11.628 0.0000000000
83818  -56.821  -5.944  -12.956 0.0000000000
83819  -57.235  -5.894  -12.900 0.0000000000
83820  -58.114  -5.811  -12.783 0.0000000000
83821  -59.107  -5.717  -12.605 0.0000000000
83822  -60.398  -5.584  -12.283 0.0000000000
83823  -61.657  -5.032  -12.236 0.0000000000
83824  -62.592  -4.676  -12.085 0.0000000000
83825  -66.460  -5.288  -12.166 0.0000000000
83840  -56.532  -5.586  -13.098 0.0000000000
83841  -57.604  -5.310  -13.134 0.0000000000
83842  -58.586  -5.225  -13.094 0.0000000000
83843  -59.532  -5.131  -12.960 0.0000000000
83844  -60.180  -4.859  -12.879 0.0000000000
85166  -63.464  -4.692  -11.709 0.0000000000
85167  -64.433  -4.584  -11.456 0.0000000000
85168  -65.254  -4.283  -11.623 0.0000000000
85169  -66.030  -4.307  -11.891 0.0000000000
85170  -66.332  -4.782  -12.034 0.0000000000
85179  -60.845  -4.379  -12.736 0.0000000000
85180  -62.093  -4.126  -12.473 0.0000000000
85181  -63.142  -4.023  -12.231 0.0000000000
85182  -64.125  -4.058  -11.989 0.0000000000
85183  -64.726  -4.094  -11.763 0.0000000000
85184  -66.196  -3.859  -12.368 0.0000000000
85185  -66.406  -4.358  -12.598 0.0000000000
85199  -57.087  -4.636  -13.242 0.0000000000
85200  -58.096  -4.567  -13.250 0.0000000000
85201  -59.038  -4.540  -13.216 0.0000000000
85202  -59.785  -4.518  -13.059 0.0000000000
85203  -60.233  -4.479  -12.917 0.0000000000
86478  -65.295  -3.850  -11.828 0.0000000000
86479  -65.535  -3.835  -11.904 0.0000000000
86497  -61.544  -3.287  -12.582 0.0000000000
86499  -63.779  -3.249  -12.302 0.0000000000
86500  -64.941  -3.504  -12.089 0.0000000000
86516  -59.536  -3.905  -13.026 0.0000000000
86517  -60.151  -4.127  -12.943 0.0000000000
