#!ascii label  , from subject COLIN27_FS vox2ras=TkReg
52
134956  -38.979  36.658  -46.494 0.0000000000
134960  -37.926  36.508  -47.533 0.0000000000
134961  -38.389  36.846  -47.012 0.0000000000
134964  -36.984  36.552  -48.571 0.0000000000
134965  -37.474  36.565  -47.997 0.0000000000
136046  -39.029  37.706  -46.684 0.0000000000
136050  -37.802  37.545  -47.629 0.0000000000
136051  -38.386  37.686  -47.133 0.0000000000
136054  -36.737  37.480  -48.870 0.0000000000
136055  -37.236  37.285  -48.262 0.0000000000
136058  -35.534  37.462  -49.864 0.0000000000
136059  -36.172  37.231  -49.389 0.0000000000
136062  -33.306  37.746  -50.882 0.0000000000
136068  -30.236  37.491  -52.228 0.0000000000
136069  -31.228  38.006  -51.831 0.0000000000
136070  -32.056  37.800  -51.335 0.0000000000
136071  -32.670  37.608  -51.095 0.0000000000
136076  -30.925  38.062  -52.527 0.0000000000
136080  -31.141  37.854  -53.149 0.0000000000
137103  -39.069  38.476  -46.955 0.0000000000
137104  -39.714  38.426  -46.658 0.0000000000
137107  -37.792  38.488  -47.901 0.0000000000
137108  -38.441  38.455  -47.371 0.0000000000
137109  -39.178  38.939  -47.324 0.0000000000
137112  -36.816  38.301  -49.002 0.0000000000
137113  -37.291  38.153  -48.404 0.0000000000
137116  -35.634  38.388  -49.951 0.0000000000
137117  -36.245  38.101  -49.484 0.0000000000
137120  -33.449  38.529  -50.972 0.0000000000
137121  -33.961  38.324  -50.726 0.0000000000
137122  -34.817  38.196  -50.297 0.0000000000
137125  -31.701  38.672  -51.967 0.0000000000
137126  -32.173  38.643  -51.657 0.0000000000
137127  -32.824  38.386  -51.229 0.0000000000
137129  -31.553  38.590  -52.335 0.0000000000
137130  -32.131  39.000  -52.119 0.0000000000
137133  -31.411  38.425  -52.722 0.0000000000
138118  -38.042  38.898  -47.867 0.0000000000
138119  -38.459  39.211  -47.900 0.0000000000
138122  -37.123  38.626  -48.854 0.0000000000
138127  -36.029  38.702  -49.810 0.0000000000
138128  -36.719  38.830  -49.544 0.0000000000
138132  -33.780  38.811  -50.899 0.0000000000
138133  -34.313  39.010  -50.743 0.0000000000
138134  -35.494  39.200  -50.312 0.0000000000
138138  -32.776  38.910  -51.468 0.0000000000
138139  -33.452  39.143  -51.235 0.0000000000
138140  -34.461  39.918  -51.161 0.0000000000
138144  -32.746  39.227  -51.743 0.0000000000
138145  -33.474  39.720  -51.831 0.0000000000
138150  -32.742  39.377  -52.222 0.0000000000
138151  -33.402  39.533  -52.545 0.0000000000
