#!ascii label  , from subject COLIN27_FS vox2ras=TkReg
180
124635  -3.663  26.438  -20.831 0.0000000000
124636  -4.355  26.675  -20.734 0.0000000000
124641  -4.563  25.978  -20.607 0.0000000000
124642  -5.128  26.104  -20.534 0.0000000000
125715  -3.881  27.413  -20.794 0.0000000000
125716  -4.533  27.322  -20.863 0.0000000000
125717  -5.094  27.610  -20.998 0.0000000000
125718  -5.689  27.944  -21.531 0.0000000000
125723  -5.234  26.806  -20.754 0.0000000000
126720  -3.070  28.487  -20.460 0.0000000000
126721  -3.663  29.413  -21.366 0.0000000000
126724  -3.567  28.137  -20.608 0.0000000000
126725  -3.969  29.189  -21.685 0.0000000000
126726  -4.428  28.228  -21.046 0.0000000000
126727  -4.900  28.435  -21.527 0.0000000000
126728  -5.626  28.606  -22.051 0.0000000000
127727  -2.655  29.393  -20.287 0.0000000000
127734  -3.572  29.911  -21.062 0.0000000000
127735  -4.508  29.510  -21.382 0.0000000000
127736  -4.035  29.896  -21.889 0.0000000000
127746  -3.772  29.111  -22.129 0.0000000000
127747  -4.348  28.958  -21.930 0.0000000000
128787  -3.833  30.652  -20.804 0.0000000000
128788  -3.529  30.030  -21.023 0.0000000000
128789  -3.312  29.940  -21.534 0.0000000000
128790  -4.243  30.295  -21.505 0.0000000000
128796  -2.801  31.048  -22.408 0.0000000000
128797  -3.452  30.492  -22.043 0.0000000000
129782  -3.086  30.974  -20.987 0.0000000000
129783  -3.201  30.932  -21.055 0.0000000000
129784  -3.440  31.311  -20.895 0.0000000000
129785  -3.395  31.044  -21.901 0.0000000000
129788  -3.033  31.010  -21.780 0.0000000000
129789  -3.077  30.996  -22.035 0.0000000000
129790  -3.395  30.794  -22.108 0.0000000000
129792  -2.914  31.394  -22.132 0.0000000000
130788  -2.823  31.424  -20.868 0.0000000000
130791  -2.733  31.670  -20.866 0.0000000000
130792  -3.034  31.310  -21.371 0.0000000000
130793  -3.239  31.073  -21.648 0.0000000000
130794  -3.393  30.793  -22.051 0.0000000000
130797  -2.711  32.054  -21.129 0.0000000000
130798  -2.784  31.637  -21.690 0.0000000000
130799  -3.105  31.199  -21.706 0.0000000000
130800  -3.283  31.119  -22.122 0.0000000000
130802  -2.892  31.725  -22.435 0.0000000000
131779  -2.376  31.834  -20.859 0.0000000000
131782  -2.686  32.071  -20.862 0.0000000000
131783  -2.680  31.968  -21.501 0.0000000000
131786  -2.746  31.908  -22.135 0.0000000000
131787  -3.098  32.091  -22.891 0.0000000000
132715  -2.179  34.554  -21.316 0.0000000000
132718  -2.608  34.527  -21.902 0.0000000000
132719  -3.092  34.444  -22.491 0.0000000000
132721  -3.612  34.257  -23.175 0.0000000000
133680  -1.936  35.498  -21.001 0.0000000000
133681  -2.356  35.505  -21.639 0.0000000000
133683  -2.850  35.471  -22.211 0.0000000000
133684  -3.400  35.397  -22.793 0.0000000000
133688  -3.893  35.295  -23.375 0.0000000000
134726  -2.129  36.492  -21.320 0.0000000000
134727  -2.603  36.483  -21.915 0.0000000000
134730  -3.168  36.446  -22.461 0.0000000000
134731  -4.659  37.058  -23.529 0.0000000000
134732  -4.770  37.247  -23.548 0.0000000000
134740  -4.716  36.290  -24.015 0.0000000000
135809  -1.935  37.491  -20.952 0.0000000000
135810  -2.356  37.488  -21.597 0.0000000000
135813  -2.884  37.461  -22.134 0.0000000000
135814  -4.524  38.089  -23.121 0.0000000000
135815  -4.638  37.721  -23.299 0.0000000000
136835  -2.122  38.494  -21.227 0.0000000000
136839  -2.591  38.476  -21.805 0.0000000000
136840  -4.353  39.039  -22.798 0.0000000000
136841  -4.605  38.597  -23.054 0.0000000000
136848  -4.961  38.568  -23.411 0.0000000000
137816  -1.913  39.501  -20.752 0.0000000000
137817  -2.298  39.492  -21.405 0.0000000000
137822  -4.132  39.909  -22.565 0.0000000000
137823  -4.359  39.652  -22.717 0.0000000000
138785  -1.745  40.501  -20.127 0.0000000000
138792  -2.032  40.505  -20.878 0.0000000000
138793  -3.971  40.523  -22.374 0.0000000000
138799  -4.160  40.447  -22.483 0.0000000000
138800  -4.492  40.460  -22.672 0.0000000000
139723  -1.827  41.499  -20.201 0.0000000000
139733  -2.176  41.534  -20.943 0.0000000000
139734  -4.114  41.129  -22.284 0.0000000000
139735  -4.361  41.568  -22.294 0.0000000000
139743  -4.308  41.033  -22.414 0.0000000000
139744  -4.741  41.536  -22.519 0.0000000000
140662  -1.940  42.489  -20.239 0.0000000000
140674  -2.359  42.649  -20.970 0.0000000000
140675  -4.380  41.937  -22.206 0.0000000000
140676  -4.599  42.173  -22.226 0.0000000000
140684  -4.856  42.432  -22.288 0.0000000000
140685  -5.312  42.466  -22.574 0.0000000000
141590  -2.084  43.400  -20.259 0.0000000000
141602  -2.333  43.513  -20.765 0.0000000000
141603  -2.722  43.425  -21.166 0.0000000000
141604  -4.740  42.834  -22.122 0.0000000000
141613  -4.821  42.617  -22.192 0.0000000000
142533  -2.057  44.176  -19.584 0.0000000000
142534  -2.358  44.953  -19.720 0.0000000000
142547  -2.378  44.183  -20.385 0.0000000000
142548  -2.751  44.998  -20.384 0.0000000000
142557  -2.527  43.875  -20.862 0.0000000000
142558  -3.007  44.358  -20.976 0.0000000000
142559  -3.921  44.597  -21.439 0.0000000000
143544  -2.746  45.740  -19.883 0.0000000000
143560  -3.278  45.728  -20.505 0.0000000000
143561  -4.026  45.969  -20.881 0.0000000000
143562  -4.455  46.087  -21.049 0.0000000000
143572  -3.093  45.065  -20.737 0.0000000000
143573  -3.595  45.211  -20.990 0.0000000000
144585  -2.741  46.530  -19.433 0.0000000000
144604  -3.207  46.557  -20.047 0.0000000000
144605  -3.854  46.619  -20.507 0.0000000000
144606  -5.814  46.843  -21.113 0.0000000000
144619  -5.814  46.445  -21.276 0.0000000000
144620  -5.944  46.660  -21.311 0.0000000000
145590  -2.718  47.333  -19.075 0.0000000000
145605  -3.119  47.328  -19.684 0.0000000000
145606  -3.700  47.414  -20.129 0.0000000000
145607  -4.430  47.450  -20.499 0.0000000000
145608  -5.895  47.474  -20.921 0.0000000000
145609  -6.021  47.807  -20.929 0.0000000000
146559  -2.404  48.065  -18.006 0.0000000000
146571  -2.678  48.249  -18.782 0.0000000000
146572  -3.144  48.663  -19.363 0.0000000000
146573  -3.673  48.825  -19.687 0.0000000000
146587  -3.009  47.960  -19.396 0.0000000000
146588  -3.465  48.113  -19.773 0.0000000000
146589  -4.206  48.380  -20.078 0.0000000000
146590  -6.014  48.434  -20.707 0.0000000000
147524  -2.392  48.930  -18.103 0.0000000000
147539  -2.760  49.261  -18.852 0.0000000000
147540  -3.382  49.405  -19.309 0.0000000000
147541  -4.202  49.451  -19.662 0.0000000000
148429  -4.476  50.983  -18.890 0.0000000000
148449  -2.970  49.933  -18.852 0.0000000000
148450  -3.697  50.137  -19.115 0.0000000000
149276  -6.242  51.532  -18.704 0.0000000000
149277  -6.659  51.542  -18.800 0.0000000000
149278  -7.087  51.617  -18.958 0.0000000000
150066  -6.250  52.206  -17.658 0.0000000000
150067  -6.581  52.209  -17.720 0.0000000000
150074  -6.375  51.924  -18.202 0.0000000000
150075  -7.010  52.063  -18.219 0.0000000000
150076  -7.461  52.190  -18.421 0.0000000000
150081  -7.257  51.820  -18.824 0.0000000000
150082  -7.755  52.115  -19.085 0.0000000000
150806  -6.243  52.649  -15.916 0.0000000000
150807  -6.470  52.677  -15.844 0.0000000000
150818  -6.339  52.578  -16.508 0.0000000000
150819  -6.760  52.634  -16.493 0.0000000000
150820  -7.386  53.088  -16.421 0.0000000000
150821  -7.820  53.816  -16.337 0.0000000000
150824  -6.234  52.421  -17.110 0.0000000000
150825  -6.477  52.428  -17.149 0.0000000000
150826  -7.157  52.569  -17.391 0.0000000000
150827  -7.793  53.468  -17.159 0.0000000000
150833  -7.374  52.377  -18.021 0.0000000000
150834  -7.895  52.944  -18.188 0.0000000000
150842  -8.307  53.217  -19.431 0.0000000000
150843  -8.579  53.945  -19.871 0.0000000000
151571  -7.931  54.451  -16.898 0.0000000000
151574  -8.054  54.310  -17.831 0.0000000000
151575  -8.194  54.745  -18.556 0.0000000000
151581  -8.216  53.942  -18.651 0.0000000000
151582  -8.458  54.518  -19.318 0.0000000000
152282  -7.886  55.287  -17.352 0.0000000000
152287  -8.055  55.389  -18.091 0.0000000000
152288  -8.346  55.534  -18.842 0.0000000000
152292  -8.643  55.580  -19.707 0.0000000000
153029  -7.961  56.597  -17.532 0.0000000000
153033  -7.918  55.995  -17.659 0.0000000000
153034  -8.176  56.411  -18.218 0.0000000000
153038  -8.510  56.507  -19.159 0.0000000000
153811  -8.420  57.419  -18.577 0.0000000000
