#!ascii label  , from subject COLIN27_FS vox2ras=TkReg
345
49631  -17.725  -32.544  -23.653 0.0000000000
49652  -17.880  -32.112  -23.724 0.0000000000
50745  -24.312  -31.397  -20.068 0.0000000000
50753  -20.694  -31.482  -21.370 0.0000000000
50754  -21.474  -31.567  -20.843 0.0000000000
50755  -22.690  -31.664  -20.350 0.0000000000
50770  -19.378  -31.670  -22.490 0.0000000000
50771  -20.055  -31.774  -21.788 0.0000000000
50790  -18.291  -31.588  -23.589 0.0000000000
50791  -18.789  -31.624  -23.049 0.0000000000
50805  -17.847  -31.504  -23.981 0.0000000000
52007  -22.875  -30.577  -20.212 0.0000000000
52008  -23.741  -30.568  -19.945 0.0000000000
52009  -24.719  -30.612  -19.789 0.0000000000
52010  -25.814  -30.660  -19.892 0.0000000000
52012  -27.493  -30.363  -20.350 0.0000000000
52019  -20.372  -31.078  -21.770 0.0000000000
52020  -20.885  -30.534  -21.489 0.0000000000
52021  -21.923  -30.562  -20.685 0.0000000000
52027  -29.842  -30.222  -21.501 0.0000000000
52036  -19.220  -31.119  -22.861 0.0000000000
52037  -19.886  -30.570  -22.411 0.0000000000
52038  -20.524  -30.023  -22.017 0.0000000000
52055  -18.248  -31.080  -23.874 0.0000000000
52056  -18.832  -30.638  -23.401 0.0000000000
52057  -19.440  -30.018  -23.048 0.0000000000
52065  -17.569  -30.735  -24.250 0.0000000000
52066  -18.030  -30.546  -24.221 0.0000000000
52067  -18.615  -29.830  -23.907 0.0000000000
52074  -17.397  -30.333  -24.283 0.0000000000
52075  -17.852  -29.724  -24.412 0.0000000000
53313  -23.241  -29.891  -20.090 0.0000000000
53314  -24.037  -29.618  -19.841 0.0000000000
53315  -25.166  -29.647  -19.608 0.0000000000
53316  -26.263  -29.628  -19.616 0.0000000000
53317  -27.294  -29.634  -19.826 0.0000000000
53318  -28.294  -29.778  -20.369 0.0000000000
53319  -29.140  -29.264  -20.594 0.0000000000
53320  -29.555  -28.958  -20.704 0.0000000000
53327  -21.581  -29.634  -21.254 0.0000000000
53328  -22.515  -29.536  -20.580 0.0000000000
53329  -23.306  -29.227  -20.233 0.0000000000
53330  -28.459  -30.331  -20.905 0.0000000000
53331  -28.940  -30.025  -20.917 0.0000000000
53332  -29.725  -29.458  -21.062 0.0000000000
53333  -30.601  -29.491  -21.577 0.0000000000
53334  -31.192  -28.981  -21.731 0.0000000000
53341  -20.453  -29.523  -22.369 0.0000000000
53342  -20.979  -29.553  -21.855 0.0000000000
53344  -31.530  -29.538  -21.936 0.0000000000
53356  -19.263  -29.449  -23.490 0.0000000000
53357  -19.886  -29.474  -22.877 0.0000000000
53366  -18.304  -29.483  -24.298 0.0000000000
53367  -18.865  -29.074  -24.053 0.0000000000
53374  -17.017  -29.524  -24.358 0.0000000000
53375  -17.547  -29.245  -24.485 0.0000000000
53376  -18.051  -28.939  -24.564 0.0000000000
54508  -23.807  -28.766  -20.139 0.0000000000
54509  -24.613  -28.704  -19.811 0.0000000000
54510  -25.683  -28.634  -19.615 0.0000000000
54511  -26.803  -28.631  -19.617 0.0000000000
54512  -27.870  -28.715  -19.812 0.0000000000
54513  -28.726  -28.677  -20.186 0.0000000000
54514  -29.347  -28.520  -20.487 0.0000000000
54522  -21.424  -29.109  -21.718 0.0000000000
54523  -22.041  -28.679  -21.400 0.0000000000
54524  -23.134  -28.424  -20.697 0.0000000000
54525  -29.848  -28.500  -20.749 0.0000000000
54526  -30.409  -28.548  -21.122 0.0000000000
54527  -31.030  -28.454  -21.493 0.0000000000
54533  -20.392  -29.005  -22.736 0.0000000000
54534  -21.151  -28.622  -22.342 0.0000000000
54535  -22.047  -27.930  -21.964 0.0000000000
54536  -31.643  -28.429  -21.817 0.0000000000
54537  -32.378  -28.634  -22.197 0.0000000000
54538  -33.166  -28.857  -22.552 0.0000000000
54547  -19.326  -28.763  -23.765 0.0000000000
54548  -20.099  -28.433  -23.311 0.0000000000
54549  -21.060  -27.759  -22.940 0.0000000000
54550  -33.903  -28.860  -22.907 0.0000000000
54551  -34.770  -28.830  -23.530 0.0000000000
54559  -18.534  -28.731  -24.382 0.0000000000
54560  -19.186  -28.119  -24.151 0.0000000000
54561  -19.931  -27.515  -23.831 0.0000000000
54567  -17.256  -28.544  -24.541 0.0000000000
54568  -17.729  -28.321  -24.684 0.0000000000
54569  -18.369  -27.993  -24.666 0.0000000000
54570  -18.839  -27.336  -24.505 0.0000000000
55604  -24.139  -27.972  -20.316 0.0000000000
55605  -25.126  -27.797  -20.005 0.0000000000
55606  -26.240  -27.586  -19.911 0.0000000000
55607  -27.390  -27.708  -19.851 0.0000000000
55608  -28.341  -27.823  -20.028 0.0000000000
55609  -29.036  -27.884  -20.307 0.0000000000
55610  -29.567  -27.778  -20.543 0.0000000000
55619  -22.731  -27.702  -21.419 0.0000000000
55620  -23.686  -27.270  -20.986 0.0000000000
55621  -24.738  -27.116  -20.590 0.0000000000
55622  -25.562  -27.101  -20.334 0.0000000000
55623  -30.174  -27.626  -20.850 0.0000000000
55624  -30.796  -27.631  -21.257 0.0000000000
55625  -31.379  -27.556  -21.637 0.0000000000
55632  -21.727  -27.528  -22.466 0.0000000000
55633  -22.487  -27.048  -21.985 0.0000000000
55634  -23.154  -26.959  -21.519 0.0000000000
55635  -32.234  -27.376  -22.172 0.0000000000
55636  -33.058  -27.998  -22.575 0.0000000000
55637  -33.531  -28.352  -22.766 0.0000000000
55645  -20.694  -27.154  -23.419 0.0000000000
55646  -21.489  -26.957  -22.893 0.0000000000
55647  -22.056  -26.797  -22.482 0.0000000000
55648  -32.584  -26.734  -22.563 0.0000000000
55649  -33.075  -27.084  -22.702 0.0000000000
55650  -33.958  -27.720  -23.115 0.0000000000
55659  -19.469  -26.962  -24.210 0.0000000000
55660  -20.128  -26.818  -23.813 0.0000000000
55667  -17.392  -27.741  -24.668 0.0000000000
55668  -17.799  -27.354  -24.791 0.0000000000
55669  -18.348  -26.964  -24.730 0.0000000000
55670  -18.851  -26.576  -24.513 0.0000000000
56723  -26.201  -26.784  -20.412 0.0000000000
56724  -27.013  -26.857  -20.274 0.0000000000
56725  -27.977  -26.959  -20.229 0.0000000000
56726  -28.790  -27.188  -20.395 0.0000000000
56727  -29.231  -27.402  -20.503 0.0000000000
56734  -23.699  -26.575  -21.415 0.0000000000
56735  -24.488  -26.388  -21.204 0.0000000000
56736  -25.589  -26.391  -20.877 0.0000000000
56737  -26.661  -26.231  -20.850 0.0000000000
56738  -27.625  -26.276  -20.794 0.0000000000
56739  -28.534  -26.462  -20.766 0.0000000000
56740  -29.461  -26.837  -20.811 0.0000000000
56741  -30.425  -26.627  -21.411 0.0000000000
56742  -31.010  -27.042  -21.514 0.0000000000
56751  -22.576  -26.221  -22.261 0.0000000000
56752  -23.254  -26.238  -21.778 0.0000000000
56753  -23.983  -26.063  -21.572 0.0000000000
56754  -30.660  -26.095  -21.911 0.0000000000
56755  -31.285  -26.488  -21.995 0.0000000000
56767  -20.583  -26.215  -23.519 0.0000000000
56768  -21.298  -26.225  -23.107 0.0000000000
56769  -21.978  -26.187  -22.675 0.0000000000
56770  -32.154  -26.268  -22.562 0.0000000000
56771  -32.824  -26.303  -22.959 0.0000000000
56772  -33.557  -26.548  -23.263 0.0000000000
56784  -19.303  -26.087  -24.259 0.0000000000
56785  -19.918  -26.176  -23.907 0.0000000000
56798  -17.851  -26.345  -24.797 0.0000000000
56799  -18.395  -26.110  -24.670 0.0000000000
56800  -18.810  -25.926  -24.455 0.0000000000
57983  -24.542  -25.741  -21.602 0.0000000000
57984  -25.295  -25.721  -21.479 0.0000000000
57985  -26.278  -25.683  -21.433 0.0000000000
57986  -27.286  -25.692  -21.443 0.0000000000
57987  -28.244  -25.828  -21.388 0.0000000000
57988  -28.994  -26.069  -21.232 0.0000000000
57989  -29.626  -26.061  -21.432 0.0000000000
57998  -22.546  -25.478  -22.412 0.0000000000
57999  -23.134  -25.532  -22.100 0.0000000000
58000  -23.993  -25.430  -21.879 0.0000000000
58001  -24.983  -25.168  -21.896 0.0000000000
58002  -25.932  -25.150  -21.979 0.0000000000
58003  -26.910  -25.175  -22.060 0.0000000000
58004  -27.968  -25.229  -22.174 0.0000000000
58005  -29.017  -25.533  -21.965 0.0000000000
58006  -30.082  -25.688  -22.047 0.0000000000
58007  -30.778  -25.776  -22.321 0.0000000000
58018  -20.287  -25.462  -23.463 0.0000000000
58019  -21.054  -25.392  -23.101 0.0000000000
58020  -21.871  -25.377  -22.729 0.0000000000
58021  -28.685  -25.031  -22.689 0.0000000000
58022  -29.482  -25.137  -22.796 0.0000000000
58023  -30.426  -25.269  -22.859 0.0000000000
58024  -31.411  -25.532  -22.858 0.0000000000
58025  -32.375  -25.557  -23.307 0.0000000000
58026  -33.148  -25.774  -23.503 0.0000000000
58027  -33.808  -25.936  -23.760 0.0000000000
58036  -19.005  -25.415  -24.114 0.0000000000
58037  -19.613  -25.456  -23.807 0.0000000000
58038  -32.807  -25.214  -23.832 0.0000000000
58039  -33.442  -25.293  -24.096 0.0000000000
58050  -17.437  -25.511  -24.700 0.0000000000
58051  -18.011  -25.409  -24.680 0.0000000000
58052  -18.512  -25.390  -24.436 0.0000000000
59274  -23.005  -25.072  -22.286 0.0000000000
59275  -23.591  -24.836  -22.242 0.0000000000
59276  -24.569  -24.631  -22.282 0.0000000000
59277  -25.573  -24.582  -22.414 0.0000000000
59278  -26.533  -24.632  -22.537 0.0000000000
59279  -27.437  -24.715  -22.679 0.0000000000
59280  -28.167  -24.748  -22.868 0.0000000000
59291  -20.008  -24.228  -23.231 0.0000000000
59292  -20.681  -24.507  -23.081 0.0000000000
59293  -21.685  -24.458  -22.798 0.0000000000
59294  -22.809  -24.468  -22.502 0.0000000000
59295  -24.075  -23.969  -22.582 0.0000000000
59296  -25.186  -23.923  -22.821 0.0000000000
59297  -26.193  -24.055  -22.974 0.0000000000
59298  -27.095  -24.225  -23.123 0.0000000000
59299  -27.898  -24.366  -23.256 0.0000000000
59300  -28.808  -24.485  -23.492 0.0000000000
59301  -29.939  -24.711  -23.508 0.0000000000
59302  -30.925  -24.809  -23.523 0.0000000000
59303  -31.873  -24.932  -23.680 0.0000000000
59304  -32.427  -25.027  -23.810 0.0000000000
59315  -18.659  -24.226  -23.860 0.0000000000
59316  -19.277  -24.575  -23.587 0.0000000000
59317  -19.956  -24.874  -23.416 0.0000000000
59318  -29.003  -24.046  -24.080 0.0000000000
59319  -29.582  -24.185  -24.081 0.0000000000
59320  -30.480  -24.273  -24.115 0.0000000000
59321  -31.446  -24.354  -24.203 0.0000000000
59322  -32.663  -24.501  -24.465 0.0000000000
59338  -17.081  -24.547  -24.673 0.0000000000
59339  -17.642  -24.554  -24.592 0.0000000000
59340  -18.239  -24.517  -24.337 0.0000000000
59341  -18.697  -24.858  -24.080 0.0000000000
60527  -19.723  -23.584  -23.255 0.0000000000
60528  -20.525  -23.487  -23.089 0.0000000000
60529  -21.419  -23.513  -22.945 0.0000000000
60530  -22.406  -23.486  -22.881 0.0000000000
60531  -23.490  -23.310  -22.942 0.0000000000
60532  -24.760  -23.017  -23.352 0.0000000000
60533  -25.880  -23.402  -23.442 0.0000000000
60534  -26.823  -23.643  -23.541 0.0000000000
60535  -27.656  -23.899  -23.639 0.0000000000
60536  -28.192  -24.134  -23.655 0.0000000000
60547  -18.367  -23.436  -23.906 0.0000000000
60548  -19.032  -23.572  -23.474 0.0000000000
60549  -25.149  -22.487  -23.917 0.0000000000
60550  -25.708  -22.749  -23.921 0.0000000000
60551  -26.584  -23.008  -23.989 0.0000000000
60552  -27.479  -23.291  -24.083 0.0000000000
60553  -28.418  -23.713  -24.129 0.0000000000
60554  -29.266  -23.645  -24.431 0.0000000000
60555  -30.084  -23.693  -24.563 0.0000000000
60556  -30.981  -23.762  -24.640 0.0000000000
60557  -31.811  -23.873  -24.758 0.0000000000
60571  -17.309  -23.601  -24.519 0.0000000000
60572  -17.857  -23.656  -24.366 0.0000000000
60573  -28.885  -23.109  -24.715 0.0000000000
60574  -29.654  -23.068  -24.956 0.0000000000
60575  -30.589  -23.169  -25.081 0.0000000000
60576  -31.507  -23.310  -25.206 0.0000000000
60577  -32.478  -23.526  -25.339 0.0000000000
61783  -19.496  -23.036  -23.334 0.0000000000
61784  -20.193  -22.541  -23.303 0.0000000000
61785  -21.223  -22.573  -23.238 0.0000000000
61786  -22.068  -22.690  -23.220 0.0000000000
61787  -22.981  -22.659  -23.335 0.0000000000
61788  -23.867  -22.594  -23.510 0.0000000000
61803  -17.874  -22.076  -24.204 0.0000000000
61804  -18.224  -22.412  -23.975 0.0000000000
61805  -19.145  -22.450  -23.512 0.0000000000
61806  -19.897  -21.945  -23.494 0.0000000000
61807  -21.818  -22.091  -23.525 0.0000000000
61808  -22.524  -22.013  -23.706 0.0000000000
61809  -23.487  -22.024  -23.913 0.0000000000
61810  -24.566  -22.110  -24.136 0.0000000000
61811  -25.494  -22.218  -24.383 0.0000000000
61812  -26.328  -22.428  -24.491 0.0000000000
61813  -27.220  -22.632  -24.563 0.0000000000
61814  -28.133  -22.868  -24.673 0.0000000000
61824  -17.002  -22.513  -24.456 0.0000000000
61825  -17.654  -22.700  -24.275 0.0000000000
61826  -17.996  -23.064  -24.159 0.0000000000
61827  -25.154  -21.699  -24.860 0.0000000000
61828  -26.031  -21.878  -24.983 0.0000000000
61829  -26.934  -22.030  -25.047 0.0000000000
61830  -27.825  -22.232  -25.180 0.0000000000
61831  -28.936  -22.290  -25.465 0.0000000000
61832  -30.171  -22.547  -25.556 0.0000000000
61833  -31.151  -22.710  -25.663 0.0000000000
61839  -29.219  -21.729  -26.106 0.0000000000
61840  -29.883  -21.936  -26.065 0.0000000000
61841  -30.831  -22.123  -26.138 0.0000000000
62977  -21.053  -21.933  -23.489 0.0000000000
62978  -21.473  -21.959  -23.544 0.0000000000
62992  -18.123  -21.695  -24.134 0.0000000000
62993  -18.785  -21.448  -23.933 0.0000000000
62994  -19.711  -21.423  -23.775 0.0000000000
62995  -20.585  -21.536  -23.751 0.0000000000
62996  -21.746  -21.394  -24.096 0.0000000000
62997  -22.962  -21.493  -24.385 0.0000000000
62998  -23.938  -21.565  -24.626 0.0000000000
62999  -24.561  -21.612  -24.763 0.0000000000
63004  -16.650  -21.343  -24.484 0.0000000000
63005  -17.570  -21.472  -24.326 0.0000000000
63006  -18.261  -21.070  -24.210 0.0000000000
63007  -21.979  -20.817  -24.783 0.0000000000
63008  -22.573  -20.962  -24.858 0.0000000000
63009  -23.465  -21.082  -25.105 0.0000000000
63010  -24.556  -21.153  -25.458 0.0000000000
63011  -25.658  -21.378  -25.526 0.0000000000
63012  -26.598  -21.535  -25.598 0.0000000000
63013  -27.538  -21.667  -25.655 0.0000000000
63014  -28.197  -21.842  -25.634 0.0000000000
63019  -25.366  -20.919  -26.073 0.0000000000
63020  -26.235  -21.052  -26.140 0.0000000000
63021  -27.185  -21.174  -26.213 0.0000000000
63022  -28.448  -21.296  -26.363 0.0000000000
63023  -29.599  -21.425  -26.566 0.0000000000
63024  -30.534  -21.565  -26.634 0.0000000000
63032  -29.305  -20.959  -27.078 0.0000000000
63033  -30.215  -21.031  -27.134 0.0000000000
64266  -18.785  -20.665  -24.336 0.0000000000
64267  -19.521  -20.721  -24.289 0.0000000000
64268  -20.410  -20.845  -24.268 0.0000000000
64269  -21.029  -21.033  -24.241 0.0000000000
64274  -16.137  -20.283  -24.665 0.0000000000
64275  -17.080  -20.244  -24.683 0.0000000000
64276  -18.164  -20.180  -24.574 0.0000000000
64277  -19.217  -19.993  -24.776 0.0000000000
64278  -20.209  -20.181  -24.881 0.0000000000
64279  -21.327  -20.482  -24.915 0.0000000000
64280  -22.212  -20.538  -25.296 0.0000000000
64282  -23.747  -20.724  -25.719 0.0000000000
64291  -26.728  -20.682  -26.729 0.0000000000
64292  -27.545  -20.785  -26.766 0.0000000000
64304  -29.855  -20.585  -27.692 0.0000000000
64315  -29.440  -20.132  -28.252 0.0000000000
65573  -16.433  -19.066  -25.064 0.0000000000
65574  -17.594  -19.188  -25.100 0.0000000000
65575  -18.695  -19.022  -25.348 0.0000000000
65578  -21.462  -19.975  -25.608 0.0000000000
65583  -18.897  -18.450  -25.878 0.0000000000
66895  -16.270  -18.088  -25.504 0.0000000000
66896  -17.224  -18.158  -25.629 0.0000000000
66897  -17.943  -18.569  -25.478 0.0000000000
66903  -17.559  -17.779  -25.955 0.0000000000
66904  -18.189  -18.000  -25.966 0.0000000000
68108  -15.763  -17.466  -25.683 0.0000000000
68109  -16.505  -17.548  -25.875 0.0000000000
68113  -15.460  -16.766  -25.789 0.0000000000
68114  -16.098  -16.861  -26.169 0.0000000000
68115  -17.225  -17.207  -26.309 0.0000000000
69431  -15.613  -16.068  -26.144 0.0000000000
69432  -16.348  -16.018  -26.700 0.0000000000
70833  -15.501  -15.350  -25.824 0.0000000000
70834  -15.657  -14.992  -25.544 0.0000000000
70841  -15.813  -15.297  -26.380 0.0000000000
70842  -16.077  -15.223  -26.741 0.0000000000
72134  -15.763  -14.871  -25.756 0.0000000000
72147  -15.832  -14.841  -26.035 0.0000000000
72148  -16.234  -14.534  -26.488 0.0000000000
