#!ascii label  , from subject COLIN27_FS vox2ras=TkReg
167
108752  -47.991  14.138  -29.133 0.0000000000
108763  -46.766  13.380  -29.744 0.0000000000
108764  -47.611  13.578  -29.332 0.0000000000
109891  -48.248  14.683  -28.995 0.0000000000
109900  -46.340  13.858  -29.965 0.0000000000
109901  -46.762  14.397  -29.777 0.0000000000
109902  -47.608  14.604  -29.352 0.0000000000
109911  -46.335  14.820  -30.128 0.0000000000
111102  -47.888  15.407  -29.267 0.0000000000
111110  -46.628  15.162  -29.987 0.0000000000
111111  -47.211  15.389  -29.676 0.0000000000
112394  -47.618  15.890  -29.501 0.0000000000
112401  -46.754  15.765  -30.112 0.0000000000
112402  -47.306  16.422  -29.856 0.0000000000
112409  -46.507  16.411  -30.728 0.0000000000
112410  -47.071  17.071  -30.421 0.0000000000
113696  -47.576  17.354  -29.998 0.0000000000
113702  -46.768  17.266  -30.964 0.0000000000
113703  -47.315  17.787  -30.712 0.0000000000
113715  -46.770  17.848  -31.728 0.0000000000
113716  -47.370  18.310  -31.309 0.0000000000
114971  -47.222  18.479  -31.956 0.0000000000
114972  -47.700  18.885  -31.636 0.0000000000
114997  -47.364  18.902  -32.369 0.0000000000
116267  -48.133  19.349  -31.757 0.0000000000
116297  -47.271  19.200  -32.961 0.0000000000
116298  -47.804  19.453  -32.564 0.0000000000
116299  -48.337  19.697  -32.158 0.0000000000
116312  -47.426  19.679  -33.336 0.0000000000
117515  -48.301  19.994  -32.785 0.0000000000
117516  -48.864  20.183  -32.255 0.0000000000
117533  -47.870  20.195  -33.508 0.0000000000
117534  -48.627  20.638  -33.385 0.0000000000
117548  -48.121  20.904  -34.117 0.0000000000
118752  -49.192  21.241  -33.554 0.0000000000
118770  -48.661  21.540  -34.305 0.0000000000
118771  -49.402  21.860  -34.041 0.0000000000
120009  -48.369  22.193  -35.021 0.0000000000
120010  -49.000  22.577  -34.790 0.0000000000
120026  -48.451  22.812  -35.364 0.0000000000
121272  -49.420  23.343  -34.936 0.0000000000
121295  -48.816  23.553  -35.490 0.0000000000
121296  -49.365  23.944  -35.268 0.0000000000
121310  -48.379  23.718  -36.018 0.0000000000
122496  -49.112  24.177  -35.584 0.0000000000
122497  -49.615  24.655  -35.434 0.0000000000
122507  -48.282  23.912  -36.351 0.0000000000
122508  -48.809  24.471  -36.176 0.0000000000
122509  -49.459  25.036  -35.910 0.0000000000
122516  -48.105  24.098  -36.868 0.0000000000
122517  -48.493  24.761  -37.189 0.0000000000
122522  -48.375  25.102  -37.865 0.0000000000
123636  -48.951  25.023  -36.805 0.0000000000
123637  -49.481  25.454  -36.468 0.0000000000
123651  -48.992  25.539  -37.405 0.0000000000
123652  -49.537  25.877  -37.044 0.0000000000
123662  -48.530  25.700  -38.353 0.0000000000
123670  -48.399  26.064  -38.896 0.0000000000
124744  -50.095  26.029  -36.144 0.0000000000
124753  -49.993  26.296  -36.753 0.0000000000
124754  -50.344  26.557  -36.265 0.0000000000
124767  -49.014  26.188  -38.042 0.0000000000
124768  -49.560  26.438  -37.546 0.0000000000
124780  -48.792  26.568  -38.716 0.0000000000
124781  -49.259  26.774  -38.236 0.0000000000
124790  -47.779  26.604  -39.747 0.0000000000
124791  -48.308  26.588  -39.301 0.0000000000
125831  -50.339  26.835  -36.601 0.0000000000
125847  -50.269  27.302  -37.207 0.0000000000
125848  -50.725  27.829  -36.882 0.0000000000
125861  -49.135  27.450  -38.684 0.0000000000
125862  -49.668  27.388  -38.081 0.0000000000
125872  -48.078  27.515  -39.715 0.0000000000
125873  -48.647  27.451  -39.229 0.0000000000
126840  -51.006  28.285  -36.565 0.0000000000
126841  -51.379  28.968  -36.115 0.0000000000
126856  -50.049  28.118  -37.938 0.0000000000
126857  -50.622  28.613  -37.393 0.0000000000
126858  -51.102  29.086  -36.795 0.0000000000
126867  -48.892  28.147  -39.038 0.0000000000
126868  -49.407  28.475  -38.600 0.0000000000
126869  -49.994  28.965  -38.153 0.0000000000
126877  -47.635  28.427  -39.902 0.0000000000
126878  -48.344  28.538  -39.456 0.0000000000
126879  -48.867  28.839  -39.055 0.0000000000
126886  -47.095  28.432  -40.257 0.0000000000
127873  -51.734  29.806  -35.591 0.0000000000
127882  -50.872  29.666  -37.219 0.0000000000
127883  -51.360  30.019  -36.555 0.0000000000
127889  -48.922  30.083  -38.804 0.0000000000
127890  -49.361  29.749  -38.600 0.0000000000
127891  -50.252  29.924  -37.877 0.0000000000
127897  -47.067  29.814  -39.771 0.0000000000
127898  -47.530  29.521  -39.663 0.0000000000
127899  -48.546  29.797  -39.070 0.0000000000
127900  -49.058  29.220  -38.874 0.0000000000
127907  -46.792  29.479  -40.055 0.0000000000
127908  -47.254  28.976  -39.984 0.0000000000
128904  -51.669  30.904  -35.909 0.0000000000
128910  -50.770  30.742  -37.243 0.0000000000
128911  -51.268  31.049  -36.601 0.0000000000
128917  -48.872  30.683  -38.662 0.0000000000
128918  -49.607  30.777  -38.222 0.0000000000
128919  -50.136  30.950  -37.764 0.0000000000
128924  -46.932  30.431  -39.609 0.0000000000
128925  -47.690  30.600  -39.228 0.0000000000
128926  -48.232  30.833  -38.917 0.0000000000
128935  -46.144  30.454  -39.976 0.0000000000
129886  -51.960  31.945  -35.499 0.0000000000
129899  -51.451  31.804  -36.281 0.0000000000
129909  -49.672  32.124  -37.729 0.0000000000
129910  -50.291  31.797  -37.455 0.0000000000
129911  -50.932  31.765  -36.859 0.0000000000
129920  -47.682  31.977  -38.725 0.0000000000
129921  -48.296  31.681  -38.586 0.0000000000
129922  -49.132  31.766  -38.152 0.0000000000
129923  -49.756  31.489  -37.883 0.0000000000
129932  -45.683  31.969  -39.845 0.0000000000
129933  -46.290  31.543  -39.586 0.0000000000
129934  -47.162  31.612  -39.102 0.0000000000
129935  -47.794  31.346  -38.911 0.0000000000
130895  -52.003  32.848  -35.533 0.0000000000
130903  -51.138  32.821  -36.509 0.0000000000
130904  -51.574  32.700  -36.124 0.0000000000
130916  -49.971  32.618  -37.419 0.0000000000
130917  -50.636  32.759  -36.887 0.0000000000
130918  -51.149  32.389  -36.549 0.0000000000
130925  -47.948  32.469  -38.485 0.0000000000
130926  -48.518  32.621  -38.166 0.0000000000
130927  -49.284  32.892  -37.670 0.0000000000
130937  -45.959  32.493  -39.540 0.0000000000
130938  -46.573  32.610  -39.139 0.0000000000
130939  -47.359  32.772  -38.673 0.0000000000
130953  -45.367  32.829  -39.898 0.0000000000
131882  -51.195  33.317  -36.441 0.0000000000
131895  -50.017  33.416  -37.255 0.0000000000
131896  -50.670  33.785  -36.821 0.0000000000
131907  -47.999  33.234  -38.314 0.0000000000
131908  -48.659  33.632  -37.963 0.0000000000
131909  -49.475  34.028  -37.596 0.0000000000
131922  -46.017  33.490  -39.361 0.0000000000
131923  -46.884  33.703  -38.837 0.0000000000
131924  -47.583  33.732  -38.502 0.0000000000
131926  -52.103  33.912  -39.001 0.0000000000
131942  -45.470  33.791  -39.803 0.0000000000
132839  -51.309  34.003  -36.521 0.0000000000
132840  -51.849  34.373  -36.581 0.0000000000
132841  -52.358  34.461  -36.968 0.0000000000
132847  -50.227  34.206  -37.261 0.0000000000
132848  -50.964  34.597  -37.054 0.0000000000
132849  -51.733  34.913  -37.283 0.0000000000
132856  -48.163  34.044  -38.336 0.0000000000
132857  -48.930  34.715  -38.252 0.0000000000
132858  -50.121  34.891  -37.736 0.0000000000
132859  -51.034  35.207  -37.695 0.0000000000
132860  -51.638  35.138  -38.117 0.0000000000
132861  -52.109  34.585  -38.385 0.0000000000
132868  -45.869  34.178  -39.602 0.0000000000
132869  -46.553  34.602  -39.425 0.0000000000
132870  -47.810  34.664  -38.806 0.0000000000
132871  -48.578  35.129  -38.730 0.0000000000
132874  -52.130  34.298  -38.692 0.0000000000
132888  -45.650  34.614  -40.050 0.0000000000
132889  -46.283  35.030  -39.883 0.0000000000
133817  -51.125  35.388  -38.129 0.0000000000
133842  -45.240  34.948  -40.938 0.0000000000
133843  -45.627  34.984  -40.745 0.0000000000
