#!ascii label  , from subject COLIN27_FS vox2ras=TkReg
836
9711  -6.318  -68.577  19.351 0.0000000000
9712  -7.088  -68.686  19.330 0.0000000000
9713  -7.668  -68.234  19.757 0.0000000000
9725  -6.797  -68.298  18.852 0.0000000000
9726  -7.328  -68.115  18.919 0.0000000000
9727  -7.635  -67.796  19.118 0.0000000000
10476  -7.815  -67.387  20.546 0.0000000000
10484  -7.842  -67.286  19.492 0.0000000000
10496  -6.285  -67.889  18.526 0.0000000000
10497  -6.982  -67.943  18.241 0.0000000000
10498  -7.678  -67.378  18.391 0.0000000000
10512  -6.070  -67.462  17.973 0.0000000000
10513  -6.509  -67.521  17.745 0.0000000000
10514  -7.140  -67.507  17.609 0.0000000000
11280  -7.903  -66.253  20.237 0.0000000000
11291  -8.041  -66.437  19.006 0.0000000000
11302  -5.709  -67.274  18.419 0.0000000000
11303  -8.140  -66.326  17.986 0.0000000000
11304  -8.325  -65.832  17.585 0.0000000000
11312  -5.910  -66.896  17.415 0.0000000000
11313  -6.741  -67.063  17.014 0.0000000000
11314  -7.596  -66.876  17.174 0.0000000000
11315  -8.162  -66.169  17.051 0.0000000000
11321  -5.849  -66.377  16.887 0.0000000000
11322  -6.250  -66.398  16.455 0.0000000000
11323  -7.100  -66.532  16.217 0.0000000000
11324  -7.766  -66.357  16.449 0.0000000000
11332  -6.252  -65.995  15.914 0.0000000000
11333  -6.582  -66.149  15.807 0.0000000000
12036  -8.354  -65.668  22.308 0.0000000000
12056  -7.936  -65.700  21.389 0.0000000000
12057  -8.682  -65.267  21.413 0.0000000000
12058  -9.552  -65.348  21.562 0.0000000000
12079  -8.157  -65.121  20.503 0.0000000000
12080  -8.666  -64.937  20.781 0.0000000000
12095  -8.178  -65.329  19.359 0.0000000000
12096  -8.427  -64.847  18.893 0.0000000000
12108  -8.208  -65.864  18.634 0.0000000000
12109  -8.403  -65.304  18.205 0.0000000000
12120  -8.457  -65.412  17.151 0.0000000000
12129  -5.788  -66.021  16.635 0.0000000000
12130  -5.959  -65.734  16.151 0.0000000000
12131  -7.632  -66.128  15.835 0.0000000000
12132  -8.218  -65.732  16.189 0.0000000000
12140  -6.320  -65.512  15.430 0.0000000000
12141  -7.094  -65.943  15.327 0.0000000000
12142  -7.855  -65.659  15.263 0.0000000000
12151  -6.812  -65.299  14.693 0.0000000000
12152  -7.436  -65.445  14.713 0.0000000000
12834  -9.158  -64.941  20.903 0.0000000000
12835  -9.922  -65.105  20.929 0.0000000000
12836  -10.859  -65.170  21.016 0.0000000000
12848  -8.284  -64.816  19.840 0.0000000000
12849  -8.803  -64.689  20.218 0.0000000000
12850  -9.513  -64.742  20.368 0.0000000000
12851  -10.265  -64.789  20.264 0.0000000000
12852  -11.275  -64.864  20.346 0.0000000000
12869  -8.233  -64.853  19.522 0.0000000000
12870  -8.560  -64.646  19.428 0.0000000000
12871  -9.542  -64.382  19.470 0.0000000000
12872  -10.655  -64.516  19.466 0.0000000000
12873  -11.655  -64.584  19.622 0.0000000000
12874  -12.481  -64.126  19.673 0.0000000000
12894  -8.842  -64.304  18.554 0.0000000000
12895  -9.445  -64.128  18.771 0.0000000000
12896  -11.248  -64.404  19.008 0.0000000000
12897  -11.959  -64.401  18.841 0.0000000000
12914  -8.734  -64.549  17.487 0.0000000000
12915  -8.913  -64.181  16.944 0.0000000000
12916  -12.287  -64.264  18.415 0.0000000000
12935  -8.704  -64.776  16.448 0.0000000000
12936  -9.052  -64.039  16.365 0.0000000000
12949  -8.484  -65.091  15.418 0.0000000000
12950  -8.946  -64.392  15.638 0.0000000000
12962  -7.340  -64.907  14.110 0.0000000000
12963  -8.103  -65.067  14.445 0.0000000000
12964  -8.817  -64.548  14.734 0.0000000000
12974  -7.276  -64.133  13.351 0.0000000000
12975  -7.981  -64.619  13.566 0.0000000000
12976  -8.639  -64.466  13.796 0.0000000000
12985  -7.763  -63.771  12.682 0.0000000000
12986  -8.138  -64.198  12.910 0.0000000000
12987  -8.464  -64.336  13.248 0.0000000000
13787  -9.854  -64.103  18.827 0.0000000000
13788  -10.144  -64.248  19.087 0.0000000000
13805  -9.051  -64.024  17.754 0.0000000000
13806  -9.643  -63.946  18.173 0.0000000000
13807  -10.621  -64.148  18.562 0.0000000000
13808  -11.389  -64.264  18.569 0.0000000000
13824  -8.949  -64.041  17.331 0.0000000000
13825  -9.420  -63.791  17.115 0.0000000000
13826  -10.437  -63.801  17.485 0.0000000000
13827  -11.727  -64.069  17.859 0.0000000000
13844  -9.525  -63.736  16.294 0.0000000000
13845  -10.136  -63.584  16.489 0.0000000000
13846  -11.112  -63.656  16.633 0.0000000000
13847  -12.189  -63.740  16.625 0.0000000000
13862  -9.319  -63.925  15.812 0.0000000000
13863  -9.805  -63.660  15.692 0.0000000000
13864  -10.582  -63.483  15.662 0.0000000000
13865  -11.554  -63.489  15.644 0.0000000000
13866  -12.573  -63.558  15.604 0.0000000000
13867  -13.559  -63.439  15.591 0.0000000000
13882  -9.387  -64.052  15.131 0.0000000000
13883  -10.022  -63.681  14.832 0.0000000000
13884  -10.895  -63.406  14.691 0.0000000000
13885  -11.904  -63.363  14.642 0.0000000000
13886  -12.918  -63.468  14.614 0.0000000000
13887  -13.916  -63.389  14.608 0.0000000000
13901  -7.379  -63.296  12.838 0.0000000000
13902  -9.391  -64.127  14.156 0.0000000000
13903  -10.205  -63.725  13.783 0.0000000000
13904  -11.202  -63.382  13.665 0.0000000000
13905  -12.235  -63.301  13.648 0.0000000000
13906  -13.234  -63.376  13.638 0.0000000000
13907  -14.173  -63.287  13.612 0.0000000000
13916  -7.860  -63.279  12.278 0.0000000000
13917  -8.314  -63.735  12.304 0.0000000000
13918  -9.169  -63.985  12.850 0.0000000000
13919  -10.504  -63.545  12.682 0.0000000000
13920  -11.564  -63.307  12.680 0.0000000000
13921  -12.571  -63.254  12.700 0.0000000000
13922  -13.536  -63.248  12.688 0.0000000000
13923  -14.374  -63.113  12.708 0.0000000000
13931  -8.297  -63.233  11.911 0.0000000000
13932  -8.885  -63.424  11.771 0.0000000000
13933  -9.938  -63.380  11.632 0.0000000000
13934  -10.994  -63.301  11.754 0.0000000000
13935  -11.955  -63.169  11.804 0.0000000000
13936  -12.919  -63.146  11.824 0.0000000000
13937  -13.901  -63.028  11.699 0.0000000000
13938  -14.514  -62.955  12.148 0.0000000000
13943  -2.208  -62.747  10.094 0.0000000000
13946  -10.666  -63.080  11.044 0.0000000000
13947  -11.435  -63.052  10.997 0.0000000000
13948  -12.343  -63.009  11.035 0.0000000000
13949  -13.245  -62.990  11.125 0.0000000000
13950  -13.677  -62.970  11.186 0.0000000000
13956  -2.382  -62.988  9.120 0.0000000000
13957  -3.293  -63.521  9.246 0.0000000000
13965  -2.103  -63.042  7.896 0.0000000000
14766  -14.999  -62.266  15.188 0.0000000000
14778  -14.760  -62.968  14.515 0.0000000000
14779  -15.256  -62.213  14.339 0.0000000000
14791  -1.907  -61.721  14.212 0.0000000000
14795  -14.948  -62.889  13.536 0.0000000000
14796  -15.495  -62.191  13.365 0.0000000000
14808  -1.997  -61.817  13.107 0.0000000000
14809  -2.604  -62.660  12.619 0.0000000000
14810  -7.736  -62.558  12.458 0.0000000000
14811  -8.184  -62.366  11.975 0.0000000000
14812  -15.004  -62.783  12.611 0.0000000000
14813  -15.605  -62.244  12.339 0.0000000000
14823  -1.915  -61.933  11.943 0.0000000000
14824  -2.520  -62.759  11.432 0.0000000000
14825  -8.068  -62.840  11.969 0.0000000000
14826  -8.569  -62.696  11.605 0.0000000000
14827  -9.346  -62.787  11.229 0.0000000000
14828  -14.188  -62.925  11.337 0.0000000000
14829  -14.750  -62.778  11.577 0.0000000000
14830  -15.652  -62.193  11.299 0.0000000000
14838  -1.642  -62.148  10.682 0.0000000000
14839  -2.410  -62.783  10.696 0.0000000000
14840  -10.151  -62.689  10.839 0.0000000000
14841  -10.952  -62.578  10.441 0.0000000000
14842  -11.823  -62.704  10.321 0.0000000000
14843  -12.781  -62.828  10.337 0.0000000000
14844  -13.905  -62.876  10.758 0.0000000000
14845  -14.973  -62.545  10.507 0.0000000000
14846  -15.785  -62.028  10.310 0.0000000000
14854  -0.905  -62.039  8.658 0.0000000000
14855  -1.387  -62.334  9.453 0.0000000000
14856  -10.938  -62.153  10.128 0.0000000000
14857  -11.383  -62.216  9.938 0.0000000000
14858  -12.191  -62.297  9.491 0.0000000000
14859  -13.291  -62.571  9.613 0.0000000000
14860  -14.302  -62.521  9.676 0.0000000000
14861  -15.190  -62.218  9.549 0.0000000000
14867  -0.904  -62.027  7.876 0.0000000000
14868  -1.451  -62.560  8.391 0.0000000000
14869  -12.368  -61.855  9.023 0.0000000000
14870  -12.869  -62.063  8.903 0.0000000000
14871  -13.793  -62.239  8.887 0.0000000000
14872  -14.604  -62.196  8.955 0.0000000000
14878  -1.079  -61.867  7.086 0.0000000000
14879  -1.470  -62.508  7.411 0.0000000000
14891  -1.360  -61.629  6.719 0.0000000000
15715  -1.540  -60.920  14.725 0.0000000000
15718  -15.440  -61.244  14.109 0.0000000000
15726  -1.614  -60.955  13.614 0.0000000000
15729  -15.838  -61.238  13.058 0.0000000000
15730  -16.070  -60.834  12.474 0.0000000000
15741  -1.592  -61.052  12.498 0.0000000000
15742  -7.688  -61.936  12.938 0.0000000000
15743  -8.251  -61.694  12.374 0.0000000000
15744  -8.812  -61.564  11.827 0.0000000000
15745  -16.043  -61.514  12.031 0.0000000000
15746  -16.272  -60.803  11.843 0.0000000000
15758  -1.347  -61.061  11.336 0.0000000000
15759  -8.511  -62.053  11.735 0.0000000000
15760  -9.085  -62.019  11.298 0.0000000000
15761  -9.761  -61.574  11.051 0.0000000000
15762  -16.238  -61.409  11.034 0.0000000000
15763  -16.464  -60.555  11.189 0.0000000000
15775  -0.831  -61.220  9.803 0.0000000000
15776  -1.070  -61.249  10.390 0.0000000000
15777  -9.758  -62.188  10.929 0.0000000000
15778  -10.540  -61.744  10.427 0.0000000000
15779  -10.981  -61.180  10.280 0.0000000000
15780  -16.275  -61.473  10.121 0.0000000000
15781  -16.549  -60.824  10.370 0.0000000000
15790  -0.753  -61.488  9.216 0.0000000000
15791  -1.017  -61.750  9.933 0.0000000000
15792  -11.075  -61.914  9.997 0.0000000000
15793  -11.526  -61.419  9.661 0.0000000000
15794  -12.095  -61.728  9.175 0.0000000000
15795  -15.952  -61.734  9.418 0.0000000000
15796  -16.522  -61.052  9.487 0.0000000000
15804  -0.708  -61.367  8.343 0.0000000000
15805  -11.960  -60.917  9.178 0.0000000000
15806  -12.437  -61.213  8.738 0.0000000000
15807  -13.421  -61.647  8.326 0.0000000000
15808  -14.353  -61.861  8.273 0.0000000000
15809  -15.330  -61.818  8.580 0.0000000000
15810  -16.210  -61.257  8.619 0.0000000000
15816  -0.794  -61.306  7.572 0.0000000000
15817  -12.783  -60.591  8.269 0.0000000000
15818  -13.228  -60.903  7.942 0.0000000000
15819  -14.039  -61.253  7.644 0.0000000000
15820  -14.974  -61.440  7.688 0.0000000000
15821  -15.761  -61.297  7.921 0.0000000000
15833  -1.049  -61.187  6.932 0.0000000000
15834  -1.738  -61.277  6.559 0.0000000000
15835  -2.175  -61.077  6.495 0.0000000000
16699  -1.573  -60.121  15.401 0.0000000000
16711  -1.648  -59.952  14.162 0.0000000000
16715  -15.482  -60.124  13.801 0.0000000000
16723  -1.693  -60.163  13.003 0.0000000000
16727  -15.848  -60.283  12.940 0.0000000000
16728  -16.042  -60.229  12.364 0.0000000000
16735  -1.575  -60.244  11.996 0.0000000000
16739  -16.239  -60.100  11.799 0.0000000000
16747  -1.455  -60.197  11.225 0.0000000000
16748  -9.368  -61.313  11.560 0.0000000000
16750  -10.894  -60.023  11.210 0.0000000000
16751  -16.435  -59.947  11.302 0.0000000000
16763  -0.915  -60.778  9.976 0.0000000000
16764  -1.226  -60.416  10.493 0.0000000000
16765  -10.700  -60.996  10.602 0.0000000000
16766  -11.149  -60.437  10.518 0.0000000000
16767  -16.626  -60.069  10.676 0.0000000000
16779  -0.794  -60.778  9.449 0.0000000000
16780  -1.067  -60.288  9.681 0.0000000000
16781  -11.890  -60.316  9.536 0.0000000000
16782  -12.175  -59.735  9.316 0.0000000000
16783  -16.819  -60.155  9.694 0.0000000000
16784  -16.946  -59.796  9.243 0.0000000000
16793  -0.806  -60.654  8.796 0.0000000000
16794  -0.944  -60.367  9.208 0.0000000000
16795  -12.143  -60.635  8.976 0.0000000000
16796  -12.465  -60.019  8.678 0.0000000000
16797  -16.747  -60.447  8.780 0.0000000000
16798  -16.923  -60.015  9.087 0.0000000000
16807  -0.795  -60.643  8.024 0.0000000000
16808  -1.112  -60.309  7.664 0.0000000000
16809  -13.121  -60.129  7.904 0.0000000000
16810  -13.858  -60.314  7.275 0.0000000000
16811  -14.702  -60.790  7.090 0.0000000000
16812  -15.587  -60.841  7.278 0.0000000000
16813  -16.416  -60.588  7.807 0.0000000000
16826  -0.903  -60.731  7.388 0.0000000000
16827  -1.411  -60.465  7.089 0.0000000000
16828  -2.146  -60.515  6.714 0.0000000000
16829  -2.933  -60.394  6.625 0.0000000000
16830  -3.803  -60.403  6.549 0.0000000000
16832  -14.586  -60.091  6.761 0.0000000000
16833  -15.323  -60.217  6.732 0.0000000000
16834  -16.147  -60.173  7.002 0.0000000000
16835  -16.578  -60.031  7.350 0.0000000000
16841  -2.556  -60.966  6.519 0.0000000000
16842  -3.309  -61.210  6.321 0.0000000000
16843  -4.350  -61.068  6.097 0.0000000000
17717  -1.839  -59.206  14.943 0.0000000000
17734  -1.892  -59.068  14.041 0.0000000000
17737  -15.328  -59.170  13.843 0.0000000000
17747  -1.822  -59.286  13.316 0.0000000000
17750  -15.645  -59.420  13.124 0.0000000000
17751  -15.857  -59.847  12.705 0.0000000000
17762  -1.781  -59.416  12.424 0.0000000000
17763  -10.410  -59.307  12.083 0.0000000000
17764  -10.738  -58.834  11.812 0.0000000000
17765  -15.709  -59.104  12.808 0.0000000000
17766  -15.937  -59.459  12.372 0.0000000000
17772  -1.702  -59.510  11.529 0.0000000000
17773  -10.739  -59.772  11.524 0.0000000000
17774  -11.161  -59.183  11.211 0.0000000000
17775  -11.487  -58.430  10.845 0.0000000000
17776  -16.223  -59.544  11.668 0.0000000000
17782  -1.574  -59.735  10.811 0.0000000000
17783  -11.668  -59.674  10.297 0.0000000000
17784  -11.902  -58.842  10.316 0.0000000000
17785  -16.451  -59.411  11.104 0.0000000000
17796  -1.478  -59.655  10.063 0.0000000000
17797  -12.032  -59.540  9.774 0.0000000000
17798  -12.383  -59.048  9.352 0.0000000000
17799  -16.747  -59.408  10.339 0.0000000000
17800  -16.962  -59.387  9.558 0.0000000000
17809  -0.954  -60.294  8.460 0.0000000000
17810  -1.279  -59.837  8.941 0.0000000000
17811  -12.881  -58.995  8.561 0.0000000000
17812  -13.205  -58.891  7.966 0.0000000000
17813  -16.829  -60.159  8.227 0.0000000000
17814  -17.064  -59.574  8.671 0.0000000000
17822  -1.090  -60.122  8.156 0.0000000000
17823  -1.594  -59.686  7.854 0.0000000000
17824  -2.242  -59.399  7.552 0.0000000000
17825  -13.050  -59.491  8.102 0.0000000000
17826  -13.515  -59.314  7.452 0.0000000000
17827  -16.884  -59.861  7.749 0.0000000000
17828  -17.283  -59.140  7.718 0.0000000000
17841  -1.936  -59.896  7.160 0.0000000000
17842  -2.654  -59.646  7.076 0.0000000000
17843  -3.447  -59.673  6.884 0.0000000000
17844  -4.311  -59.608  6.790 0.0000000000
17846  -6.193  -59.189  6.150 0.0000000000
17847  -14.221  -59.398  6.779 0.0000000000
17848  -14.990  -59.504  6.351 0.0000000000
17849  -15.895  -59.539  6.435 0.0000000000
17850  -16.809  -59.389  6.933 0.0000000000
17851  -17.360  -58.835  7.129 0.0000000000
18729  -2.235  -58.641  15.036 0.0000000000
18747  -2.181  -58.452  14.252 0.0000000000
18748  -2.604  -58.167  14.696 0.0000000000
18749  -3.240  -57.989  14.975 0.0000000000
18766  -1.998  -58.461  13.427 0.0000000000
18767  -8.667  -58.450  13.679 0.0000000000
18768  -9.126  -58.722  13.296 0.0000000000
18769  -9.968  -58.710  12.620 0.0000000000
18770  -15.541  -58.581  13.467 0.0000000000
18771  -15.787  -58.195  13.085 0.0000000000
18785  -1.898  -58.661  12.752 0.0000000000
18786  -10.448  -58.581  12.104 0.0000000000
18787  -10.831  -58.469  11.664 0.0000000000
18788  -15.610  -58.920  13.023 0.0000000000
18789  -15.810  -58.677  12.725 0.0000000000
18801  -1.877  -58.601  11.929 0.0000000000
18802  -11.155  -58.294  11.219 0.0000000000
18803  -11.416  -58.014  10.864 0.0000000000
18804  -16.166  -58.773  11.784 0.0000000000
18810  -1.817  -58.818  10.822 0.0000000000
18811  -11.799  -58.042  10.489 0.0000000000
18812  -16.534  -58.688  10.862 0.0000000000
18819  -1.858  -58.814  9.708 0.0000000000
18820  -12.313  -58.000  9.833 0.0000000000
18821  -16.846  -58.671  10.088 0.0000000000
18822  -17.152  -58.629  9.316 0.0000000000
18829  -1.997  -58.794  8.708 0.0000000000
18830  -2.574  -58.454  8.401 0.0000000000
18831  -12.774  -58.170  8.970 0.0000000000
18832  -13.139  -58.236  8.239 0.0000000000
18833  -17.433  -58.492  8.443 0.0000000000
18840  -2.227  -58.986  8.017 0.0000000000
18841  -2.926  -58.722  7.836 0.0000000000
18842  -3.733  -58.464  7.696 0.0000000000
18843  -4.254  -58.262  7.454 0.0000000000
18844  -13.434  -58.341  7.553 0.0000000000
18845  -17.671  -58.348  7.530 0.0000000000
18856  -3.312  -59.094  7.310 0.0000000000
18857  -3.954  -58.967  7.220 0.0000000000
18858  -4.771  -58.598  7.020 0.0000000000
18859  -5.710  -58.489  6.566 0.0000000000
18861  -13.881  -58.484  6.862 0.0000000000
18862  -14.620  -58.544  6.216 0.0000000000
18863  -15.515  -58.828  5.992 0.0000000000
18864  -16.436  -58.748  6.157 0.0000000000
18865  -17.365  -58.217  6.519 0.0000000000
18873  -15.221  -58.132  5.788 0.0000000000
18874  -15.974  -58.123  5.721 0.0000000000
18875  -16.815  -57.993  5.897 0.0000000000
18876  -17.199  -57.885  6.047 0.0000000000
19737  -2.530  -57.856  14.034 0.0000000000
19738  -3.000  -57.626  14.250 0.0000000000
19739  -3.774  -57.547  14.428 0.0000000000
19740  -4.738  -57.645  14.454 0.0000000000
19744  -8.432  -58.325  13.835 0.0000000000
19754  -2.270  -57.799  13.493 0.0000000000
19755  -2.689  -57.230  13.481 0.0000000000
19756  -3.402  -57.098  13.807 0.0000000000
19757  -4.304  -57.125  13.866 0.0000000000
19758  -5.307  -57.284  13.797 0.0000000000
19759  -6.352  -57.460  13.704 0.0000000000
19760  -7.412  -57.589  13.606 0.0000000000
19761  -8.628  -57.820  13.269 0.0000000000
19762  -9.681  -58.199  12.694 0.0000000000
19763  -10.135  -58.382  12.324 0.0000000000
19765  -15.895  -57.784  13.648 0.0000000000
19774  -2.026  -57.600  12.607 0.0000000000
19775  -2.298  -57.277  13.115 0.0000000000
19776  -8.907  -57.369  12.631 0.0000000000
19777  -9.474  -57.596  12.472 0.0000000000
19778  -10.410  -57.868  11.903 0.0000000000
19779  -10.904  -58.114  11.485 0.0000000000
19780  -16.127  -57.851  12.493 0.0000000000
19796  -1.911  -57.655  11.410 0.0000000000
19797  -10.754  -57.368  11.363 0.0000000000
19798  -11.098  -57.683  11.142 0.0000000000
19799  -11.575  -57.547  10.599 0.0000000000
19800  -16.426  -57.849  11.342 0.0000000000
19813  -1.980  -57.743  10.310 0.0000000000
19814  -11.993  -57.510  10.243 0.0000000000
19815  -16.675  -58.023  10.549 0.0000000000
19826  -2.226  -57.916  9.404 0.0000000000
19827  -2.563  -57.363  9.079 0.0000000000
19828  -12.254  -57.199  9.864 0.0000000000
19829  -16.932  -57.867  9.898 0.0000000000
19830  -17.315  -57.691  9.155 0.0000000000
19837  -2.507  -58.031  8.836 0.0000000000
19838  -3.102  -57.617  8.588 0.0000000000
19839  -3.691  -57.219  8.267 0.0000000000
19840  -12.638  -57.275  9.252 0.0000000000
19841  -13.037  -57.435  8.521 0.0000000000
19842  -17.813  -57.425  8.244 0.0000000000
19843  -18.214  -56.880  7.660 0.0000000000
19851  -3.582  -57.941  8.119 0.0000000000
19852  -4.183  -57.501  7.856 0.0000000000
19853  -4.600  -57.755  7.331 0.0000000000
19854  -13.270  -57.512  7.838 0.0000000000
19855  -18.057  -57.587  7.218 0.0000000000
19856  -18.361  -56.837  6.984 0.0000000000
19868  -4.508  -57.017  7.250 0.0000000000
19869  -5.147  -57.449  6.828 0.0000000000
19870  -5.970  -57.655  6.175 0.0000000000
19872  -13.578  -57.529  7.067 0.0000000000
19873  -14.117  -57.652  6.380 0.0000000000
19874  -17.976  -57.275  6.449 0.0000000000
19875  -18.307  -56.647  6.422 0.0000000000
19886  -14.700  -57.581  5.894 0.0000000000
19887  -15.436  -57.402  5.574 0.0000000000
19888  -16.375  -57.355  5.513 0.0000000000
19889  -17.343  -57.342  5.813 0.0000000000
20701  -2.695  -56.854  13.167 0.0000000000
20702  -3.030  -56.717  13.272 0.0000000000
20703  -3.866  -56.618  13.339 0.0000000000
20704  -4.841  -56.724  13.266 0.0000000000
20705  -5.855  -56.898  13.156 0.0000000000
20706  -6.848  -57.069  13.083 0.0000000000
20707  -7.725  -57.199  13.039 0.0000000000
20718  -2.092  -56.924  12.469 0.0000000000
20719  -2.451  -56.621  12.775 0.0000000000
20720  -3.393  -56.149  12.842 0.0000000000
20721  -4.385  -56.154  12.775 0.0000000000
20722  -5.394  -56.334  12.633 0.0000000000
20723  -6.395  -56.535  12.470 0.0000000000
20724  -7.307  -56.781  12.495 0.0000000000
20725  -8.295  -57.001  12.491 0.0000000000
20726  -9.134  -57.037  12.189 0.0000000000
20727  -9.837  -57.212  11.963 0.0000000000
20728  -16.522  -57.060  13.050 0.0000000000
20729  -17.233  -56.225  12.762 0.0000000000
20742  -1.990  -56.669  11.929 0.0000000000
20743  -2.253  -55.822  12.008 0.0000000000
20744  -6.923  -56.393  12.033 0.0000000000
20745  -7.631  -56.504  11.843 0.0000000000
20746  -8.588  -56.598  11.685 0.0000000000
20747  -9.511  -56.668  11.562 0.0000000000
20748  -10.393  -56.925  11.419 0.0000000000
20749  -11.049  -56.928  10.987 0.0000000000
20750  -11.381  -57.136  10.685 0.0000000000
20751  -16.635  -56.805  11.855 0.0000000000
20752  -17.240  -55.855  11.853 0.0000000000
20767  -1.888  -56.625  10.798 0.0000000000
20768  -11.353  -56.687  10.536 0.0000000000
20769  -11.802  -56.824  10.242 0.0000000000
20770  -16.763  -57.061  10.586 0.0000000000
20771  -17.020  -56.513  9.999 0.0000000000
20783  -2.205  -56.718  9.660 0.0000000000
20784  -2.707  -56.569  8.848 0.0000000000
20785  -12.253  -56.449  9.535 0.0000000000
20786  -17.043  -57.135  9.760 0.0000000000
20787  -17.385  -56.555  9.199 0.0000000000
20796  -3.252  -56.344  8.111 0.0000000000
20797  -3.854  -56.844  7.979 0.0000000000
20798  -12.812  -56.456  8.559 0.0000000000
20799  -13.129  -56.974  8.132 0.0000000000
20800  -18.026  -56.192  8.274 0.0000000000
20801  -18.404  -56.191  7.458 0.0000000000
20808  -3.285  -56.041  7.009 0.0000000000
20809  -3.878  -56.650  7.419 0.0000000000
20810  -12.928  -55.990  8.020 0.0000000000
20811  -13.195  -56.528  7.565 0.0000000000
20812  -18.500  -56.124  6.740 0.0000000000
20823  -3.272  -55.957  6.419 0.0000000000
20824  -4.105  -56.391  6.232 0.0000000000
20825  -5.399  -57.009  5.944 0.0000000000
20827  -13.781  -56.579  6.422 0.0000000000
20828  -14.303  -57.097  6.064 0.0000000000
20829  -18.065  -56.715  5.930 0.0000000000
20830  -18.365  -56.112  6.091 0.0000000000
20837  -5.067  -56.542  5.150 0.0000000000
20840  -14.032  -56.021  5.921 0.0000000000
20841  -14.640  -56.540  5.650 0.0000000000
20842  -15.773  -56.530  5.237 0.0000000000
20843  -16.818  -56.510  5.238 0.0000000000
20844  -17.680  -56.324  5.494 0.0000000000
20845  -18.113  -56.174  5.740 0.0000000000
21687  -17.879  -55.862  13.728 0.0000000000
21688  -18.607  -54.998  13.714 0.0000000000
21697  -2.959  -55.614  12.242 0.0000000000
21698  -3.930  -55.566  12.285 0.0000000000
21699  -4.972  -55.702  12.153 0.0000000000
21700  -5.960  -55.968  12.020 0.0000000000
21701  -6.513  -56.203  11.981 0.0000000000
21702  -18.066  -55.029  12.521 0.0000000000
21703  -18.624  -54.561  13.217 0.0000000000
21712  -1.935  -55.666  11.245 0.0000000000
21713  -2.580  -54.944  11.422 0.0000000000
21714  -3.502  -55.006  11.714 0.0000000000
21715  -4.498  -55.145  11.649 0.0000000000
21716  -5.627  -55.352  11.309 0.0000000000
21717  -6.775  -55.923  11.415 0.0000000000
21718  -7.949  -56.067  11.100 0.0000000000
21719  -8.999  -56.106  11.009 0.0000000000
21720  -9.980  -56.150  10.987 0.0000000000
21721  -10.782  -56.349  10.802 0.0000000000
21722  -11.155  -56.501  10.622 0.0000000000
21723  -16.979  -56.101  10.991 0.0000000000
21724  -17.433  -55.106  11.229 0.0000000000
21738  -1.884  -55.439  10.152 0.0000000000
21739  -1.990  -54.827  10.827 0.0000000000
21740  -5.883  -55.159  10.863 0.0000000000
21741  -6.318  -55.313  10.750 0.0000000000
21742  -7.322  -55.468  10.404 0.0000000000
21743  -8.412  -55.618  10.394 0.0000000000
21744  -9.498  -55.538  10.304 0.0000000000
21745  -10.491  -55.711  10.400 0.0000000000
21746  -11.350  -55.998  10.187 0.0000000000
21747  -11.858  -56.205  9.929 0.0000000000
21748  -16.983  -56.309  10.411 0.0000000000
21749  -17.194  -55.529  10.075 0.0000000000
21762  -2.202  -55.515  8.868 0.0000000000
21763  -2.642  -56.023  8.501 0.0000000000
21764  -7.430  -55.152  9.926 0.0000000000
21765  -7.936  -55.199  9.843 0.0000000000
21766  -8.767  -55.176  9.853 0.0000000000
21767  -11.490  -55.557  9.693 0.0000000000
21768  -11.817  -55.699  9.577 0.0000000000
21769  -17.569  -55.380  8.949 0.0000000000
21782  -2.062  -55.125  7.858 0.0000000000
21783  -2.533  -55.670  8.160 0.0000000000
21784  -12.262  -55.668  8.982 0.0000000000
21785  -18.060  -55.244  8.306 0.0000000000
21786  -18.318  -55.547  7.807 0.0000000000
21795  -1.994  -55.083  7.286 0.0000000000
21796  -2.561  -55.487  7.379 0.0000000000
21797  -12.595  -55.510  8.258 0.0000000000
21798  -12.943  -55.552  7.638 0.0000000000
21799  -18.555  -55.417  7.164 0.0000000000
21808  -2.042  -55.051  6.736 0.0000000000
21809  -2.693  -55.521  6.436 0.0000000000
21810  -3.140  -55.829  5.987 0.0000000000
21811  -13.222  -55.639  6.955 0.0000000000
21812  -18.570  -55.372  6.356 0.0000000000
21815  -2.099  -55.008  5.918 0.0000000000
21816  -2.616  -55.373  5.584 0.0000000000
21817  -3.255  -55.763  5.270 0.0000000000
21818  -13.632  -55.470  6.222 0.0000000000
21819  -14.228  -55.425  5.592 0.0000000000
21820  -15.161  -55.464  5.102 0.0000000000
21821  -16.257  -55.664  4.899 0.0000000000
21822  -17.295  -55.550  4.976 0.0000000000
21823  -18.195  -55.437  5.513 0.0000000000
21829  -2.133  -54.989  5.202 0.0000000000
21830  -2.521  -55.269  4.685 0.0000000000
21832  -15.764  -54.805  4.721 0.0000000000
21833  -16.705  -54.874  4.647 0.0000000000
21834  -17.303  -54.886  4.728 0.0000000000
22777  -18.374  -54.002  12.223 0.0000000000
22778  -18.691  -54.081  12.924 0.0000000000
22788  -2.754  -54.479  11.101 0.0000000000
22789  -3.177  -54.489  11.183 0.0000000000
22790  -4.072  -54.612  11.198 0.0000000000
22791  -4.921  -54.817  11.084 0.0000000000
22792  -17.894  -54.094  11.550 0.0000000000
22804  -1.930  -54.480  10.213 0.0000000000
22805  -2.685  -54.140  10.581 0.0000000000
22806  -3.728  -54.155  10.727 0.0000000000
22807  -4.657  -54.350  10.583 0.0000000000
22808  -5.690  -54.827  10.526 0.0000000000
22809  -6.665  -55.002  10.111 0.0000000000
22810  -7.174  -55.119  9.975 0.0000000000
22811  -10.210  -55.189  9.954 0.0000000000
22812  -10.913  -55.313  9.884 0.0000000000
22813  -11.303  -55.467  9.764 0.0000000000
22814  -17.469  -53.987  10.504 0.0000000000
22829  -1.822  -54.413  9.322 0.0000000000
22830  -2.049  -53.908  9.876 0.0000000000
22831  -4.683  -54.013  10.164 0.0000000000
22832  -5.239  -54.182  9.987 0.0000000000
22833  -6.202  -54.434  9.551 0.0000000000
22834  -7.285  -54.802  9.527 0.0000000000
22835  -8.415  -54.633  9.289 0.0000000000
22836  -9.528  -54.817  9.547 0.0000000000
22837  -10.496  -54.796  9.444 0.0000000000
22838  -11.349  -55.042  9.257 0.0000000000
22839  -11.857  -55.299  9.122 0.0000000000
22840  -17.473  -54.317  9.456 0.0000000000
22857  -1.803  -54.446  8.222 0.0000000000
22858  -6.346  -54.119  9.086 0.0000000000
22859  -6.845  -54.206  9.009 0.0000000000
22860  -7.673  -54.249  8.947 0.0000000000
22861  -11.419  -54.666  8.673 0.0000000000
22862  -11.918  -54.870  8.553 0.0000000000
22863  -17.868  -54.422  8.599 0.0000000000
22864  -18.411  -54.623  7.765 0.0000000000
22875  -1.784  -54.477  7.187 0.0000000000
22876  -12.463  -54.709  7.641 0.0000000000
22877  -12.943  -55.102  7.261 0.0000000000
22878  -18.773  -54.521  6.803 0.0000000000
22884  -1.802  -54.417  6.217 0.0000000000
22885  -12.462  -54.128  7.146 0.0000000000
22886  -13.010  -54.589  6.739 0.0000000000
22887  -18.767  -54.482  5.874 0.0000000000
22890  -1.840  -54.467  5.358 0.0000000000
22891  -13.654  -54.540  5.837 0.0000000000
22892  -14.456  -54.402  5.146 0.0000000000
22893  -15.128  -54.695  4.892 0.0000000000
22894  -17.795  -54.814  4.860 0.0000000000
22895  -18.367  -54.328  5.095 0.0000000000
22901  -1.923  -54.710  4.502 0.0000000000
22902  -2.188  -55.065  4.144 0.0000000000
22903  -14.628  -53.812  4.920 0.0000000000
22904  -15.157  -54.042  4.708 0.0000000000
22905  -16.194  -53.935  4.371 0.0000000000
22906  -17.331  -54.213  4.500 0.0000000000
22907  -17.954  -54.206  4.703 0.0000000000
23926  -18.876  -53.270  13.551 0.0000000000
23940  -18.128  -53.296  11.962 0.0000000000
23951  -17.226  -52.266  11.032 0.0000000000
23952  -17.654  -52.995  11.246 0.0000000000
23963  -3.083  -53.650  10.035 0.0000000000
23964  -3.620  -53.771  10.203 0.0000000000
23965  -4.246  -53.966  10.296 0.0000000000
23966  -17.139  -52.125  10.646 0.0000000000
23967  -17.340  -52.631  10.460 0.0000000000
23984  -2.066  -53.657  9.215 0.0000000000
23985  -2.673  -53.511  9.582 0.0000000000
23986  -3.532  -53.417  9.601 0.0000000000
23987  -4.536  -53.692  9.691 0.0000000000
23988  -5.579  -53.921  9.310 0.0000000000
23989  -6.087  -54.069  9.140 0.0000000000
23990  -9.191  -54.185  9.025 0.0000000000
23991  -9.998  -54.225  9.003 0.0000000000
23992  -10.789  -54.400  8.849 0.0000000000
23993  -11.195  -54.570  8.733 0.0000000000
23994  -17.415  -53.135  9.746 0.0000000000
24008  -1.872  -53.664  8.492 0.0000000000
24009  -2.450  -53.123  8.584 0.0000000000
24010  -3.245  -52.999  8.944 0.0000000000
24011  -4.170  -53.140  8.961 0.0000000000
24012  -5.174  -53.384  8.835 0.0000000000
24013  -6.245  -53.708  8.715 0.0000000000
24014  -7.341  -53.675  8.535 0.0000000000
24015  -8.441  -53.765  8.626 0.0000000000
24016  -9.478  -53.624  8.561 0.0000000000
24017  -10.332  -53.767  8.405 0.0000000000
24018  -11.216  -54.083  8.163 0.0000000000
24019  -11.860  -54.344  7.957 0.0000000000
24020  -17.659  -53.391  8.939 0.0000000000
24021  -18.243  -53.532  8.194 0.0000000000
24030  -1.722  -53.552  7.478 0.0000000000
24031  -1.993  -53.053  7.922 0.0000000000
24032  -11.271  -53.545  7.622 0.0000000000
24033  -11.848  -53.719  7.442 0.0000000000
24034  -18.767  -53.578  7.318 0.0000000000
24038  -1.634  -53.660  6.458 0.0000000000
24039  -12.521  -53.536  6.735 0.0000000000
24040  -13.158  -53.647  6.102 0.0000000000
24041  -19.103  -53.499  6.296 0.0000000000
24042  -19.197  -53.085  5.766 0.0000000000
24045  -1.614  -53.846  5.653 0.0000000000
24046  -13.736  -53.612  5.511 0.0000000000
24047  -14.241  -53.441  5.094 0.0000000000
24048  -18.910  -53.454  5.372 0.0000000000
24049  -19.172  -52.772  5.473 0.0000000000
24056  -14.694  -53.315  4.807 0.0000000000
24057  -15.349  -53.172  4.475 0.0000000000
24058  -16.102  -52.951  4.195 0.0000000000
24059  -16.996  -53.174  4.178 0.0000000000
24060  -18.128  -53.338  4.534 0.0000000000
25083  -18.184  -52.951  12.407 0.0000000000
25092  -17.394  -52.375  11.514 0.0000000000
25101  -16.919  -51.757  10.845 0.0000000000
25102  -17.072  -52.010  10.416 0.0000000000
25118  -16.917  -51.609  10.337 0.0000000000
25119  -17.145  -52.091  9.946 0.0000000000
25134  -3.062  -52.645  8.261 0.0000000000
25135  -3.822  -52.642  8.346 0.0000000000
25136  -4.771  -52.764  8.294 0.0000000000
25137  -5.792  -52.949  8.154 0.0000000000
25138  -6.866  -52.991  8.103 0.0000000000
25139  -7.925  -52.954  8.149 0.0000000000
25140  -8.931  -52.921  8.196 0.0000000000
25141  -9.840  -52.996  8.089 0.0000000000
25142  -10.605  -53.256  7.860 0.0000000000
25143  -11.017  -53.451  7.704 0.0000000000
25144  -17.489  -52.382  9.262 0.0000000000
25145  -17.983  -52.528  8.555 0.0000000000
25156  -1.917  -52.804  7.290 0.0000000000
25157  -2.561  -52.466  7.522 0.0000000000
25158  -3.427  -52.252  7.731 0.0000000000
25159  -4.342  -52.222  7.753 0.0000000000
25160  -5.340  -52.274  7.696 0.0000000000
25161  -6.391  -52.287  7.650 0.0000000000
25162  -7.433  -52.206  7.768 0.0000000000
25163  -8.423  -52.151  7.886 0.0000000000
25164  -9.358  -52.177  7.864 0.0000000000
25165  -10.225  -52.359  7.672 0.0000000000
25166  -11.097  -52.810  7.407 0.0000000000
25167  -11.899  -52.668  6.861 0.0000000000
25168  -18.555  -52.600  7.770 0.0000000000
25171  -1.707  -52.890  6.626 0.0000000000
25172  -2.050  -52.313  6.716 0.0000000000
25173  -12.766  -52.532  6.096 0.0000000000
25174  -13.348  -53.071  5.761 0.0000000000
25175  -19.056  -52.600  6.906 0.0000000000
25176  -19.301  -52.513  5.985 0.0000000000
25178  -1.586  -52.786  5.537 0.0000000000
25179  -1.766  -52.361  6.173 0.0000000000
25180  -13.039  -51.966  5.614 0.0000000000
25181  -13.685  -52.525  5.258 0.0000000000
25182  -14.282  -52.934  4.968 0.0000000000
25183  -18.960  -52.392  4.872 0.0000000000
25184  -19.244  -52.326  5.432 0.0000000000
25188  -14.016  -52.196  4.892 0.0000000000
25189  -14.511  -52.438  4.701 0.0000000000
25190  -15.488  -52.247  4.259 0.0000000000
25191  -16.504  -52.110  3.951 0.0000000000
25192  -17.577  -52.278  4.010 0.0000000000
25193  -18.307  -52.282  4.311 0.0000000000
25208  -16.697  -51.612  3.745 0.0000000000
25209  -17.074  -51.718  3.724 0.0000000000
26191  -16.668  -51.228  11.388 0.0000000000
26196  -16.768  -51.274  10.633 0.0000000000
26206  -16.813  -51.316  10.301 0.0000000000
26207  -16.954  -51.389  10.036 0.0000000000
26219  -17.271  -51.546  9.531 0.0000000000
26220  -17.695  -51.635  8.889 0.0000000000
26233  -2.707  -52.113  7.177 0.0000000000
26234  -3.024  -51.927  7.199 0.0000000000
26235  -3.858  -51.739  7.203 0.0000000000
26236  -4.853  -51.691  7.216 0.0000000000
26237  -5.874  -51.665  7.201 0.0000000000
26238  -6.957  -51.512  7.226 0.0000000000
26239  -7.939  -51.483  7.475 0.0000000000
26240  -8.841  -51.421  7.586 0.0000000000
26241  -9.733  -51.475  7.510 0.0000000000
26242  -10.603  -51.629  7.215 0.0000000000
26243  -11.320  -51.964  6.977 0.0000000000
26244  -18.275  -51.649  8.165 0.0000000000
26247  -2.572  -51.930  6.832 0.0000000000
26248  -3.209  -51.318  6.540 0.0000000000
26249  -4.339  -51.195  6.637 0.0000000000
26250  -5.346  -51.140  6.702 0.0000000000
26251  -6.292  -51.043  6.774 0.0000000000
26252  -7.032  -50.879  6.786 0.0000000000
26253  -11.119  -51.291  6.821 0.0000000000
26254  -11.829  -51.549  6.440 0.0000000000
26255  -18.851  -51.705  7.381 0.0000000000
26256  -19.204  -51.641  6.529 0.0000000000
26258  -1.630  -52.095  5.378 0.0000000000
26259  -2.051  -51.612  5.749 0.0000000000
26260  -3.033  -50.799  5.720 0.0000000000
26261  -12.562  -51.412  5.791 0.0000000000
26262  -13.194  -51.418  5.279 0.0000000000
26263  -19.100  -51.616  4.763 0.0000000000
26264  -19.302  -51.555  5.462 0.0000000000
26268  -13.924  -51.595  4.782 0.0000000000
26269  -14.775  -51.440  4.333 0.0000000000
26270  -15.697  -51.306  3.917 0.0000000000
26271  -16.377  -51.435  3.755 0.0000000000
26272  -18.102  -51.852  4.002 0.0000000000
26273  -18.622  -51.458  4.222 0.0000000000
26287  -16.171  -50.952  3.597 0.0000000000
26288  -16.797  -51.154  3.500 0.0000000000
26289  -17.738  -51.270  3.681 0.0000000000
26290  -18.372  -50.755  3.747 0.0000000000
27261  -16.714  -50.739  10.909 0.0000000000
27262  -16.917  -50.620  10.405 0.0000000000
27269  -16.794  -51.029  10.311 0.0000000000
27270  -17.121  -50.806  9.835 0.0000000000
27271  -17.610  -50.557  9.402 0.0000000000
27281  -17.478  -51.042  9.245 0.0000000000
27282  -18.039  -50.727  8.713 0.0000000000
27301  -7.578  -50.985  7.043 0.0000000000
27302  -8.296  -50.810  7.153 0.0000000000
27303  -9.186  -50.743  7.236 0.0000000000
27304  -10.035  -50.783  7.149 0.0000000000
27305  -10.654  -50.876  6.881 0.0000000000
27306  -18.699  -50.753  7.755 0.0000000000
27307  -19.137  -50.419  7.248 0.0000000000
27318  -5.812  -50.617  6.221 0.0000000000
27321  -8.607  -50.196  6.733 0.0000000000
27322  -9.516  -50.140  6.779 0.0000000000
27323  -10.333  -50.248  6.637 0.0000000000
27324  -11.141  -50.572  6.407 0.0000000000
27325  -11.934  -50.569  5.880 0.0000000000
27326  -19.103  -50.996  7.073 0.0000000000
27327  -19.331  -50.455  6.353 0.0000000000
27338  -19.148  -50.972  4.685 0.0000000000
27339  -19.381  -50.414  5.188 0.0000000000
27347  -15.678  -50.396  3.581 0.0000000000
27348  -18.888  -50.346  4.051 0.0000000000
27349  -19.215  -50.338  4.601 0.0000000000
27359  -16.363  -50.392  3.287 0.0000000000
27360  -17.182  -50.431  3.200 0.0000000000
27361  -18.013  -50.354  3.324 0.0000000000
27362  -18.477  -50.273  3.599 0.0000000000
28427  -17.502  -50.332  9.770 0.0000000000
28428  -18.108  -49.830  9.506 0.0000000000
28431  -18.833  -49.755  8.263 0.0000000000
28448  -18.965  -50.149  7.630 0.0000000000
28449  -19.269  -49.725  7.282 0.0000000000
28474  -19.542  -49.385  6.482 0.0000000000
28494  -19.572  -49.517  5.581 0.0000000000
28512  -19.031  -49.673  3.896 0.0000000000
28513  -19.362  -49.596  4.508 0.0000000000
29588  -18.760  -48.477  10.794 0.0000000000
29589  -19.172  -48.239  10.260 0.0000000000
29593  -18.736  -48.860  9.953 0.0000000000
29616  -19.944  -48.566  6.013 0.0000000000
29638  -19.832  -48.709  4.959 0.0000000000
30743  -19.181  -47.948  10.659 0.0000000000
30765  -20.355  -47.779  5.910 0.0000000000
30766  -20.695  -47.191  6.197 0.0000000000
30782  -20.192  -47.942  5.227 0.0000000000
30783  -20.546  -47.272  5.391 0.0000000000
