#!ascii label  , from subject COLIN27_FS vox2ras=TkReg
542
88108  -62.020  -1.942  -38.035 0.0000000000
88109  -62.506  -1.875  -38.195 0.0000000000
88142  -61.324  -2.078  -38.619 0.0000000000
88143  -62.291  -2.121  -38.755 0.0000000000
88144  -62.817  -1.781  -38.995 0.0000000000
88163  -60.573  -1.964  -39.176 0.0000000000
88164  -61.580  -2.119  -39.487 0.0000000000
88165  -62.473  -1.998  -39.580 0.0000000000
88166  -62.832  -1.503  -39.449 0.0000000000
89308  -66.536  -1.198  -34.829 0.0000000000
89326  -63.906  -1.706  -35.642 0.0000000000
89327  -64.999  -1.451  -35.708 0.0000000000
89328  -65.976  -1.186  -35.389 0.0000000000
89329  -66.449  -0.984  -35.214 0.0000000000
89348  -62.900  -1.565  -36.485 0.0000000000
89349  -63.824  -1.377  -36.603 0.0000000000
89350  -64.633  -1.114  -36.342 0.0000000000
89373  -62.784  -1.620  -37.532 0.0000000000
89374  -63.295  -1.206  -37.614 0.0000000000
89408  -62.829  -1.660  -38.331 0.0000000000
89409  -63.068  -1.050  -38.741 0.0000000000
89430  -60.833  -1.484  -40.144 0.0000000000
89431  -61.952  -1.734  -40.264 0.0000000000
89432  -62.605  -1.436  -40.067 0.0000000000
89433  -62.901  -0.929  -39.753 0.0000000000
89449  -61.007  -0.996  -40.689 0.0000000000
89450  -61.634  -0.979  -40.812 0.0000000000
89451  -62.306  -1.118  -40.627 0.0000000000
89452  -62.575  -0.757  -40.396 0.0000000000
89460  -61.900  -0.491  -41.144 0.0000000000
89461  -62.164  -0.570  -40.961 0.0000000000
89462  -62.380  -0.626  -40.729 0.0000000000
90635  -66.563  -0.601  -34.029 0.0000000000
90640  -66.485  -0.664  -34.852 0.0000000000
90648  -65.308  -0.777  -35.975 0.0000000000
90649  -66.103  -0.756  -35.402 0.0000000000
90650  -66.418  -0.732  -35.189 0.0000000000
90655  -64.011  -0.877  -36.782 0.0000000000
90656  -64.685  -0.870  -36.399 0.0000000000
90667  -63.375  -0.585  -37.654 0.0000000000
90719  -59.983  -0.966  -40.028 0.0000000000
90721  -62.923  -0.215  -39.418 0.0000000000
90740  -59.746  -0.419  -40.158 0.0000000000
90741  -60.455  -0.545  -40.599 0.0000000000
90742  -61.131  -0.619  -40.925 0.0000000000
90743  -62.728  -0.212  -40.200 0.0000000000
90756  -60.937  -0.142  -41.099 0.0000000000
90757  -61.552  -0.175  -41.254 0.0000000000
90758  -62.007  -0.094  -41.331 0.0000000000
90759  -62.481  0.053  -41.004 0.0000000000
90770  -62.349  0.445  -41.648 0.0000000000
90771  -62.575  0.739  -41.662 0.0000000000
91937  -66.202  0.528  -33.598 0.0000000000
91944  -64.843  0.779  -35.139 0.0000000000
91945  -65.358  0.599  -34.979 0.0000000000
91946  -66.221  0.188  -34.593 0.0000000000
91955  -64.641  0.202  -35.644 0.0000000000
91956  -65.732  -0.188  -35.331 0.0000000000
91957  -66.277  -0.458  -35.111 0.0000000000
91964  -63.708  -0.130  -36.645 0.0000000000
91965  -64.522  -0.552  -36.319 0.0000000000
92025  -62.723  0.680  -39.621 0.0000000000
92026  -62.779  0.188  -39.973 0.0000000000
92044  -59.081  0.782  -40.307 0.0000000000
92045  -59.645  0.304  -40.432 0.0000000000
92046  -60.427  0.357  -41.030 0.0000000000
92047  -62.720  1.106  -40.185 0.0000000000
92048  -62.737  0.706  -40.560 0.0000000000
92068  -61.072  0.471  -41.527 0.0000000000
92069  -61.810  0.673  -41.961 0.0000000000
92070  -61.956  0.349  -41.970 0.0000000000
92071  -62.998  1.122  -41.303 0.0000000000
92082  -62.027  1.117  -42.493 0.0000000000
92083  -62.485  0.978  -42.198 0.0000000000
92084  -63.044  1.089  -41.878 0.0000000000
92097  -62.154  1.495  -42.827 0.0000000000
92098  -62.400  1.268  -42.496 0.0000000000
93257  -65.492  2.166  -32.186 0.0000000000
93273  -65.678  1.487  -32.776 0.0000000000
93282  -64.663  1.905  -34.018 0.0000000000
93283  -65.097  1.828  -33.814 0.0000000000
93284  -65.696  1.485  -33.464 0.0000000000
93294  -64.622  1.388  -34.580 0.0000000000
93295  -65.630  1.123  -34.300 0.0000000000
93296  -66.100  0.873  -34.012 0.0000000000
93304  -64.555  0.856  -35.189 0.0000000000
93375  -59.334  1.138  -40.672 0.0000000000
93376  -59.946  0.960  -40.933 0.0000000000
93377  -62.656  1.588  -39.917 0.0000000000
93378  -62.824  1.584  -40.505 0.0000000000
93408  -59.032  1.671  -40.895 0.0000000000
93409  -59.626  1.619  -41.296 0.0000000000
93410  -60.455  1.189  -41.550 0.0000000000
93411  -61.134  1.124  -42.031 0.0000000000
93412  -62.929  1.611  -41.232 0.0000000000
93429  -60.050  1.890  -41.887 0.0000000000
93430  -60.660  1.761  -42.299 0.0000000000
93431  -61.474  1.581  -42.693 0.0000000000
93432  -62.642  1.357  -42.363 0.0000000000
93433  -62.857  1.584  -42.132 0.0000000000
93442  -61.947  1.792  -43.080 0.0000000000
93443  -62.543  1.654  -42.616 0.0000000000
93444  -62.879  2.165  -42.527 0.0000000000
94377  -66.935  3.037  -26.278 0.0000000000
94390  -47.643  2.606  -29.148 0.0000000000
94407  -47.650  2.367  -30.497 0.0000000000
94416  -65.622  2.987  -30.722 0.0000000000
94430  -47.700  2.660  -31.107 0.0000000000
94431  -48.213  2.179  -31.482 0.0000000000
94441  -65.576  2.768  -31.526 0.0000000000
94452  -47.842  2.804  -31.812 0.0000000000
94453  -48.314  2.512  -32.341 0.0000000000
94461  -65.440  2.911  -32.476 0.0000000000
94462  -65.528  2.716  -32.269 0.0000000000
94474  -48.698  2.568  -33.037 0.0000000000
94483  -65.264  2.601  -32.907 0.0000000000
94484  -65.571  2.063  -32.852 0.0000000000
94493  -48.922  2.683  -33.718 0.0000000000
94494  -49.679  2.585  -34.095 0.0000000000
94495  -50.752  2.610  -34.266 0.0000000000
94496  -51.784  2.780  -34.334 0.0000000000
94497  -52.551  3.026  -34.444 0.0000000000
94500  -64.404  1.950  -34.078 0.0000000000
94520  -62.181  2.454  -37.626 0.0000000000
94535  -62.344  2.480  -38.631 0.0000000000
94548  -62.671  2.629  -39.648 0.0000000000
94549  -62.955  3.144  -40.102 0.0000000000
94563  -58.663  1.856  -40.847 0.0000000000
94564  -62.784  2.085  -40.219 0.0000000000
94565  -63.007  2.584  -40.692 0.0000000000
94592  -59.591  2.105  -41.797 0.0000000000
94593  -63.144  2.497  -41.753 0.0000000000
94622  -60.900  2.141  -42.965 0.0000000000
94623  -61.322  1.974  -43.083 0.0000000000
94624  -62.972  2.519  -42.477 0.0000000000
94636  -60.601  2.772  -43.439 0.0000000000
94637  -61.522  2.356  -43.339 0.0000000000
94638  -62.349  2.406  -43.158 0.0000000000
94639  -62.716  2.375  -42.792 0.0000000000
95622  -66.907  3.817  -26.413 0.0000000000
95623  -67.090  3.713  -25.782 0.0000000000
95636  -66.611  3.733  -27.238 0.0000000000
95640  -47.809  2.896  -28.840 0.0000000000
95646  -66.178  3.318  -28.074 0.0000000000
95647  -66.455  4.163  -28.477 0.0000000000
95650  -47.729  3.347  -29.341 0.0000000000
95657  -66.219  4.049  -29.549 0.0000000000
95661  -47.536  3.246  -30.419 0.0000000000
95666  -65.722  3.345  -29.958 0.0000000000
95667  -65.986  3.758  -30.646 0.0000000000
95679  -47.545  3.430  -31.462 0.0000000000
95685  -65.830  3.566  -31.558 0.0000000000
95693  -47.702  3.333  -32.622 0.0000000000
95694  -48.194  2.814  -32.886 0.0000000000
95703  -65.705  3.416  -31.984 0.0000000000
95714  -47.657  3.648  -33.845 0.0000000000
95715  -48.265  2.996  -33.472 0.0000000000
95716  -53.236  3.173  -34.235 0.0000000000
95722  -64.624  3.243  -32.821 0.0000000000
95723  -65.105  3.280  -32.570 0.0000000000
95734  -47.697  3.936  -34.853 0.0000000000
95735  -48.675  3.165  -34.622 0.0000000000
95736  -50.055  2.956  -35.035 0.0000000000
95737  -51.208  2.988  -35.077 0.0000000000
95738  -52.166  3.161  -35.060 0.0000000000
95739  -53.007  3.330  -35.000 0.0000000000
95740  -53.846  3.443  -34.859 0.0000000000
95741  -54.695  3.655  -34.621 0.0000000000
95749  -47.755  4.216  -35.386 0.0000000000
95750  -48.294  3.891  -35.501 0.0000000000
95751  -49.424  3.695  -35.964 0.0000000000
95752  -50.714  3.402  -35.850 0.0000000000
95753  -51.769  3.375  -35.800 0.0000000000
95754  -52.707  3.422  -35.763 0.0000000000
95755  -53.616  3.472  -35.732 0.0000000000
95756  -54.552  3.555  -35.586 0.0000000000
95757  -55.605  3.848  -35.327 0.0000000000
95758  -56.275  3.966  -35.788 0.0000000000
95765  -49.794  4.197  -36.609 0.0000000000
95766  -50.437  3.962  -36.550 0.0000000000
95767  -51.427  3.801  -36.500 0.0000000000
95768  -52.394  3.708  -36.477 0.0000000000
95769  -53.289  3.654  -36.477 0.0000000000
95770  -54.282  3.668  -36.674 0.0000000000
95771  -55.215  3.654  -36.287 0.0000000000
95772  -55.979  3.777  -36.296 0.0000000000
95773  -62.146  3.426  -37.120 0.0000000000
95781  -54.663  3.932  -37.288 0.0000000000
95782  -55.185  3.748  -37.033 0.0000000000
95783  -55.642  3.712  -36.744 0.0000000000
95784  -62.367  3.348  -38.133 0.0000000000
95799  -62.584  3.320  -38.996 0.0000000000
95800  -62.768  3.858  -38.983 0.0000000000
95814  -62.705  3.209  -39.403 0.0000000000
95815  -62.904  3.637  -39.549 0.0000000000
95834  -63.211  3.690  -40.467 0.0000000000
95852  -63.336  3.521  -41.401 0.0000000000
95882  -63.244  3.419  -42.290 0.0000000000
95905  -61.177  3.428  -43.908 0.0000000000
95906  -62.056  3.323  -43.586 0.0000000000
95907  -62.785  3.362  -43.039 0.0000000000
96967  -66.763  4.185  -25.474 0.0000000000
96968  -67.063  4.026  -25.466 0.0000000000
96983  -66.625  4.528  -26.413 0.0000000000
96984  -66.943  4.172  -25.749 0.0000000000
96998  -66.655  4.741  -27.745 0.0000000000
97010  -66.654  4.897  -28.579 0.0000000000
97019  -66.503  4.671  -29.166 0.0000000000
97039  -47.517  4.223  -30.864 0.0000000000
97054  -47.387  4.380  -31.926 0.0000000000
97063  -65.768  3.925  -31.781 0.0000000000
97070  -47.251  4.481  -33.096 0.0000000000
97085  -47.195  4.607  -34.224 0.0000000000
97100  -47.310  4.751  -35.259 0.0000000000
97101  -47.889  4.464  -35.824 0.0000000000
97102  -48.567  4.276  -36.134 0.0000000000
97104  -56.628  4.285  -35.218 0.0000000000
97105  -57.655  4.638  -35.616 0.0000000000
97106  -58.324  4.863  -35.999 0.0000000000
97115  -47.517  5.079  -35.986 0.0000000000
97116  -48.191  4.933  -36.430 0.0000000000
97117  -49.181  4.671  -36.758 0.0000000000
97118  -50.171  4.628  -37.061 0.0000000000
97119  -51.141  4.395  -37.098 0.0000000000
97120  -52.116  4.204  -37.125 0.0000000000
97121  -53.056  3.995  -37.131 0.0000000000
97122  -53.670  3.840  -37.029 0.0000000000
97123  -56.882  4.058  -36.293 0.0000000000
97124  -57.891  4.447  -36.543 0.0000000000
97125  -58.696  4.855  -36.616 0.0000000000
97135  -49.652  5.101  -37.218 0.0000000000
97136  -50.162  5.289  -37.408 0.0000000000
97137  -50.887  5.136  -37.483 0.0000000000
97138  -51.843  4.967  -37.612 0.0000000000
97139  -52.863  4.689  -37.704 0.0000000000
97140  -54.047  4.352  -37.667 0.0000000000
97141  -55.125  4.215  -37.636 0.0000000000
97142  -56.135  3.958  -37.290 0.0000000000
97143  -57.331  4.246  -37.327 0.0000000000
97144  -58.251  4.593  -37.409 0.0000000000
97145  -62.469  4.380  -37.885 0.0000000000
97146  -62.697  4.802  -38.423 0.0000000000
97154  -54.332  4.877  -38.165 0.0000000000
97155  -54.849  4.832  -38.181 0.0000000000
97156  -55.821  4.703  -38.226 0.0000000000
97157  -56.872  4.605  -38.162 0.0000000000
97158  -57.735  4.653  -38.025 0.0000000000
97159  -62.657  3.898  -38.553 0.0000000000
97160  -62.838  4.471  -38.890 0.0000000000
97168  -63.218  4.666  -39.986 0.0000000000
97186  -63.489  4.546  -41.074 0.0000000000
97205  -63.510  4.432  -42.017 0.0000000000
97225  -63.160  4.331  -42.746 0.0000000000
97250  -61.773  4.158  -43.919 0.0000000000
97251  -62.409  4.461  -43.535 0.0000000000
97252  -62.837  4.315  -43.144 0.0000000000
97269  -61.607  4.855  -44.120 0.0000000000
97270  -62.004  4.736  -43.871 0.0000000000
98315  -47.018  5.545  -33.584 0.0000000000
98327  -46.635  6.326  -34.970 0.0000000000
98328  -46.844  5.564  -34.641 0.0000000000
98341  -46.709  6.416  -35.410 0.0000000000
98342  -46.951  5.831  -35.654 0.0000000000
98343  -58.268  5.070  -35.591 0.0000000000
98357  -47.624  5.724  -36.478 0.0000000000
98358  -48.606  5.698  -37.079 0.0000000000
98359  -49.239  5.296  -37.160 0.0000000000
98360  -59.319  5.301  -36.684 0.0000000000
98361  -59.866  5.918  -36.380 0.0000000000
98362  -60.412  6.064  -36.516 0.0000000000
98363  -62.163  5.172  -37.181 0.0000000000
98372  -49.012  6.234  -37.387 0.0000000000
98373  -49.577  5.849  -37.441 0.0000000000
98374  -50.550  5.905  -37.653 0.0000000000
98375  -51.478  5.847  -37.853 0.0000000000
98376  -52.606  5.785  -38.162 0.0000000000
98377  -53.563  5.179  -38.165 0.0000000000
98378  -54.070  4.943  -38.169 0.0000000000
98379  -59.097  4.937  -37.442 0.0000000000
98380  -59.844  5.374  -37.293 0.0000000000
98381  -60.430  5.746  -37.025 0.0000000000
98382  -62.457  5.182  -38.319 0.0000000000
98383  -62.817  4.983  -38.671 0.0000000000
98393  -53.053  6.352  -38.392 0.0000000000
98394  -53.507  6.040  -38.430 0.0000000000
98395  -54.354  5.555  -38.446 0.0000000000
98396  -55.398  5.566  -38.680 0.0000000000
98397  -56.538  5.590  -38.905 0.0000000000
98398  -57.574  5.195  -38.687 0.0000000000
98399  -58.559  4.999  -38.353 0.0000000000
98400  -59.601  5.196  -38.214 0.0000000000
98401  -60.502  5.484  -38.030 0.0000000000
98402  -60.886  5.545  -38.551 0.0000000000
98403  -62.455  5.408  -38.874 0.0000000000
98404  -62.809  5.231  -39.222 0.0000000000
98413  -56.891  6.163  -39.300 0.0000000000
98414  -57.403  5.936  -39.287 0.0000000000
98415  -58.279  5.611  -39.262 0.0000000000
98416  -59.248  5.441  -39.107 0.0000000000
98417  -60.175  5.437  -38.892 0.0000000000
98418  -60.669  5.503  -38.714 0.0000000000
98419  -62.985  5.417  -40.124 0.0000000000
98434  -63.257  5.429  -40.877 0.0000000000
98454  -63.488  5.451  -41.786 0.0000000000
98471  -63.371  5.356  -42.615 0.0000000000
98494  -62.597  5.219  -43.550 0.0000000000
98495  -62.950  5.120  -43.225 0.0000000000
98518  -61.446  5.683  -44.339 0.0000000000
98519  -62.231  5.484  -43.911 0.0000000000
99635  -46.622  6.831  -34.735 0.0000000000
99645  -46.635  6.888  -35.207 0.0000000000
99646  -46.805  6.708  -35.743 0.0000000000
99660  -47.154  6.547  -36.290 0.0000000000
99661  -47.787  6.583  -36.939 0.0000000000
99665  -61.614  5.690  -36.629 0.0000000000
99677  -48.592  6.713  -37.330 0.0000000000
99678  -49.340  6.776  -37.492 0.0000000000
99679  -50.165  6.736  -37.658 0.0000000000
99680  -51.065  6.729  -37.853 0.0000000000
99681  -51.955  6.721  -38.132 0.0000000000
99683  -61.272  5.820  -37.046 0.0000000000
99684  -61.819  5.511  -37.666 0.0000000000
99694  -52.733  6.811  -38.364 0.0000000000
99695  -53.384  6.837  -38.515 0.0000000000
99696  -54.113  6.669  -38.669 0.0000000000
99697  -54.991  6.523  -38.889 0.0000000000
99698  -55.855  6.425  -39.112 0.0000000000
99699  -60.891  5.742  -37.367 0.0000000000
99700  -61.235  5.559  -38.098 0.0000000000
99701  -61.957  5.559  -38.737 0.0000000000
99702  -62.388  5.543  -39.272 0.0000000000
99707  -56.499  6.537  -39.341 0.0000000000
99708  -57.115  6.680  -39.589 0.0000000000
99709  -58.000  6.544  -39.861 0.0000000000
99710  -58.926  6.053  -39.867 0.0000000000
99711  -59.888  5.835  -39.752 0.0000000000
99712  -60.990  5.622  -39.312 0.0000000000
99713  -61.939  5.797  -39.688 0.0000000000
99714  -62.529  5.654  -39.926 0.0000000000
99721  -58.734  6.812  -40.272 0.0000000000
99722  -59.490  6.594  -40.434 0.0000000000
99723  -60.448  6.345  -40.522 0.0000000000
99724  -61.354  6.129  -40.408 0.0000000000
99725  -62.106  6.102  -40.555 0.0000000000
99726  -62.727  5.899  -40.764 0.0000000000
99742  -60.961  6.648  -40.956 0.0000000000
99743  -61.573  6.665  -41.129 0.0000000000
99744  -62.312  6.602  -41.363 0.0000000000
99745  -63.029  6.365  -41.688 0.0000000000
99758  -63.380  6.387  -42.489 0.0000000000
99776  -62.813  5.756  -43.605 0.0000000000
99777  -63.273  6.359  -43.317 0.0000000000
99798  -61.193  6.646  -44.543 0.0000000000
99799  -62.080  6.554  -44.352 0.0000000000
99800  -62.814  6.560  -43.910 0.0000000000
99801  -63.208  6.922  -43.739 0.0000000000
101015  -46.641  7.596  -35.717 0.0000000000
101016  -46.905  7.077  -36.105 0.0000000000
101027  -46.785  8.058  -36.218 0.0000000000
101028  -47.170  7.531  -36.572 0.0000000000
101029  -48.022  7.534  -37.257 0.0000000000
101041  -48.921  7.593  -37.466 0.0000000000
101042  -49.801  7.622  -37.574 0.0000000000
101043  -50.695  7.627  -37.725 0.0000000000
101044  -51.574  7.627  -37.962 0.0000000000
101045  -52.381  7.625  -38.234 0.0000000000
101047  -53.105  7.622  -38.451 0.0000000000
101048  -53.830  7.600  -38.648 0.0000000000
101049  -54.660  7.550  -38.876 0.0000000000
101050  -55.645  7.502  -39.206 0.0000000000
101051  -56.127  6.988  -39.318 0.0000000000
101053  -56.079  8.013  -39.421 0.0000000000
101054  -56.527  7.526  -39.539 0.0000000000
101055  -57.446  7.531  -39.919 0.0000000000
101056  -58.272  7.538  -40.280 0.0000000000
101062  -59.084  7.509  -40.632 0.0000000000
101063  -60.000  7.362  -41.074 0.0000000000
101064  -60.555  6.905  -41.047 0.0000000000
101077  -60.386  7.818  -41.366 0.0000000000
101078  -60.887  7.401  -41.377 0.0000000000
101079  -61.792  7.430  -41.701 0.0000000000
101080  -62.549  7.388  -42.037 0.0000000000
101081  -63.111  7.330  -42.475 0.0000000000
101092  -63.452  7.332  -43.034 0.0000000000
101105  -63.322  7.396  -43.605 0.0000000000
101112  -61.835  7.561  -44.572 0.0000000000
101113  -62.633  7.450  -44.272 0.0000000000
101114  -63.103  7.309  -43.961 0.0000000000
102367  -46.374  8.542  -35.103 0.0000000000
102378  -46.574  8.608  -35.922 0.0000000000
102379  -46.994  8.570  -36.515 0.0000000000
102380  -47.612  8.457  -37.054 0.0000000000
102389  -48.463  8.470  -37.383 0.0000000000
102390  -49.379  8.516  -37.521 0.0000000000
102391  -50.311  8.547  -37.622 0.0000000000
102392  -51.230  8.560  -37.799 0.0000000000
102393  -52.109  8.549  -38.080 0.0000000000
102395  -52.848  8.452  -38.342 0.0000000000
102396  -53.499  8.437  -38.521 0.0000000000
102397  -54.272  8.515  -38.726 0.0000000000
102398  -55.148  8.524  -39.028 0.0000000000
102400  -55.835  8.521  -39.325 0.0000000000
102401  -56.350  8.516  -39.542 0.0000000000
102402  -57.035  8.502  -39.795 0.0000000000
102403  -57.856  8.478  -40.157 0.0000000000
102409  -58.662  8.441  -40.551 0.0000000000
102410  -59.474  8.373  -40.973 0.0000000000
102423  -60.124  8.297  -41.313 0.0000000000
102424  -60.624  8.234  -41.533 0.0000000000
102425  -61.288  8.258  -41.793 0.0000000000
102426  -62.077  8.350  -42.180 0.0000000000
102427  -62.765  8.266  -42.537 0.0000000000
102439  -63.211  8.160  -42.890 0.0000000000
102449  -63.284  8.170  -43.403 0.0000000000
102456  -61.484  8.533  -44.551 0.0000000000
102457  -62.406  8.504  -44.338 0.0000000000
102458  -63.100  8.131  -43.992 0.0000000000
103677  -46.212  9.503  -34.612 0.0000000000
103685  -46.327  9.494  -35.527 0.0000000000
103688  -46.743  9.462  -36.285 0.0000000000
103689  -47.336  9.364  -36.842 0.0000000000
103690  -48.032  9.344  -37.270 0.0000000000
103694  -48.923  9.427  -37.455 0.0000000000
103695  -49.889  9.476  -37.578 0.0000000000
103696  -50.851  9.510  -37.699 0.0000000000
103697  -51.802  9.526  -37.917 0.0000000000
103698  -52.832  9.517  -38.257 0.0000000000
103699  -53.390  9.983  -38.357 0.0000000000
103703  -53.225  8.970  -38.416 0.0000000000
103704  -53.765  9.469  -38.484 0.0000000000
103705  -54.770  9.516  -38.799 0.0000000000
103706  -55.746  9.544  -39.222 0.0000000000
103707  -56.257  10.060  -39.378 0.0000000000
103711  -56.115  9.026  -39.442 0.0000000000
103712  -56.599  9.508  -39.579 0.0000000000
103713  -57.499  9.453  -39.955 0.0000000000
103714  -58.316  9.401  -40.335 0.0000000000
103719  -59.123  9.339  -40.742 0.0000000000
103720  -60.082  9.286  -41.200 0.0000000000
103721  -60.993  9.836  -41.495 0.0000000000
103722  -61.808  10.150  -41.782 0.0000000000
103723  -62.209  10.421  -42.027 0.0000000000
103733  -60.396  8.695  -41.426 0.0000000000
103734  -60.819  8.932  -41.599 0.0000000000
103735  -61.617  9.196  -41.882 0.0000000000
103736  -62.471  9.555  -42.506 0.0000000000
103737  -62.938  8.743  -42.787 0.0000000000
103752  -62.787  9.654  -43.308 0.0000000000
103753  -63.043  8.899  -43.108 0.0000000000
103764  -62.429  9.811  -44.051 0.0000000000
103765  -62.724  9.482  -43.808 0.0000000000
103766  -63.027  8.904  -43.633 0.0000000000
103774  -61.947  9.454  -44.336 0.0000000000
103775  -62.532  9.269  -44.139 0.0000000000
103776  -62.857  8.905  -44.039 0.0000000000
105075  -46.114  10.465  -34.111 0.0000000000
105083  -46.023  10.480  -35.123 0.0000000000
105087  -46.425  10.413  -36.024 0.0000000000
105088  -47.088  10.362  -36.730 0.0000000000
105089  -47.660  10.018  -37.137 0.0000000000
105093  -47.647  10.679  -37.200 0.0000000000
105094  -48.380  10.363  -37.388 0.0000000000
105095  -49.438  10.404  -37.561 0.0000000000
105096  -50.438  10.456  -37.661 0.0000000000
105097  -51.419  10.492  -37.768 0.0000000000
105098  -52.376  10.526  -37.983 0.0000000000
105099  -53.269  10.621  -38.229 0.0000000000
105100  -53.903  10.901  -38.384 0.0000000000
105103  -53.741  10.302  -38.395 0.0000000000
105104  -54.406  10.514  -38.559 0.0000000000
105105  -55.291  10.524  -38.887 0.0000000000
105106  -56.076  10.626  -39.201 0.0000000000
105110  -56.669  10.523  -39.437 0.0000000000
105111  -57.250  10.386  -39.693 0.0000000000
105112  -58.053  10.391  -40.039 0.0000000000
105117  -58.852  10.246  -40.392 0.0000000000
105118  -59.565  10.204  -40.720 0.0000000000
105119  -60.387  10.487  -40.988 0.0000000000
105120  -61.273  10.803  -41.232 0.0000000000
105121  -61.955  10.978  -41.618 0.0000000000
105126  -62.353  10.887  -42.180 0.0000000000
105146  -62.653  10.712  -42.961 0.0000000000
105160  -62.008  10.410  -44.089 0.0000000000
105161  -62.555  10.209  -43.655 0.0000000000
105167  -61.434  9.983  -44.366 0.0000000000
106429  -46.387  11.325  -33.399 0.0000000000
106441  -45.895  11.666  -34.557 0.0000000000
106449  -46.091  11.442  -35.771 0.0000000000
106458  -46.621  11.273  -36.578 0.0000000000
106459  -47.235  11.311  -37.095 0.0000000000
106464  -48.014  11.359  -37.443 0.0000000000
106465  -48.994  11.296  -37.625 0.0000000000
106466  -50.006  11.375  -37.726 0.0000000000
106467  -51.017  11.449  -37.754 0.0000000000
106468  -52.007  11.466  -37.824 0.0000000000
106469  -52.935  11.508  -38.006 0.0000000000
106470  -53.762  11.562  -38.232 0.0000000000
106471  -54.397  11.458  -38.436 0.0000000000
106474  -55.000  11.391  -38.637 0.0000000000
106475  -55.796  11.501  -38.901 0.0000000000
106476  -56.790  11.523  -39.264 0.0000000000
106477  -57.375  11.927  -39.368 0.0000000000
106480  -57.095  10.965  -39.475 0.0000000000
106481  -57.669  11.396  -39.587 0.0000000000
106482  -58.896  11.337  -40.030 0.0000000000
106483  -59.970  11.852  -40.113 0.0000000000
106484  -60.491  12.050  -40.181 0.0000000000
106490  -59.275  10.711  -40.380 0.0000000000
106491  -59.800  11.036  -40.454 0.0000000000
106492  -60.692  11.570  -40.572 0.0000000000
106493  -61.599  11.695  -40.956 0.0000000000
106494  -62.138  11.774  -41.550 0.0000000000
106499  -62.375  11.691  -42.305 0.0000000000
106521  -62.347  11.634  -43.063 0.0000000000
106538  -62.381  10.958  -43.562 0.0000000000
107656  -46.291  12.508  -33.715 0.0000000000
107657  -46.877  12.357  -33.007 0.0000000000
107679  -46.770  11.780  -37.086 0.0000000000
107690  -48.554  12.083  -37.865 0.0000000000
107691  -49.549  12.112  -37.914 0.0000000000
107692  -50.566  12.450  -38.054 0.0000000000
107693  -51.643  12.355  -37.941 0.0000000000
107694  -52.608  12.404  -37.975 0.0000000000
107695  -53.549  12.436  -38.124 0.0000000000
107696  -54.522  12.402  -38.357 0.0000000000
107697  -55.057  12.784  -38.465 0.0000000000
107707  -54.812  11.916  -38.485 0.0000000000
107708  -55.326  12.367  -38.579 0.0000000000
107709  -56.323  12.492  -38.848 0.0000000000
107710  -57.408  12.587  -39.151 0.0000000000
107711  -57.994  12.940  -39.196 0.0000000000
107717  -57.673  12.103  -39.396 0.0000000000
107718  -58.263  12.406  -39.441 0.0000000000
107719  -59.374  12.481  -39.699 0.0000000000
107720  -60.492  12.597  -39.870 0.0000000000
107730  -60.737  12.145  -40.232 0.0000000000
107731  -61.178  12.308  -40.346 0.0000000000
107732  -61.921  12.723  -40.637 0.0000000000
108907  -58.278  13.055  -39.216 0.0000000000
108908  -58.819  13.173  -39.275 0.0000000000
108909  -59.805  13.343  -39.354 0.0000000000
108910  -60.778  13.529  -39.385 0.0000000000
