#!ascii label  , from subject COLIN27_FS vox2ras=TkReg
227
48651  -37.645  -32.895  -33.997 0.0000000000
48652  -37.996  -33.518  -33.508 0.0000000000
48662  -37.757  -33.010  -34.574 0.0000000000
49759  -38.312  -31.985  -31.902 0.0000000000
49760  -38.846  -32.236  -31.630 0.0000000000
49773  -37.502  -32.110  -33.028 0.0000000000
49774  -38.080  -32.633  -32.550 0.0000000000
49787  -37.565  -32.522  -33.513 0.0000000000
49788  -37.824  -32.926  -33.152 0.0000000000
49801  -37.500  -32.392  -34.415 0.0000000000
49812  -37.755  -32.348  -35.310 0.0000000000
49813  -38.152  -32.686  -35.857 0.0000000000
50936  -37.182  -31.611  -33.468 0.0000000000
50951  -37.230  -31.839  -34.132 0.0000000000
50962  -37.335  -31.603  -34.951 0.0000000000
50975  -37.726  -31.486  -35.885 0.0000000000
52191  -36.690  -29.972  -33.975 0.0000000000
52207  -36.845  -29.996  -34.828 0.0000000000
52208  -36.929  -30.910  -34.316 0.0000000000
52222  -37.024  -29.880  -35.331 0.0000000000
52223  -37.255  -30.508  -35.539 0.0000000000
53500  -36.613  -29.182  -33.620 0.0000000000
53516  -36.674  -29.275  -34.478 0.0000000000
53530  -36.888  -29.368  -35.234 0.0000000000
53531  -37.147  -29.659  -35.712 0.0000000000
53545  -37.499  -29.750  -36.440 0.0000000000
53558  -38.038  -29.931  -37.495 0.0000000000
54719  -36.580  -28.534  -34.162 0.0000000000
54729  -36.698  -28.594  -35.009 0.0000000000
54730  -37.065  -28.820  -36.000 0.0000000000
54742  -37.546  -28.920  -37.150 0.0000000000
54754  -37.862  -29.107  -37.983 0.0000000000
55806  -36.585  -27.883  -33.855 0.0000000000
55807  -36.683  -27.222  -34.363 0.0000000000
55819  -36.616  -27.959  -34.582 0.0000000000
55820  -36.781  -27.622  -35.490 0.0000000000
55835  -37.232  -27.828  -36.774 0.0000000000
55846  -37.647  -28.092  -38.004 0.0000000000
55860  -37.619  -27.987  -39.053 0.0000000000
55874  -37.347  -27.846  -39.706 0.0000000000
55884  -37.122  -27.764  -40.071 0.0000000000
56922  -37.168  -26.270  -33.963 0.0000000000
56938  -36.889  -26.374  -35.158 0.0000000000
56955  -37.055  -26.667  -36.336 0.0000000000
56969  -37.387  -26.901  -37.513 0.0000000000
56984  -37.555  -27.068  -38.635 0.0000000000
56999  -37.458  -27.233  -39.411 0.0000000000
57006  -36.051  -26.520  -40.132 0.0000000000
57007  -36.709  -26.616  -40.272 0.0000000000
57008  -37.231  -27.007  -40.008 0.0000000000
58164  -37.545  -25.325  -34.897 0.0000000000
58165  -38.230  -24.851  -34.569 0.0000000000
58183  -37.249  -25.622  -35.911 0.0000000000
58201  -37.341  -25.811  -37.004 0.0000000000
58218  -37.495  -25.992  -38.169 0.0000000000
58234  -37.508  -26.175  -39.357 0.0000000000
58242  -34.639  -24.885  -40.012 0.0000000000
58244  -36.398  -25.426  -40.736 0.0000000000
58245  -37.176  -25.725  -40.327 0.0000000000
58249  -36.761  -24.734  -41.213 0.0000000000
58250  -37.062  -24.993  -40.986 0.0000000000
59434  -38.604  -24.593  -34.726 0.0000000000
59435  -39.071  -24.424  -34.770 0.0000000000
59436  -39.784  -24.392  -34.833 0.0000000000
59451  -37.602  -24.981  -35.666 0.0000000000
59452  -38.337  -24.384  -35.525 0.0000000000
59453  -39.335  -24.073  -35.326 0.0000000000
59454  -40.257  -24.206  -35.439 0.0000000000
59455  -40.883  -24.440  -35.692 0.0000000000
59471  -37.584  -24.893  -36.425 0.0000000000
59472  -38.060  -24.137  -36.941 0.0000000000
59473  -40.691  -24.053  -36.049 0.0000000000
59474  -41.189  -24.406  -36.385 0.0000000000
59488  -37.631  -24.970  -37.575 0.0000000000
59489  -38.004  -24.165  -38.128 0.0000000000
59490  -41.517  -24.449  -37.227 0.0000000000
59505  -37.702  -25.076  -38.734 0.0000000000
59506  -37.988  -24.194  -39.211 0.0000000000
59520  -32.739  -24.268  -38.715 0.0000000000
59522  -33.507  -24.578  -39.474 0.0000000000
59523  -37.634  -24.999  -39.794 0.0000000000
59524  -37.922  -24.098  -40.191 0.0000000000
59535  -32.828  -24.000  -39.419 0.0000000000
59536  -33.196  -24.092  -39.790 0.0000000000
59537  -34.034  -24.317  -40.061 0.0000000000
59538  -34.996  -24.368  -40.560 0.0000000000
59539  -35.682  -24.764  -40.857 0.0000000000
59540  -37.494  -24.658  -40.682 0.0000000000
59541  -37.854  -23.889  -41.051 0.0000000000
59547  -35.511  -24.092  -41.092 0.0000000000
59548  -36.274  -24.237  -41.324 0.0000000000
59549  -37.227  -24.106  -41.453 0.0000000000
59550  -37.741  -23.629  -41.561 0.0000000000
60685  -29.893  -23.103  -35.429 0.0000000000
60686  -30.898  -23.318  -35.627 0.0000000000
60687  -31.861  -23.130  -35.608 0.0000000000
60688  -32.478  -22.989  -35.494 0.0000000000
60689  -39.022  -23.859  -35.787 0.0000000000
60690  -39.608  -23.732  -35.950 0.0000000000
60691  -40.246  -23.756  -36.149 0.0000000000
60710  -30.209  -23.807  -35.733 0.0000000000
60711  -31.084  -24.157  -36.201 0.0000000000
60712  -31.854  -23.806  -36.174 0.0000000000
60713  -32.740  -23.526  -35.992 0.0000000000
60714  -33.548  -23.470  -36.238 0.0000000000
60715  -33.951  -23.453  -36.423 0.0000000000
60716  -38.918  -23.609  -36.543 0.0000000000
60717  -39.866  -23.404  -36.748 0.0000000000
60718  -40.705  -23.704  -36.759 0.0000000000
60719  -41.183  -24.024  -36.945 0.0000000000
60734  -32.603  -23.975  -36.902 0.0000000000
60735  -33.297  -23.728  -36.885 0.0000000000
60736  -33.766  -23.545  -36.705 0.0000000000
60737  -38.554  -23.504  -37.639 0.0000000000
60738  -39.330  -23.137  -37.574 0.0000000000
60739  -40.325  -23.074  -37.801 0.0000000000
60740  -41.148  -23.694  -37.524 0.0000000000
60752  -32.651  -24.007  -37.931 0.0000000000
60753  -33.022  -23.830  -37.524 0.0000000000
60754  -38.451  -23.423  -38.687 0.0000000000
60755  -38.900  -23.096  -38.159 0.0000000000
60756  -40.554  -22.816  -38.553 0.0000000000
60770  -32.963  -23.562  -39.114 0.0000000000
60771  -33.322  -23.097  -39.466 0.0000000000
60772  -38.304  -23.475  -39.642 0.0000000000
60784  -33.012  -23.722  -39.679 0.0000000000
60785  -33.549  -23.402  -39.962 0.0000000000
60786  -34.634  -23.386  -40.709 0.0000000000
60787  -35.152  -23.766  -40.978 0.0000000000
60788  -38.295  -23.338  -40.571 0.0000000000
60795  -34.999  -22.879  -41.154 0.0000000000
60796  -35.556  -23.254  -41.383 0.0000000000
60797  -36.747  -23.102  -42.032 0.0000000000
60798  -37.628  -23.163  -42.014 0.0000000000
60799  -38.142  -23.187  -41.460 0.0000000000
60805  -37.135  -22.559  -42.440 0.0000000000
60806  -37.368  -22.748  -42.369 0.0000000000
61939  -24.027  -22.339  -35.203 0.0000000000
61940  -24.937  -22.172  -35.456 0.0000000000
61942  -29.399  -22.518  -35.305 0.0000000000
61943  -30.279  -22.470  -35.300 0.0000000000
61944  -31.199  -22.463  -35.333 0.0000000000
61945  -32.055  -22.422  -35.345 0.0000000000
61946  -32.885  -22.519  -35.315 0.0000000000
61947  -33.760  -22.474  -35.290 0.0000000000
61963  -25.127  -21.591  -35.800 0.0000000000
61964  -25.698  -21.893  -35.709 0.0000000000
61965  -26.577  -22.011  -35.607 0.0000000000
61966  -27.476  -22.199  -35.452 0.0000000000
61967  -28.457  -22.384  -35.320 0.0000000000
61968  -32.866  -23.099  -35.537 0.0000000000
61969  -33.341  -23.121  -35.638 0.0000000000
61970  -34.128  -23.198  -35.902 0.0000000000
61971  -35.017  -23.027  -36.139 0.0000000000
61972  -35.801  -22.688  -36.341 0.0000000000
61985  -33.727  -23.581  -37.076 0.0000000000
61986  -34.266  -23.389  -36.916 0.0000000000
61987  -35.224  -22.970  -37.198 0.0000000000
61988  -36.019  -22.505  -37.250 0.0000000000
61989  -39.219  -22.925  -38.178 0.0000000000
61990  -39.584  -22.826  -38.214 0.0000000000
62001  -33.056  -23.727  -37.945 0.0000000000
62002  -33.549  -23.500  -37.742 0.0000000000
62003  -34.454  -23.049  -38.094 0.0000000000
62004  -35.435  -22.465  -38.330 0.0000000000
62005  -36.110  -22.214  -37.917 0.0000000000
62006  -38.595  -23.080  -39.259 0.0000000000
62007  -39.069  -22.779  -38.872 0.0000000000
62008  -39.987  -22.533  -38.836 0.0000000000
62021  -33.119  -23.554  -38.367 0.0000000000
62022  -33.595  -23.064  -38.836 0.0000000000
62023  -34.586  -22.544  -39.258 0.0000000000
62024  -35.224  -22.303  -39.094 0.0000000000
62025  -38.703  -22.843  -39.892 0.0000000000
62026  -39.428  -22.230  -40.010 0.0000000000
62039  -33.784  -22.827  -39.619 0.0000000000
62040  -34.394  -22.605  -40.239 0.0000000000
62041  -34.898  -22.212  -40.757 0.0000000000
62042  -38.784  -22.469  -40.989 0.0000000000
62043  -39.255  -22.074  -40.783 0.0000000000
62050  -34.774  -22.647  -40.896 0.0000000000
62051  -35.271  -22.315  -41.332 0.0000000000
62052  -36.056  -22.297  -41.999 0.0000000000
62053  -37.721  -22.630  -42.362 0.0000000000
62054  -38.230  -22.331  -42.097 0.0000000000
62061  -36.874  -22.168  -42.421 0.0000000000
62062  -37.583  -22.174  -42.604 0.0000000000
62063  -38.067  -21.791  -42.505 0.0000000000
63126  -24.100  -21.693  -35.595 0.0000000000
63127  -28.885  -21.539  -35.405 0.0000000000
63128  -29.759  -21.660  -35.345 0.0000000000
63129  -30.638  -21.652  -35.319 0.0000000000
63130  -31.533  -21.643  -35.314 0.0000000000
63131  -32.403  -21.649  -35.266 0.0000000000
63132  -33.262  -21.614  -35.158 0.0000000000
63150  -24.566  -21.219  -35.947 0.0000000000
63151  -25.335  -21.082  -36.112 0.0000000000
63152  -26.164  -21.167  -36.050 0.0000000000
63153  -27.039  -21.276  -35.793 0.0000000000
63154  -27.958  -21.377  -35.568 0.0000000000
63183  -35.569  -22.166  -38.972 0.0000000000
63184  -36.280  -21.850  -38.678 0.0000000000
63197  -34.737  -22.240  -39.896 0.0000000000
63198  -35.339  -21.979  -39.642 0.0000000000
63199  -36.272  -21.317  -39.981 0.0000000000
63201  -39.945  -21.888  -40.222 0.0000000000
63215  -34.899  -22.073  -40.297 0.0000000000
63216  -35.493  -21.677  -40.739 0.0000000000
63217  -36.571  -20.930  -41.223 0.0000000000
63219  -39.158  -21.963  -41.104 0.0000000000
63220  -39.679  -21.731  -40.906 0.0000000000
63231  -35.865  -21.610  -41.620 0.0000000000
63232  -36.631  -21.372  -42.213 0.0000000000
63233  -38.998  -21.747  -41.594 0.0000000000
63241  -37.321  -21.534  -42.554 0.0000000000
63242  -37.865  -21.452  -42.593 0.0000000000
63243  -38.589  -21.250  -42.308 0.0000000000
64409  -29.360  -20.953  -35.627 0.0000000000
64410  -30.125  -20.893  -35.591 0.0000000000
64411  -31.023  -20.839  -35.552 0.0000000000
64412  -31.931  -20.825  -35.508 0.0000000000
64432  -27.573  -20.598  -36.149 0.0000000000
64485  -37.154  -20.736  -42.024 0.0000000000
64496  -37.415  -20.991  -42.453 0.0000000000
64497  -37.892  -20.526  -42.211 0.0000000000
64505  -37.651  -21.196  -42.577 0.0000000000
64506  -38.022  -20.928  -42.494 0.0000000000
