#!ascii label  , from subject COLIN27_FS vox2ras=TkReg
1790
1076  -6.686  -82.961  0.657 0.0000000000
1077  -7.363  -83.077  0.745 0.0000000000
1078  -7.848  -83.067  0.703 0.0000000000
1079  -6.106  -82.753  -0.102 0.0000000000
1080  -6.523  -83.013  -0.029 0.0000000000
1081  -7.044  -83.128  0.172 0.0000000000
1082  -7.712  -83.178  0.057 0.0000000000
1086  -5.967  -82.584  -0.475 0.0000000000
1087  -6.307  -82.984  -0.713 0.0000000000
1088  -6.998  -83.307  -0.619 0.0000000000
1096  -6.039  -82.681  -1.319 0.0000000000
1477  -8.752  -81.709  4.634 0.0000000000
1478  -8.941  -81.582  4.946 0.0000000000
1479  -7.155  -81.948  3.681 0.0000000000
1480  -8.014  -82.064  3.868 0.0000000000
1481  -8.777  -82.014  4.083 0.0000000000
1482  -9.550  -81.741  4.544 0.0000000000
1483  -10.264  -81.638  4.282 0.0000000000
1485  -6.854  -82.270  2.894 0.0000000000
1486  -7.732  -82.395  3.086 0.0000000000
1487  -8.657  -82.307  3.257 0.0000000000
1488  -9.459  -82.070  3.540 0.0000000000
1489  -10.147  -81.761  3.699 0.0000000000
1493  -7.387  -82.673  2.225 0.0000000000
1494  -8.372  -82.593  2.320 0.0000000000
1495  -9.507  -82.074  2.425 0.0000000000
1496  -9.974  -81.889  3.100 0.0000000000
1502  -6.153  -82.579  1.156 0.0000000000
1503  -6.981  -82.874  1.401 0.0000000000
1504  -7.910  -82.933  1.370 0.0000000000
1505  -8.834  -82.438  1.371 0.0000000000
1506  -12.086  -82.003  1.379 0.0000000000
1507  -12.548  -82.133  1.536 0.0000000000
1512  -5.756  -82.334  0.330 0.0000000000
1513  -6.209  -82.751  0.402 0.0000000000
1514  -8.328  -82.806  0.564 0.0000000000
1515  -9.001  -82.197  0.357 0.0000000000
1523  -5.453  -81.721  0.146 0.0000000000
1524  -5.741  -82.191  -0.522 0.0000000000
1526  -9.144  -82.016  -0.459 0.0000000000
1538  -5.814  -81.880  -1.275 0.0000000000
1540  -9.217  -82.158  -1.406 0.0000000000
1876  -7.894  -81.013  5.573 0.0000000000
1877  -8.504  -81.022  5.975 0.0000000000
1878  -9.424  -81.029  6.383 0.0000000000
1879  -10.184  -80.929  6.546 0.0000000000
1880  -10.793  -80.882  6.311 0.0000000000
1883  -7.278  -80.925  5.086 0.0000000000
1884  -8.284  -81.390  5.090 0.0000000000
1885  -9.233  -81.383  5.438 0.0000000000
1886  -10.182  -81.223  5.787 0.0000000000
1887  -11.274  -80.984  5.610 0.0000000000
1888  -12.089  -80.788  5.163 0.0000000000
1891  -6.491  -81.281  4.155 0.0000000000
1892  -7.576  -81.535  4.392 0.0000000000
1893  -8.274  -81.727  4.419 0.0000000000
1894  -9.864  -81.489  5.178 0.0000000000
1895  -10.499  -81.407  4.865 0.0000000000
1896  -11.515  -81.115  4.620 0.0000000000
1897  -12.616  -80.860  4.434 0.0000000000
1898  -13.439  -80.866  3.833 0.0000000000
1899  -14.007  -80.828  3.376 0.0000000000
1904  -10.815  -81.433  3.970 0.0000000000
1905  -11.770  -81.251  3.626 0.0000000000
1906  -12.791  -81.276  3.333 0.0000000000
1907  -13.695  -81.370  2.883 0.0000000000
1908  -14.274  -81.032  2.708 0.0000000000
1912  -10.151  -81.704  1.927 0.0000000000
1913  -10.737  -81.537  2.717 0.0000000000
1914  -12.074  -81.472  2.627 0.0000000000
1915  -12.949  -81.770  2.405 0.0000000000
1920  -9.699  -81.756  1.143 0.0000000000
1921  -10.655  -81.523  1.411 0.0000000000
1922  -11.732  -81.707  1.652 0.0000000000
1923  -12.333  -81.804  2.083 0.0000000000
1931  -9.587  -81.581  0.041 0.0000000000
1932  -10.354  -81.365  0.395 0.0000000000
1933  -11.282  -81.616  0.600 0.0000000000
1942  -9.502  -81.571  -0.710 0.0000000000
1943  -10.040  -81.153  -0.510 0.0000000000
1956  -9.726  -81.350  -1.157 0.0000000000
2261  -9.217  -79.556  8.428 0.0000000000
2262  -9.497  -79.701  8.417 0.0000000000
2263  -10.162  -79.930  8.367 0.0000000000
2264  -10.884  -79.965  8.243 0.0000000000
2265  -9.114  -79.689  8.021 0.0000000000
2266  -9.618  -80.113  7.784 0.0000000000
2267  -10.426  -80.255  7.689 0.0000000000
2268  -11.388  -80.147  7.577 0.0000000000
2269  -12.172  -80.067  7.127 0.0000000000
2270  -7.298  -80.150  5.696 0.0000000000
2271  -7.722  -80.427  5.864 0.0000000000
2272  -8.824  -80.247  6.961 0.0000000000
2273  -9.837  -80.617  7.116 0.0000000000
2274  -10.707  -80.600  6.987 0.0000000000
2275  -11.603  -80.510  6.563 0.0000000000
2276  -12.684  -80.108  6.403 0.0000000000
2277  -13.336  -79.976  5.799 0.0000000000
2280  -6.933  -80.332  5.205 0.0000000000
2281  -7.315  -80.565  5.394 0.0000000000
2282  -12.123  -80.596  5.823 0.0000000000
2283  -12.865  -80.451  5.283 0.0000000000
2284  -13.644  -80.063  5.052 0.0000000000
2285  -13.911  -79.847  4.690 0.0000000000
2289  -12.949  -80.604  4.799 0.0000000000
2290  -13.275  -80.510  4.612 0.0000000000
2291  -13.967  -80.223  4.122 0.0000000000
2294  -14.325  -80.334  2.981 0.0000000000
2668  -9.960  -78.690  10.172 0.0000000000
2669  -10.207  -78.799  9.990 0.0000000000
2670  -9.110  -78.940  9.552 0.0000000000
2671  -9.674  -79.001  9.723 0.0000000000
2672  -10.456  -79.099  9.547 0.0000000000
2673  -11.113  -79.101  9.216 0.0000000000
2674  -9.056  -79.247  8.821 0.0000000000
2675  -9.911  -79.523  9.011 0.0000000000
2676  -10.710  -79.577  8.852 0.0000000000
2677  -11.619  -79.417  8.463 0.0000000000
2678  -12.364  -79.135  7.922 0.0000000000
2679  -8.534  -79.189  7.656 0.0000000000
2680  -12.121  -79.708  7.698 0.0000000000
2681  -12.788  -79.433  7.121 0.0000000000
2682  -13.178  -79.056  6.732 0.0000000000
2683  -7.094  -79.939  5.548 0.0000000000
2684  -7.547  -79.722  5.959 0.0000000000
2685  -8.112  -79.611  6.599 0.0000000000
2686  -12.948  -79.731  6.690 0.0000000000
2687  -13.198  -79.484  6.392 0.0000000000
2695  -7.228  -79.526  5.501 0.0000000000
2696  -13.644  -79.280  5.404 0.0000000000
2697  -13.853  -79.659  4.949 0.0000000000
2706  -13.706  -78.768  4.768 0.0000000000
2707  -13.921  -79.294  4.415 0.0000000000
2715  -14.052  -79.386  3.273 0.0000000000
3144  -8.175  -78.126  11.073 0.0000000000
3145  -9.004  -78.107  11.146 0.0000000000
3146  -9.735  -77.983  11.074 0.0000000000
3147  -10.137  -77.833  10.977 0.0000000000
3148  -7.991  -78.251  10.203 0.0000000000
3149  -8.743  -78.427  10.434 0.0000000000
3150  -9.528  -78.463  10.421 0.0000000000
3151  -10.341  -78.292  10.413 0.0000000000
3152  -10.931  -78.125  10.173 0.0000000000
3155  -7.960  -78.215  9.485 0.0000000000
3156  -8.600  -78.618  9.606 0.0000000000
3157  -9.134  -78.724  9.969 0.0000000000
3158  -10.500  -78.712  9.949 0.0000000000
3159  -10.962  -78.591  9.820 0.0000000000
3164  -7.696  -77.991  9.150 0.0000000000
3165  -8.226  -78.350  8.659 0.0000000000
3166  -11.610  -78.536  9.171 0.0000000000
3167  -12.162  -78.456  8.399 0.0000000000
3173  -8.240  -78.376  7.693 0.0000000000
3174  -12.664  -78.397  7.537 0.0000000000
3175  -13.021  -78.699  6.935 0.0000000000
3181  -7.903  -79.251  6.275 0.0000000000
3182  -8.192  -78.626  6.702 0.0000000000
3183  -12.890  -78.057  6.825 0.0000000000
3184  -13.217  -78.494  6.180 0.0000000000
3194  -7.848  -78.906  5.647 0.0000000000
3196  -13.416  -78.317  5.127 0.0000000000
3208  -13.440  -78.186  3.933 0.0000000000
3209  -13.888  -78.863  3.738 0.0000000000
3219  -13.742  -78.617  3.176 0.0000000000
3610  -7.043  -76.933  12.140 0.0000000000
3611  -7.940  -77.156  12.395 0.0000000000
3612  -8.767  -77.083  12.374 0.0000000000
3613  -9.425  -76.898  12.104 0.0000000000
3614  -9.808  -76.733  11.869 0.0000000000
3619  -6.754  -77.299  11.309 0.0000000000
3620  -7.598  -77.623  11.658 0.0000000000
3621  -8.478  -77.717  11.826 0.0000000000
3622  -9.256  -77.573  11.729 0.0000000000
3623  -9.988  -77.278  11.447 0.0000000000
3629  -5.948  -77.032  9.854 0.0000000000
3630  -6.475  -77.331  10.376 0.0000000000
3631  -7.311  -77.889  10.765 0.0000000000
3632  -10.404  -77.600  10.838 0.0000000000
3633  -10.791  -77.622  10.365 0.0000000000
3642  -7.265  -77.877  9.708 0.0000000000
3643  -11.318  -77.752  9.764 0.0000000000
3653  -7.978  -77.874  8.048 0.0000000000
3654  -11.822  -77.562  8.860 0.0000000000
3655  -12.226  -77.522  7.970 0.0000000000
3661  -8.246  -77.719  7.295 0.0000000000
3662  -12.528  -77.418  7.142 0.0000000000
3667  -8.435  -77.687  6.458 0.0000000000
3668  -12.700  -77.285  6.130 0.0000000000
3669  -13.065  -77.741  5.524 0.0000000000
3675  -12.754  -77.182  5.310 0.0000000000
3676  -12.984  -77.453  4.725 0.0000000000
3687  -12.866  -77.121  3.836 0.0000000000
4162  -7.140  -75.801  13.029 0.0000000000
4163  -7.790  -75.825  13.091 0.0000000000
4164  -8.396  -75.762  12.992 0.0000000000
4165  -8.673  -75.636  12.905 0.0000000000
4171  -5.000  -75.548  11.886 0.0000000000
4172  -5.607  -75.762  12.167 0.0000000000
4173  -6.536  -76.068  12.583 0.0000000000
4174  -7.464  -76.416  12.762 0.0000000000
4175  -8.262  -76.459  12.834 0.0000000000
4176  -8.995  -76.175  12.707 0.0000000000
4177  -9.659  -76.259  12.170 0.0000000000
4183  -4.821  -75.622  11.550 0.0000000000
4185  -6.121  -76.549  11.650 0.0000000000
4186  -10.119  -76.339  11.589 0.0000000000
4193  -5.570  -76.581  10.619 0.0000000000
4194  -6.187  -77.010  11.016 0.0000000000
4195  -10.571  -76.733  10.762 0.0000000000
4196  -11.019  -77.029  10.081 0.0000000000
4205  -10.895  -76.346  10.035 0.0000000000
4206  -11.300  -76.617  9.332 0.0000000000
4215  -11.673  -76.513  8.162 0.0000000000
4216  -12.092  -76.829  7.470 0.0000000000
4224  -8.315  -77.300  6.835 0.0000000000
4225  -11.767  -76.189  7.307 0.0000000000
4226  -12.161  -76.512  6.681 0.0000000000
4234  -12.320  -76.469  5.990 0.0000000000
4240  -12.407  -76.406  5.203 0.0000000000
4241  -12.672  -76.935  4.904 0.0000000000
4246  -12.393  -75.803  4.211 0.0000000000
4247  -12.611  -76.647  4.358 0.0000000000
4256  -12.488  -75.524  3.706 0.0000000000
4257  -12.671  -76.089  3.364 0.0000000000
4261  -26.566  -75.069  2.606 0.0000000000
4262  -26.679  -75.000  2.814 0.0000000000
4275  -25.875  -75.215  2.334 0.0000000000
4276  -26.301  -75.202  2.357 0.0000000000
4277  -27.022  -75.269  2.343 0.0000000000
4278  -27.786  -75.391  1.776 0.0000000000
4294  -25.991  -75.354  2.051 0.0000000000
4295  -26.543  -75.591  1.683 0.0000000000
4296  -27.444  -75.771  1.392 0.0000000000
4297  -28.465  -75.644  1.173 0.0000000000
4298  -29.452  -75.277  0.800 0.0000000000
4299  -30.207  -74.943  0.601 0.0000000000
4300  -30.614  -74.765  0.395 0.0000000000
4311  -26.883  -75.945  0.883 0.0000000000
4312  -27.882  -76.135  0.356 0.0000000000
4313  -29.052  -75.965  0.393 0.0000000000
4314  -29.865  -75.515  0.291 0.0000000000
4315  -30.397  -75.101  0.211 0.0000000000
4316  -30.682  -74.846  0.173 0.0000000000
4326  -28.062  -76.037  -0.441 0.0000000000
4327  -28.719  -76.067  -0.353 0.0000000000
4328  -29.606  -75.793  -0.252 0.0000000000
4329  -30.310  -75.268  -0.175 0.0000000000
4330  -30.741  -74.952  -0.031 0.0000000000
4801  -5.489  -74.769  12.915 0.0000000000
4802  -6.353  -74.958  13.188 0.0000000000
4803  -7.253  -75.211  13.251 0.0000000000
4804  -8.048  -75.247  13.192 0.0000000000
4805  -8.498  -75.260  13.019 0.0000000000
4806  -8.960  -75.375  12.879 0.0000000000
4813  -4.989  -75.168  12.369 0.0000000000
4814  -5.916  -75.325  12.746 0.0000000000
4815  -6.634  -75.447  13.014 0.0000000000
4816  -9.490  -75.532  12.466 0.0000000000
4817  -9.994  -75.664  11.951 0.0000000000
4824  -10.225  -75.745  11.563 0.0000000000
4831  -10.386  -75.774  11.103 0.0000000000
4839  -10.644  -75.704  10.377 0.0000000000
4840  -10.858  -75.630  9.578 0.0000000000
4848  -11.135  -75.534  8.655 0.0000000000
4855  -11.352  -75.309  7.492 0.0000000000
4856  -11.703  -75.703  6.739 0.0000000000
4865  -11.506  -74.764  6.367 0.0000000000
4866  -11.928  -75.699  5.894 0.0000000000
4872  -25.716  -74.215  5.434 0.0000000000
4878  -11.740  -74.770  5.541 0.0000000000
4879  -12.058  -75.165  4.847 0.0000000000
4886  -25.840  -74.306  4.753 0.0000000000
4890  -12.329  -75.059  3.956 0.0000000000
4895  -24.956  -74.852  4.131 0.0000000000
4896  -25.655  -74.629  4.020 0.0000000000
4897  -26.268  -74.458  3.933 0.0000000000
4898  -26.681  -74.457  3.721 0.0000000000
4908  -24.790  -75.059  3.101 0.0000000000
4909  -25.473  -75.042  3.239 0.0000000000
4910  -26.202  -74.959  3.103 0.0000000000
4911  -26.759  -74.813  3.189 0.0000000000
4919  -24.727  -75.045  2.545 0.0000000000
4920  -25.358  -75.227  2.348 0.0000000000
4921  -25.843  -75.146  2.670 0.0000000000
4922  -27.262  -74.841  2.866 0.0000000000
4923  -27.715  -74.976  2.317 0.0000000000
4924  -30.941  -74.073  1.329 0.0000000000
4925  -31.475  -74.028  1.495 0.0000000000
4926  -32.119  -74.065  1.682 0.0000000000
4927  -32.569  -74.031  1.818 0.0000000000
4935  -25.832  -75.435  1.611 0.0000000000
4936  -26.265  -75.666  1.141 0.0000000000
4937  -28.338  -75.033  1.767 0.0000000000
4938  -29.069  -74.834  1.274 0.0000000000
4939  -30.160  -74.317  1.094 0.0000000000
4940  -30.884  -74.441  0.860 0.0000000000
4941  -31.696  -74.277  0.949 0.0000000000
4942  -32.525  -74.120  1.158 0.0000000000
4952  -25.789  -75.378  1.026 0.0000000000
4953  -26.310  -75.524  0.481 0.0000000000
4954  -26.990  -75.927  0.162 0.0000000000
4955  -31.116  -74.631  0.292 0.0000000000
4956  -31.983  -74.382  0.328 0.0000000000
4957  -32.801  -74.105  0.331 0.0000000000
4971  -26.706  -75.426  -0.160 0.0000000000
4972  -27.447  -75.653  -0.485 0.0000000000
4973  -28.296  -75.548  -1.032 0.0000000000
4974  -29.296  -75.689  -0.898 0.0000000000
4975  -30.151  -75.314  -0.687 0.0000000000
4976  -31.232  -74.714  -0.471 0.0000000000
4977  -32.387  -74.253  -0.133 0.0000000000
4978  -32.787  -74.085  -0.028 0.0000000000
4989  -29.003  -75.224  -1.335 0.0000000000
4990  -29.802  -75.130  -1.231 0.0000000000
4991  -30.658  -74.930  -1.039 0.0000000000
4992  -31.065  -74.791  -0.917 0.0000000000
5399  -16.962  -73.316  18.350 0.0000000000
5400  -17.247  -73.347  18.515 0.0000000000
5401  -17.875  -73.528  18.772 0.0000000000
5402  -18.616  -73.621  18.793 0.0000000000
5405  -17.332  -73.864  18.144 0.0000000000
5406  -18.227  -73.987  18.127 0.0000000000
5407  -19.404  -73.744  18.109 0.0000000000
5408  -20.154  -73.511  18.244 0.0000000000
5415  -19.735  -74.058  16.993 0.0000000000
5416  -20.690  -73.531  17.517 0.0000000000
5417  -21.496  -73.343  17.230 0.0000000000
5423  -21.791  -73.540  16.397 0.0000000000
5424  -22.934  -73.299  15.895 0.0000000000
5425  -23.405  -73.108  15.653 0.0000000000
5439  -5.271  -74.114  12.840 0.0000000000
5440  -6.075  -74.358  13.196 0.0000000000
5441  -6.969  -74.544  13.360 0.0000000000
5442  -7.788  -74.700  13.335 0.0000000000
5443  -8.327  -74.805  13.145 0.0000000000
5444  -8.763  -74.784  12.992 0.0000000000
5457  -9.327  -74.748  12.638 0.0000000000
5458  -9.890  -74.858  12.068 0.0000000000
5471  -10.208  -75.177  11.483 0.0000000000
5480  -10.409  -74.925  10.768 0.0000000000
5489  -10.592  -74.842  9.970 0.0000000000
5490  -10.797  -74.703  9.181 0.0000000000
5502  -11.015  -74.419  8.245 0.0000000000
5514  -11.239  -73.958  7.121 0.0000000000
5527  -11.496  -73.867  6.274 0.0000000000
5541  -11.621  -74.071  5.706 0.0000000000
5542  -11.865  -74.211  5.045 0.0000000000
5550  -26.035  -74.166  5.314 0.0000000000
5551  -26.467  -73.888  5.367 0.0000000000
5556  -12.293  -74.251  4.372 0.0000000000
5563  -26.234  -74.181  4.727 0.0000000000
5564  -26.620  -74.162  4.286 0.0000000000
5565  -31.404  -73.326  3.523 0.0000000000
5566  -31.592  -73.445  3.615 0.0000000000
5567  -31.964  -73.641  3.721 0.0000000000
5568  -32.497  -73.746  3.729 0.0000000000
5580  -27.104  -74.338  3.563 0.0000000000
5581  -31.472  -73.286  3.124 0.0000000000
5582  -31.757  -73.541  2.976 0.0000000000
5583  -32.242  -73.796  3.057 0.0000000000
5584  -32.900  -73.910  3.113 0.0000000000
5585  -33.409  -73.848  2.842 0.0000000000
5592  -24.711  -74.968  2.128 0.0000000000
5593  -27.622  -74.353  2.819 0.0000000000
5594  -28.151  -74.384  2.181 0.0000000000
5595  -31.233  -73.455  1.926 0.0000000000
5596  -31.893  -73.809  2.265 0.0000000000
5597  -32.475  -73.978  2.356 0.0000000000
5598  -33.106  -74.011  2.063 0.0000000000
5599  -33.714  -73.805  2.409 0.0000000000
5605  -24.442  -74.584  1.821 0.0000000000
5606  -25.055  -74.972  1.385 0.0000000000
5607  -28.774  -74.333  1.690 0.0000000000
5608  -29.515  -74.076  1.432 0.0000000000
5609  -30.263  -73.641  1.437 0.0000000000
5610  -33.290  -74.039  1.042 0.0000000000
5611  -33.818  -73.876  1.650 0.0000000000
5617  -25.604  -74.859  0.561 0.0000000000
5618  -26.145  -74.797  -0.099 0.0000000000
5619  -33.387  -73.968  0.396 0.0000000000
5620  -33.935  -73.858  0.729 0.0000000000
5628  -26.783  -74.822  -0.684 0.0000000000
5629  -27.626  -74.871  -1.225 0.0000000000
5630  -28.063  -75.095  -1.289 0.0000000000
5631  -31.730  -74.466  -0.830 0.0000000000
5632  -32.234  -74.271  -0.578 0.0000000000
5633  -33.153  -73.965  -0.182 0.0000000000
5634  -33.676  -73.864  0.187 0.0000000000
5646  -27.824  -74.546  -1.510 0.0000000000
5647  -28.295  -74.716  -1.500 0.0000000000
5648  -29.308  -74.562  -1.638 0.0000000000
5649  -30.260  -74.499  -1.498 0.0000000000
5650  -31.219  -74.461  -1.179 0.0000000000
5651  -32.091  -74.159  -1.044 0.0000000000
5652  -32.750  -73.947  -0.741 0.0000000000
6051  -17.899  -72.774  19.612 0.0000000000
6052  -18.197  -72.812  19.709 0.0000000000
6053  -18.898  -72.935  19.873 0.0000000000
6055  -17.002  -73.163  18.547 0.0000000000
6056  -17.623  -73.002  19.263 0.0000000000
6057  -18.390  -73.227  19.343 0.0000000000
6058  -19.293  -73.336  19.223 0.0000000000
6063  -16.456  -73.135  18.265 0.0000000000
6064  -19.936  -73.443  18.740 0.0000000000
6065  -20.600  -73.293  18.555 0.0000000000
6066  -21.247  -73.090  18.574 0.0000000000
6067  -21.879  -72.829  18.544 0.0000000000
6071  -21.013  -73.247  18.120 0.0000000000
6072  -21.519  -73.153  17.834 0.0000000000
6073  -22.304  -72.833  17.663 0.0000000000
6074  -22.889  -72.675  17.118 0.0000000000
6077  -21.958  -73.212  17.185 0.0000000000
6078  -22.582  -73.086  16.758 0.0000000000
6079  -23.448  -72.810  16.180 0.0000000000
6080  -24.118  -72.454  15.779 0.0000000000
6081  -24.398  -72.225  15.662 0.0000000000
6084  -23.632  -73.043  15.519 0.0000000000
6085  -24.151  -72.910  15.157 0.0000000000
6086  -24.674  -72.347  15.228 0.0000000000
6089  -25.106  -72.670  14.317 0.0000000000
6090  -25.664  -72.494  13.935 0.0000000000
6091  -5.303  -73.645  12.591 0.0000000000
6092  -5.889  -73.703  12.889 0.0000000000
6093  -6.762  -73.827  13.177 0.0000000000
6094  -7.654  -74.011  13.316 0.0000000000
6095  -8.332  -74.287  13.183 0.0000000000
6096  -8.586  -74.490  13.053 0.0000000000
6100  -25.722  -72.764  13.451 0.0000000000
6105  -5.603  -73.113  12.178 0.0000000000
6106  -6.598  -73.188  12.545 0.0000000000
6107  -7.546  -73.272  12.818 0.0000000000
6108  -8.412  -73.516  12.924 0.0000000000
6109  -9.070  -74.004  12.844 0.0000000000
6110  -9.742  -73.964  12.147 0.0000000000
6124  -10.257  -74.134  11.340 0.0000000000
6135  -10.557  -73.971  10.355 0.0000000000
6136  -10.755  -73.645  9.807 0.0000000000
6145  -10.697  -74.152  9.676 0.0000000000
6146  -10.942  -73.688  9.120 0.0000000000
6154  -11.222  -73.396  8.077 0.0000000000
6162  -11.487  -73.085  7.327 0.0000000000
6169  -31.886  -72.603  6.698 0.0000000000
6170  -32.195  -72.624  6.739 0.0000000000
6171  -32.738  -72.454  6.750 0.0000000000
6175  -11.726  -73.121  6.429 0.0000000000
6176  -12.546  -72.824  6.075 0.0000000000
6183  -31.265  -72.784  5.717 0.0000000000
6184  -31.847  -72.905  6.218 0.0000000000
6185  -32.698  -72.959  6.203 0.0000000000
6186  -33.496  -72.455  6.327 0.0000000000
6187  -34.130  -72.245  6.019 0.0000000000
6192  -11.673  -73.583  5.916 0.0000000000
6193  -12.061  -73.457  5.424 0.0000000000
6194  -13.018  -73.222  5.264 0.0000000000
6198  -26.867  -73.098  5.851 0.0000000000
6199  -31.162  -72.913  4.788 0.0000000000
6200  -31.708  -73.248  5.176 0.0000000000
6201  -32.493  -73.311  5.299 0.0000000000
6202  -33.442  -73.093  5.340 0.0000000000
6203  -34.188  -72.548  5.455 0.0000000000
6208  -12.128  -73.825  4.840 0.0000000000
6209  -12.491  -73.638  4.766 0.0000000000
6212  -27.023  -73.497  4.468 0.0000000000
6213  -31.279  -73.055  3.699 0.0000000000
6214  -31.604  -73.391  4.283 0.0000000000
6215  -32.218  -73.580  4.440 0.0000000000
6216  -33.174  -73.599  4.137 0.0000000000
6217  -34.409  -72.897  4.221 0.0000000000
6218  -35.035  -72.522  3.506 0.0000000000
6226  -27.481  -73.560  3.372 0.0000000000
6227  -31.282  -73.026  2.825 0.0000000000
6228  -33.353  -73.756  3.341 0.0000000000
6229  -33.892  -73.544  3.171 0.0000000000
6230  -34.760  -72.993  2.825 0.0000000000
6238  -27.955  -73.580  2.559 0.0000000000
6239  -28.525  -73.595  1.935 0.0000000000
6240  -31.154  -72.852  2.272 0.0000000000
6241  -34.253  -73.549  2.232 0.0000000000
6242  -34.762  -73.230  1.875 0.0000000000
6249  -24.514  -74.246  1.335 0.0000000000
6250  -29.114  -73.648  1.612 0.0000000000
6251  -29.747  -73.271  1.494 0.0000000000
6252  -30.620  -72.907  1.674 0.0000000000
6253  -34.398  -73.582  1.380 0.0000000000
6254  -34.911  -73.191  1.132 0.0000000000
6259  -24.306  -73.687  1.154 0.0000000000
6260  -24.917  -73.959  0.671 0.0000000000
6261  -25.600  -74.174  0.076 0.0000000000
6262  -34.497  -73.526  0.684 0.0000000000
6263  -34.864  -73.168  0.388 0.0000000000
6270  -26.907  -74.192  -1.203 0.0000000000
6271  -33.636  -73.709  -0.320 0.0000000000
6272  -34.143  -73.558  -0.079 0.0000000000
6273  -34.824  -73.018  -0.108 0.0000000000
6286  -27.587  -73.946  -1.700 0.0000000000
6287  -28.691  -73.648  -2.090 0.0000000000
6288  -29.776  -73.849  -1.970 0.0000000000
6289  -30.708  -73.711  -1.808 0.0000000000
6290  -31.685  -73.627  -1.488 0.0000000000
6291  -32.603  -73.506  -1.174 0.0000000000
6292  -33.529  -73.454  -0.670 0.0000000000
6293  -34.166  -73.185  -0.536 0.0000000000
6307  -28.939  -72.971  -2.403 0.0000000000
6308  -29.499  -73.139  -2.315 0.0000000000
6309  -30.159  -73.280  -2.159 0.0000000000
6726  -17.886  -72.439  19.745 0.0000000000
6727  -18.626  -72.396  20.090 0.0000000000
6737  -16.992  -72.696  18.839 0.0000000000
6738  -17.468  -72.563  19.339 0.0000000000
6749  -15.886  -73.156  17.925 0.0000000000
6750  -16.268  -72.616  18.170 0.0000000000
6751  -22.459  -72.434  18.430 0.0000000000
6752  -22.914  -72.098  18.165 0.0000000000
6760  -15.987  -72.243  17.666 0.0000000000
6761  -22.765  -72.433  17.723 0.0000000000
6762  -23.293  -72.151  17.234 0.0000000000
6763  -23.774  -71.970  16.670 0.0000000000
6768  -23.764  -72.302  16.376 0.0000000000
6769  -24.181  -72.090  16.081 0.0000000000
6770  -24.597  -72.056  15.613 0.0000000000
6774  -24.959  -72.050  15.281 0.0000000000
6777  -25.286  -72.155  14.810 0.0000000000
6778  -25.679  -72.221  14.216 0.0000000000
6780  -26.017  -72.270  13.684 0.0000000000
6785  -5.872  -72.672  11.629 0.0000000000
6786  -6.452  -72.664  11.751 0.0000000000
6787  -7.391  -72.610  12.006 0.0000000000
6788  -8.375  -72.679  12.298 0.0000000000
6789  -9.222  -73.024  12.351 0.0000000000
6790  -9.571  -73.426  12.233 0.0000000000
6802  -5.307  -72.578  11.420 0.0000000000
6803  -6.163  -72.338  11.147 0.0000000000
6804  -7.079  -71.995  10.965 0.0000000000
6805  -8.194  -71.930  11.411 0.0000000000
6806  -9.252  -72.096  11.616 0.0000000000
6807  -10.186  -72.801  11.403 0.0000000000
6808  -10.680  -72.218  10.625 0.0000000000
6821  -5.831  -71.941  10.707 0.0000000000
6822  -6.422  -71.931  10.699 0.0000000000
6823  -10.471  -73.409  10.823 0.0000000000
6824  -10.862  -72.857  10.064 0.0000000000
6832  -11.348  -72.797  8.827 0.0000000000
6840  -11.631  -72.664  7.955 0.0000000000
6847  -31.674  -71.428  7.388 0.0000000000
6848  -31.843  -71.522  7.378 0.0000000000
6849  -32.135  -71.536  7.426 0.0000000000
6850  -32.518  -71.399  7.519 0.0000000000
6853  -11.939  -72.564  7.219 0.0000000000
6860  -31.653  -71.649  7.234 0.0000000000
6861  -31.874  -72.138  6.984 0.0000000000
6862  -32.371  -72.022  7.053 0.0000000000
6863  -33.025  -71.781  7.129 0.0000000000
6864  -33.526  -71.564  6.906 0.0000000000
6867  -12.874  -72.515  6.677 0.0000000000
6868  -13.158  -72.572  6.728 0.0000000000
6873  -26.982  -72.471  6.613 0.0000000000
6874  -31.392  -72.131  6.576 0.0000000000
6875  -31.693  -72.491  6.667 0.0000000000
6876  -33.529  -71.963  6.736 0.0000000000
6877  -33.969  -71.746  6.358 0.0000000000
6884  -26.994  -72.275  5.797 0.0000000000
6885  -30.966  -71.991  5.415 0.0000000000
6886  -34.588  -71.844  5.601 0.0000000000
6887  -35.103  -71.641  4.954 0.0000000000
6895  -27.092  -72.347  4.917 0.0000000000
6896  -31.096  -72.254  4.184 0.0000000000
6897  -34.804  -72.216  4.901 0.0000000000
6898  -35.417  -71.765  3.999 0.0000000000
6899  -35.903  -71.253  3.460 0.0000000000
6907  -27.395  -72.602  3.891 0.0000000000
6908  -31.267  -72.276  2.993 0.0000000000
6909  -31.339  -71.670  2.693 0.0000000000
6910  -35.430  -72.265  2.864 0.0000000000
6911  -35.917  -71.543  2.951 0.0000000000
6919  -27.789  -72.666  2.989 0.0000000000
6920  -28.287  -72.669  2.223 0.0000000000
6921  -31.112  -72.375  2.031 0.0000000000
6922  -31.232  -71.838  2.253 0.0000000000
6923  -35.345  -72.681  1.790 0.0000000000
6924  -35.966  -71.915  2.040 0.0000000000
6932  -29.053  -72.697  1.637 0.0000000000
6933  -29.957  -72.345  1.430 0.0000000000
6934  -30.668  -72.083  1.651 0.0000000000
6935  -31.021  -71.943  1.879 0.0000000000
6936  -35.353  -72.734  0.763 0.0000000000
6937  -35.869  -72.115  1.055 0.0000000000
6944  -35.201  -72.751  0.152 0.0000000000
6945  -35.621  -72.254  0.257 0.0000000000
6957  -34.557  -72.997  -0.432 0.0000000000
6958  -35.137  -72.421  -0.349 0.0000000000
6959  -35.741  -71.833  -0.188 0.0000000000
6973  -27.838  -73.100  -2.185 0.0000000000
6974  -30.574  -73.106  -2.130 0.0000000000
6975  -31.186  -72.867  -2.027 0.0000000000
6976  -32.183  -72.768  -1.636 0.0000000000
6977  -33.168  -72.655  -1.250 0.0000000000
6978  -34.275  -72.551  -0.864 0.0000000000
6979  -35.006  -71.914  -0.784 0.0000000000
6989  -28.382  -72.598  -2.528 0.0000000000
6990  -29.226  -72.491  -2.673 0.0000000000
6991  -30.246  -72.525  -2.479 0.0000000000
6992  -31.085  -72.039  -2.370 0.0000000000
7436  -17.849  -71.884  19.753 0.0000000000
7437  -18.379  -71.727  20.057 0.0000000000
7438  -19.099  -71.786  20.406 0.0000000000
7449  -16.819  -72.140  18.601 0.0000000000
7450  -17.386  -71.971  19.255 0.0000000000
7451  -17.962  -71.350  19.508 0.0000000000
7460  -16.497  -71.892  17.988 0.0000000000
7461  -17.152  -71.434  18.391 0.0000000000
7462  -17.612  -71.236  18.928 0.0000000000
7472  -15.722  -72.182  17.156 0.0000000000
7473  -16.231  -71.737  17.242 0.0000000000
7475  -23.522  -71.418  17.107 0.0000000000
7476  -23.915  -71.731  16.423 0.0000000000
7488  -23.797  -71.349  16.412 0.0000000000
7489  -24.331  -71.641  15.851 0.0000000000
7490  -24.780  -71.836  15.452 0.0000000000
7501  -24.758  -71.578  15.395 0.0000000000
7502  -25.118  -71.714  15.072 0.0000000000
7511  -25.628  -71.646  14.391 0.0000000000
7512  -26.031  -71.888  14.006 0.0000000000
7520  -25.965  -71.489  13.914 0.0000000000
7521  -26.254  -71.668  13.483 0.0000000000
7527  -26.509  -71.609  12.783 0.0000000000
7533  -7.307  -71.436  10.335 0.0000000000
7534  -7.935  -71.373  10.518 0.0000000000
7535  -9.007  -71.229  10.627 0.0000000000
7536  -10.139  -71.463  10.810 0.0000000000
7537  -10.536  -71.955  10.762 0.0000000000
7548  -5.549  -71.281  10.459 0.0000000000
7549  -6.599  -71.337  10.221 0.0000000000
7550  -7.570  -70.940  9.885 0.0000000000
7551  -8.373  -70.827  9.924 0.0000000000
7552  -10.523  -70.981  10.376 0.0000000000
7553  -11.165  -71.413  10.156 0.0000000000
7560  -26.979  -71.252  10.551 0.0000000000
7562  -32.231  -70.169  9.360 0.0000000000
7563  -32.466  -70.065  9.882 0.0000000000
7564  -32.653  -70.083  10.263 0.0000000000
7566  -11.584  -72.047  9.235 0.0000000000
7575  -32.147  -70.535  8.585 0.0000000000
7576  -32.462  -70.354  8.916 0.0000000000
7577  -32.777  -70.163  9.635 0.0000000000
7587  -31.755  -71.104  7.674 0.0000000000
7588  -32.016  -71.022  7.841 0.0000000000
7589  -32.325  -70.859  7.995 0.0000000000
7590  -32.856  -70.689  8.196 0.0000000000
7591  -33.394  -70.563  7.669 0.0000000000
7597  -26.776  -70.979  7.524 0.0000000000
7598  -26.907  -71.791  7.143 0.0000000000
7599  -31.421  -71.126  7.325 0.0000000000
7600  -33.285  -71.145  7.344 0.0000000000
7601  -33.811  -70.860  6.814 0.0000000000
7607  -26.757  -71.039  6.565 0.0000000000
7608  -26.903  -71.733  6.223 0.0000000000
7609  -31.033  -71.124  6.446 0.0000000000
7610  -34.585  -70.915  5.837 0.0000000000
7611  -35.199  -70.715  5.269 0.0000000000
7620  -26.846  -71.130  5.875 0.0000000000
7621  -26.992  -71.537  5.406 0.0000000000
7622  -30.939  -70.930  5.503 0.0000000000
7623  -34.978  -71.225  5.284 0.0000000000
7624  -35.498  -70.939  4.735 0.0000000000
7625  -35.932  -70.622  4.315 0.0000000000
7636  -27.136  -71.559  4.844 0.0000000000
7637  -31.113  -71.171  4.367 0.0000000000
7638  -31.372  -70.590  3.689 0.0000000000
7639  -35.700  -71.061  4.233 0.0000000000
7640  -36.013  -70.889  3.818 0.0000000000
7641  -36.619  -70.474  3.622 0.0000000000
7651  -27.308  -71.625  4.267 0.0000000000
7652  -31.198  -71.778  3.702 0.0000000000
7653  -31.394  -71.235  3.200 0.0000000000
7654  -36.415  -70.884  3.116 0.0000000000
7655  -37.076  -70.358  3.246 0.0000000000
7656  -37.409  -70.158  3.222 0.0000000000
7665  -27.648  -71.731  3.423 0.0000000000
7666  -28.060  -71.733  2.654 0.0000000000
7667  -31.383  -71.209  2.368 0.0000000000
7668  -36.457  -71.203  2.274 0.0000000000
7669  -36.939  -70.620  2.557 0.0000000000
7670  -37.370  -70.240  2.864 0.0000000000
7676  -28.626  -71.647  1.980 0.0000000000
7677  -29.411  -71.516  1.553 0.0000000000
7678  -30.246  -71.377  1.447 0.0000000000
7679  -30.992  -71.347  1.760 0.0000000000
7680  -36.451  -71.416  1.330 0.0000000000
7681  -36.905  -70.780  1.729 0.0000000000
7682  -37.297  -70.324  2.180 0.0000000000
7691  -36.231  -71.517  0.335 0.0000000000
7692  -36.878  -70.715  0.719 0.0000000000
7693  -37.229  -70.361  1.445 0.0000000000
7705  -35.479  -71.707  -0.537 0.0000000000
7706  -36.043  -71.136  -0.468 0.0000000000
7707  -36.571  -70.885  -0.013 0.0000000000
7717  -31.743  -72.127  -2.031 0.0000000000
7718  -32.644  -71.658  -1.783 0.0000000000
7719  -33.671  -71.785  -1.378 0.0000000000
7720  -34.550  -71.538  -1.181 0.0000000000
7721  -35.351  -71.175  -0.917 0.0000000000
7722  -35.786  -70.755  -0.826 0.0000000000
7736  -30.591  -71.338  -2.825 0.0000000000
7737  -31.649  -71.287  -2.345 0.0000000000
7738  -32.339  -70.917  -2.162 0.0000000000
8144  -18.873  -71.318  20.260 0.0000000000
8154  -18.622  -70.793  19.877 0.0000000000
8155  -19.178  -70.140  20.083 0.0000000000
8163  -17.568  -70.939  18.482 0.0000000000
8164  -18.038  -70.505  18.808 0.0000000000
8173  -18.001  -69.970  17.910 0.0000000000
8183  -23.437  -70.640  16.686 0.0000000000
8184  -23.899  -71.094  15.961 0.0000000000
8195  -23.567  -70.448  15.465 0.0000000000
8196  -24.456  -71.146  15.323 0.0000000000
8197  -24.909  -71.423  15.170 0.0000000000
8209  -23.736  -70.245  14.758 0.0000000000
8210  -24.422  -70.502  14.506 0.0000000000
8211  -25.088  -71.193  14.725 0.0000000000
8225  -24.801  -70.287  13.859 0.0000000000
8226  -25.599  -70.779  13.601 0.0000000000
8227  -26.302  -71.225  13.155 0.0000000000
8238  -25.927  -70.183  12.270 0.0000000000
8239  -26.396  -70.955  12.547 0.0000000000
8240  -31.821  -69.621  11.968 0.0000000000
8241  -32.141  -69.896  11.949 0.0000000000
8242  -32.485  -69.879  12.309 0.0000000000
8248  -9.812  -70.796  10.310 0.0000000000
8249  -10.247  -70.851  10.412 0.0000000000
8252  -26.078  -69.981  11.719 0.0000000000
8253  -26.476  -70.410  11.424 0.0000000000
8254  -31.810  -69.721  11.281 0.0000000000
8255  -32.081  -69.887  11.343 0.0000000000
8256  -32.471  -69.952  11.507 0.0000000000
8257  -33.016  -69.921  11.778 0.0000000000
8258  -33.417  -69.739  11.545 0.0000000000
8261  -5.122  -70.590  10.748 0.0000000000
8262  -6.066  -70.516  10.202 0.0000000000
8263  -7.079  -70.249  9.668 0.0000000000
8264  -8.087  -70.148  9.385 0.0000000000
8265  -9.138  -70.261  9.667 0.0000000000
8266  -10.410  -70.336  9.828 0.0000000000
8267  -11.693  -70.130  9.786 0.0000000000
8272  -26.704  -70.320  10.205 0.0000000000
8273  -31.710  -69.627  10.843 0.0000000000
8274  -32.077  -69.904  10.334 0.0000000000
8275  -32.435  -70.026  10.705 0.0000000000
8276  -32.840  -70.064  10.712 0.0000000000
8277  -33.379  -69.836  10.853 0.0000000000
8279  -7.706  -69.734  9.275 0.0000000000
8280  -8.133  -69.564  9.146 0.0000000000
8285  -26.683  -70.108  9.413 0.0000000000
8286  -31.762  -69.714  9.894 0.0000000000
8287  -31.980  -70.179  9.156 0.0000000000
8288  -33.117  -70.064  10.087 0.0000000000
8289  -33.436  -69.819  9.782 0.0000000000
8295  -26.683  -70.177  8.693 0.0000000000
8296  -31.593  -70.201  8.498 0.0000000000
8297  -31.913  -70.629  8.338 0.0000000000
8298  -33.068  -70.119  9.280 0.0000000000
8299  -33.410  -69.969  8.559 0.0000000000
8305  -26.633  -70.184  7.838 0.0000000000
8306  -31.154  -70.129  7.382 0.0000000000
8307  -33.835  -69.955  7.400 0.0000000000
8318  -26.610  -70.143  6.886 0.0000000000
8319  -30.955  -69.933  6.150 0.0000000000
8320  -34.550  -69.946  6.353 0.0000000000
8321  -35.443  -70.038  5.463 0.0000000000
8322  -36.115  -69.720  5.243 0.0000000000
8333  -26.766  -70.364  5.808 0.0000000000
8334  -26.914  -70.932  5.464 0.0000000000
8335  -31.087  -70.155  4.991 0.0000000000
8336  -35.588  -70.430  5.040 0.0000000000
8337  -36.309  -70.051  4.771 0.0000000000
8338  -37.520  -69.599  4.732 0.0000000000
8339  -38.091  -69.453  4.834 0.0000000000
8348  -26.898  -70.024  5.227 0.0000000000
8349  -27.086  -70.686  4.848 0.0000000000
8350  -31.320  -70.145  4.155 0.0000000000
8351  -31.501  -70.011  3.583 0.0000000000
8352  -36.416  -70.400  4.091 0.0000000000
8353  -37.169  -70.030  3.939 0.0000000000
8354  -38.142  -69.546  4.330 0.0000000000
8355  -38.606  -69.264  4.221 0.0000000000
8360  -27.470  -70.766  3.800 0.0000000000
8361  -31.529  -70.315  3.114 0.0000000000
8362  -37.365  -70.118  3.462 0.0000000000
8363  -37.706  -69.912  3.361 0.0000000000
8364  -38.334  -69.403  3.621 0.0000000000
8371  -27.855  -70.955  3.092 0.0000000000
8372  -28.281  -70.708  2.487 0.0000000000
8373  -31.479  -70.612  2.606 0.0000000000
8374  -37.616  -70.016  2.623 0.0000000000
8375  -37.949  -69.599  2.806 0.0000000000
8385  -28.922  -70.529  1.829 0.0000000000
8386  -29.766  -70.440  1.493 0.0000000000
8387  -30.595  -70.437  1.562 0.0000000000
8388  -31.272  -70.381  1.974 0.0000000000
8389  -37.583  -69.876  1.939 0.0000000000
8390  -37.899  -69.355  2.309 0.0000000000
8402  -37.052  -70.334  0.466 0.0000000000
8403  -37.324  -70.040  0.803 0.0000000000
8415  -36.419  -70.631  -0.318 0.0000000000
8416  -36.872  -70.229  -0.003 0.0000000000
8417  -37.179  -69.765  0.252 0.0000000000
8424  -33.355  -71.237  -1.680 0.0000000000
8425  -33.971  -70.996  -1.579 0.0000000000
8426  -34.810  -70.656  -1.414 0.0000000000
8427  -35.489  -70.433  -1.163 0.0000000000
8428  -36.140  -70.256  -0.730 0.0000000000
8429  -36.574  -69.731  -0.487 0.0000000000
8442  -31.257  -70.709  -2.743 0.0000000000
8443  -31.973  -70.241  -2.554 0.0000000000
8444  -33.134  -70.506  -1.998 0.0000000000
8445  -34.235  -70.228  -1.784 0.0000000000
8446  -34.768  -70.138  -1.655 0.0000000000
8458  -31.331  -70.268  -2.858 0.0000000000
8987  -18.737  -69.788  19.412 0.0000000000
8996  -18.314  -69.521  18.453 0.0000000000
9003  -17.785  -69.902  17.175 0.0000000000
9004  -18.068  -69.284  17.480 0.0000000000
9014  -17.771  -69.278  16.443 0.0000000000
9015  -17.979  -68.842  17.026 0.0000000000
9016  -22.836  -69.450  15.812 0.0000000000
9017  -23.124  -69.680  16.324 0.0000000000
9027  -17.216  -69.388  14.804 0.0000000000
9028  -17.465  -69.199  15.337 0.0000000000
9029  -22.703  -69.273  15.308 0.0000000000
9030  -22.953  -69.810  15.532 0.0000000000
9041  -16.989  -69.275  14.192 0.0000000000
9042  -17.285  -68.911  14.664 0.0000000000
9043  -22.657  -68.947  14.512 0.0000000000
9044  -23.252  -69.762  14.647 0.0000000000
9045  -23.865  -70.099  14.417 0.0000000000
9056  -9.389  -68.961  13.537 0.0000000000
9060  -16.389  -69.374  13.385 0.0000000000
9061  -22.596  -68.618  13.977 0.0000000000
9062  -22.992  -68.994  13.531 0.0000000000
9063  -24.126  -69.828  13.724 0.0000000000
9064  -24.913  -70.139  13.498 0.0000000000
9069  -33.720  -69.168  13.917 0.0000000000
9071  -5.780  -69.676  11.501 0.0000000000
9073  -7.194  -69.038  11.827 0.0000000000
9074  -8.090  -68.768  12.170 0.0000000000
9075  -8.823  -68.781  12.758 0.0000000000
9079  -16.155  -69.067  12.569 0.0000000000
9080  -23.064  -68.609  12.642 0.0000000000
9081  -23.819  -69.045  12.557 0.0000000000
9082  -24.984  -69.754  12.725 0.0000000000
9083  -31.564  -69.398  12.493 0.0000000000
9085  -33.180  -69.758  12.606 0.0000000000
9086  -33.810  -69.282  12.756 0.0000000000
9088  -5.425  -69.896  11.153 0.0000000000
9089  -6.031  -69.548  10.958 0.0000000000
9090  -6.807  -69.173  10.833 0.0000000000
9091  -7.810  -68.628  10.769 0.0000000000
9094  -15.268  -68.863  11.147 0.0000000000
9095  -15.752  -68.707  11.607 0.0000000000
9096  -24.612  -69.084  11.853 0.0000000000
9097  -25.616  -69.482  11.390 0.0000000000
9098  -26.273  -69.763  10.617 0.0000000000
9099  -31.547  -69.374  11.731 0.0000000000
9100  -33.443  -69.648  12.034 0.0000000000
9101  -33.812  -69.387  11.520 0.0000000000
9103  -5.770  -70.002  10.554 0.0000000000
9104  -6.472  -69.739  10.207 0.0000000000
9105  -7.368  -69.294  9.722 0.0000000000
9106  -8.417  -69.105  9.402 0.0000000000
9107  -9.701  -69.104  9.181 0.0000000000
9108  -11.008  -69.004  9.140 0.0000000000
9109  -12.231  -69.154  9.392 0.0000000000
9110  -13.496  -68.860  9.776 0.0000000000
9111  -14.626  -68.615  10.360 0.0000000000
9112  -15.142  -68.398  10.544 0.0000000000
9113  -25.857  -69.161  10.160 0.0000000000
9114  -26.388  -69.640  9.792 0.0000000000
9115  -31.469  -69.256  10.793 0.0000000000
9116  -33.877  -69.376  10.406 0.0000000000
9118  -7.943  -69.340  9.155 0.0000000000
9119  -8.241  -69.289  9.084 0.0000000000
9120  -11.784  -68.446  8.840 0.0000000000
9121  -12.593  -68.383  8.919 0.0000000000
9122  -13.165  -68.197  8.997 0.0000000000
9123  -26.069  -69.067  9.268 0.0000000000
9124  -26.440  -69.586  9.006 0.0000000000
9125  -31.402  -69.236  9.675 0.0000000000
9126  -33.821  -69.314  9.291 0.0000000000
9128  -26.240  -69.102  8.636 0.0000000000
9129  -26.432  -69.493  8.197 0.0000000000
9130  -31.216  -69.163  8.473 0.0000000000
9131  -33.921  -69.253  8.139 0.0000000000
9133  -26.487  -69.489  7.385 0.0000000000
9134  -30.950  -68.841  7.203 0.0000000000
9135  -34.502  -69.151  7.017 0.0000000000
9136  -35.503  -68.900  6.353 0.0000000000
9137  -36.254  -68.799  6.150 0.0000000000
9148  -26.523  -69.442  6.859 0.0000000000
9149  -30.883  -68.854  6.093 0.0000000000
9150  -34.909  -69.330  6.364 0.0000000000
9151  -35.294  -69.461  5.965 0.0000000000
9152  -36.261  -69.271  5.659 0.0000000000
9153  -37.376  -69.013  5.746 0.0000000000
9154  -38.220  -68.787  6.016 0.0000000000
9155  -38.677  -68.533  6.237 0.0000000000
9164  -26.584  -69.466  6.300 0.0000000000
9165  -31.065  -69.180  5.239 0.0000000000
9166  -36.462  -69.628  5.215 0.0000000000
9167  -37.047  -69.457  5.227 0.0000000000
9168  -38.108  -69.216  5.301 0.0000000000
9169  -38.869  -68.665  5.860 0.0000000000
9170  -39.181  -68.431  5.911 0.0000000000
9176  -26.733  -69.459  5.490 0.0000000000
9177  -26.962  -69.604  4.832 0.0000000000
9178  -31.306  -69.401  4.427 0.0000000000
9179  -31.472  -69.457  3.790 0.0000000000
9180  -38.352  -69.343  4.863 0.0000000000
9181  -38.865  -69.002  4.899 0.0000000000
9182  -39.205  -68.500  5.614 0.0000000000
9187  -27.223  -69.768  4.142 0.0000000000
9188  -31.581  -69.515  3.123 0.0000000000
9189  -38.868  -68.977  3.993 0.0000000000
9199  -27.755  -69.837  3.209 0.0000000000
9200  -28.429  -69.552  2.326 0.0000000000
9201  -31.486  -69.862  2.507 0.0000000000
9202  -38.455  -68.984  2.983 0.0000000000
9214  -29.264  -69.324  1.733 0.0000000000
9215  -30.204  -69.472  1.552 0.0000000000
9216  -30.917  -69.602  1.722 0.0000000000
9217  -31.286  -69.551  2.045 0.0000000000
9218  -37.651  -69.326  1.531 0.0000000000
9219  -37.977  -68.991  2.251 0.0000000000
9229  -37.143  -69.042  0.240 0.0000000000
9230  -37.318  -69.370  0.562 0.0000000000
9238  -36.973  -69.424  -0.075 0.0000000000
9239  -37.181  -69.540  0.205 0.0000000000
9247  -35.113  -70.090  -1.525 0.0000000000
9248  -35.495  -69.635  -1.408 0.0000000000
9249  -36.165  -69.401  -0.929 0.0000000000
9250  -36.556  -69.264  -0.540 0.0000000000
9264  -32.797  -69.376  -2.451 0.0000000000
9265  -33.826  -69.495  -2.122 0.0000000000
9266  -34.802  -69.594  -1.771 0.0000000000
9267  -35.168  -69.422  -1.651 0.0000000000
9719  -18.929  -69.284  19.633 0.0000000000
9732  -17.875  -68.350  18.397 0.0000000000
9733  -18.177  -68.810  18.053 0.0000000000
9746  -17.802  -68.315  17.528 0.0000000000
9747  -18.028  -68.744  17.437 0.0000000000
9755  -33.834  -67.870  16.884 0.0000000000
9763  -17.757  -68.435  16.734 0.0000000000
9764  -17.912  -68.569  17.170 0.0000000000
9765  -22.871  -68.945  15.998 0.0000000000
9772  -33.995  -68.030  16.446 0.0000000000
9778  -17.579  -68.478  15.842 0.0000000000
9779  -22.740  -68.413  15.250 0.0000000000
9780  -23.225  -68.286  15.977 0.0000000000
9783  -34.308  -68.214  15.532 0.0000000000
9784  -34.782  -67.808  15.315 0.0000000000
9791  -16.983  -68.430  14.198 0.0000000000
9792  -17.293  -68.401  15.006 0.0000000000
9793  -22.620  -68.254  14.361 0.0000000000
9796  -34.172  -68.695  14.489 0.0000000000
9797  -34.807  -67.953  14.769 0.0000000000
9799  -9.361  -68.475  12.647 0.0000000000
9800  -10.133  -68.311  13.090 0.0000000000
9801  -11.147  -67.979  13.306 0.0000000000
9803  -16.721  -68.679  13.535 0.0000000000
9804  -22.554  -68.135  13.545 0.0000000000
9805  -22.702  -68.333  12.910 0.0000000000
9807  -34.244  -68.820  13.535 0.0000000000
9808  -34.882  -68.138  13.633 0.0000000000
9810  -8.271  -68.439  11.447 0.0000000000
9811  -8.813  -68.356  11.842 0.0000000000
9812  -9.668  -67.997  11.899 0.0000000000
9813  -10.707  -67.618  12.054 0.0000000000
9814  -16.037  -68.498  12.071 0.0000000000
9815  -16.401  -68.576  12.858 0.0000000000
9816  -22.571  -67.643  12.685 0.0000000000
9817  -22.788  -68.094  12.246 0.0000000000
9818  -23.260  -68.438  12.040 0.0000000000
9820  -34.476  -68.656  12.887 0.0000000000
9821  -34.894  -68.131  12.509 0.0000000000
9823  -8.469  -68.260  11.023 0.0000000000
9824  -9.072  -67.961  10.909 0.0000000000
9825  -10.070  -67.539  10.754 0.0000000000
9826  -10.683  -67.368  11.188 0.0000000000
9827  -15.430  -68.102  10.742 0.0000000000
9828  -15.703  -68.262  11.387 0.0000000000
9829  -22.652  -67.522  11.947 0.0000000000
9830  -23.019  -67.833  11.418 0.0000000000
9831  -23.845  -68.485  11.427 0.0000000000
9832  -24.702  -68.768  11.099 0.0000000000
9834  -34.383  -68.757  12.025 0.0000000000
9835  -34.837  -68.121  11.502 0.0000000000
9837  -8.550  -68.326  10.294 0.0000000000
9838  -9.268  -68.172  9.836 0.0000000000
9839  -10.314  -67.882  9.398 0.0000000000
9840  -13.610  -67.771  9.164 0.0000000000
9841  -14.380  -68.022  9.692 0.0000000000
9842  -15.027  -68.004  10.186 0.0000000000
9843  -23.478  -67.891  10.716 0.0000000000
9844  -24.211  -68.218  10.384 0.0000000000
9845  -25.132  -68.681  10.386 0.0000000000
9846  -31.259  -68.540  10.690 0.0000000000
9847  -34.338  -68.772  10.974 0.0000000000
9848  -34.752  -68.043  10.437 0.0000000000
9850  -11.227  -67.865  8.810 0.0000000000
9851  -12.072  -67.765  8.631 0.0000000000
9852  -12.813  -67.674  8.830 0.0000000000
9853  -24.763  -68.202  9.742 0.0000000000
9854  -25.418  -68.514  9.413 0.0000000000
9855  -31.164  -68.316  9.557 0.0000000000
9856  -34.293  -68.719  9.884 0.0000000000
9857  -34.742  -67.966  9.283 0.0000000000
9859  -25.824  -68.585  8.517 0.0000000000
9860  -26.211  -68.918  8.154 0.0000000000
9861  -30.971  -68.032  8.408 0.0000000000
9862  -34.279  -68.652  8.776 0.0000000000
9863  -34.825  -68.021  8.137 0.0000000000
9869  -26.027  -68.530  7.714 0.0000000000
9870  -26.315  -69.014  7.667 0.0000000000
9871  -30.675  -67.596  7.400 0.0000000000
9872  -34.422  -68.644  7.816 0.0000000000
9873  -35.128  -68.379  7.157 0.0000000000
9874  -36.384  -68.272  6.662 0.0000000000
9875  -37.572  -67.932  6.829 0.0000000000
9876  -38.446  -67.790  6.919 0.0000000000
9877  -38.879  -67.648  7.016 0.0000000000
9886  -25.838  -68.195  7.252 0.0000000000
9887  -26.278  -68.711  6.894 0.0000000000
9888  -30.666  -67.995  6.398 0.0000000000
9889  -36.796  -68.808  6.094 0.0000000000
9890  -37.502  -68.575  6.304 0.0000000000
9891  -38.317  -68.356  6.485 0.0000000000
9892  -39.027  -68.078  6.534 0.0000000000
9893  -39.389  -67.792  6.519 0.0000000000
9896  -26.427  -68.732  5.925 0.0000000000
9897  -30.868  -68.202  5.385 0.0000000000
9898  -39.152  -68.332  6.128 0.0000000000
9899  -39.442  -68.045  6.092 0.0000000000
9905  -26.683  -68.601  4.940 0.0000000000
9906  -26.993  -69.138  4.429 0.0000000000
9907  -31.224  -68.450  4.280 0.0000000000
9908  -31.426  -68.989  3.992 0.0000000000
9909  -39.267  -68.548  4.478 0.0000000000
9910  -39.556  -68.182  5.209 0.0000000000
9919  -26.734  -67.995  4.459 0.0000000000
9920  -27.134  -68.598  3.909 0.0000000000
9921  -31.290  -68.219  3.616 0.0000000000
9922  -31.443  -68.697  3.426 0.0000000000
9923  -39.060  -68.298  3.835 0.0000000000
9924  -39.579  -68.074  4.495 0.0000000000
9934  -27.830  -68.550  2.871 0.0000000000
9935  -28.633  -68.397  2.134 0.0000000000
9936  -29.197  -68.034  1.900 0.0000000000
9937  -30.937  -68.422  2.137 0.0000000000
9938  -31.283  -68.831  2.411 0.0000000000
9939  -37.916  -68.060  2.509 0.0000000000
9940  -38.341  -68.175  2.969 0.0000000000
9950  -29.227  -68.531  1.816 0.0000000000
9951  -29.852  -68.437  1.720 0.0000000000
9952  -30.720  -68.704  1.860 0.0000000000
9953  -31.136  -69.136  1.912 0.0000000000
9954  -37.240  -68.210  1.352 0.0000000000
9955  -37.665  -68.501  1.935 0.0000000000
9956  -38.142  -68.685  2.524 0.0000000000
9964  -37.216  -68.654  0.765 0.0000000000
9965  -37.529  -68.983  1.149 0.0000000000
9972  -36.405  -68.212  -0.366 0.0000000000
9973  -36.784  -68.651  -0.052 0.0000000000
9980  -35.659  -68.790  -1.385 0.0000000000
9981  -36.271  -68.626  -0.733 0.0000000000
9982  -36.686  -69.016  -0.387 0.0000000000
9996  -32.423  -68.376  -2.804 0.0000000000
9997  -33.474  -68.536  -2.432 0.0000000000
9998  -34.425  -68.757  -2.079 0.0000000000
9999  -35.125  -69.064  -1.726 0.0000000000
10492  -33.130  -66.702  18.141 0.0000000000
10493  -33.741  -66.651  17.833 0.0000000000
10501  -17.467  -67.978  17.963 0.0000000000
10507  -33.417  -67.293  17.605 0.0000000000
10508  -34.117  -66.788  17.482 0.0000000000
10509  -34.452  -66.367  17.424 0.0000000000
10516  -17.090  -67.762  17.514 0.0000000000
10517  -17.485  -67.950  17.509 0.0000000000
10522  -34.171  -67.395  16.936 0.0000000000
10523  -34.640  -66.573  17.069 0.0000000000
10525  -15.356  -67.634  15.977 0.0000000000
10526  -16.017  -67.574  16.476 0.0000000000
10527  -16.843  -67.664  16.768 0.0000000000
10528  -17.440  -67.934  17.039 0.0000000000
10533  -34.586  -67.625  16.063 0.0000000000
10534  -34.919  -66.938  16.353 0.0000000000
10537  -14.881  -67.560  15.186 0.0000000000
10538  -15.912  -67.514  15.404 0.0000000000
10539  -16.709  -67.635  15.842 0.0000000000
10540  -17.358  -67.894  16.260 0.0000000000
10541  -22.893  -67.769  14.758 0.0000000000
10547  -34.739  -67.744  15.579 0.0000000000
10548  -35.155  -67.238  15.338 0.0000000000
10549  -35.549  -66.735  15.117 0.0000000000
10552  -12.522  -67.620  13.676 0.0000000000
10553  -13.408  -67.487  14.008 0.0000000000
10554  -14.564  -67.342  14.043 0.0000000000
10555  -15.645  -67.479  14.275 0.0000000000
10556  -16.658  -67.796  14.758 0.0000000000
10557  -17.203  -67.946  15.502 0.0000000000
10558  -22.721  -67.583  14.063 0.0000000000
10559  -23.459  -67.201  14.452 0.0000000000
10564  -35.336  -67.476  14.275 0.0000000000
10565  -35.662  -66.825  14.623 0.0000000000
10567  -11.316  -67.622  12.650 0.0000000000
10568  -11.934  -67.530  12.960 0.0000000000
10569  -12.928  -67.205  12.935 0.0000000000
10570  -14.055  -67.069  12.965 0.0000000000
10571  -15.210  -67.326  13.044 0.0000000000
10572  -16.318  -67.890  13.340 0.0000000000
10573  -22.626  -67.376  13.332 0.0000000000
10574  -22.980  -67.025  13.724 0.0000000000
10577  -35.378  -67.543  13.628 0.0000000000
10578  -35.790  -66.910  13.627 0.0000000000
10580  -11.501  -67.369  12.187 0.0000000000
10581  -12.256  -67.032  12.020 0.0000000000
10582  -13.397  -66.849  11.880 0.0000000000
10583  -14.613  -67.031  11.842 0.0000000000
10584  -15.669  -67.713  11.956 0.0000000000
10585  -16.219  -68.117  12.498 0.0000000000
10586  -22.618  -67.018  12.766 0.0000000000
10589  -35.380  -67.544  12.998 0.0000000000
10590  -35.829  -66.884  12.588 0.0000000000
10592  -10.700  -67.288  10.804 0.0000000000
10593  -11.332  -67.115  11.159 0.0000000000
10594  -12.558  -66.751  10.849 0.0000000000
10595  -13.835  -66.830  10.703 0.0000000000
10596  -14.976  -67.426  10.722 0.0000000000
10597  -15.520  -67.829  11.147 0.0000000000
10598  -22.571  -67.002  12.132 0.0000000000
10599  -22.713  -67.018  11.349 0.0000000000
10600  -31.175  -67.984  11.657 0.0000000000
10602  -35.360  -67.509  12.033 0.0000000000
10603  -35.858  -66.820  11.591 0.0000000000
10605  -10.801  -67.225  10.192 0.0000000000
10606  -11.696  -66.885  9.958 0.0000000000
10607  -12.889  -67.012  9.528 0.0000000000
10608  -14.158  -67.287  9.821 0.0000000000
10609  -14.718  -67.605  9.998 0.0000000000
10610  -23.031  -67.181  10.413 0.0000000000
10611  -23.591  -67.642  10.040 0.0000000000
10612  -31.210  -67.432  10.595 0.0000000000
10614  -35.324  -67.435  11.001 0.0000000000
10615  -35.883  -66.716  10.526 0.0000000000
10617  -11.109  -67.321  9.392 0.0000000000
10618  -11.843  -67.226  9.072 0.0000000000
10619  -12.389  -67.334  8.906 0.0000000000
10620  -23.428  -67.113  9.421 0.0000000000
10621  -24.160  -67.687  9.389 0.0000000000
10622  -24.856  -67.967  9.113 0.0000000000
10623  -31.098  -67.305  9.391 0.0000000000
10624  -35.289  -67.291  9.870 0.0000000000
10625  -36.026  -66.633  9.396 0.0000000000
10629  -23.846  -67.189  8.729 0.0000000000
10630  -24.593  -67.513  8.322 0.0000000000
10631  -25.246  -68.087  8.633 0.0000000000
10632  -30.771  -66.841  8.343 0.0000000000
10633  -35.520  -67.244  8.528 0.0000000000
10634  -36.426  -66.697  8.447 0.0000000000
10641  -24.906  -67.350  7.285 0.0000000000
10642  -25.447  -67.958  7.771 0.0000000000
10643  -30.394  -66.737  7.391 0.0000000000
10644  -35.630  -67.755  7.505 0.0000000000
10645  -36.639  -67.277  7.498 0.0000000000
10646  -37.846  -67.197  7.340 0.0000000000
10647  -38.620  -67.176  7.303 0.0000000000
10648  -39.183  -67.182  7.161 0.0000000000
10649  -39.646  -66.549  7.453 0.0000000000
10650  -39.946  -66.159  7.652 0.0000000000
10655  -25.009  -67.224  6.850 0.0000000000
10656  -25.532  -67.648  6.641 0.0000000000
10657  -26.124  -68.240  6.291 0.0000000000
10658  -30.328  -67.068  6.596 0.0000000000
10659  -39.341  -67.629  6.730 0.0000000000
10660  -39.720  -67.276  6.785 0.0000000000
10661  -40.059  -66.457  7.306 0.0000000000
10664  -25.677  -67.243  5.656 0.0000000000
10665  -26.161  -67.948  5.727 0.0000000000
10666  -30.464  -67.293  5.631 0.0000000000
10667  -40.039  -67.244  5.957 0.0000000000
10668  -40.232  -66.721  6.751 0.0000000000
10671  -25.747  -66.894  5.177 0.0000000000
10672  -26.278  -67.404  4.898 0.0000000000
10673  -30.786  -67.432  4.598 0.0000000000
10674  -39.569  -67.207  4.373 0.0000000000
10675  -39.833  -67.395  4.917 0.0000000000
10682  -26.709  -67.465  4.119 0.0000000000
10683  -27.251  -67.494  3.372 0.0000000000
10684  -31.049  -67.651  3.471 0.0000000000
10685  -31.304  -68.160  3.346 0.0000000000
10686  -38.466  -67.338  3.513 0.0000000000
10687  -38.981  -67.509  3.791 0.0000000000
10688  -39.512  -67.708  4.225 0.0000000000
10693  -27.934  -67.479  2.583 0.0000000000
10694  -28.713  -67.407  2.157 0.0000000000
10695  -29.618  -67.528  2.035 0.0000000000
10696  -30.643  -67.839  2.328 0.0000000000
10697  -31.273  -68.167  2.939 0.0000000000
10698  -37.362  -67.451  2.544 0.0000000000
10699  -37.840  -67.559  2.888 0.0000000000
10700  -38.451  -67.650  3.278 0.0000000000
10707  -30.155  -67.951  1.902 0.0000000000
10708  -30.379  -68.196  1.875 0.0000000000
10709  -36.541  -67.052  1.466 0.0000000000
10710  -37.086  -67.595  1.950 0.0000000000
10711  -37.653  -67.948  2.314 0.0000000000
10718  -36.501  -67.280  0.880 0.0000000000
10719  -36.896  -67.995  0.872 0.0000000000
10727  -36.470  -67.756  0.050 0.0000000000
10728  -36.853  -68.292  0.379 0.0000000000
10740  -35.598  -67.800  -1.296 0.0000000000
10741  -36.055  -67.722  -0.635 0.0000000000
10761  -33.153  -67.528  -2.668 0.0000000000
10762  -34.132  -67.734  -2.310 0.0000000000
10763  -35.009  -68.162  -1.863 0.0000000000
11287  -32.530  -65.761  18.982 0.0000000000
11297  -32.714  -66.158  18.651 0.0000000000
11298  -33.878  -66.038  18.074 0.0000000000
11299  -34.596  -65.515  17.756 0.0000000000
11308  -34.208  -66.338  17.667 0.0000000000
11309  -34.902  -65.782  17.367 0.0000000000
11310  -35.502  -65.233  17.106 0.0000000000
11318  -35.271  -66.143  16.619 0.0000000000
11319  -35.653  -65.396  16.790 0.0000000000
11328  -35.463  -66.480  15.834 0.0000000000
11329  -35.945  -65.614  16.064 0.0000000000
11330  -36.346  -65.227  15.915 0.0000000000
11337  -35.511  -66.667  15.360 0.0000000000
11338  -35.869  -66.185  15.145 0.0000000000
11339  -36.394  -65.383  15.438 0.0000000000
11342  -23.573  -66.789  13.811 0.0000000000
11348  -36.144  -66.281  14.207 0.0000000000
11349  -36.536  -65.609  14.572 0.0000000000
11352  -22.786  -66.909  13.199 0.0000000000
11353  -23.227  -66.656  13.272 0.0000000000
11354  -23.977  -66.447  13.386 0.0000000000
11359  -36.228  -66.313  13.635 0.0000000000
11360  -36.711  -65.762  13.644 0.0000000000
11361  -37.209  -65.386  13.220 0.0000000000
11364  -22.904  -66.666  12.854 0.0000000000
11365  -23.443  -66.315  12.610 0.0000000000
11366  -24.323  -66.156  12.829 0.0000000000
11367  -24.972  -65.962  12.774 0.0000000000
11370  -36.307  -66.309  13.079 0.0000000000
11371  -36.869  -65.703  12.775 0.0000000000
11372  -37.527  -65.164  12.609 0.0000000000
11375  -22.827  -66.642  12.413 0.0000000000
11376  -22.978  -66.336  11.732 0.0000000000
11379  -36.394  -66.216  12.185 0.0000000000
11380  -37.128  -65.460  11.850 0.0000000000
11381  -37.572  -65.092  12.083 0.0000000000
11384  -22.966  -66.288  10.654 0.0000000000
11385  -31.195  -66.826  10.012 0.0000000000
11386  -31.576  -66.259  10.584 0.0000000000
11388  -36.470  -66.125  11.172 0.0000000000
11389  -37.141  -65.520  10.745 0.0000000000
11393  -23.103  -66.337  9.599 0.0000000000
11394  -31.166  -66.268  9.425 0.0000000000
11395  -31.467  -65.886  9.910 0.0000000000
11396  -36.578  -66.074  10.088 0.0000000000
11397  -37.371  -65.582  9.722 0.0000000000
11403  -23.459  -66.508  8.542 0.0000000000
11404  -23.959  -66.976  8.097 0.0000000000
11405  -30.830  -65.976  8.603 0.0000000000
11406  -36.878  -66.130  9.023 0.0000000000
11407  -37.895  -65.797  8.752 0.0000000000
11408  -38.741  -65.762  8.365 0.0000000000
11409  -39.334  -65.642  8.220 0.0000000000
11410  -39.826  -65.459  8.172 0.0000000000
11411  -40.151  -65.353  8.053 0.0000000000
11416  -23.941  -66.462  7.509 0.0000000000
11417  -24.364  -67.012  7.555 0.0000000000
11418  -29.804  -65.370  6.928 0.0000000000
11419  -30.344  -65.897  7.757 0.0000000000
11420  -37.327  -66.579  8.103 0.0000000000
11421  -38.236  -66.483  7.848 0.0000000000
11422  -38.892  -66.440  7.719 0.0000000000
11423  -39.365  -66.202  7.751 0.0000000000
11424  -39.810  -65.904  7.833 0.0000000000
11425  -40.300  -65.681  7.659 0.0000000000
11426  -40.564  -65.381  7.422 0.0000000000
11430  -24.120  -66.351  7.024 0.0000000000
11431  -24.626  -66.685  6.652 0.0000000000
11432  -25.258  -67.015  6.110 0.0000000000
11433  -29.585  -65.646  6.094 0.0000000000
11434  -29.986  -66.229  6.804 0.0000000000
11435  -40.468  -66.126  7.143 0.0000000000
11436  -40.598  -65.632  7.315 0.0000000000
11439  -24.706  -66.180  5.851 0.0000000000
11440  -25.217  -66.534  5.520 0.0000000000
11441  -29.637  -65.775  5.167 0.0000000000
11442  -29.973  -66.460  5.874 0.0000000000
11443  -38.378  -66.016  4.928 0.0000000000
11444  -38.990  -66.070  4.990 0.0000000000
11445  -39.572  -66.184  5.150 0.0000000000
11446  -40.054  -66.413  5.542 0.0000000000
11447  -40.445  -66.195  6.411 0.0000000000
11448  -40.671  -65.722  6.924 0.0000000000
11450  -25.778  -66.500  4.652 0.0000000000
11451  -26.309  -66.942  4.354 0.0000000000
11452  -29.771  -65.883  4.222 0.0000000000
11453  -30.203  -66.564  4.896 0.0000000000
11454  -37.203  -66.315  4.138 0.0000000000
11455  -37.842  -66.332  4.395 0.0000000000
11456  -38.595  -66.512  4.374 0.0000000000
11457  -39.244  -66.714  4.427 0.0000000000
11458  -39.734  -66.772  4.837 0.0000000000
11465  -25.819  -66.053  4.167 0.0000000000
11466  -26.452  -66.503  3.815 0.0000000000
11467  -27.327  -66.531  2.996 0.0000000000
11468  -29.146  -66.079  2.709 0.0000000000
11469  -29.701  -66.074  3.260 0.0000000000
11470  -30.437  -66.660  3.883 0.0000000000
11471  -36.852  -66.463  3.564 0.0000000000
11472  -37.499  -66.717  3.630 0.0000000000
11473  -38.139  -66.927  3.685 0.0000000000
11474  -38.759  -66.965  3.894 0.0000000000
11484  -28.126  -66.596  2.479 0.0000000000
11485  -28.896  -66.586  2.342 0.0000000000
11486  -29.788  -66.760  2.514 0.0000000000
11487  -30.460  -66.878  2.995 0.0000000000
11488  -36.494  -66.540  2.933 0.0000000000
11489  -37.133  -67.079  2.794 0.0000000000
11490  -37.678  -67.092  3.248 0.0000000000
11497  -36.501  -66.739  2.081 0.0000000000
11498  -36.891  -67.173  2.277 0.0000000000
11501  -36.168  -66.476  1.021 0.0000000000
11510  -35.684  -66.045  -0.506 0.0000000000
11511  -36.050  -66.606  0.019 0.0000000000
11522  -35.617  -66.641  -0.985 0.0000000000
11523  -36.050  -67.188  -0.415 0.0000000000
11543  -34.811  -66.859  -1.965 0.0000000000
12090  -32.385  -65.370  19.308 0.0000000000
12102  -33.227  -65.487  18.652 0.0000000000
12103  -34.342  -65.229  18.069 0.0000000000
12104  -35.267  -64.920  17.499 0.0000000000
12105  -35.907  -64.447  17.284 0.0000000000
12115  -35.406  -65.117  17.280 0.0000000000
12116  -36.075  -64.670  17.024 0.0000000000
12125  -36.258  -64.997  16.454 0.0000000000
12136  -36.316  -65.139  16.149 0.0000000000
12137  -36.748  -64.839  15.934 0.0000000000
12147  -37.005  -64.960  14.963 0.0000000000
12157  -37.171  -65.199  14.092 0.0000000000
12158  -37.815  -64.596  14.354 0.0000000000
12165  -37.194  -65.316  13.595 0.0000000000
12166  -37.667  -64.998  13.450 0.0000000000
12167  -38.392  -64.446  13.422 0.0000000000
12168  -38.904  -64.207  12.791 0.0000000000
12172  -23.984  -66.060  12.410 0.0000000000
12173  -24.481  -65.919  12.261 0.0000000000
12174  -25.191  -65.623  12.194 0.0000000000
12178  -38.088  -64.774  12.794 0.0000000000
12179  -38.627  -64.450  12.427 0.0000000000
12180  -39.232  -64.079  11.966 0.0000000000
12183  -23.775  -65.948  11.933 0.0000000000
12184  -24.481  -65.601  11.520 0.0000000000
12185  -25.380  -65.186  11.286 0.0000000000
12186  -25.906  -64.725  11.435 0.0000000000
12189  -37.605  -65.078  11.814 0.0000000000
12190  -38.038  -64.779  11.951 0.0000000000
12191  -38.882  -64.394  11.469 0.0000000000
12192  -39.692  -64.052  10.897 0.0000000000
12196  -23.576  -65.713  11.045 0.0000000000
12197  -24.417  -65.139  10.465 0.0000000000
12198  -25.306  -64.869  10.519 0.0000000000
12199  -31.683  -65.708  10.106 0.0000000000
12201  -37.690  -65.084  11.288 0.0000000000
12202  -38.376  -64.721  10.932 0.0000000000
12203  -39.154  -64.442  10.498 0.0000000000
12204  -39.889  -64.270  10.070 0.0000000000
12208  -23.407  -65.397  9.917 0.0000000000
12209  -23.903  -64.988  9.913 0.0000000000
12210  -31.078  -65.674  9.006 0.0000000000
12211  -31.531  -65.247  9.512 0.0000000000
12213  -37.869  -65.126  10.364 0.0000000000
12214  -38.584  -64.826  9.989 0.0000000000
12215  -39.327  -64.666  9.623 0.0000000000
12216  -40.128  -64.490  9.342 0.0000000000
12217  -40.576  -64.450  8.956 0.0000000000
12221  -23.267  -65.604  8.826 0.0000000000
12222  -30.801  -65.123  8.523 0.0000000000
12223  -31.220  -64.741  8.959 0.0000000000
12224  -38.089  -65.274  9.566 0.0000000000
12225  -38.689  -65.208  9.156 0.0000000000
12226  -39.362  -65.065  8.849 0.0000000000
12227  -39.948  -64.909  8.624 0.0000000000
12228  -40.552  -64.710  8.444 0.0000000000
12229  -40.887  -64.507  8.134 0.0000000000
12232  -23.517  -65.775  7.847 0.0000000000
12233  -29.743  -64.604  6.906 0.0000000000
12234  -30.165  -64.893  7.566 0.0000000000
12235  -40.489  -65.022  8.005 0.0000000000
12236  -40.692  -64.889  7.644 0.0000000000
12240  -23.905  -65.921  6.947 0.0000000000
12241  -24.330  -65.760  6.096 0.0000000000
12242  -29.472  -64.813  6.216 0.0000000000
12243  -37.961  -65.002  5.906 0.0000000000
12244  -38.444  -64.873  5.909 0.0000000000
12245  -40.076  -64.940  6.239 0.0000000000
12246  -40.414  -64.942  6.672 0.0000000000
12247  -40.646  -65.188  7.075 0.0000000000
12251  -24.852  -65.705  5.247 0.0000000000
12252  -25.271  -66.089  4.971 0.0000000000
12253  -29.215  -65.015  5.395 0.0000000000
12254  -35.930  -65.325  5.089 0.0000000000
12255  -36.807  -65.526  5.286 0.0000000000
12256  -37.729  -65.666  5.269 0.0000000000
12257  -38.631  -65.374  5.566 0.0000000000
12258  -39.361  -65.527  5.514 0.0000000000
12259  -39.880  -65.586  5.693 0.0000000000
12260  -40.282  -65.561  6.145 0.0000000000
12261  -40.531  -65.487  6.603 0.0000000000
12264  -25.028  -65.441  4.859 0.0000000000
12265  -25.337  -65.650  4.552 0.0000000000
12266  -28.803  -64.890  3.827 0.0000000000
12267  -29.149  -65.082  4.488 0.0000000000
12268  -35.745  -65.668  4.269 0.0000000000
12269  -36.535  -65.984  4.405 0.0000000000
12270  -37.222  -66.005  4.720 0.0000000000
12272  -25.902  -65.574  3.855 0.0000000000
12273  -26.668  -65.616  3.304 0.0000000000
12274  -27.757  -65.621  2.863 0.0000000000
12275  -28.690  -65.332  3.184 0.0000000000
12276  -29.258  -65.399  3.750 0.0000000000
12277  -35.438  -65.536  3.499 0.0000000000
12278  -36.122  -66.127  3.570 0.0000000000
12285  -28.324  -66.145  2.514 0.0000000000
12286  -28.558  -65.910  2.644 0.0000000000
12287  -35.344  -65.289  2.542 0.0000000000
12288  -35.923  -66.043  2.697 0.0000000000
12298  -35.294  -64.948  1.764 0.0000000000
12299  -35.784  -65.776  1.669 0.0000000000
12312  -35.500  -65.039  0.954 0.0000000000
12313  -35.833  -65.760  0.791 0.0000000000
12320  -35.638  -65.470  0.006 0.0000000000
12321  -35.928  -66.079  0.433 0.0000000000
12327  -35.386  -65.483  -0.932 0.0000000000
12338  -34.923  -65.522  -1.729 0.0000000000
12885  -32.864  -64.681  19.062 0.0000000000
12886  -33.931  -64.672  18.377 0.0000000000
12887  -34.948  -64.426  17.819 0.0000000000
12888  -35.947  -64.077  17.475 0.0000000000
12970  -38.930  -63.646  13.430 0.0000000000
12981  -38.819  -64.120  13.279 0.0000000000
12982  -39.198  -63.775  12.726 0.0000000000
12991  -39.887  -63.558  11.330 0.0000000000
12992  -40.466  -63.012  11.059 0.0000000000
12994  -25.820  -64.662  10.741 0.0000000000
12995  -26.143  -64.259  10.982 0.0000000000
12998  -40.266  -63.687  10.615 0.0000000000
12999  -40.548  -63.339  10.642 0.0000000000
13002  -25.045  -64.705  9.993 0.0000000000
13003  -25.591  -64.539  10.141 0.0000000000
13004  -26.080  -64.200  10.120 0.0000000000
13007  -40.222  -64.124  10.069 0.0000000000
13008  -40.891  -63.593  10.085 0.0000000000
13009  -41.520  -63.432  9.629 0.0000000000
13011  -23.741  -64.934  9.622 0.0000000000
13012  -24.339  -64.696  9.555 0.0000000000
13013  -25.391  -64.148  9.347 0.0000000000
13014  -26.046  -63.939  9.572 0.0000000000
13015  -31.598  -64.323  9.110 0.0000000000
13017  -40.485  -64.072  9.836 0.0000000000
13018  -40.976  -64.001  9.441 0.0000000000
13019  -41.619  -63.593  9.166 0.0000000000
13022  -23.661  -64.888  9.076 0.0000000000
13023  -24.416  -64.266  8.441 0.0000000000
13024  -25.122  -63.874  8.589 0.0000000000
13025  -30.590  -64.219  7.950 0.0000000000
13026  -31.104  -64.252  8.599 0.0000000000
13027  -41.083  -64.143  8.925 0.0000000000
13028  -41.415  -63.899  8.558 0.0000000000
13032  -23.611  -64.970  8.121 0.0000000000
13033  -24.043  -64.526  7.320 0.0000000000
13034  -29.769  -64.277  6.867 0.0000000000
13035  -30.041  -64.060  7.148 0.0000000000
13036  -41.239  -64.031  7.943 0.0000000000
13041  -23.711  -65.223  7.331 0.0000000000
13042  -23.997  -65.053  6.537 0.0000000000
13043  -29.634  -64.108  6.469 0.0000000000
13044  -29.905  -63.553  6.628 0.0000000000
13045  -36.846  -64.143  6.152 0.0000000000
13046  -37.348  -64.327  6.159 0.0000000000
13047  -38.350  -64.341  6.207 0.0000000000
13048  -39.137  -64.259  6.278 0.0000000000
13049  -39.806  -64.381  6.382 0.0000000000
13050  -40.372  -64.291  6.806 0.0000000000
13051  -40.771  -64.313  7.310 0.0000000000
13057  -24.391  -64.969  5.572 0.0000000000
13058  -28.865  -63.797  4.761 0.0000000000
13059  -29.167  -64.024  5.338 0.0000000000
13060  -35.618  -64.628  5.373 0.0000000000
13061  -36.402  -64.505  5.883 0.0000000000
13062  -37.231  -65.069  5.793 0.0000000000
13063  -38.784  -64.747  5.954 0.0000000000
13064  -39.264  -64.880  5.893 0.0000000000
13065  -39.702  -65.045  5.901 0.0000000000
13071  -24.904  -65.042  4.772 0.0000000000
13072  -25.416  -64.878  4.127 0.0000000000
13073  -27.833  -63.788  3.664 0.0000000000
13074  -28.565  -64.039  4.205 0.0000000000
13075  -29.024  -64.537  4.857 0.0000000000
13076  -34.647  -64.146  3.966 0.0000000000
13077  -35.110  -64.813  4.565 0.0000000000
13082  -26.051  -64.802  3.578 0.0000000000
13083  -26.839  -64.767  3.280 0.0000000000
13084  -27.762  -64.442  3.402 0.0000000000
13085  -28.444  -64.651  3.617 0.0000000000
13086  -34.571  -63.889  3.132 0.0000000000
13087  -34.874  -64.773  3.347 0.0000000000
13091  -34.611  -63.652  2.214 0.0000000000
13092  -34.885  -64.481  2.377 0.0000000000
13101  -34.660  -63.472  1.648 0.0000000000
13102  -34.970  -64.088  1.357 0.0000000000
13117  -35.182  -64.295  0.239 0.0000000000
13129  -35.175  -64.580  -0.683 0.0000000000
13135  -34.973  -64.746  -1.410 0.0000000000
13143  -34.282  -64.638  -2.139 0.0000000000
13144  -34.722  -64.802  -1.787 0.0000000000
13796  -33.574  -63.950  18.587 0.0000000000
13797  -34.548  -63.901  18.075 0.0000000000
13798  -35.643  -63.543  17.651 0.0000000000
13898  -39.104  -63.496  13.127 0.0000000000
13913  -39.113  -63.210  13.081 0.0000000000
13914  -39.335  -63.323  12.557 0.0000000000
13928  -39.687  -63.298  11.809 0.0000000000
13929  -40.258  -63.139  11.166 0.0000000000
13942  -40.766  -62.927  10.699 0.0000000000
13954  -41.090  -63.154  10.357 0.0000000000
13955  -41.628  -63.072  9.980 0.0000000000
13959  -25.951  -63.650  9.231 0.0000000000
13960  -26.217  -63.494  9.786 0.0000000000
13961  -31.519  -63.728  8.749 0.0000000000
13963  -42.181  -62.920  9.452 0.0000000000
13964  -42.567  -62.528  9.331 0.0000000000
13968  -24.972  -63.678  8.091 0.0000000000
13969  -25.591  -63.386  8.494 0.0000000000
13970  -26.048  -63.110  9.094 0.0000000000
13971  -30.555  -63.575  7.558 0.0000000000
13972  -31.134  -63.374  8.127 0.0000000000
13973  -31.711  -63.152  8.657 0.0000000000
13974  -42.138  -63.147  8.914 0.0000000000
13975  -42.558  -62.601  9.149 0.0000000000
13979  -24.591  -63.781  7.348 0.0000000000
13980  -25.172  -63.201  7.522 0.0000000000
13981  -30.312  -63.169  6.995 0.0000000000
13982  -30.766  -63.007  7.505 0.0000000000
13983  -42.029  -63.185  8.299 0.0000000000
13984  -42.509  -62.688  8.760 0.0000000000
13988  -24.375  -64.088  6.190 0.0000000000
13989  -24.887  -63.176  6.498 0.0000000000
13990  -29.619  -63.311  6.002 0.0000000000
13991  -30.012  -63.052  6.445 0.0000000000
13992  -36.060  -63.186  6.178 0.0000000000
13993  -36.811  -63.569  6.331 0.0000000000
13994  -37.874  -63.529  6.546 0.0000000000
13995  -38.829  -63.565  6.615 0.0000000000
13996  -39.658  -63.597  6.697 0.0000000000
13997  -40.354  -63.617  6.918 0.0000000000
13998  -40.903  -63.581  7.287 0.0000000000
13999  -41.450  -63.426  7.715 0.0000000000
14003  -24.751  -64.236  4.968 0.0000000000
14004  -24.930  -63.307  5.266 0.0000000000
14005  -28.893  -63.314  4.753 0.0000000000
14006  -29.277  -63.170  5.342 0.0000000000
14007  -34.759  -63.081  4.846 0.0000000000
14008  -35.405  -63.632  5.533 0.0000000000
14009  -36.117  -63.758  6.086 0.0000000000
14013  -25.130  -64.467  4.439 0.0000000000
14014  -25.623  -63.807  4.001 0.0000000000
14015  -26.661  -63.220  3.695 0.0000000000
14016  -27.668  -63.118  3.767 0.0000000000
14017  -28.385  -63.023  4.220 0.0000000000
14018  -34.539  -63.212  3.978 0.0000000000
14019  -34.751  -63.817  4.657 0.0000000000
14023  -26.267  -64.311  3.523 0.0000000000
14024  -26.707  -63.995  3.474 0.0000000000
14025  -27.305  -63.692  3.578 0.0000000000
14026  -34.426  -62.867  2.885 0.0000000000
14032  -34.483  -62.943  1.922 0.0000000000
14042  -34.607  -63.147  1.109 0.0000000000
14043  -34.882  -63.650  0.604 0.0000000000
14052  -34.653  -63.116  0.289 0.0000000000
14053  -34.868  -63.616  0.067 0.0000000000
14066  -34.675  -63.274  -0.232 0.0000000000
14067  -34.836  -63.757  -0.504 0.0000000000
14079  -34.267  -63.361  -1.558 0.0000000000
14080  -34.643  -63.872  -1.255 0.0000000000
14087  -34.218  -63.767  -1.903 0.0000000000
14088  -34.582  -64.362  -1.721 0.0000000000
14101  -33.907  -63.960  -2.285 0.0000000000
14807  -39.278  -63.005  12.668 0.0000000000
14820  -39.197  -62.683  12.455 0.0000000000
14821  -39.630  -62.844  11.928 0.0000000000
14822  -40.112  -62.961  11.408 0.0000000000
14852  -42.163  -62.423  9.778 0.0000000000
14863  -26.018  -62.506  9.593 0.0000000000
14865  -42.476  -62.513  9.485 0.0000000000
14866  -42.700  -62.273  9.352 0.0000000000
14873  -25.581  -62.717  7.764 0.0000000000
14874  -25.846  -62.436  8.489 0.0000000000
14877  -42.839  -62.246  8.922 0.0000000000
14880  -25.373  -62.533  6.882 0.0000000000
14881  -25.669  -61.982  7.417 0.0000000000
14882  -30.679  -62.433  7.116 0.0000000000
14883  -31.120  -62.455  7.718 0.0000000000
14884  -38.183  -62.004  7.253 0.0000000000
14885  -39.044  -62.028  7.332 0.0000000000
14886  -40.005  -62.056  7.323 0.0000000000
14887  -40.890  -62.165  7.398 0.0000000000
14888  -41.590  -62.335  7.584 0.0000000000
14889  -42.092  -62.581  7.882 0.0000000000
14890  -42.572  -62.378  8.430 0.0000000000
14894  -25.327  -62.467  5.748 0.0000000000
14895  -25.634  -61.734  6.269 0.0000000000
14896  -29.930  -62.721  6.088 0.0000000000
14897  -30.282  -62.454  6.491 0.0000000000
14898  -35.718  -62.373  6.007 0.0000000000
14899  -36.459  -62.509  6.544 0.0000000000
14900  -37.427  -62.531  6.880 0.0000000000
14901  -38.466  -62.763  6.956 0.0000000000
14902  -39.398  -62.830  7.013 0.0000000000
14903  -40.252  -62.873  7.088 0.0000000000
14904  -40.965  -62.926  7.277 0.0000000000
14905  -41.460  -62.967  7.536 0.0000000000
14910  -25.664  -62.633  4.588 0.0000000000
14911  -25.877  -61.691  5.035 0.0000000000
14912  -29.236  -62.665  4.974 0.0000000000
14913  -29.663  -62.526  5.534 0.0000000000
14914  -30.061  -62.231  5.953 0.0000000000
14915  -34.684  -62.470  4.460 0.0000000000
14916  -35.078  -62.230  5.174 0.0000000000
14919  -26.116  -62.885  3.982 0.0000000000
14920  -26.747  -62.059  3.937 0.0000000000
14921  -28.081  -62.232  3.900 0.0000000000
14922  -28.831  -62.444  4.444 0.0000000000
14923  -34.497  -62.111  3.704 0.0000000000
14924  -34.767  -61.694  4.437 0.0000000000
14926  -34.329  -61.976  2.929 0.0000000000
14934  -34.310  -62.157  2.245 0.0000000000
14945  -34.306  -62.285  1.419 0.0000000000
14951  -34.337  -62.383  0.553 0.0000000000
14959  -34.370  -62.655  -0.319 0.0000000000
14960  -34.564  -63.229  -0.631 0.0000000000
14971  -34.321  -62.972  -1.137 0.0000000000
14972  -34.594  -63.462  -0.897 0.0000000000
14981  -33.448  -62.198  -2.203 0.0000000000
14982  -33.897  -62.806  -1.880 0.0000000000
15003  -33.781  -63.401  -2.277 0.0000000000
15757  -39.352  -62.460  12.008 0.0000000000
15798  -25.851  -61.947  8.909 0.0000000000
15812  -25.641  -61.343  8.152 0.0000000000
15815  -42.848  -61.799  8.562 0.0000000000
15822  -25.739  -61.089  6.875 0.0000000000
15823  -30.925  -61.680  7.307 0.0000000000
15825  -36.635  -61.147  7.117 0.0000000000
15826  -37.455  -61.381  7.335 0.0000000000
15827  -38.531  -61.204  7.508 0.0000000000
15828  -39.586  -61.171  7.529 0.0000000000
15829  -40.634  -61.286  7.597 0.0000000000
15830  -41.538  -61.569  7.704 0.0000000000
15831  -42.170  -61.857  7.843 0.0000000000
15832  -42.567  -61.912  8.141 0.0000000000
15836  -26.063  -60.755  5.620 0.0000000000
15837  -30.578  -61.832  6.699 0.0000000000
15838  -35.456  -61.182  5.721 0.0000000000
15839  -36.117  -61.446  6.548 0.0000000000
15840  -36.780  -61.838  6.970 0.0000000000
15846  -26.621  -60.905  4.444 0.0000000000
15847  -27.267  -60.735  3.978 0.0000000000
15848  -29.424  -61.816  4.894 0.0000000000
15849  -29.952  -61.691  5.584 0.0000000000
15850  -30.302  -61.718  6.161 0.0000000000
15851  -35.046  -61.150  4.909 0.0000000000
15854  -27.067  -61.214  3.980 0.0000000000
15855  -27.810  -61.232  3.911 0.0000000000
15856  -28.751  -61.566  4.252 0.0000000000
15857  -34.559  -61.180  3.876 0.0000000000
15858  -34.785  -60.982  4.372 0.0000000000
15863  -34.361  -61.312  3.217 0.0000000000
15871  -34.178  -61.361  2.522 0.0000000000
15879  -34.051  -61.461  1.757 0.0000000000
15887  -34.024  -61.565  0.921 0.0000000000
15895  -33.533  -60.994  -0.474 0.0000000000
15896  -33.871  -61.560  -0.065 0.0000000000
15905  -33.624  -61.388  -0.817 0.0000000000
15906  -33.963  -62.104  -0.911 0.0000000000
15919  -33.515  -61.688  -1.613 0.0000000000
15920  -33.923  -62.400  -1.399 0.0000000000
15943  -32.941  -61.554  -2.585 0.0000000000
16792  -42.654  -61.327  8.639 0.0000000000
16806  -42.594  -61.451  8.266 0.0000000000
16815  -25.919  -60.125  6.426 0.0000000000
16818  -36.181  -60.509  6.919 0.0000000000
16819  -36.850  -60.412  7.420 0.0000000000
16820  -37.863  -60.354  7.687 0.0000000000
16824  -42.146  -61.315  8.017 0.0000000000
16825  -42.487  -61.592  8.019 0.0000000000
16836  -26.317  -59.844  5.556 0.0000000000
16837  -30.250  -60.240  6.059 0.0000000000
16838  -30.531  -60.895  6.492 0.0000000000
16839  -35.364  -60.189  5.782 0.0000000000
16840  -35.708  -60.474  6.356 0.0000000000
16846  -26.703  -59.998  4.842 0.0000000000
16847  -27.278  -60.184  4.288 0.0000000000
16848  -29.256  -61.134  4.622 0.0000000000
16849  -29.817  -60.629  5.292 0.0000000000
16850  -30.184  -61.222  5.862 0.0000000000
16851  -35.142  -60.351  5.159 0.0000000000
16854  -27.871  -60.376  4.048 0.0000000000
16855  -28.828  -60.560  4.309 0.0000000000
16856  -29.308  -60.081  4.707 0.0000000000
16857  -34.603  -60.432  4.021 0.0000000000
16858  -34.877  -60.418  4.558 0.0000000000
16865  -34.361  -60.493  3.398 0.0000000000
16875  -34.161  -60.687  2.818 0.0000000000
16882  -33.634  -60.029  1.468 0.0000000000
16883  -33.884  -60.503  2.101 0.0000000000
16892  -33.519  -60.147  0.816 0.0000000000
16893  -33.778  -60.783  1.284 0.0000000000
16902  -33.437  -60.435  -0.028 0.0000000000
16903  -33.709  -60.908  0.589 0.0000000000
16912  -33.276  -60.560  -0.981 0.0000000000
16929  -33.000  -60.474  -1.996 0.0000000000
17834  -35.563  -58.924  6.758 0.0000000000
17835  -36.067  -59.478  7.150 0.0000000000
17855  -30.386  -60.114  6.430 0.0000000000
17856  -35.415  -59.429  6.282 0.0000000000
17857  -35.813  -59.993  6.717 0.0000000000
17863  -28.670  -59.229  4.547 0.0000000000
17864  -29.375  -59.440  5.013 0.0000000000
17865  -35.052  -59.455  5.319 0.0000000000
17868  -27.764  -59.917  4.237 0.0000000000
17869  -28.304  -59.834  4.259 0.0000000000
17870  -28.950  -59.793  4.482 0.0000000000
17871  -34.672  -59.878  4.200 0.0000000000
17872  -34.842  -59.666  4.650 0.0000000000
17880  -34.409  -59.578  3.589 0.0000000000
17881  -34.602  -59.232  4.092 0.0000000000
17894  -34.064  -59.699  2.773 0.0000000000
17903  -33.505  -59.294  1.129 0.0000000000
17904  -33.737  -59.360  1.899 0.0000000000
17913  -33.331  -59.367  0.362 0.0000000000
17920  -33.159  -59.422  -0.513 0.0000000000
17927  -33.023  -59.439  -1.464 0.0000000000
17946  -32.812  -59.334  -2.406 0.0000000000
17974  -32.531  -59.118  -3.375 0.0000000000
18850  -35.730  -58.385  7.024 0.0000000000
18870  -35.258  -58.303  6.348 0.0000000000
18881  -34.936  -58.409  5.454 0.0000000000
18883  -34.721  -58.573  4.451 0.0000000000
18891  -34.268  -58.841  3.000 0.0000000000
18892  -34.459  -58.379  3.435 0.0000000000
18905  -34.106  -58.363  2.297 0.0000000000
18906  -34.366  -58.127  2.794 0.0000000000
18917  -33.513  -58.610  0.686 0.0000000000
18932  -33.394  -58.311  -0.093 0.0000000000
18944  -33.235  -58.457  -1.047 0.0000000000
18953  -33.162  -58.470  -1.953 0.0000000000
19893  -34.883  -57.166  5.606 0.0000000000
19896  -34.759  -57.368  4.498 0.0000000000
19905  -34.740  -57.376  3.507 0.0000000000
19915  -34.947  -57.027  2.264 0.0000000000
19916  -36.797  -56.395  1.638 0.0000000000
19917  -38.105  -56.831  1.766 0.0000000000
19918  -38.965  -57.289  2.135 0.0000000000
19940  -33.676  -57.694  -0.815 0.0000000000
20867  -35.093  -56.362  3.438 0.0000000000
20868  -35.661  -55.701  3.005 0.0000000000
20869  -38.938  -56.205  2.785 0.0000000000
20870  -39.576  -56.209  3.083 0.0000000000
20880  -35.118  -56.657  2.905 0.0000000000
20881  -36.010  -56.059  2.495 0.0000000000
20882  -37.440  -56.131  2.146 0.0000000000
20883  -38.495  -56.435  2.369 0.0000000000
20884  -39.311  -56.823  2.618 0.0000000000
21846  -36.418  -55.157  2.835 0.0000000000
21847  -37.676  -55.093  2.792 0.0000000000
21848  -38.804  -55.458  3.037 0.0000000000
21857  -37.110  -55.617  2.493 0.0000000000
21858  -38.020  -55.791  2.575 0.0000000000
21859  -38.549  -56.003  2.727 0.0000000000
