#!ascii label  , from subject COLIN27_FS vox2ras=TkReg
81
91804  -42.588  0.478  -24.502 0.0000000000
93150  -42.081  1.088  -25.192 0.0000000000
93151  -43.020  1.081  -25.094 0.0000000000
93152  -43.933  1.397  -25.019 0.0000000000
93163  -41.247  2.007  -25.735 0.0000000000
93164  -41.834  1.726  -25.659 0.0000000000
93165  -42.708  1.562  -25.560 0.0000000000
93166  -43.309  1.511  -25.394 0.0000000000
94339  -44.213  1.904  -25.317 0.0000000000
94340  -44.699  1.925  -24.918 0.0000000000
94353  -41.630  2.298  -26.031 0.0000000000
94354  -42.477  2.078  -25.993 0.0000000000
94355  -43.546  2.116  -25.793 0.0000000000
94356  -44.549  2.312  -25.402 0.0000000000
94357  -45.068  2.350  -24.995 0.0000000000
94369  -42.285  2.647  -26.347 0.0000000000
94370  -42.905  2.437  -26.206 0.0000000000
95585  -45.800  2.751  -24.607 0.0000000000
95586  -46.464  3.023  -24.223 0.0000000000
95587  -47.345  3.637  -24.146 0.0000000000
95599  -43.703  2.587  -26.136 0.0000000000
95600  -44.223  2.684  -25.984 0.0000000000
95601  -45.400  3.008  -25.306 0.0000000000
95602  -46.312  3.683  -25.171 0.0000000000
95613  -42.031  3.268  -26.770 0.0000000000
95614  -43.307  3.041  -26.553 0.0000000000
95615  -44.588  3.382  -26.345 0.0000000000
95616  -45.351  3.774  -26.156 0.0000000000
96946  -46.995  3.958  -24.816 0.0000000000
96947  -47.749  4.232  -24.579 0.0000000000
96948  -48.590  4.627  -24.500 0.0000000000
96958  -45.952  3.992  -25.809 0.0000000000
96959  -46.686  4.482  -25.672 0.0000000000
96960  -47.528  4.584  -25.214 0.0000000000
96961  -48.089  4.628  -24.954 0.0000000000
96974  -44.097  3.890  -27.081 0.0000000000
96975  -44.967  4.127  -26.750 0.0000000000
96976  -45.719  4.463  -26.451 0.0000000000
96977  -46.220  4.516  -26.115 0.0000000000
96990  -44.650  4.618  -27.376 0.0000000000
96991  -45.323  4.692  -27.015 0.0000000000
98188  -48.864  5.006  -24.819 0.0000000000
98189  -49.577  5.169  -24.538 0.0000000000
98197  -46.802  4.886  -25.997 0.0000000000
98198  -47.242  5.013  -25.829 0.0000000000
98199  -48.453  5.211  -25.430 0.0000000000
98200  -49.471  5.756  -25.506 0.0000000000
98208  -45.735  4.938  -26.858 0.0000000000
98209  -46.477  5.159  -26.479 0.0000000000
98210  -47.600  5.629  -26.289 0.0000000000
98211  -48.378  5.963  -26.278 0.0000000000
99496  -50.205  6.038  -25.240 0.0000000000
99497  -50.895  6.750  -24.934 0.0000000000
99505  -49.070  6.097  -26.085 0.0000000000
99506  -49.884  6.576  -25.990 0.0000000000
99507  -50.431  6.664  -25.543 0.0000000000
99515  -47.960  6.310  -26.773 0.0000000000
99516  -48.781  6.666  -26.729 0.0000000000
99517  -49.363  6.615  -26.419 0.0000000000
99527  -48.234  6.779  -27.045 0.0000000000
100894  -50.039  7.073  -26.213 0.0000000000
100895  -50.525  7.452  -25.828 0.0000000000
100901  -48.973  7.116  -26.925 0.0000000000
100902  -49.592  7.307  -26.678 0.0000000000
100903  -50.257  8.110  -26.499 0.0000000000
100912  -49.288  8.090  -27.317 0.0000000000
102234  -50.737  8.697  -26.027 0.0000000000
102241  -49.823  8.363  -26.959 0.0000000000
102242  -50.295  8.902  -26.720 0.0000000000
102251  -49.574  8.858  -27.473 0.0000000000
102252  -49.954  8.951  -27.102 0.0000000000
103526  -51.482  9.515  -25.024 0.0000000000
103536  -51.179  9.568  -25.554 0.0000000000
103545  -50.751  9.658  -26.383 0.0000000000
104935  -51.669  10.409  -25.035 0.0000000000
104944  -51.256  10.516  -25.911 0.0000000000
104953  -50.780  10.608  -26.797 0.0000000000
106317  -51.336  11.533  -26.337 0.0000000000
106325  -50.642  11.638  -27.434 0.0000000000
107553  -50.759  12.851  -27.456 0.0000000000
108743  -50.430  13.545  -27.765 0.0000000000
