#!ascii label  , from subject COLIN27_FS vox2ras=TkReg
163
69204  -43.812  -16.868  -8.057 0.0000000000
69225  -43.310  -16.336  -8.634 0.0000000000
69226  -44.344  -16.314  -8.566 0.0000000000
69227  -45.235  -16.236  -8.394 0.0000000000
70610  -42.824  -15.797  -9.187 0.0000000000
70611  -43.917  -15.792  -9.168 0.0000000000
70612  -45.002  -15.662  -8.941 0.0000000000
70613  -46.146  -15.683  -8.416 0.0000000000
71933  -42.286  -15.210  -9.781 0.0000000000
71934  -43.435  -15.220  -9.779 0.0000000000
71935  -44.566  -15.062  -9.584 0.0000000000
71936  -45.784  -14.713  -9.322 0.0000000000
71937  -47.078  -14.724  -8.631 0.0000000000
71938  -47.844  -14.414  -8.589 0.0000000000
71949  -41.644  -14.519  -10.423 0.0000000000
71950  -42.897  -14.553  -10.479 0.0000000000
71951  -44.077  -14.517  -10.247 0.0000000000
71952  -45.110  -14.302  -9.935 0.0000000000
71953  -45.672  -14.195  -9.734 0.0000000000
71960  -42.309  -14.160  -10.879 0.0000000000
71961  -42.759  -14.164  -10.885 0.0000000000
73258  -45.982  -14.099  -9.650 0.0000000000
73259  -46.713  -13.866  -9.574 0.0000000000
73260  -47.967  -13.879  -9.008 0.0000000000
73273  -43.029  -14.144  -10.879 0.0000000000
73274  -43.596  -14.024  -10.798 0.0000000000
73275  -44.673  -13.579  -10.635 0.0000000000
73276  -45.833  -13.681  -10.073 0.0000000000
73277  -46.499  -13.443  -10.057 0.0000000000
73286  -42.786  -13.597  -11.224 0.0000000000
73287  -43.929  -13.421  -11.077 0.0000000000
73288  -44.372  -13.283  -10.959 0.0000000000
74650  -46.947  -13.245  -10.061 0.0000000000
74651  -47.697  -13.083  -9.775 0.0000000000
74652  -48.596  -13.070  -9.304 0.0000000000
74664  -45.025  -13.042  -10.878 0.0000000000
74665  -45.576  -13.080  -10.663 0.0000000000
74666  -46.534  -12.916  -10.486 0.0000000000
74667  -47.284  -12.782  -10.285 0.0000000000
74678  -42.899  -12.962  -11.541 0.0000000000
74679  -43.503  -12.969  -11.425 0.0000000000
74680  -44.487  -12.849  -11.235 0.0000000000
74681  -45.380  -12.695  -11.111 0.0000000000
74682  -46.067  -12.628  -10.988 0.0000000000
74693  -43.086  -12.496  -11.804 0.0000000000
74694  -43.812  -12.449  -11.736 0.0000000000
76023  -48.419  -12.530  -9.769 0.0000000000
76024  -49.021  -12.374  -9.466 0.0000000000
76036  -47.245  -12.403  -10.631 0.0000000000
76037  -47.960  -12.167  -10.336 0.0000000000
76038  -48.775  -11.952  -9.859 0.0000000000
76039  -49.273  -11.922  -9.566 0.0000000000
76051  -45.206  -12.313  -11.593 0.0000000000
76052  -45.946  -12.255  -11.479 0.0000000000
76053  -46.886  -12.058  -11.195 0.0000000000
76054  -47.516  -12.026  -10.775 0.0000000000
76070  -44.516  -12.024  -12.078 0.0000000000
76071  -45.717  -11.702  -12.187 0.0000000000
76072  -46.358  -11.854  -11.755 0.0000000000
76085  -44.010  -11.362  -12.806 0.0000000000
76086  -44.919  -11.389  -12.706 0.0000000000
77271  -48.147  -11.713  -10.532 0.0000000000
77272  -48.528  -11.537  -10.350 0.0000000000
77273  -49.539  -11.364  -9.808 0.0000000000
77283  -47.363  -11.424  -11.450 0.0000000000
77284  -47.922  -11.460  -10.897 0.0000000000
77285  -48.834  -10.673  -10.716 0.0000000000
77286  -49.851  -10.416  -10.275 0.0000000000
77287  -50.385  -10.211  -10.125 0.0000000000
77297  -46.167  -11.236  -12.527 0.0000000000
77298  -46.802  -11.227  -12.118 0.0000000000
77299  -47.713  -10.868  -11.556 0.0000000000
77300  -48.240  -10.718  -11.169 0.0000000000
77312  -45.730  -10.897  -13.078 0.0000000000
77313  -46.357  -10.978  -12.677 0.0000000000
78581  -50.649  -10.128  -10.033 0.0000000000
78597  -48.886  -10.194  -11.043 0.0000000000
78598  -49.333  -10.021  -10.870 0.0000000000
78599  -50.378  -9.643  -10.496 0.0000000000
78600  -51.537  -9.416  -10.235 0.0000000000
78609  -46.987  -10.743  -12.432 0.0000000000
78610  -47.409  -10.483  -12.223 0.0000000000
78611  -48.484  -9.947  -11.579 0.0000000000
78612  -49.539  -9.359  -11.152 0.0000000000
78613  -50.061  -9.115  -10.931 0.0000000000
78620  -46.063  -10.472  -13.357 0.0000000000
78621  -46.684  -10.475  -12.956 0.0000000000
78622  -47.694  -9.626  -12.736 0.0000000000
78623  -48.226  -9.413  -12.235 0.0000000000
78631  -46.997  -9.468  -13.613 0.0000000000
78632  -47.529  -9.190  -13.358 0.0000000000
80004  -50.341  -9.025  -10.853 0.0000000000
80005  -50.897  -8.927  -10.773 0.0000000000
80006  -51.917  -8.803  -10.676 0.0000000000
80020  -48.487  -9.289  -12.053 0.0000000000
80021  -49.002  -9.031  -11.846 0.0000000000
80022  -50.105  -8.682  -11.470 0.0000000000
80023  -51.191  -8.370  -11.280 0.0000000000
80024  -52.216  -8.174  -11.189 0.0000000000
80033  -47.799  -9.082  -13.172 0.0000000000
80034  -48.365  -8.963  -12.724 0.0000000000
80035  -49.331  -8.450  -12.518 0.0000000000
80036  -50.054  -8.157  -12.270 0.0000000000
80045  -47.700  -8.657  -13.913 0.0000000000
80046  -48.769  -8.322  -13.403 0.0000000000
80047  -49.334  -8.125  -13.138 0.0000000000
81308  -50.650  -8.111  -11.903 0.0000000000
81309  -51.435  -7.809  -11.910 0.0000000000
81310  -52.465  -7.566  -11.829 0.0000000000
81311  -53.458  -7.410  -11.735 0.0000000000
81324  -49.745  -8.025  -12.876 0.0000000000
81325  -50.538  -7.745  -12.749 0.0000000000
81326  -51.673  -7.206  -12.760 0.0000000000
81327  -52.828  -7.006  -12.419 0.0000000000
81328  -53.827  -6.913  -12.253 0.0000000000
81341  -49.499  -7.705  -13.738 0.0000000000
81342  -50.657  -7.054  -13.723 0.0000000000
81343  -51.510  -6.680  -13.545 0.0000000000
82560  -52.320  -6.591  -13.185 0.0000000000
82561  -53.307  -6.500  -12.910 0.0000000000
82562  -54.277  -6.459  -12.748 0.0000000000
82563  -55.186  -6.435  -12.646 0.0000000000
82579  -51.083  -6.400  -14.077 0.0000000000
82580  -51.808  -6.045  -13.891 0.0000000000
82581  -52.806  -6.006  -13.525 0.0000000000
82582  -53.816  -5.969  -13.304 0.0000000000
82583  -54.791  -5.962  -13.132 0.0000000000
82597  -49.988  -6.051  -14.771 0.0000000000
82598  -50.773  -5.980  -14.482 0.0000000000
82599  -51.270  -5.985  -14.233 0.0000000000
83835  -51.800  -5.639  -14.047 0.0000000000
83836  -52.245  -5.417  -13.941 0.0000000000
83837  -53.312  -5.316  -13.684 0.0000000000
83838  -54.375  -5.313  -13.465 0.0000000000
83839  -55.402  -5.366  -13.283 0.0000000000
83857  -51.371  -5.411  -14.290 0.0000000000
83858  -51.947  -4.881  -14.122 0.0000000000
85195  -52.662  -4.490  -13.841 0.0000000000
85196  -53.912  -4.540  -13.592 0.0000000000
85197  -54.985  -4.590  -13.399 0.0000000000
85198  -56.039  -4.650  -13.280 0.0000000000
86490  -54.157  -3.000  -12.938 0.0000000000
86491  -55.177  -3.032  -12.880 0.0000000000
86492  -56.200  -3.042  -12.836 0.0000000000
86493  -57.225  -3.044  -12.804 0.0000000000
86494  -58.246  -3.048  -12.800 0.0000000000
86495  -59.259  -3.127  -12.741 0.0000000000
86496  -60.336  -3.353  -12.723 0.0000000000
86510  -53.508  -3.694  -13.443 0.0000000000
86511  -54.561  -3.784  -13.275 0.0000000000
86512  -55.599  -3.827  -13.163 0.0000000000
86513  -56.631  -3.836  -13.119 0.0000000000
86514  -57.651  -3.817  -13.126 0.0000000000
86515  -58.639  -3.820  -13.111 0.0000000000
87721  -54.776  -2.188  -12.698 0.0000000000
87722  -55.779  -2.204  -12.634 0.0000000000
87723  -56.798  -2.202  -12.592 0.0000000000
87724  -57.831  -2.199  -12.538 0.0000000000
89024  -55.361  -1.334  -12.562 0.0000000000
89025  -56.361  -1.334  -12.483 0.0000000000
89026  -57.384  -1.321  -12.377 0.0000000000
90370  -55.917  -0.454  -12.501 0.0000000000
90371  -56.909  -0.445  -12.341 0.0000000000
