#!ascii label  , from subject COLIN27_FS vox2ras=TkReg
168
124833  -46.618  26.567  -46.215 0.0000000000
124834  -46.980  26.568  -46.943 0.0000000000
125902  -46.644  27.548  -44.925 0.0000000000
125906  -46.629  27.541  -45.795 0.0000000000
125910  -46.915  27.545  -46.565 0.0000000000
125911  -47.432  27.474  -47.157 0.0000000000
126907  -46.837  28.820  -44.127 0.0000000000
126908  -47.263  28.515  -43.576 0.0000000000
126913  -46.707  28.615  -44.700 0.0000000000
126917  -46.664  28.509  -45.405 0.0000000000
126920  -46.880  28.491  -46.150 0.0000000000
127914  -48.797  29.634  -41.996 0.0000000000
127915  -49.512  29.640  -41.591 0.0000000000
127920  -47.446  29.598  -43.137 0.0000000000
127921  -48.082  29.576  -42.465 0.0000000000
127926  -46.770  29.434  -44.475 0.0000000000
127927  -46.967  29.535  -43.828 0.0000000000
127931  -46.744  29.343  -45.089 0.0000000000
127935  -46.996  29.427  -45.704 0.0000000000
128936  -50.282  31.186  -40.880 0.0000000000
128937  -51.005  30.704  -40.565 0.0000000000
128945  -48.968  30.762  -41.619 0.0000000000
128946  -49.837  30.515  -41.230 0.0000000000
128951  -47.811  30.749  -42.797 0.0000000000
128952  -48.368  30.456  -42.188 0.0000000000
128956  -46.926  30.128  -44.280 0.0000000000
128961  -46.911  30.073  -44.887 0.0000000000
128965  -46.981  29.874  -45.308 0.0000000000
129945  -50.151  32.048  -40.894 0.0000000000
129946  -50.718  31.872  -40.558 0.0000000000
129954  -48.907  31.899  -41.679 0.0000000000
129955  -49.575  31.703  -41.230 0.0000000000
129961  -47.993  31.735  -42.867 0.0000000000
129962  -48.369  31.554  -42.249 0.0000000000
129967  -47.763  31.555  -43.391 0.0000000000
129981  -44.198  31.659  -46.902 0.0000000000
129982  -44.955  31.745  -46.946 0.0000000000
129989  -42.796  31.614  -47.758 0.0000000000
129990  -43.608  31.524  -47.500 0.0000000000
129997  -41.746  31.940  -48.792 0.0000000000
129998  -42.332  31.659  -48.456 0.0000000000
129999  -43.265  31.314  -48.441 0.0000000000
130008  -41.506  31.976  -49.306 0.0000000000
130009  -42.052  31.637  -49.329 0.0000000000
130010  -42.849  31.299  -49.340 0.0000000000
130024  -41.690  31.812  -50.010 0.0000000000
130025  -42.417  31.554  -50.123 0.0000000000
130033  -42.032  31.870  -50.692 0.0000000000
130034  -42.741  31.885  -50.910 0.0000000000
130940  -51.712  32.541  -39.751 0.0000000000
130954  -49.820  32.617  -41.081 0.0000000000
130955  -50.337  32.817  -40.697 0.0000000000
130956  -51.070  32.896  -40.198 0.0000000000
130968  -48.719  32.510  -42.115 0.0000000000
130969  -49.250  32.841  -41.552 0.0000000000
130982  -48.009  32.065  -43.181 0.0000000000
130983  -48.315  32.576  -42.890 0.0000000000
130994  -48.058  32.260  -43.624 0.0000000000
130995  -48.317  33.006  -43.823 0.0000000000
130998  -43.551  33.528  -44.764 0.0000000000
130999  -43.912  33.125  -44.708 0.0000000000
131000  -44.676  32.789  -44.832 0.0000000000
131005  -42.810  33.515  -45.776 0.0000000000
131006  -43.275  33.158  -45.413 0.0000000000
131007  -44.126  32.489  -45.476 0.0000000000
131008  -45.196  32.485  -45.574 0.0000000000
131009  -45.900  32.667  -46.037 0.0000000000
131014  -42.679  33.042  -46.303 0.0000000000
131015  -43.385  32.148  -46.495 0.0000000000
131016  -44.551  31.980  -46.244 0.0000000000
131017  -45.452  32.231  -46.541 0.0000000000
131023  -41.560  33.047  -47.883 0.0000000000
131024  -42.216  32.472  -47.488 0.0000000000
131025  -42.953  31.850  -47.250 0.0000000000
131032  -40.735  33.189  -49.115 0.0000000000
131033  -41.278  32.661  -48.685 0.0000000000
131034  -41.856  32.135  -48.328 0.0000000000
131041  -40.635  32.861  -49.651 0.0000000000
131042  -41.077  32.225  -49.819 0.0000000000
131057  -40.688  32.654  -50.622 0.0000000000
131058  -41.400  32.191  -50.741 0.0000000000
131069  -41.151  32.780  -51.621 0.0000000000
131070  -42.108  32.321  -51.529 0.0000000000
131080  -41.802  32.961  -52.346 0.0000000000
131081  -42.737  32.828  -52.412 0.0000000000
131925  -51.586  33.635  -39.583 0.0000000000
131943  -49.825  33.582  -41.081 0.0000000000
131944  -50.503  33.789  -40.468 0.0000000000
131945  -51.042  33.917  -40.014 0.0000000000
131960  -48.807  33.507  -42.260 0.0000000000
131961  -49.289  33.826  -41.625 0.0000000000
131975  -44.328  34.546  -42.714 0.0000000000
131976  -44.710  34.224  -42.807 0.0000000000
131977  -48.410  33.577  -43.105 0.0000000000
131991  -44.155  34.265  -43.210 0.0000000000
131992  -45.240  33.713  -43.485 0.0000000000
131993  -46.114  33.588  -43.977 0.0000000000
131994  -48.167  33.601  -43.740 0.0000000000
132001  -43.643  34.010  -44.094 0.0000000000
132002  -44.514  33.362  -44.056 0.0000000000
132003  -45.683  33.067  -44.683 0.0000000000
132004  -46.816  33.610  -44.736 0.0000000000
132005  -47.478  33.887  -44.927 0.0000000000
132009  -42.870  34.142  -45.351 0.0000000000
132010  -43.307  33.882  -44.822 0.0000000000
132011  -45.884  32.809  -45.516 0.0000000000
132012  -46.623  33.212  -45.874 0.0000000000
132013  -47.458  33.859  -45.636 0.0000000000
132018  -42.530  33.882  -46.125 0.0000000000
132025  -41.723  33.736  -47.421 0.0000000000
132026  -42.204  33.467  -46.767 0.0000000000
132033  -40.752  33.776  -48.677 0.0000000000
132034  -41.277  33.507  -48.110 0.0000000000
132042  -39.727  34.027  -49.969 0.0000000000
132043  -40.285  33.533  -49.447 0.0000000000
132058  -39.597  33.815  -51.022 0.0000000000
132059  -40.093  33.251  -50.345 0.0000000000
132069  -40.303  33.259  -51.465 0.0000000000
132872  -50.770  35.168  -39.402 0.0000000000
132873  -51.477  34.780  -39.092 0.0000000000
132890  -49.918  34.556  -40.679 0.0000000000
132891  -50.651  34.737  -39.930 0.0000000000
132892  -51.227  34.320  -39.692 0.0000000000
132909  -44.952  34.771  -41.535 0.0000000000
132910  -46.012  34.666  -41.832 0.0000000000
132911  -46.992  34.770  -41.893 0.0000000000
132912  -47.918  34.881  -41.901 0.0000000000
132913  -48.840  34.572  -41.747 0.0000000000
132914  -49.446  34.374  -41.249 0.0000000000
132932  -44.439  34.617  -42.251 0.0000000000
132933  -45.600  34.206  -42.660 0.0000000000
132934  -46.784  34.369  -42.682 0.0000000000
132935  -47.657  34.500  -42.647 0.0000000000
132936  -48.381  34.296  -42.543 0.0000000000
132950  -45.942  33.818  -43.423 0.0000000000
132951  -46.746  33.927  -43.707 0.0000000000
132952  -47.527  34.150  -43.469 0.0000000000
132953  -48.097  34.084  -43.285 0.0000000000
132962  -47.228  33.836  -44.444 0.0000000000
132963  -47.641  33.918  -44.426 0.0000000000
132964  -47.973  33.793  -44.061 0.0000000000
132969  -47.980  34.079  -45.368 0.0000000000
132970  -48.263  33.809  -44.983 0.0000000000
132973  -42.575  34.865  -45.944 0.0000000000
132986  -40.131  35.347  -48.997 0.0000000000
132994  -39.598  34.942  -49.607 0.0000000000
132995  -40.130  34.394  -49.146 0.0000000000
133005  -39.259  34.622  -50.537 0.0000000000
133814  -49.086  35.367  -38.726 0.0000000000
133815  -49.809  35.378  -38.460 0.0000000000
133816  -50.629  35.388  -38.232 0.0000000000
133826  -46.799  35.228  -39.890 0.0000000000
133827  -47.558  35.271  -39.605 0.0000000000
133828  -48.628  35.409  -39.292 0.0000000000
133829  -49.649  35.522  -39.163 0.0000000000
133830  -50.580  35.508  -38.948 0.0000000000
133831  -51.133  35.381  -38.523 0.0000000000
133844  -46.415  35.197  -40.457 0.0000000000
133845  -47.417  35.324  -40.397 0.0000000000
133846  -48.413  35.378  -40.223 0.0000000000
133847  -49.552  35.286  -40.004 0.0000000000
133848  -50.253  35.313  -39.508 0.0000000000
133861  -45.068  34.931  -41.116 0.0000000000
133862  -45.497  34.926  -41.213 0.0000000000
133863  -46.274  35.010  -41.213 0.0000000000
133864  -47.200  35.139  -41.166 0.0000000000
133865  -48.175  35.159  -41.082 0.0000000000
133866  -49.117  35.026  -40.896 0.0000000000
