#!ascii label  , from subject COLIN27_FS vox2ras=TkReg
1179
153931  -12.079  57.595  -29.894 0.0000000000
153932  -13.274  57.508  -29.427 0.0000000000
154755  -13.873  58.236  -28.789 0.0000000000
154756  -14.372  58.244  -28.306 0.0000000000
154761  -9.914  59.090  -29.775 0.0000000000
154762  -10.526  58.631  -29.885 0.0000000000
154763  -11.594  58.596  -29.726 0.0000000000
154764  -12.528  58.462  -29.513 0.0000000000
154765  -13.186  58.556  -29.179 0.0000000000
155517  -13.847  59.760  -28.107 0.0000000000
155518  -14.473  59.536  -27.589 0.0000000000
155522  -12.595  59.620  -29.043 0.0000000000
155523  -13.298  59.387  -28.717 0.0000000000
155524  -14.150  58.933  -28.241 0.0000000000
155527  -8.516  59.646  -29.785 0.0000000000
155528  -9.307  59.536  -29.674 0.0000000000
155529  -10.222  59.628  -29.570 0.0000000000
155530  -11.167  59.495  -29.509 0.0000000000
155531  -12.110  59.339  -29.364 0.0000000000
155532  -12.767  59.088  -29.196 0.0000000000
155542  -6.756  59.379  -30.334 0.0000000000
155543  -7.894  59.324  -30.037 0.0000000000
155572  -8.808  59.321  -32.542 0.0000000000
155573  -9.822  59.418  -32.733 0.0000000000
155574  -10.433  59.504  -33.273 0.0000000000
156231  -15.163  60.491  -26.702 0.0000000000
156235  -13.944  60.480  -27.712 0.0000000000
156236  -14.561  60.485  -27.228 0.0000000000
156238  -11.052  61.177  -28.764 0.0000000000
156239  -11.585  60.860  -28.795 0.0000000000
156240  -12.468  60.347  -28.738 0.0000000000
156241  -13.282  60.416  -28.211 0.0000000000
156246  -7.844  60.867  -29.679 0.0000000000
156247  -8.504  60.393  -29.594 0.0000000000
156248  -9.624  60.407  -29.357 0.0000000000
156249  -10.732  60.570  -29.119 0.0000000000
156250  -11.739  60.110  -29.157 0.0000000000
156251  -12.244  59.869  -29.099 0.0000000000
156262  -5.541  60.408  -30.768 0.0000000000
156263  -6.267  60.289  -30.317 0.0000000000
156264  -7.392  60.321  -29.931 0.0000000000
156265  -8.087  59.919  -29.835 0.0000000000
156277  -5.361  60.498  -31.490 0.0000000000
156278  -5.750  60.885  -32.008 0.0000000000
156279  -6.662  60.925  -32.069 0.0000000000
156280  -7.781  60.891  -31.971 0.0000000000
156281  -8.938  60.857  -31.885 0.0000000000
156282  -9.889  60.913  -32.022 0.0000000000
156293  -5.482  60.121  -32.131 0.0000000000
156294  -6.119  60.188  -32.367 0.0000000000
156295  -7.139  60.155  -32.348 0.0000000000
156296  -8.300  60.105  -32.245 0.0000000000
156297  -9.421  60.139  -32.272 0.0000000000
156298  -10.371  60.474  -32.652 0.0000000000
156307  -10.730  60.515  -33.515 0.0000000000
156316  -10.015  61.012  -35.006 0.0000000000
156317  -10.437  60.669  -34.589 0.0000000000
156332  -8.873  60.973  -35.852 0.0000000000
156333  -9.508  60.714  -35.478 0.0000000000
156344  -6.679  60.906  -36.993 0.0000000000
156345  -7.179  60.672  -36.852 0.0000000000
156346  -8.395  60.624  -36.257 0.0000000000
156353  -5.591  60.645  -37.810 0.0000000000
156354  -6.295  60.630  -37.355 0.0000000000
156366  -4.495  60.788  -38.934 0.0000000000
156367  -5.009  60.636  -38.341 0.0000000000
156965  -14.780  61.383  -27.054 0.0000000000
156966  -15.451  61.424  -26.472 0.0000000000
156969  -12.528  61.867  -28.148 0.0000000000
156970  -13.379  61.439  -27.801 0.0000000000
156971  -14.152  61.246  -27.417 0.0000000000
156974  -8.456  61.927  -28.989 0.0000000000
156975  -9.414  61.845  -28.755 0.0000000000
156976  -10.493  61.653  -28.648 0.0000000000
156977  -11.372  61.623  -28.537 0.0000000000
156978  -12.098  61.307  -28.461 0.0000000000
156979  -12.740  61.067  -28.232 0.0000000000
156983  -5.523  62.007  -30.073 0.0000000000
156984  -6.244  61.757  -29.778 0.0000000000
156985  -7.244  61.404  -29.648 0.0000000000
156986  -8.148  61.301  -29.409 0.0000000000
156987  -9.027  61.179  -29.199 0.0000000000
156988  -9.869  61.127  -28.994 0.0000000000
156999  -5.377  61.493  -30.795 0.0000000000
157000  -5.871  61.170  -30.314 0.0000000000
157001  -6.576  60.996  -30.014 0.0000000000
157014  -5.554  61.530  -31.457 0.0000000000
157015  -6.228  61.655  -31.765 0.0000000000
157016  -7.254  61.656  -31.712 0.0000000000
157017  -8.425  61.652  -31.582 0.0000000000
157018  -9.601  61.654  -31.611 0.0000000000
157019  -10.677  61.697  -32.070 0.0000000000
157020  -11.205  62.287  -32.144 0.0000000000
157032  -10.972  61.373  -32.906 0.0000000000
157033  -11.225  62.117  -32.580 0.0000000000
157044  -10.866  61.749  -33.683 0.0000000000
157045  -11.205  61.964  -33.064 0.0000000000
157055  -9.894  61.665  -34.867 0.0000000000
157056  -10.459  61.660  -34.360 0.0000000000
157071  -7.788  61.970  -36.126 0.0000000000
157072  -8.661  61.567  -35.771 0.0000000000
157073  -9.307  61.621  -35.326 0.0000000000
157083  -5.887  61.979  -37.089 0.0000000000
157084  -6.611  61.442  -36.834 0.0000000000
157085  -7.528  61.359  -36.450 0.0000000000
157086  -8.101  61.385  -36.166 0.0000000000
157095  -4.782  61.997  -37.927 0.0000000000
157096  -5.434  61.362  -37.628 0.0000000000
157097  -6.041  61.344  -37.211 0.0000000000
157107  -4.128  62.301  -39.186 0.0000000000
157108  -4.449  61.534  -38.729 0.0000000000
157109  -4.878  61.363  -38.134 0.0000000000
157115  -3.953  61.832  -39.967 0.0000000000
157116  -4.139  61.645  -39.398 0.0000000000
157802  -16.320  62.374  -25.603 0.0000000000
157807  -15.072  62.204  -26.905 0.0000000000
157808  -15.733  62.548  -26.314 0.0000000000
157811  -11.643  62.940  -28.326 0.0000000000
157812  -12.067  62.731  -28.243 0.0000000000
157813  -13.025  62.606  -27.920 0.0000000000
157814  -14.169  62.445  -27.432 0.0000000000
157818  -7.073  62.812  -28.968 0.0000000000
157819  -7.654  62.656  -28.902 0.0000000000
157820  -8.760  62.666  -28.654 0.0000000000
157821  -9.859  62.654  -28.494 0.0000000000
157822  -11.139  62.718  -28.397 0.0000000000
157823  -11.847  62.049  -28.345 0.0000000000
157826  -5.400  62.648  -29.885 0.0000000000
157827  -5.839  62.548  -29.573 0.0000000000
157828  -6.791  62.504  -29.252 0.0000000000
157829  -7.673  61.968  -29.246 0.0000000000
157840  -5.331  62.639  -30.402 0.0000000000
157841  -5.606  62.984  -30.926 0.0000000000
157842  -6.328  63.100  -31.170 0.0000000000
157843  -7.294  63.114  -31.158 0.0000000000
157844  -8.232  63.105  -31.071 0.0000000000
157856  -5.353  62.219  -31.068 0.0000000000
157857  -5.851  62.354  -31.427 0.0000000000
157858  -6.751  62.388  -31.462 0.0000000000
157859  -7.830  62.409  -31.363 0.0000000000
157860  -9.064  62.565  -31.202 0.0000000000
157861  -10.241  62.505  -31.397 0.0000000000
157862  -11.057  62.691  -31.751 0.0000000000
157873  -11.363  62.832  -32.312 0.0000000000
157884  -10.890  62.604  -33.671 0.0000000000
157885  -11.258  62.760  -33.095 0.0000000000
157896  -9.706  62.559  -34.745 0.0000000000
157897  -10.371  62.607  -34.264 0.0000000000
157912  -6.740  62.932  -36.270 0.0000000000
157913  -7.175  62.746  -36.133 0.0000000000
157914  -8.125  62.673  -35.696 0.0000000000
157915  -9.092  62.546  -35.165 0.0000000000
157926  -5.678  62.613  -36.957 0.0000000000
157927  -6.344  62.689  -36.533 0.0000000000
157928  -7.077  62.035  -36.396 0.0000000000
157936  -4.775  62.730  -37.695 0.0000000000
157937  -5.252  62.437  -37.370 0.0000000000
157944  -4.141  63.238  -38.966 0.0000000000
157945  -4.417  62.735  -38.345 0.0000000000
157952  -4.056  62.872  -39.685 0.0000000000
157960  -4.076  62.566  -40.550 0.0000000000
157961  -4.315  62.788  -40.850 0.0000000000
158694  -16.243  63.332  -25.778 0.0000000000
158695  -16.679  63.865  -25.188 0.0000000000
158700  -15.034  63.236  -26.967 0.0000000000
158701  -15.632  63.807  -26.390 0.0000000000
158705  -11.696  63.382  -28.305 0.0000000000
158706  -12.495  63.559  -28.115 0.0000000000
158707  -13.456  63.596  -27.758 0.0000000000
158708  -14.315  63.840  -27.374 0.0000000000
158712  -5.592  63.919  -29.302 0.0000000000
158713  -5.881  63.757  -29.073 0.0000000000
158714  -6.818  63.308  -28.854 0.0000000000
158715  -8.010  63.463  -28.607 0.0000000000
158716  -9.121  63.511  -28.468 0.0000000000
158717  -10.180  63.590  -28.412 0.0000000000
158718  -11.032  63.852  -28.365 0.0000000000
158721  -5.537  63.466  -29.640 0.0000000000
158722  -6.162  63.067  -29.192 0.0000000000
158723  -6.553  62.946  -29.063 0.0000000000
158732  -5.545  63.651  -30.343 0.0000000000
158733  -6.036  63.791  -30.740 0.0000000000
158734  -6.877  63.844  -30.877 0.0000000000
158735  -7.901  63.821  -30.870 0.0000000000
158736  -9.052  63.661  -30.848 0.0000000000
158737  -10.013  63.872  -30.823 0.0000000000
158749  -9.873  63.182  -30.995 0.0000000000
158750  -10.700  63.528  -31.252 0.0000000000
158751  -11.383  63.591  -31.838 0.0000000000
158761  -11.485  63.683  -32.536 0.0000000000
158771  -10.873  63.370  -33.657 0.0000000000
158772  -11.317  63.915  -33.165 0.0000000000
158783  -8.952  63.823  -34.864 0.0000000000
158784  -9.416  63.454  -34.721 0.0000000000
158785  -10.307  63.840  -34.143 0.0000000000
158799  -6.710  63.352  -36.128 0.0000000000
158800  -7.444  63.539  -35.721 0.0000000000
158801  -8.536  63.627  -35.152 0.0000000000
158802  -9.008  63.203  -34.998 0.0000000000
158812  -4.908  63.701  -37.165 0.0000000000
158813  -5.322  63.386  -36.917 0.0000000000
158814  -6.065  63.785  -36.287 0.0000000000
158820  -4.675  63.535  -37.576 0.0000000000
158821  -4.970  63.012  -37.369 0.0000000000
158830  -4.154  63.876  -38.832 0.0000000000
158831  -4.270  63.869  -38.366 0.0000000000
158840  -4.142  63.777  -39.289 0.0000000000
158841  -5.194  63.928  -40.472 0.0000000000
158842  -5.633  63.752  -40.250 0.0000000000
158848  -4.165  63.466  -39.926 0.0000000000
158849  -4.444  63.340  -40.541 0.0000000000
158850  -4.981  63.502  -40.697 0.0000000000
158856  -4.538  62.911  -40.893 0.0000000000
159579  -16.104  64.558  -25.789 0.0000000000
159580  -16.596  64.579  -25.174 0.0000000000
159589  -14.947  64.555  -26.876 0.0000000000
159590  -15.537  64.588  -26.353 0.0000000000
159595  -11.740  64.506  -28.273 0.0000000000
159596  -12.875  64.541  -27.972 0.0000000000
159597  -13.771  64.587  -27.593 0.0000000000
159598  -14.334  64.611  -27.298 0.0000000000
159605  -5.586  64.543  -29.206 0.0000000000
159606  -6.280  64.406  -28.698 0.0000000000
159607  -7.298  64.313  -28.490 0.0000000000
159608  -8.402  64.338  -28.429 0.0000000000
159609  -9.459  64.375  -28.408 0.0000000000
159610  -10.395  64.439  -28.386 0.0000000000
159611  -11.007  64.484  -28.371 0.0000000000
159615  -5.472  64.489  -29.872 0.0000000000
159624  -5.799  64.556  -30.367 0.0000000000
159625  -6.501  64.622  -30.617 0.0000000000
159626  -7.460  64.642  -30.690 0.0000000000
159627  -8.539  64.609  -30.691 0.0000000000
159628  -9.600  64.594  -30.719 0.0000000000
159629  -10.516  64.543  -30.942 0.0000000000
159643  -11.209  64.486  -31.434 0.0000000000
159644  -11.584  64.515  -32.084 0.0000000000
159654  -11.511  64.577  -32.748 0.0000000000
159664  -10.888  64.572  -33.656 0.0000000000
159665  -11.334  64.599  -33.181 0.0000000000
159674  -8.933  64.401  -34.762 0.0000000000
159675  -9.769  64.501  -34.381 0.0000000000
159676  -10.333  64.564  -34.090 0.0000000000
159690  -6.015  65.049  -35.876 0.0000000000
159691  -6.530  64.408  -35.826 0.0000000000
159692  -7.614  64.412  -35.382 0.0000000000
159693  -8.240  64.586  -35.043 0.0000000000
159704  -4.863  64.225  -37.075 0.0000000000
159705  -5.563  64.623  -36.304 0.0000000000
159706  -6.032  64.269  -36.119 0.0000000000
159712  -4.174  64.995  -38.221 0.0000000000
159713  -4.330  64.700  -37.849 0.0000000000
159721  -4.179  64.608  -38.623 0.0000000000
159722  -4.218  64.394  -38.293 0.0000000000
159728  -4.320  64.545  -39.495 0.0000000000
159729  -4.683  64.676  -39.896 0.0000000000
159730  -5.138  64.420  -40.216 0.0000000000
159731  -5.992  64.641  -39.752 0.0000000000
159732  -6.819  64.826  -39.193 0.0000000000
159736  -4.437  64.032  -40.118 0.0000000000
159737  -4.767  64.014  -40.394 0.0000000000
159738  -5.096  63.978  -40.458 0.0000000000
160393  -17.069  65.533  -24.107 0.0000000000
160405  -15.945  65.396  -25.691 0.0000000000
160406  -16.449  65.399  -25.085 0.0000000000
160417  -14.814  65.428  -26.746 0.0000000000
160418  -15.397  65.409  -26.241 0.0000000000
160422  -11.522  65.545  -28.178 0.0000000000
160423  -12.328  65.503  -27.989 0.0000000000
160424  -13.273  65.461  -27.658 0.0000000000
160425  -14.220  65.440  -27.202 0.0000000000
160433  -5.461  65.599  -29.045 0.0000000000
160434  -5.879  65.384  -28.639 0.0000000000
160435  -6.709  65.239  -28.376 0.0000000000
160436  -7.727  65.187  -28.297 0.0000000000
160437  -8.786  65.191  -28.337 0.0000000000
160438  -9.808  65.199  -28.335 0.0000000000
160439  -10.814  65.171  -28.321 0.0000000000
160442  -5.436  65.372  -29.547 0.0000000000
160449  -5.581  65.340  -30.060 0.0000000000
160450  -6.143  65.420  -30.412 0.0000000000
160451  -7.016  65.476  -30.566 0.0000000000
160452  -8.050  65.485  -30.603 0.0000000000
160453  -9.125  65.472  -30.624 0.0000000000
160454  -10.144  65.443  -30.731 0.0000000000
160467  -10.986  65.408  -31.071 0.0000000000
160468  -11.483  65.413  -31.690 0.0000000000
160478  -11.589  65.429  -32.393 0.0000000000
160488  -10.895  65.608  -33.635 0.0000000000
160489  -11.364  65.359  -33.130 0.0000000000
160499  -7.629  65.678  -35.072 0.0000000000
160500  -8.369  65.427  -34.827 0.0000000000
160501  -9.332  65.414  -34.481 0.0000000000
160502  -10.269  65.349  -34.100 0.0000000000
160514  -5.682  65.692  -35.927 0.0000000000
160515  -6.409  65.507  -35.600 0.0000000000
160516  -7.145  65.216  -35.354 0.0000000000
160517  -7.791  65.065  -35.132 0.0000000000
160528  -4.746  65.461  -36.850 0.0000000000
160529  -5.261  65.450  -36.322 0.0000000000
160530  -11.350  66.027  -36.655 0.0000000000
160535  -4.178  65.660  -38.145 0.0000000000
160536  -4.362  65.572  -37.557 0.0000000000
160537  -8.897  65.447  -37.760 0.0000000000
160538  -9.997  65.457  -37.215 0.0000000000
160539  -10.971  65.453  -36.802 0.0000000000
160545  -4.244  65.597  -38.906 0.0000000000
160546  -6.660  66.014  -38.885 0.0000000000
160547  -7.510  65.364  -38.584 0.0000000000
160548  -8.267  65.305  -38.143 0.0000000000
160551  -4.510  65.575  -39.412 0.0000000000
160552  -4.901  65.535  -39.682 0.0000000000
160553  -5.486  65.504  -39.635 0.0000000000
160554  -6.240  65.481  -39.318 0.0000000000
160555  -6.802  65.426  -39.014 0.0000000000
161106  -16.025  66.749  -24.850 0.0000000000
161107  -16.545  66.208  -24.517 0.0000000000
161115  -15.093  66.883  -25.856 0.0000000000
161116  -15.750  66.172  -25.530 0.0000000000
161117  -16.220  66.150  -25.028 0.0000000000
161128  -13.818  66.846  -26.881 0.0000000000
161129  -14.635  66.273  -26.567 0.0000000000
161130  -15.240  66.199  -26.080 0.0000000000
161139  -6.613  66.862  -28.026 0.0000000000
161140  -7.516  66.813  -27.901 0.0000000000
161141  -8.540  66.803  -27.911 0.0000000000
161142  -9.579  66.794  -27.941 0.0000000000
161143  -10.592  66.748  -27.934 0.0000000000
161144  -11.666  66.489  -27.859 0.0000000000
161145  -12.731  66.386  -27.587 0.0000000000
161146  -13.566  66.235  -27.304 0.0000000000
161147  -14.090  66.220  -27.038 0.0000000000
161155  -5.669  66.455  -28.692 0.0000000000
161156  -6.261  66.150  -28.306 0.0000000000
161157  -7.125  66.044  -28.150 0.0000000000
161158  -8.134  66.016  -28.149 0.0000000000
161159  -9.172  66.019  -28.220 0.0000000000
161160  -10.166  66.002  -28.208 0.0000000000
161161  -10.972  66.012  -28.185 0.0000000000
161164  -5.465  66.249  -29.310 0.0000000000
161171  -5.484  65.983  -29.775 0.0000000000
161172  -5.822  66.156  -30.159 0.0000000000
161173  -6.593  66.289  -30.393 0.0000000000
161174  -7.567  66.338  -30.501 0.0000000000
161175  -8.616  66.337  -30.528 0.0000000000
161176  -9.682  66.353  -30.590 0.0000000000
161189  -10.629  66.306  -30.822 0.0000000000
161190  -11.283  66.305  -31.307 0.0000000000
161202  -11.630  66.357  -31.979 0.0000000000
161212  -11.186  66.367  -33.382 0.0000000000
161213  -11.541  66.359  -32.739 0.0000000000
161224  -7.898  66.442  -34.876 0.0000000000
161225  -8.866  66.414  -34.588 0.0000000000
161226  -9.822  66.391  -34.297 0.0000000000
161227  -10.603  66.377  -33.870 0.0000000000
161240  -4.997  67.238  -36.011 0.0000000000
161241  -5.417  66.768  -35.836 0.0000000000
161242  -6.200  66.447  -35.526 0.0000000000
161243  -7.004  66.241  -35.238 0.0000000000
161253  -4.811  66.736  -36.485 0.0000000000
161254  -5.145  66.021  -36.256 0.0000000000
161255  -11.301  66.677  -36.707 0.0000000000
161256  -11.826  66.454  -36.672 0.0000000000
161261  -4.231  66.715  -38.002 0.0000000000
161262  -4.385  66.441  -37.374 0.0000000000
161263  -7.766  67.195  -37.996 0.0000000000
161264  -8.355  66.716  -37.761 0.0000000000
161265  -9.460  66.531  -37.269 0.0000000000
161266  -10.591  66.448  -36.857 0.0000000000
161267  -12.205  66.695  -36.851 0.0000000000
161272  -4.268  66.567  -38.512 0.0000000000
161273  -6.427  66.776  -38.854 0.0000000000
161274  -7.306  66.647  -38.355 0.0000000000
161275  -8.063  65.891  -38.101 0.0000000000
161280  -4.424  66.521  -38.984 0.0000000000
161281  -4.731  66.497  -39.276 0.0000000000
161282  -5.164  66.481  -39.404 0.0000000000
161283  -5.856  66.419  -39.219 0.0000000000
161784  -15.242  68.062  -24.883 0.0000000000
161786  -16.376  66.966  -24.214 0.0000000000
161801  -15.040  67.812  -25.323 0.0000000000
161802  -15.528  67.101  -25.227 0.0000000000
161810  -12.705  67.897  -26.980 0.0000000000
161811  -13.199  67.701  -26.849 0.0000000000
161812  -14.226  67.629  -26.216 0.0000000000
161827  -5.849  67.816  -28.139 0.0000000000
161828  -6.119  67.615  -27.965 0.0000000000
161829  -6.921  67.567  -27.651 0.0000000000
161830  -7.907  67.550  -27.567 0.0000000000
161831  -8.959  67.567  -27.618 0.0000000000
161832  -10.015  67.571  -27.653 0.0000000000
161833  -11.094  67.538  -27.574 0.0000000000
161834  -12.312  67.576  -27.269 0.0000000000
161835  -13.150  66.973  -27.232 0.0000000000
161849  -5.790  67.530  -28.424 0.0000000000
161850  -6.027  66.933  -28.269 0.0000000000
161853  -5.559  67.301  -29.092 0.0000000000
161854  -5.929  67.572  -29.622 0.0000000000
161855  -6.560  67.710  -29.922 0.0000000000
161861  -5.658  66.727  -29.695 0.0000000000
161862  -6.193  66.988  -30.091 0.0000000000
161863  -7.141  67.225  -30.265 0.0000000000
161864  -8.104  67.116  -30.375 0.0000000000
161865  -9.114  67.201  -30.436 0.0000000000
161866  -10.249  67.336  -30.623 0.0000000000
161867  -10.989  67.724  -30.898 0.0000000000
161880  -11.026  66.998  -30.956 0.0000000000
161881  -11.417  67.319  -31.515 0.0000000000
161892  -11.602  67.277  -32.352 0.0000000000
161902  -10.935  67.118  -33.633 0.0000000000
161903  -11.401  67.332  -33.128 0.0000000000
161913  -6.741  68.036  -35.193 0.0000000000
161914  -7.240  67.472  -35.056 0.0000000000
161915  -8.416  67.429  -34.700 0.0000000000
161916  -9.420  67.374  -34.425 0.0000000000
161917  -10.340  67.385  -34.064 0.0000000000
161929  -4.802  67.720  -36.275 0.0000000000
161930  -5.306  67.753  -35.755 0.0000000000
161931  -6.194  67.551  -35.390 0.0000000000
161932  -6.642  66.927  -35.299 0.0000000000
161941  -4.513  67.483  -36.970 0.0000000000
161942  -11.665  66.970  -36.794 0.0000000000
161943  -11.958  66.889  -36.794 0.0000000000
161947  -4.329  67.420  -38.208 0.0000000000
161948  -4.339  67.413  -37.653 0.0000000000
161949  -8.092  67.737  -37.777 0.0000000000
161950  -8.987  67.606  -37.364 0.0000000000
161951  -10.031  67.530  -37.007 0.0000000000
161952  -11.142  67.446  -36.887 0.0000000000
161953  -12.057  67.294  -37.109 0.0000000000
161954  -12.619  67.358  -37.755 0.0000000000
161956  -4.456  67.384  -38.628 0.0000000000
161957  -5.837  67.814  -39.023 0.0000000000
161958  -6.488  67.585  -38.675 0.0000000000
161959  -7.330  67.693  -38.182 0.0000000000
161962  -4.670  67.402  -38.948 0.0000000000
161963  -4.965  67.440  -39.184 0.0000000000
161964  -5.439  67.434  -39.184 0.0000000000
161965  -5.963  67.210  -39.031 0.0000000000
161966  -11.707  67.773  -40.160 0.0000000000
161967  -12.208  67.450  -39.645 0.0000000000
161968  -15.780  67.652  -39.773 0.0000000000
161970  -10.862  68.022  -41.376 0.0000000000
161971  -11.289  67.406  -40.818 0.0000000000
161972  -11.782  67.287  -40.285 0.0000000000
161975  -10.873  68.115  -41.924 0.0000000000
161976  -11.155  67.339  -41.677 0.0000000000
161979  -11.091  68.336  -42.150 0.0000000000
161980  -11.558  67.669  -42.208 0.0000000000
162447  -15.120  68.923  -24.236 0.0000000000
162455  -14.988  68.519  -24.807 0.0000000000
162470  -13.813  68.744  -25.875 0.0000000000
162471  -14.331  68.503  -25.552 0.0000000000
162481  -11.972  68.704  -26.930 0.0000000000
162482  -12.599  68.393  -26.792 0.0000000000
162483  -13.460  68.448  -26.304 0.0000000000
162484  -13.974  68.349  -26.016 0.0000000000
162498  -5.872  68.283  -28.072 0.0000000000
162499  -6.405  68.340  -27.528 0.0000000000
162500  -7.292  68.278  -27.247 0.0000000000
162501  -8.337  68.290  -27.243 0.0000000000
162502  -9.400  68.330  -27.322 0.0000000000
162503  -10.446  68.352  -27.328 0.0000000000
162504  -11.471  68.384  -27.173 0.0000000000
162505  -12.090  68.273  -27.055 0.0000000000
162520  -5.688  68.191  -28.659 0.0000000000
162528  -5.766  68.192  -29.176 0.0000000000
162529  -6.381  68.315  -29.515 0.0000000000
162530  -7.472  68.253  -29.828 0.0000000000
162531  -8.740  68.696  -29.795 0.0000000000
162532  -9.746  69.003  -29.965 0.0000000000
162533  -10.262  69.264  -30.204 0.0000000000
162538  -7.774  67.637  -30.203 0.0000000000
162539  -8.445  67.866  -30.199 0.0000000000
162540  -9.482  68.136  -30.295 0.0000000000
162541  -10.517  68.578  -30.544 0.0000000000
162542  -11.250  68.338  -31.233 0.0000000000
162555  -11.557  68.166  -31.998 0.0000000000
162568  -11.526  68.041  -32.735 0.0000000000
162579  -10.941  68.066  -33.591 0.0000000000
162580  -11.364  68.001  -33.176 0.0000000000
162588  -7.137  68.667  -35.087 0.0000000000
162589  -8.052  68.485  -34.791 0.0000000000
162590  -9.100  68.380  -34.538 0.0000000000
162591  -9.958  68.212  -34.226 0.0000000000
162592  -10.438  68.086  -33.966 0.0000000000
162606  -5.005  68.667  -35.969 0.0000000000
162607  -5.799  68.571  -35.498 0.0000000000
162608  -6.484  68.453  -35.262 0.0000000000
162609  -15.551  68.909  -36.262 0.0000000000
162615  -4.598  68.417  -36.721 0.0000000000
162616  -15.524  68.801  -37.218 0.0000000000
162620  -4.351  68.228  -37.883 0.0000000000
162621  -4.420  68.124  -37.356 0.0000000000
162622  -7.596  68.649  -38.001 0.0000000000
162623  -8.547  68.569  -37.541 0.0000000000
162624  -9.519  68.545  -37.232 0.0000000000
162625  -10.563  68.507  -37.160 0.0000000000
162626  -11.647  68.373  -37.544 0.0000000000
162627  -12.183  67.780  -37.593 0.0000000000
162628  -15.588  68.741  -38.162 0.0000000000
162629  -15.859  67.992  -37.694 0.0000000000
162630  -4.453  68.126  -38.343 0.0000000000
162631  -5.549  68.197  -39.126 0.0000000000
162632  -6.054  68.612  -38.932 0.0000000000
162633  -6.830  68.366  -38.450 0.0000000000
162634  -11.990  68.671  -38.527 0.0000000000
162635  -12.340  68.015  -38.108 0.0000000000
162636  -15.582  68.685  -39.024 0.0000000000
162638  -4.620  68.217  -38.691 0.0000000000
162639  -4.988  68.287  -39.179 0.0000000000
162640  -5.243  68.426  -39.151 0.0000000000
162641  -5.537  68.662  -39.142 0.0000000000
162642  -11.822  68.402  -39.543 0.0000000000
162643  -12.295  68.042  -38.902 0.0000000000
162644  -15.436  68.325  -39.827 0.0000000000
162645  -15.755  67.985  -39.331 0.0000000000
162646  -10.912  68.634  -40.807 0.0000000000
162647  -11.398  68.270  -40.308 0.0000000000
162648  -14.639  68.691  -40.825 0.0000000000
162649  -15.146  68.154  -40.562 0.0000000000
162650  -10.639  68.766  -41.533 0.0000000000
162651  -13.624  68.817  -41.685 0.0000000000
162652  -14.305  68.252  -41.470 0.0000000000
162653  -14.858  68.029  -41.095 0.0000000000
162654  -10.768  68.845  -42.106 0.0000000000
162655  -11.365  68.760  -42.232 0.0000000000
162656  -12.188  68.536  -42.239 0.0000000000
162657  -13.084  68.309  -42.128 0.0000000000
162658  -13.769  68.101  -41.942 0.0000000000
163106  -14.052  69.747  -24.778 0.0000000000
163107  -14.649  69.310  -24.462 0.0000000000
163116  -13.174  69.694  -25.740 0.0000000000
163117  -13.820  69.283  -25.459 0.0000000000
163118  -14.387  69.092  -25.036 0.0000000000
163126  -6.264  69.886  -26.646 0.0000000000
163127  -7.210  69.668  -26.433 0.0000000000
163128  -8.291  69.685  -26.484 0.0000000000
163129  -9.341  69.763  -26.641 0.0000000000
163130  -10.345  69.846  -26.721 0.0000000000
163131  -11.286  69.744  -26.657 0.0000000000
163132  -12.132  69.334  -26.591 0.0000000000
163133  -12.926  69.163  -26.296 0.0000000000
163134  -13.456  69.088  -25.968 0.0000000000
163144  -5.986  69.294  -27.477 0.0000000000
163145  -6.734  69.047  -26.983 0.0000000000
163146  -7.746  68.988  -26.860 0.0000000000
163147  -8.817  69.024  -26.924 0.0000000000
163148  -9.857  69.088  -27.028 0.0000000000
163149  -10.829  69.111  -27.037 0.0000000000
163150  -11.543  69.072  -26.910 0.0000000000
163159  -5.843  69.133  -28.357 0.0000000000
163160  -6.426  69.576  -28.687 0.0000000000
163161  -7.335  69.796  -28.772 0.0000000000
163162  -8.151  69.935  -28.765 0.0000000000
163163  -8.581  69.796  -28.988 0.0000000000
163173  -5.805  68.602  -28.806 0.0000000000
163174  -6.086  68.863  -29.015 0.0000000000
163175  -6.910  69.044  -29.204 0.0000000000
163176  -8.044  69.320  -29.254 0.0000000000
163177  -9.162  69.604  -29.332 0.0000000000
163178  -10.050  69.753  -29.820 0.0000000000
163187  -10.621  69.662  -30.485 0.0000000000
163188  -11.089  69.111  -30.971 0.0000000000
163202  -11.035  69.836  -31.284 0.0000000000
163203  -11.369  69.042  -31.694 0.0000000000
163215  -11.136  69.756  -32.254 0.0000000000
163216  -11.421  68.853  -32.545 0.0000000000
163226  -10.203  69.845  -33.593 0.0000000000
163227  -10.807  69.323  -33.332 0.0000000000
163228  -11.302  68.494  -33.120 0.0000000000
163236  -7.165  69.223  -35.099 0.0000000000
163237  -7.720  69.558  -34.929 0.0000000000
163238  -8.811  69.400  -34.560 0.0000000000
163239  -9.843  69.330  -34.070 0.0000000000
163240  -10.426  68.623  -33.873 0.0000000000
163241  -15.518  70.197  -35.337 0.0000000000
163242  -15.871  69.741  -34.999 0.0000000000
163243  -16.762  69.581  -34.569 0.0000000000
163244  -17.751  69.535  -34.421 0.0000000000
163255  -5.014  69.221  -35.995 0.0000000000
163256  -5.444  69.527  -35.794 0.0000000000
163257  -6.687  69.460  -35.271 0.0000000000
163258  -7.337  70.059  -35.076 0.0000000000
163259  -15.428  69.774  -35.808 0.0000000000
163269  -4.801  69.422  -36.393 0.0000000000
163270  -5.088  69.931  -36.098 0.0000000000
163271  -15.303  69.637  -36.781 0.0000000000
163272  -4.366  68.669  -37.842 0.0000000000
163273  -4.438  69.036  -37.487 0.0000000000
163274  -7.544  69.497  -38.087 0.0000000000
163275  -8.136  69.385  -37.757 0.0000000000
163276  -8.981  69.459  -37.444 0.0000000000
163277  -9.972  69.493  -37.358 0.0000000000
163278  -10.888  69.419  -37.581 0.0000000000
163279  -15.331  69.541  -37.722 0.0000000000
163280  -4.277  68.830  -37.882 0.0000000000
163281  -4.470  69.383  -38.202 0.0000000000
163282  -6.171  69.564  -38.991 0.0000000000
163283  -6.847  69.293  -38.523 0.0000000000
163284  -11.485  69.382  -38.174 0.0000000000
163285  -15.365  69.443  -38.586 0.0000000000
163286  -4.519  68.744  -38.436 0.0000000000
163287  -4.726  69.305  -38.758 0.0000000000
163288  -5.115  69.467  -39.117 0.0000000000
163289  -5.592  69.406  -39.166 0.0000000000
163290  -11.580  69.314  -39.091 0.0000000000
163291  -14.693  70.185  -39.691 0.0000000000
163292  -15.089  69.492  -39.460 0.0000000000
163293  -10.880  69.463  -40.478 0.0000000000
163294  -11.264  69.113  -40.017 0.0000000000
163295  -13.839  70.265  -40.913 0.0000000000
163296  -14.389  69.772  -40.458 0.0000000000
163297  -14.955  68.888  -40.222 0.0000000000
163298  -10.629  69.534  -41.040 0.0000000000
163299  -13.618  69.769  -41.326 0.0000000000
163300  -14.127  69.063  -41.164 0.0000000000
163301  -10.512  69.607  -41.756 0.0000000000
163302  -10.989  69.642  -42.229 0.0000000000
163303  -11.847  69.607  -42.224 0.0000000000
163304  -12.858  69.427  -41.976 0.0000000000
163697  -12.932  71.086  -24.629 0.0000000000
163698  -13.580  70.702  -24.333 0.0000000000
163699  -14.342  69.995  -24.142 0.0000000000
163708  -5.972  71.115  -25.618 0.0000000000
163709  -6.518  70.925  -25.659 0.0000000000
163710  -7.216  70.795  -25.747 0.0000000000
163711  -11.185  71.213  -25.746 0.0000000000
163712  -11.745  70.941  -25.714 0.0000000000
163713  -12.680  70.633  -25.324 0.0000000000
163714  -13.482  70.034  -25.154 0.0000000000
163722  -5.864  70.732  -26.095 0.0000000000
163723  -6.749  70.333  -26.031 0.0000000000
163724  -7.816  70.392  -26.036 0.0000000000
163725  -8.905  70.413  -26.265 0.0000000000
163726  -9.869  70.507  -26.414 0.0000000000
163727  -10.896  70.692  -26.219 0.0000000000
163728  -11.919  70.250  -26.173 0.0000000000
163729  -12.587  69.845  -26.069 0.0000000000
163738  -5.591  70.442  -27.011 0.0000000000
163739  -5.769  70.728  -27.607 0.0000000000
163740  -6.328  70.882  -27.973 0.0000000000
163741  -7.126  70.895  -27.961 0.0000000000
163748  -5.755  69.949  -27.748 0.0000000000
163749  -6.011  70.143  -28.218 0.0000000000
163750  -6.795  70.320  -28.351 0.0000000000
163751  -7.850  70.511  -28.307 0.0000000000
163752  -8.872  70.342  -28.670 0.0000000000
163760  -9.700  70.511  -29.295 0.0000000000
163761  -10.294  70.505  -30.024 0.0000000000
163771  -10.625  70.500  -30.799 0.0000000000
163785  -10.224  71.101  -31.786 0.0000000000
163786  -10.602  70.637  -31.730 0.0000000000
163802  -10.069  71.030  -32.372 0.0000000000
163803  -10.541  70.304  -32.799 0.0000000000
163809  -9.075  71.098  -33.836 0.0000000000
163810  -9.719  70.591  -33.549 0.0000000000
163811  -10.350  70.044  -33.336 0.0000000000
163819  -7.828  70.598  -34.806 0.0000000000
163820  -8.714  70.560  -34.368 0.0000000000
163821  -9.316  70.005  -34.215 0.0000000000
163822  -15.617  70.668  -35.037 0.0000000000
163823  -16.289  70.539  -34.600 0.0000000000
163824  -17.202  70.524  -34.386 0.0000000000
163825  -18.276  70.547  -34.464 0.0000000000
163835  -5.404  70.400  -36.008 0.0000000000
163836  -6.180  70.479  -35.607 0.0000000000
163837  -7.132  70.626  -35.211 0.0000000000
163838  -15.273  70.625  -35.654 0.0000000000
163839  -18.944  70.910  -34.629 0.0000000000
163848  -4.636  70.148  -37.030 0.0000000000
163849  -4.986  70.326  -36.430 0.0000000000
163850  -15.116  70.392  -36.405 0.0000000000
163851  -4.500  70.134  -37.757 0.0000000000
163852  -7.827  69.861  -37.933 0.0000000000
163853  -8.333  70.250  -37.750 0.0000000000
163854  -9.369  70.392  -37.571 0.0000000000
163855  -10.330  70.435  -37.742 0.0000000000
163856  -11.049  70.091  -38.000 0.0000000000
163857  -14.779  70.859  -37.455 0.0000000000
163858  -14.990  70.441  -37.304 0.0000000000
163859  -4.613  70.355  -38.459 0.0000000000
163860  -6.589  70.070  -38.848 0.0000000000
163861  -7.365  70.289  -38.332 0.0000000000
163862  -7.966  71.041  -38.050 0.0000000000
163863  -10.733  70.738  -38.373 0.0000000000
163864  -11.201  70.074  -38.710 0.0000000000
163865  -14.793  70.809  -37.899 0.0000000000
163866  -15.115  70.142  -38.227 0.0000000000
163867  -4.918  70.663  -39.165 0.0000000000
163868  -5.419  70.638  -39.387 0.0000000000
163869  -6.065  70.440  -39.325 0.0000000000
163870  -10.871  70.762  -39.206 0.0000000000
163871  -11.126  69.904  -39.571 0.0000000000
163872  -14.808  70.583  -38.948 0.0000000000
163873  -15.148  69.935  -38.822 0.0000000000
163874  -5.136  71.463  -39.689 0.0000000000
163875  -5.382  71.539  -39.820 0.0000000000
163876  -10.745  70.361  -40.268 0.0000000000
163877  -10.977  69.707  -40.099 0.0000000000
163878  -13.951  70.664  -40.571 0.0000000000
163879  -14.332  70.842  -39.865 0.0000000000
163880  -5.116  71.805  -39.978 0.0000000000
163881  -5.255  71.920  -40.112 0.0000000000
163882  -10.440  70.466  -41.211 0.0000000000
163883  -12.941  71.050  -41.697 0.0000000000
163884  -13.353  70.849  -41.283 0.0000000000
163885  -10.521  70.537  -42.008 0.0000000000
163886  -11.346  70.604  -42.234 0.0000000000
163887  -12.495  70.739  -41.986 0.0000000000
163888  -13.098  70.197  -41.694 0.0000000000
164252  -10.757  72.145  -24.951 0.0000000000
164253  -11.356  71.966  -24.906 0.0000000000
164254  -12.350  71.660  -24.518 0.0000000000
164264  -5.038  72.099  -25.520 0.0000000000
164265  -5.483  71.571  -25.596 0.0000000000
164266  -6.315  71.471  -25.332 0.0000000000
164267  -7.281  71.436  -25.453 0.0000000000
164268  -8.331  71.601  -25.541 0.0000000000
164269  -9.290  71.604  -25.627 0.0000000000
164270  -10.470  71.600  -25.548 0.0000000000
164271  -11.559  71.466  -25.319 0.0000000000
164272  -12.102  71.195  -25.244 0.0000000000
164281  -4.928  71.973  -25.980 0.0000000000
164282  -5.246  71.318  -26.401 0.0000000000
164283  -7.842  71.040  -25.730 0.0000000000
164284  -8.618  71.027  -25.890 0.0000000000
164285  -9.554  71.082  -26.058 0.0000000000
164286  -10.206  71.014  -26.121 0.0000000000
164294  -4.904  71.850  -26.583 0.0000000000
164295  -5.295  71.440  -27.098 0.0000000000
164296  -5.920  71.509  -27.591 0.0000000000
164297  -6.835  71.477  -27.601 0.0000000000
164298  -7.955  71.386  -27.691 0.0000000000
164299  -8.916  71.638  -27.815 0.0000000000
164307  -8.677  71.005  -28.122 0.0000000000
164308  -9.417  71.389  -28.552 0.0000000000
164314  -9.975  71.454  -29.597 0.0000000000
164315  -10.317  71.074  -30.376 0.0000000000
164324  -10.014  71.700  -30.517 0.0000000000
164325  -10.353  71.132  -31.068 0.0000000000
164338  -9.834  71.552  -31.548 0.0000000000
164339  -10.282  71.119  -31.521 0.0000000000
164355  -8.713  71.916  -33.092 0.0000000000
164356  -9.164  71.682  -32.737 0.0000000000
164366  -8.102  72.017  -34.155 0.0000000000
164367  -8.542  71.740  -33.751 0.0000000000
164368  -9.129  71.291  -33.471 0.0000000000
164375  -7.791  71.602  -34.642 0.0000000000
164376  -8.250  71.150  -34.443 0.0000000000
164377  -15.854  71.325  -34.696 0.0000000000
164378  -16.598  71.452  -34.389 0.0000000000
164379  -17.581  71.527  -34.362 0.0000000000
164380  -18.467  71.622  -34.530 0.0000000000
164389  -5.240  70.810  -36.310 0.0000000000
164390  -5.752  71.286  -36.037 0.0000000000
164391  -6.823  71.579  -35.427 0.0000000000
164392  -14.772  71.990  -35.633 0.0000000000
164393  -15.118  71.656  -35.314 0.0000000000
164403  -4.603  70.679  -37.365 0.0000000000
164404  -4.934  71.225  -36.822 0.0000000000
164405  -5.606  71.995  -36.461 0.0000000000
164406  -14.643  71.831  -36.048 0.0000000000
164407  -14.903  71.097  -36.196 0.0000000000
164408  -4.583  71.168  -37.838 0.0000000000
164409  -4.807  71.948  -37.465 0.0000000000
164410  -8.787  71.189  -37.797 0.0000000000
164411  -9.684  71.338  -37.849 0.0000000000
164412  -10.283  71.232  -38.107 0.0000000000
164413  -14.620  71.358  -37.137 0.0000000000
164414  -14.895  70.816  -36.758 0.0000000000
164415  -4.644  71.478  -38.746 0.0000000000
164416  -6.706  70.773  -38.956 0.0000000000
164417  -7.287  71.487  -38.654 0.0000000000
164418  -8.192  71.879  -38.129 0.0000000000
164419  -9.992  71.804  -38.219 0.0000000000
164420  -10.396  71.596  -38.713 0.0000000000
164421  -14.471  71.500  -38.266 0.0000000000
164422  -4.811  71.890  -39.545 0.0000000000
164423  -5.782  71.193  -39.703 0.0000000000
164424  -6.399  71.602  -39.486 0.0000000000
164425  -6.993  72.227  -39.133 0.0000000000
164426  -10.470  71.574  -39.629 0.0000000000
164427  -14.028  71.900  -39.695 0.0000000000
164428  -14.322  71.556  -39.218 0.0000000000
164429  -4.954  71.925  -39.982 0.0000000000
164430  -5.849  71.953  -40.021 0.0000000000
164431  -6.163  72.239  -39.883 0.0000000000
164432  -10.352  71.368  -40.590 0.0000000000
164433  -13.819  71.592  -40.373 0.0000000000
164434  -14.156  71.483  -39.789 0.0000000000
164435  -5.039  71.960  -40.313 0.0000000000
164436  -5.228  72.126  -40.236 0.0000000000
164437  -10.296  72.048  -41.728 0.0000000000
164438  -10.288  71.489  -41.406 0.0000000000
164439  -12.893  71.575  -41.643 0.0000000000
164440  -13.330  71.769  -41.096 0.0000000000
164441  -10.493  72.218  -42.072 0.0000000000
164442  -10.722  71.548  -42.173 0.0000000000
164443  -11.629  71.615  -42.211 0.0000000000
164444  -12.327  71.751  -42.019 0.0000000000
164445  -10.674  72.390  -42.166 0.0000000000
164446  -10.798  72.163  -42.235 0.0000000000
164447  -11.114  72.018  -42.317 0.0000000000
164859  -4.615  73.305  -24.617 0.0000000000
164860  -4.839  73.229  -24.544 0.0000000000
164861  -9.087  73.152  -24.043 0.0000000000
164862  -9.567  73.066  -24.042 0.0000000000
164863  -10.609  72.962  -23.946 0.0000000000
164868  -4.625  73.160  -24.815 0.0000000000
164869  -5.076  72.866  -24.718 0.0000000000
164870  -5.676  72.601  -24.667 0.0000000000
164871  -6.465  72.624  -24.645 0.0000000000
164872  -7.447  72.749  -24.611 0.0000000000
164873  -8.706  72.912  -24.412 0.0000000000
164874  -10.014  72.427  -24.750 0.0000000000
164883  -4.796  72.730  -25.435 0.0000000000
164884  -5.257  72.257  -25.102 0.0000000000
164885  -5.966  72.000  -24.936 0.0000000000
164886  -6.898  72.074  -25.017 0.0000000000
164887  -7.950  72.205  -25.106 0.0000000000
164888  -9.017  72.154  -25.165 0.0000000000
164889  -9.713  71.956  -25.286 0.0000000000
164900  -4.953  72.549  -26.328 0.0000000000
164901  -5.258  72.696  -26.834 0.0000000000
164902  -6.001  72.815  -26.983 0.0000000000
164903  -7.014  72.831  -26.867 0.0000000000
164904  -7.993  72.823  -26.866 0.0000000000
164914  -5.004  72.147  -26.919 0.0000000000
164915  -5.535  72.158  -27.240 0.0000000000
164916  -6.418  72.167  -27.295 0.0000000000
164917  -7.477  72.142  -27.228 0.0000000000
164918  -8.606  72.337  -27.350 0.0000000000
164919  -9.340  72.328  -27.911 0.0000000000
164929  -9.706  72.514  -28.795 0.0000000000
164936  -9.771  72.402  -29.840 0.0000000000
164942  -8.762  72.710  -31.183 0.0000000000
164943  -9.376  72.393  -30.751 0.0000000000
164955  -7.917  72.877  -32.314 0.0000000000
164956  -8.384  72.669  -31.847 0.0000000000
164957  -9.056  72.215  -31.719 0.0000000000
164972  -7.882  72.818  -32.988 0.0000000000
164973  -8.451  72.309  -32.797 0.0000000000
164974  -8.755  72.219  -32.269 0.0000000000
164986  -7.493  73.093  -34.527 0.0000000000
164987  -7.832  72.586  -33.921 0.0000000000
164988  -8.190  72.386  -33.368 0.0000000000
164996  -7.184  72.920  -35.256 0.0000000000
164997  -7.429  72.355  -34.923 0.0000000000
164998  -15.832  72.370  -34.540 0.0000000000
164999  -16.937  72.477  -34.279 0.0000000000
165009  -6.423  72.436  -35.948 0.0000000000
165010  -6.975  72.316  -35.407 0.0000000000
165011  -14.615  72.509  -35.630 0.0000000000
165012  -15.027  72.668  -34.963 0.0000000000
165023  -5.246  72.403  -37.000 0.0000000000
165024  -5.803  72.611  -36.566 0.0000000000
165025  -14.241  72.541  -36.598 0.0000000000
165026  -4.637  72.281  -38.137 0.0000000000
165027  -4.913  72.608  -37.562 0.0000000000
165028  -9.117  72.026  -38.012 0.0000000000
165029  -9.647  71.980  -38.127 0.0000000000
165030  -13.757  72.797  -38.301 0.0000000000
165031  -14.045  72.420  -37.718 0.0000000000
165032  -4.541  72.474  -38.990 0.0000000000
165033  -7.621  72.523  -38.680 0.0000000000
165034  -8.543  72.687  -38.373 0.0000000000
165035  -9.656  72.567  -38.672 0.0000000000
165036  -10.264  72.100  -39.067 0.0000000000
165037  -13.717  72.807  -38.950 0.0000000000
165038  -14.086  72.227  -38.626 0.0000000000
165039  -4.623  72.669  -39.582 0.0000000000
165040  -6.551  72.695  -39.586 0.0000000000
165041  -7.121  72.837  -39.121 0.0000000000
165042  -9.937  73.020  -39.585 0.0000000000
165043  -10.173  72.360  -39.398 0.0000000000
165044  -13.663  72.582  -39.817 0.0000000000
165045  -14.008  72.230  -39.267 0.0000000000
165046  -4.865  72.500  -40.051 0.0000000000
165047  -5.325  72.624  -40.171 0.0000000000
165048  -5.965  72.777  -40.044 0.0000000000
165049  -10.120  72.878  -40.328 0.0000000000
165050  -10.227  72.241  -40.077 0.0000000000
165051  -12.995  72.804  -41.193 0.0000000000
165052  -13.335  72.525  -40.725 0.0000000000
165053  -4.929  72.097  -40.142 0.0000000000
165054  -5.026  72.266  -40.237 0.0000000000
165055  -10.252  72.537  -41.080 0.0000000000
165056  -10.185  72.097  -40.735 0.0000000000
165057  -12.540  72.570  -41.718 0.0000000000
165058  -13.070  72.265  -41.324 0.0000000000
165059  -10.423  72.608  -41.638 0.0000000000
165060  -11.465  72.464  -42.205 0.0000000000
165061  -12.005  72.260  -42.169 0.0000000000
165062  -10.598  72.670  -42.023 0.0000000000
165063  -10.858  72.573  -42.172 0.0000000000
165064  -11.057  72.397  -42.268 0.0000000000
165468  -9.592  73.931  -22.045 0.0000000000
165475  -7.509  73.892  -22.992 0.0000000000
165476  -8.200  73.850  -22.835 0.0000000000
165477  -9.153  73.791  -22.622 0.0000000000
165478  -10.175  73.713  -22.637 0.0000000000
165484  -4.674  73.615  -24.521 0.0000000000
165485  -5.269  73.441  -24.199 0.0000000000
165486  -6.136  73.553  -23.767 0.0000000000
165487  -7.068  73.663  -23.492 0.0000000000
165488  -7.995  73.615  -23.507 0.0000000000
165489  -8.904  73.425  -23.616 0.0000000000
165490  -9.914  73.423  -23.373 0.0000000000
165500  -4.502  73.675  -25.092 0.0000000000
165501  -5.483  72.991  -24.488 0.0000000000
165502  -5.976  73.074  -24.338 0.0000000000
165503  -6.823  73.195  -24.184 0.0000000000
165504  -7.758  73.281  -24.052 0.0000000000
165505  -8.368  73.324  -23.913 0.0000000000
165516  -5.059  73.597  -25.890 0.0000000000
165517  -5.986  74.026  -26.131 0.0000000000
165518  -7.017  74.125  -26.072 0.0000000000
165519  -7.626  74.181  -26.066 0.0000000000
165536  -5.160  73.021  -26.437 0.0000000000
165537  -5.605  73.285  -26.520 0.0000000000
165538  -6.534  73.439  -26.487 0.0000000000
165539  -7.739  73.634  -26.367 0.0000000000
165540  -8.890  73.396  -26.964 0.0000000000
165541  -9.351  73.775  -27.327 0.0000000000
165560  -9.189  72.831  -27.454 0.0000000000
165561  -9.481  73.339  -27.850 0.0000000000
165578  -9.582  73.456  -28.677 0.0000000000
165592  -9.104  73.679  -29.729 0.0000000000
165593  -9.582  73.182  -29.359 0.0000000000
165604  -7.111  74.172  -30.954 0.0000000000
165605  -7.978  73.751  -30.712 0.0000000000
165606  -8.784  73.248  -30.526 0.0000000000
165607  -9.385  73.007  -30.053 0.0000000000
165618  -6.869  73.965  -31.839 0.0000000000
165619  -7.655  73.373  -31.584 0.0000000000
165620  -8.282  73.121  -31.150 0.0000000000
165633  -6.971  73.941  -32.720 0.0000000000
165634  -7.426  73.364  -32.419 0.0000000000
165646  -7.324  73.754  -33.731 0.0000000000
165647  -7.503  73.313  -33.142 0.0000000000
165659  -7.408  73.804  -34.758 0.0000000000
165661  -15.277  73.614  -34.665 0.0000000000
165672  -6.985  73.560  -35.723 0.0000000000
165673  -14.140  73.654  -35.947 0.0000000000
165674  -14.659  73.313  -35.192 0.0000000000
165685  -5.612  72.943  -36.862 0.0000000000
165686  -6.197  73.291  -36.579 0.0000000000
165688  -13.620  73.571  -37.228 0.0000000000
165689  -4.817  72.921  -37.862 0.0000000000
165690  -5.406  73.396  -37.453 0.0000000000
165691  -6.160  73.858  -36.942 0.0000000000
165692  -13.324  73.548  -38.324 0.0000000000
165693  -13.651  73.057  -37.883 0.0000000000
165694  -4.723  73.274  -38.409 0.0000000000
165695  -5.101  73.819  -38.112 0.0000000000
165696  -7.442  73.075  -38.967 0.0000000000
165697  -7.898  73.268  -38.797 0.0000000000
165698  -8.683  73.361  -38.752 0.0000000000
165699  -13.255  73.393  -39.346 0.0000000000
165700  -4.513  73.210  -39.204 0.0000000000
165701  -6.304  73.589  -39.840 0.0000000000
165702  -7.112  73.588  -39.347 0.0000000000
165703  -8.033  74.027  -39.154 0.0000000000
165704  -9.107  73.809  -39.273 0.0000000000
165705  -12.555  73.822  -40.535 0.0000000000
165706  -13.021  73.426  -40.264 0.0000000000
165707  -4.669  73.254  -39.749 0.0000000000
165708  -5.060  73.381  -40.061 0.0000000000
165709  -5.653  73.569  -40.025 0.0000000000
165710  -9.693  73.762  -39.887 0.0000000000
165711  -12.649  73.416  -41.084 0.0000000000
165712  -13.063  73.081  -40.847 0.0000000000
165713  -10.145  73.515  -40.459 0.0000000000
165714  -11.699  73.652  -41.547 0.0000000000
165715  -12.075  73.420  -41.618 0.0000000000
165716  -10.506  73.239  -41.152 0.0000000000
165717  -10.851  73.392  -41.574 0.0000000000
165718  -11.408  73.302  -41.844 0.0000000000
165719  -11.935  72.860  -42.063 0.0000000000
165720  -10.643  72.996  -41.708 0.0000000000
165721  -10.912  73.014  -42.006 0.0000000000
165722  -11.147  72.762  -42.136 0.0000000000
166063  -6.814  74.533  -18.905 0.0000000000
166064  -7.595  74.679  -18.763 0.0000000000
166065  -8.445  74.895  -18.748 0.0000000000
166072  -6.603  74.336  -19.615 0.0000000000
166073  -7.534  74.280  -19.490 0.0000000000
166074  -8.474  74.483  -19.446 0.0000000000
166089  -5.763  74.514  -21.101 0.0000000000
166090  -6.319  74.258  -20.529 0.0000000000
166091  -7.390  74.057  -20.326 0.0000000000
166092  -8.398  74.182  -20.287 0.0000000000
166101  -5.033  74.789  -22.125 0.0000000000
166102  -5.707  74.478  -21.793 0.0000000000
166103  -6.432  74.195  -21.490 0.0000000000
166104  -7.307  74.027  -21.244 0.0000000000
166105  -8.263  74.041  -21.122 0.0000000000
166106  -9.324  74.076  -21.212 0.0000000000
166111  -4.884  74.561  -22.912 0.0000000000
166112  -5.592  74.337  -22.574 0.0000000000
166113  -6.353  74.169  -22.302 0.0000000000
166114  -7.280  74.032  -22.220 0.0000000000
166115  -8.202  73.999  -21.968 0.0000000000
166116  -8.923  73.998  -21.796 0.0000000000
166124  -4.218  74.940  -23.853 0.0000000000
166125  -4.668  74.212  -23.776 0.0000000000
166126  -5.445  74.016  -23.377 0.0000000000
166127  -6.248  73.974  -23.054 0.0000000000
166128  -6.901  73.978  -22.812 0.0000000000
166140  -4.218  75.072  -24.475 0.0000000000
166141  -4.365  74.353  -24.491 0.0000000000
166154  -4.293  75.247  -24.759 0.0000000000
166155  -4.572  74.739  -25.126 0.0000000000
166156  -5.443  74.765  -25.705 0.0000000000
166157  -6.526  74.824  -25.717 0.0000000000
166158  -7.719  74.731  -25.766 0.0000000000
166159  -8.433  75.065  -25.826 0.0000000000
166169  -7.965  74.225  -26.059 0.0000000000
166170  -8.607  74.455  -26.276 0.0000000000
166171  -9.284  74.259  -27.022 0.0000000000
166183  -9.441  74.113  -27.616 0.0000000000
166198  -9.025  74.853  -28.544 0.0000000000
166199  -9.399  74.288  -28.363 0.0000000000
166213  -8.070  75.073  -29.454 0.0000000000
166214  -8.720  74.610  -29.216 0.0000000000
166215  -9.386  73.885  -29.086 0.0000000000
166230  -6.180  75.546  -30.528 0.0000000000
166231  -6.670  75.073  -30.562 0.0000000000
166232  -7.706  74.718  -30.066 0.0000000000
166233  -8.484  74.018  -30.070 0.0000000000
166249  -5.940  75.317  -30.907 0.0000000000
166250  -6.371  74.680  -31.306 0.0000000000
166266  -5.858  75.188  -31.515 0.0000000000
166267  -6.259  74.697  -32.164 0.0000000000
166278  -6.689  74.663  -33.099 0.0000000000
166291  -7.119  74.760  -34.114 0.0000000000
166292  -7.213  75.080  -34.635 0.0000000000
166309  -7.300  74.659  -35.129 0.0000000000
166310  -7.304  75.029  -34.859 0.0000000000
166321  -6.816  74.367  -36.361 0.0000000000
166324  -5.500  74.332  -37.966 0.0000000000
166325  -6.144  74.432  -37.293 0.0000000000
166328  -4.672  73.642  -38.915 0.0000000000
166329  -5.076  74.182  -38.653 0.0000000000
166331  -12.731  74.062  -39.038 0.0000000000
166332  -4.762  73.790  -39.295 0.0000000000
166333  -5.153  74.502  -39.292 0.0000000000
166334  -6.633  74.188  -39.754 0.0000000000
166335  -7.171  74.767  -39.787 0.0000000000
166336  -8.245  74.752  -39.633 0.0000000000
166337  -9.068  74.459  -39.701 0.0000000000
166338  -11.540  74.606  -40.076 0.0000000000
166339  -12.181  74.316  -39.885 0.0000000000
166340  -12.838  73.827  -39.647 0.0000000000
166341  -4.944  73.872  -39.698 0.0000000000
166342  -5.411  74.431  -39.819 0.0000000000
166345  -8.653  75.038  -39.825 0.0000000000
166346  -9.479  74.591  -39.943 0.0000000000
166347  -11.753  74.324  -40.561 0.0000000000
166348  -12.225  73.980  -40.793 0.0000000000
166349  -10.285  74.102  -40.481 0.0000000000
166350  -10.734  74.079  -40.736 0.0000000000
166351  -11.822  73.960  -41.204 0.0000000000
166352  -12.219  73.743  -41.225 0.0000000000
166353  -10.728  73.702  -41.047 0.0000000000
166354  -11.070  73.839  -41.239 0.0000000000
166355  -11.488  73.805  -41.362 0.0000000000
166691  -4.987  75.570  -21.291 0.0000000000
166697  -4.393  75.745  -22.138 0.0000000000
166698  -4.669  75.386  -21.797 0.0000000000
166699  -5.195  74.916  -21.391 0.0000000000
166708  -4.299  75.800  -22.539 0.0000000000
166709  -4.447  75.214  -22.516 0.0000000000
166720  -4.174  75.581  -23.154 0.0000000000
166721  -4.394  74.876  -23.225 0.0000000000
166732  -4.094  75.663  -23.971 0.0000000000
166733  -4.155  75.935  -24.385 0.0000000000
166734  -6.040  76.177  -25.173 0.0000000000
166735  -6.444  76.159  -25.093 0.0000000000
166747  -4.178  75.514  -24.509 0.0000000000
166748  -4.392  75.660  -24.855 0.0000000000
166749  -5.015  75.535  -25.284 0.0000000000
166750  -5.952  75.684  -25.355 0.0000000000
166751  -7.130  75.660  -25.246 0.0000000000
166752  -8.193  75.587  -25.441 0.0000000000
166762  -8.936  75.562  -26.059 0.0000000000
166763  -9.210  74.982  -26.755 0.0000000000
166772  -9.141  75.758  -27.104 0.0000000000
166773  -9.317  74.870  -27.628 0.0000000000
166784  -7.950  76.179  -28.738 0.0000000000
166785  -8.663  75.575  -28.385 0.0000000000
166786  -9.160  74.914  -28.227 0.0000000000
166798  -6.854  76.166  -29.590 0.0000000000
166799  -7.559  75.725  -29.387 0.0000000000
166800  -8.276  75.253  -29.122 0.0000000000
166814  -5.435  76.461  -30.548 0.0000000000
166815  -5.731  76.009  -30.519 0.0000000000
166816  -6.528  75.854  -30.042 0.0000000000
166817  -7.101  75.340  -30.042 0.0000000000
166832  -5.311  76.325  -30.797 0.0000000000
166833  -5.423  75.846  -31.209 0.0000000000
166849  -5.614  75.606  -32.036 0.0000000000
166850  -6.136  75.276  -32.647 0.0000000000
166861  -5.818  75.891  -32.699 0.0000000000
166862  -6.421  75.593  -33.395 0.0000000000
166871  -6.925  75.631  -34.415 0.0000000000
166872  -7.210  75.296  -34.861 0.0000000000
166884  -7.108  75.515  -35.467 0.0000000000
166885  -7.274  75.133  -35.067 0.0000000000
166893  -6.641  75.434  -36.791 0.0000000000
166896  -5.482  74.796  -38.322 0.0000000000
166897  -5.945  75.346  -37.887 0.0000000000
166900  -5.479  75.313  -38.665 0.0000000000
166901  -5.709  75.757  -38.301 0.0000000000
166916  -11.195  74.626  -40.268 0.0000000000
166919  -10.425  74.547  -40.287 0.0000000000
166920  -10.966  74.332  -40.620 0.0000000000
166921  -11.449  74.189  -40.822 0.0000000000
166922  -11.326  74.018  -41.050 0.0000000000
166923  -11.555  73.981  -41.130 0.0000000000
167219  -4.309  76.049  -22.249 0.0000000000
167238  -4.083  76.251  -23.378 0.0000000000
167245  -4.082  76.360  -23.960 0.0000000000
167246  -4.424  76.477  -24.474 0.0000000000
167247  -5.071  76.785  -24.782 0.0000000000
167248  -5.990  76.654  -24.892 0.0000000000
167249  -7.123  76.670  -24.848 0.0000000000
167250  -8.000  76.867  -24.919 0.0000000000
167255  -4.770  76.144  -24.997 0.0000000000
167256  -5.390  76.175  -25.152 0.0000000000
167257  -5.800  76.179  -25.190 0.0000000000
167258  -7.860  76.230  -25.073 0.0000000000
167259  -8.535  76.535  -25.469 0.0000000000
167266  -8.918  76.635  -26.408 0.0000000000
167274  -8.661  76.656  -27.442 0.0000000000
167284  -6.838  77.248  -28.945 0.0000000000
167285  -7.354  76.728  -28.867 0.0000000000
167286  -8.126  76.678  -28.270 0.0000000000
167299  -5.666  77.190  -29.755 0.0000000000
167300  -6.359  76.777  -29.503 0.0000000000
167301  -7.028  76.345  -29.358 0.0000000000
167314  -5.220  76.818  -30.621 0.0000000000
167315  -5.551  76.767  -30.161 0.0000000000
167316  -6.003  76.326  -30.063 0.0000000000
167326  -5.068  76.711  -31.153 0.0000000000
167327  -5.255  76.280  -31.678 0.0000000000
167354  -6.362  76.310  -33.932 0.0000000000
167385  -6.284  76.372  -37.213 0.0000000000
167727  -4.180  76.978  -23.974 0.0000000000
167729  -5.567  77.623  -24.534 0.0000000000
167730  -6.603  77.625  -24.608 0.0000000000
167731  -7.684  77.675  -24.790 0.0000000000
167732  -8.321  77.327  -25.167 0.0000000000
167736  -8.269  77.959  -25.226 0.0000000000
167737  -8.624  77.562  -25.809 0.0000000000
167741  -8.596  77.554  -26.771 0.0000000000
167745  -7.622  78.173  -27.930 0.0000000000
167746  -8.079  77.647  -27.736 0.0000000000
167752  -6.395  77.769  -28.952 0.0000000000
167753  -7.255  77.761  -28.427 0.0000000000
167754  -7.739  77.210  -28.342 0.0000000000
167765  -5.738  77.696  -29.440 0.0000000000
167781  -5.182  77.182  -30.356 0.0000000000
168159  -6.106  78.584  -24.440 0.0000000000
168160  -7.086  78.605  -24.637 0.0000000000
168161  -7.902  78.659  -25.055 0.0000000000
168165  -8.317  78.479  -25.661 0.0000000000
168166  -8.459  78.318  -26.268 0.0000000000
168170  -8.263  78.389  -26.982 0.0000000000
168175  -7.269  78.691  -28.024 0.0000000000
168176  -7.784  78.602  -27.535 0.0000000000
168595  -7.349  79.508  -24.962 0.0000000000
168600  -7.944  79.464  -25.761 0.0000000000
168601  -8.314  78.838  -26.018 0.0000000000
168605  -7.833  79.769  -26.689 0.0000000000
168606  -8.203  79.000  -26.457 0.0000000000
168612  -7.377  79.637  -27.541 0.0000000000
168613  -7.979  79.104  -27.067 0.0000000000
