#!ascii label  , from subject COLIN27_FS vox2ras=TkReg
65
126750  -6.291  28.227  -24.433 0.0000000000
126758  -6.536  28.344  -25.294 0.0000000000
127737  -4.231  30.013  -21.781 0.0000000000
127738  -4.087  30.072  -21.976 0.0000000000
127749  -4.181  29.946  -22.115 0.0000000000
127765  -5.648  29.508  -24.083 0.0000000000
127766  -5.964  28.844  -23.843 0.0000000000
127770  -5.766  29.641  -24.965 0.0000000000
127771  -6.132  28.979  -24.703 0.0000000000
127774  -4.366  30.726  -27.256 0.0000000000
127775  -5.680  29.915  -25.775 0.0000000000
127776  -6.382  29.138  -25.835 0.0000000000
127779  -4.402  30.410  -27.831 0.0000000000
127780  -4.452  29.897  -27.734 0.0000000000
128791  -3.933  30.069  -22.225 0.0000000000
128798  -4.076  30.252  -22.465 0.0000000000
128801  -3.107  30.817  -23.199 0.0000000000
128802  -3.781  29.982  -23.002 0.0000000000
128803  -4.026  29.926  -22.843 0.0000000000
128806  -3.392  30.795  -23.074 0.0000000000
128807  -3.668  30.376  -23.069 0.0000000000
128808  -4.324  29.844  -23.052 0.0000000000
128811  -3.461  30.996  -23.342 0.0000000000
128812  -3.622  30.587  -24.070 0.0000000000
128813  -5.268  30.130  -24.498 0.0000000000
128815  -4.152  31.341  -26.315 0.0000000000
128816  -5.420  30.081  -25.098 0.0000000000
128818  -4.270  31.133  -26.958 0.0000000000
128824  -4.351  31.024  -27.691 0.0000000000
128832  -4.469  31.016  -28.418 0.0000000000
129793  -3.118  31.275  -22.630 0.0000000000
129795  -3.365  31.406  -23.339 0.0000000000
129797  -3.582  31.627  -24.072 0.0000000000
129798  -3.832  31.800  -25.194 0.0000000000
129800  -4.093  31.794  -26.041 0.0000000000
129803  -4.258  31.785  -26.868 0.0000000000
129809  -4.399  31.880  -27.713 0.0000000000
130803  -3.208  31.793  -23.130 0.0000000000
130805  -3.600  32.093  -24.049 0.0000000000
130806  -3.826  32.629  -24.541 0.0000000000
130808  -3.680  31.967  -24.582 0.0000000000
130809  -3.888  32.412  -25.080 0.0000000000
130812  -4.202  32.528  -26.073 0.0000000000
130818  -4.344  32.601  -26.899 0.0000000000
130824  -4.464  32.712  -27.506 0.0000000000
131790  -3.415  32.184  -23.561 0.0000000000
131791  -3.822  32.798  -24.296 0.0000000000
131794  -4.072  33.206  -24.807 0.0000000000
131801  -4.241  33.340  -25.454 0.0000000000
131808  -4.397  33.389  -26.247 0.0000000000
131812  -4.537  33.428  -27.045 0.0000000000
132722  -4.219  33.873  -24.630 0.0000000000
132730  -4.435  34.209  -24.971 0.0000000000
132738  -4.581  34.329  -25.636 0.0000000000
132739  -4.839  34.778  -25.988 0.0000000000
132748  -4.645  34.144  -26.418 0.0000000000
132749  -4.979  34.753  -26.574 0.0000000000
132759  -4.769  34.134  -26.994 0.0000000000
133689  -4.573  35.261  -24.526 0.0000000000
133698  -4.774  35.308  -24.935 0.0000000000
133699  -5.053  35.677  -25.165 0.0000000000
133706  -4.864  35.129  -25.505 0.0000000000
133707  -5.213  35.522  -25.825 0.0000000000
133717  -5.396  35.444  -26.785 0.0000000000
134750  -5.019  36.007  -24.762 0.0000000000
