#!ascii label  , from subject COLIN27_FS vox2ras=TkReg
99
115024  -45.472  18.777  -34.723 0.0000000000
115025  -45.919  19.068  -34.337 0.0000000000
115036  -45.199  18.971  -35.416 0.0000000000
116311  -46.899  19.527  -33.707 0.0000000000
116325  -45.812  19.420  -34.887 0.0000000000
116326  -46.314  19.688  -34.595 0.0000000000
116337  -45.536  19.608  -35.602 0.0000000000
116338  -45.977  19.905  -35.288 0.0000000000
116348  -45.271  19.772  -36.297 0.0000000000
117532  -47.323  20.119  -33.914 0.0000000000
117546  -46.957  20.465  -34.680 0.0000000000
117547  -47.580  20.723  -34.364 0.0000000000
117562  -45.899  20.271  -35.831 0.0000000000
117563  -46.377  20.563  -35.543 0.0000000000
117576  -45.667  20.429  -36.556 0.0000000000
117577  -46.103  20.757  -36.253 0.0000000000
117591  -45.392  20.581  -37.269 0.0000000000
118768  -47.370  21.181  -35.009 0.0000000000
118769  -47.903  21.546  -34.853 0.0000000000
118783  -46.995  21.411  -35.662 0.0000000000
118784  -47.495  21.750  -35.432 0.0000000000
118795  -46.094  21.089  -36.830 0.0000000000
118796  -46.462  21.455  -36.476 0.0000000000
118806  -45.311  20.914  -37.844 0.0000000000
118807  -45.749  21.315  -37.503 0.0000000000
118808  -46.157  21.674  -37.153 0.0000000000
118818  -44.888  21.049  -38.560 0.0000000000
118819  -45.404  21.494  -38.227 0.0000000000
120024  -47.375  22.122  -35.916 0.0000000000
120025  -47.888  22.469  -35.630 0.0000000000
120038  -47.028  22.300  -36.522 0.0000000000
120039  -47.504  22.656  -36.238 0.0000000000
120049  -46.078  22.051  -37.683 0.0000000000
120050  -46.498  22.368  -37.312 0.0000000000
120061  -45.236  21.881  -38.792 0.0000000000
120062  -45.741  22.276  -38.405 0.0000000000
120063  -46.248  22.588  -38.033 0.0000000000
120074  -44.729  22.057  -39.576 0.0000000000
120075  -45.340  22.487  -39.168 0.0000000000
121294  -48.276  23.190  -35.789 0.0000000000
121308  -47.388  23.000  -36.711 0.0000000000
121309  -47.901  23.343  -36.347 0.0000000000
121320  -47.056  23.037  -37.274 0.0000000000
121321  -47.552  23.602  -37.166 0.0000000000
121331  -46.166  22.999  -38.563 0.0000000000
121332  -46.736  23.275  -38.156 0.0000000000
121333  -47.256  23.635  -37.787 0.0000000000
121340  -45.216  22.894  -39.755 0.0000000000
121341  -45.786  23.266  -39.330 0.0000000000
121342  -46.404  23.552  -38.918 0.0000000000
121351  -44.080  22.846  -40.983 0.0000000000
121352  -44.754  23.172  -40.524 0.0000000000
121353  -45.371  23.524  -40.116 0.0000000000
121366  -42.503  22.884  -41.995 0.0000000000
121367  -43.445  23.227  -41.654 0.0000000000
121368  -44.253  23.531  -41.285 0.0000000000
121383  -42.057  23.469  -42.554 0.0000000000
121384  -42.788  23.637  -42.285 0.0000000000
122520  -47.186  23.896  -38.252 0.0000000000
122521  -47.784  24.436  -38.067 0.0000000000
122525  -46.300  24.020  -39.471 0.0000000000
122526  -47.014  24.297  -38.990 0.0000000000
122527  -47.530  24.773  -38.867 0.0000000000
122530  -45.207  23.986  -40.650 0.0000000000
122531  -45.825  24.348  -40.260 0.0000000000
122532  -46.525  24.673  -39.833 0.0000000000
122536  -44.074  24.244  -41.835 0.0000000000
122537  -44.752  24.243  -41.303 0.0000000000
122538  -45.328  24.650  -41.041 0.0000000000
122550  -42.505  24.300  -42.785 0.0000000000
122551  -43.318  24.340  -42.371 0.0000000000
123661  -48.153  25.158  -38.356 0.0000000000
123668  -47.383  24.984  -39.217 0.0000000000
123669  -47.894  25.523  -39.097 0.0000000000
123672  -46.334  25.382  -40.476 0.0000000000
123673  -47.087  25.461  -39.815 0.0000000000
123674  -47.505  26.025  -39.732 0.0000000000
123678  -44.489  24.807  -41.857 0.0000000000
123679  -44.969  25.425  -41.751 0.0000000000
123680  -45.721  25.377  -41.055 0.0000000000
123685  -42.860  25.353  -43.038 0.0000000000
123686  -44.044  25.388  -42.405 0.0000000000
123687  -44.561  26.011  -42.232 0.0000000000
123697  -42.445  25.910  -43.347 0.0000000000
124793  -46.093  26.100  -41.007 0.0000000000
124794  -46.620  26.476  -40.642 0.0000000000
124795  -47.254  26.585  -40.157 0.0000000000
124799  -44.885  26.627  -42.086 0.0000000000
124800  -45.583  26.491  -41.530 0.0000000000
124801  -46.116  26.831  -41.156 0.0000000000
124805  -42.782  26.238  -43.264 0.0000000000
124806  -43.425  26.501  -42.998 0.0000000000
124807  -44.242  26.638  -42.541 0.0000000000
124817  -42.867  26.853  -43.323 0.0000000000
125876  -47.489  27.517  -40.127 0.0000000000
125880  -45.167  27.586  -41.787 0.0000000000
125881  -45.777  27.555  -41.349 0.0000000000
125882  -46.336  27.543  -40.964 0.0000000000
125895  -42.613  27.551  -43.478 0.0000000000
