#!ascii label  , from subject COLIN27_FS vox2ras=TkReg
798
20390  -49.428  -57.374  -31.365 0.0000000000
20403  -48.323  -57.173  -32.453 0.0000000000
20404  -49.079  -57.356  -32.203 0.0000000000
20405  -49.577  -56.729  -32.130 0.0000000000
21315  -49.583  -56.012  -30.012 0.0000000000
21316  -49.680  -56.445  -30.785 0.0000000000
21326  -47.254  -56.098  -32.254 0.0000000000
21327  -49.809  -56.301  -31.784 0.0000000000
21339  -47.328  -56.748  -32.245 0.0000000000
21340  -47.935  -56.245  -32.707 0.0000000000
21341  -49.000  -56.195  -32.850 0.0000000000
21342  -49.450  -56.331  -32.526 0.0000000000
21343  -49.713  -56.017  -32.357 0.0000000000
21347  -49.204  -55.680  -33.200 0.0000000000
21348  -49.480  -55.758  -32.785 0.0000000000
21349  -49.590  -55.864  -32.590 0.0000000000
22273  -49.089  -55.687  -27.948 0.0000000000
22287  -48.856  -55.367  -28.587 0.0000000000
22299  -45.582  -54.890  -30.299 0.0000000000
22300  -48.767  -55.078  -29.063 0.0000000000
22301  -49.140  -55.505  -29.408 0.0000000000
22307  -46.062  -55.429  -30.803 0.0000000000
22308  -46.496  -54.893  -31.329 0.0000000000
22309  -49.393  -55.317  -30.220 0.0000000000
22310  -49.750  -55.477  -30.742 0.0000000000
22318  -46.837  -55.410  -31.750 0.0000000000
22319  -47.501  -55.364  -32.533 0.0000000000
22320  -49.945  -55.519  -31.467 0.0000000000
22333  -48.063  -55.240  -32.939 0.0000000000
22334  -48.639  -55.361  -33.093 0.0000000000
22335  -50.172  -55.365  -31.919 0.0000000000
22340  -49.255  -55.249  -33.124 0.0000000000
22341  -49.593  -55.170  -32.953 0.0000000000
22342  -49.774  -55.334  -32.623 0.0000000000
23365  -48.659  -54.934  -26.660 0.0000000000
23380  -48.134  -54.615  -27.094 0.0000000000
23381  -48.407  -54.948  -27.749 0.0000000000
23393  -44.359  -53.835  -29.074 0.0000000000
23394  -48.547  -54.626  -28.744 0.0000000000
23406  -48.846  -54.643  -29.402 0.0000000000
23407  -49.203  -54.673  -29.990 0.0000000000
23413  -45.858  -54.331  -30.582 0.0000000000
23414  -46.322  -54.347  -31.126 0.0000000000
23415  -49.659  -54.676  -30.562 0.0000000000
23416  -50.038  -54.687  -31.138 0.0000000000
23421  -46.774  -54.386  -31.678 0.0000000000
23422  -47.288  -54.512  -32.283 0.0000000000
23423  -50.290  -54.617  -31.787 0.0000000000
23435  -47.845  -54.559  -32.838 0.0000000000
23436  -48.416  -54.562  -33.177 0.0000000000
23437  -50.233  -54.542  -32.432 0.0000000000
23446  -49.028  -54.514  -33.344 0.0000000000
23447  -49.602  -54.432  -33.224 0.0000000000
23448  -50.048  -54.460  -32.959 0.0000000000
24564  -43.415  -52.657  -28.022 0.0000000000
24566  -48.181  -53.874  -28.264 0.0000000000
24578  -43.630  -53.197  -28.293 0.0000000000
24579  -44.242  -53.261  -28.890 0.0000000000
24580  -48.878  -53.703  -29.195 0.0000000000
24581  -49.447  -53.148  -29.501 0.0000000000
24591  -44.725  -53.320  -29.368 0.0000000000
24592  -45.226  -53.457  -29.826 0.0000000000
24593  -49.155  -54.186  -29.680 0.0000000000
24594  -49.746  -53.689  -30.123 0.0000000000
24595  -50.378  -53.225  -30.440 0.0000000000
24601  -45.711  -53.493  -30.366 0.0000000000
24602  -46.179  -53.515  -30.907 0.0000000000
24603  -50.013  -54.171  -30.766 0.0000000000
24604  -50.563  -53.613  -31.088 0.0000000000
24605  -51.075  -53.109  -31.248 0.0000000000
24610  -46.657  -53.550  -31.463 0.0000000000
24611  -47.170  -53.619  -32.058 0.0000000000
24612  -50.717  -53.813  -32.057 0.0000000000
24613  -51.093  -53.171  -31.682 0.0000000000
24619  -47.709  -53.727  -32.673 0.0000000000
24620  -48.166  -53.910  -33.114 0.0000000000
24621  -50.561  -53.564  -32.733 0.0000000000
24622  -50.977  -53.139  -32.276 0.0000000000
24632  -48.705  -53.733  -33.407 0.0000000000
24633  -49.405  -53.604  -33.471 0.0000000000
24634  -50.129  -53.462  -33.306 0.0000000000
25715  -42.153  -52.048  -26.926 0.0000000000
25716  -42.755  -52.108  -27.420 0.0000000000
25717  -43.294  -52.122  -27.858 0.0000000000
25719  -48.519  -52.852  -28.486 0.0000000000
25726  -43.735  -52.196  -28.264 0.0000000000
25727  -44.206  -52.352  -28.718 0.0000000000
25728  -49.218  -52.690  -29.008 0.0000000000
25729  -50.093  -52.572  -29.596 0.0000000000
25730  -50.732  -52.189  -29.750 0.0000000000
25740  -44.714  -52.430  -29.271 0.0000000000
25741  -45.211  -52.589  -29.717 0.0000000000
25742  -50.270  -53.009  -30.142 0.0000000000
25743  -50.893  -52.601  -30.364 0.0000000000
25751  -45.641  -52.665  -30.164 0.0000000000
25752  -46.104  -52.687  -30.650 0.0000000000
25753  -51.058  -53.020  -30.963 0.0000000000
25754  -51.456  -52.659  -31.178 0.0000000000
25759  -46.588  -52.728  -31.163 0.0000000000
25760  -47.097  -52.767  -31.733 0.0000000000
25761  -51.482  -52.655  -32.046 0.0000000000
25767  -47.619  -52.819  -32.401 0.0000000000
25768  -48.223  -52.968  -33.146 0.0000000000
25769  -50.630  -52.906  -33.110 0.0000000000
25770  -51.060  -52.602  -32.756 0.0000000000
25778  -49.034  -52.798  -33.568 0.0000000000
25779  -49.818  -52.631  -33.601 0.0000000000
25780  -50.464  -52.458  -33.379 0.0000000000
25781  -50.802  -52.406  -33.156 0.0000000000
26756  -41.531  -51.055  -26.369 0.0000000000
26767  -41.950  -51.227  -26.776 0.0000000000
26768  -42.540  -51.269  -27.223 0.0000000000
26769  -43.141  -51.295  -27.664 0.0000000000
26779  -43.666  -51.341  -28.147 0.0000000000
26780  -44.185  -51.465  -28.572 0.0000000000
26781  -48.979  -52.260  -28.514 0.0000000000
26782  -49.652  -51.732  -28.614 0.0000000000
26783  -50.842  -51.594  -29.277 0.0000000000
26794  -44.689  -51.528  -29.066 0.0000000000
26795  -45.410  -51.557  -29.661 0.0000000000
26796  -45.947  -51.089  -29.966 0.0000000000
26797  -51.039  -51.981  -29.844 0.0000000000
26806  -45.604  -52.124  -29.965 0.0000000000
26807  -46.142  -51.696  -30.323 0.0000000000
26808  -46.687  -51.613  -30.786 0.0000000000
26816  -46.530  -52.106  -30.834 0.0000000000
26817  -47.094  -51.830  -31.283 0.0000000000
26818  -47.697  -51.462  -31.826 0.0000000000
26819  -51.883  -52.167  -31.653 0.0000000000
26826  -47.534  -52.126  -31.973 0.0000000000
26827  -48.162  -51.793  -32.595 0.0000000000
26828  -48.871  -51.443  -33.125 0.0000000000
26829  -51.777  -51.852  -32.464 0.0000000000
26830  -52.226  -51.043  -32.439 0.0000000000
26836  -48.706  -52.126  -33.315 0.0000000000
26837  -49.453  -51.732  -33.554 0.0000000000
26838  -50.292  -51.683  -33.616 0.0000000000
26839  -51.093  -51.671  -33.299 0.0000000000
27839  -41.821  -50.555  -26.611 0.0000000000
27840  -42.310  -50.450  -27.011 0.0000000000
27841  -42.947  -50.430  -27.461 0.0000000000
27856  -43.547  -50.448  -27.952 0.0000000000
27857  -44.178  -50.497  -28.453 0.0000000000
27858  -44.752  -50.222  -28.764 0.0000000000
27873  -44.603  -50.854  -28.803 0.0000000000
27874  -45.172  -50.550  -29.178 0.0000000000
27875  -45.853  -50.493  -29.709 0.0000000000
27882  -46.380  -50.637  -30.144 0.0000000000
27883  -46.972  -50.852  -30.702 0.0000000000
27884  -47.715  -50.362  -31.034 0.0000000000
27891  -47.548  -51.019  -31.335 0.0000000000
27892  -48.254  -50.646  -31.835 0.0000000000
27893  -48.983  -50.324  -32.389 0.0000000000
27895  -53.272  -49.967  -32.221 0.0000000000
27902  -48.707  -50.951  -32.671 0.0000000000
27903  -49.401  -50.659  -33.132 0.0000000000
27904  -51.836  -51.037  -33.008 0.0000000000
27905  -52.560  -50.234  -33.067 0.0000000000
27906  -53.179  -49.798  -32.897 0.0000000000
27916  -50.113  -50.822  -33.681 0.0000000000
27917  -50.770  -50.798  -33.766 0.0000000000
27918  -51.585  -50.420  -33.577 0.0000000000
27919  -52.152  -49.903  -33.682 0.0000000000
28982  -38.488  -49.098  -25.857 0.0000000000
28984  -39.651  -49.280  -25.339 0.0000000000
28997  -41.177  -49.433  -26.058 0.0000000000
29011  -41.930  -49.639  -26.648 0.0000000000
29012  -42.685  -49.541  -27.240 0.0000000000
29013  -43.369  -49.538  -27.718 0.0000000000
29027  -43.980  -49.571  -28.208 0.0000000000
29028  -44.589  -49.593  -28.561 0.0000000000
29029  -45.142  -49.613  -28.890 0.0000000000
29040  -45.714  -49.603  -29.354 0.0000000000
29041  -46.519  -49.581  -29.873 0.0000000000
29042  -47.047  -49.047  -29.974 0.0000000000
29052  -46.816  -50.154  -30.286 0.0000000000
29053  -47.381  -49.588  -30.416 0.0000000000
29054  -48.247  -49.646  -31.075 0.0000000000
29064  -48.945  -49.670  -31.731 0.0000000000
29065  -49.551  -49.672  -32.512 0.0000000000
29066  -53.786  -49.479  -32.041 0.0000000000
29076  -50.275  -49.764  -33.394 0.0000000000
29077  -50.811  -49.285  -33.684 0.0000000000
29078  -53.103  -49.572  -33.275 0.0000000000
29079  -53.681  -49.330  -32.787 0.0000000000
29080  -54.063  -49.138  -32.275 0.0000000000
29093  -50.549  -50.318  -33.772 0.0000000000
29094  -50.991  -49.876  -33.910 0.0000000000
29095  -51.802  -49.539  -33.902 0.0000000000
29096  -52.624  -49.388  -33.758 0.0000000000
29097  -53.413  -49.071  -33.525 0.0000000000
30105  -38.584  -48.483  -25.898 0.0000000000
30106  -38.810  -48.378  -25.720 0.0000000000
30107  -39.340  -48.445  -25.527 0.0000000000
30118  -38.469  -48.349  -26.228 0.0000000000
30119  -38.635  -48.211  -25.918 0.0000000000
30120  -40.075  -48.393  -25.550 0.0000000000
30121  -40.867  -48.441  -25.930 0.0000000000
30133  -41.640  -48.529  -26.449 0.0000000000
30134  -42.393  -48.580  -27.015 0.0000000000
30135  -43.136  -48.594  -27.514 0.0000000000
30149  -43.807  -48.640  -27.999 0.0000000000
30150  -44.463  -48.739  -28.389 0.0000000000
30151  -44.975  -48.934  -28.669 0.0000000000
30163  -45.501  -48.771  -28.980 0.0000000000
30164  -46.147  -48.678  -29.383 0.0000000000
30165  -46.806  -48.533  -29.689 0.0000000000
30178  -47.428  -48.501  -30.009 0.0000000000
30179  -48.218  -48.594  -30.508 0.0000000000
30180  -48.953  -48.257  -30.872 0.0000000000
30190  -48.835  -48.984  -31.103 0.0000000000
30191  -49.547  -48.621  -31.667 0.0000000000
30192  -50.174  -48.211  -32.304 0.0000000000
30194  -55.374  -48.141  -31.443 0.0000000000
30203  -50.061  -48.959  -32.638 0.0000000000
30204  -50.720  -48.521  -33.180 0.0000000000
30205  -51.517  -48.210  -33.640 0.0000000000
30206  -53.899  -48.871  -33.149 0.0000000000
30207  -54.493  -48.555  -32.459 0.0000000000
30208  -55.375  -47.878  -32.076 0.0000000000
30219  -51.298  -48.991  -33.880 0.0000000000
30220  -52.152  -48.628  -34.037 0.0000000000
30221  -53.016  -48.585  -33.937 0.0000000000
30222  -53.818  -48.409  -33.480 0.0000000000
30223  -54.344  -48.045  -33.144 0.0000000000
31255  -38.822  -48.024  -25.785 0.0000000000
31256  -39.049  -47.990  -25.690 0.0000000000
31266  -38.530  -47.911  -26.266 0.0000000000
31267  -38.776  -47.713  -26.011 0.0000000000
31268  -39.571  -47.545  -25.759 0.0000000000
31269  -40.490  -47.486  -25.886 0.0000000000
31279  -38.466  -47.739  -26.631 0.0000000000
31280  -38.723  -47.060  -26.571 0.0000000000
31281  -41.305  -47.530  -26.302 0.0000000000
31282  -42.096  -47.574  -26.809 0.0000000000
31283  -42.856  -47.613  -27.341 0.0000000000
31293  -38.480  -47.756  -27.494 0.0000000000
31294  -38.812  -47.565  -28.340 0.0000000000
31295  -43.587  -47.667  -27.829 0.0000000000
31296  -44.296  -47.762  -28.273 0.0000000000
31297  -45.074  -47.970  -28.669 0.0000000000
31307  -45.817  -47.857  -29.087 0.0000000000
31308  -46.476  -47.767  -29.382 0.0000000000
31309  -47.145  -47.651  -29.669 0.0000000000
31323  -47.869  -47.599  -30.025 0.0000000000
31324  -48.610  -47.526  -30.451 0.0000000000
31325  -49.327  -47.502  -30.980 0.0000000000
31327  -56.608  -47.320  -30.793 0.0000000000
31328  -57.079  -46.844  -30.833 0.0000000000
31337  -49.939  -47.485  -31.670 0.0000000000
31338  -50.567  -47.475  -32.344 0.0000000000
31339  -55.978  -47.597  -31.447 0.0000000000
31340  -56.466  -47.093  -31.518 0.0000000000
31341  -56.855  -46.698  -31.257 0.0000000000
31351  -51.302  -47.402  -32.983 0.0000000000
31352  -52.255  -47.602  -33.664 0.0000000000
31353  -52.833  -47.356  -33.666 0.0000000000
31354  -54.867  -47.582  -32.707 0.0000000000
31355  -55.834  -47.289  -31.989 0.0000000000
31356  -56.206  -47.179  -31.841 0.0000000000
31368  -52.660  -48.128  -34.034 0.0000000000
31369  -53.234  -47.768  -33.870 0.0000000000
31370  -54.012  -47.810  -33.501 0.0000000000
31371  -54.350  -47.755  -33.159 0.0000000000
32519  -39.276  -46.518  -26.291 0.0000000000
32520  -40.107  -46.567  -26.015 0.0000000000
32521  -40.937  -46.609  -26.236 0.0000000000
32532  -38.529  -47.128  -27.111 0.0000000000
32533  -38.834  -46.397  -26.992 0.0000000000
32534  -41.733  -46.614  -26.661 0.0000000000
32535  -42.547  -46.620  -27.169 0.0000000000
32536  -43.328  -46.674  -27.686 0.0000000000
32546  -38.527  -47.219  -27.420 0.0000000000
32547  -38.679  -46.845  -27.670 0.0000000000
32548  -44.036  -46.758  -28.179 0.0000000000
32549  -44.807  -46.848  -28.528 0.0000000000
32550  -45.555  -46.938  -28.919 0.0000000000
32563  -46.145  -47.086  -29.215 0.0000000000
32564  -46.732  -46.848  -29.438 0.0000000000
32565  -47.465  -46.695  -29.751 0.0000000000
32580  -48.227  -46.640  -30.104 0.0000000000
32581  -48.964  -46.572  -30.525 0.0000000000
32582  -49.677  -46.510  -31.108 0.0000000000
32583  -57.767  -46.409  -30.091 0.0000000000
32584  -58.593  -45.866  -29.721 0.0000000000
32592  -50.326  -46.614  -31.721 0.0000000000
32593  -50.946  -46.615  -32.232 0.0000000000
32594  -51.470  -46.317  -32.373 0.0000000000
32595  -56.065  -46.331  -31.903 0.0000000000
32596  -56.451  -46.477  -31.612 0.0000000000
32597  -57.242  -46.239  -30.877 0.0000000000
32606  -51.389  -46.762  -32.626 0.0000000000
32607  -51.912  -46.716  -32.913 0.0000000000
32608  -52.695  -46.873  -33.288 0.0000000000
32609  -53.475  -46.765  -33.150 0.0000000000
32610  -54.408  -46.852  -32.902 0.0000000000
32611  -55.603  -46.617  -32.210 0.0000000000
32612  -56.190  -46.962  -31.934 0.0000000000
32622  -53.195  -47.219  -33.538 0.0000000000
32623  -53.757  -47.344  -33.391 0.0000000000
32624  -54.269  -47.497  -33.168 0.0000000000
33717  -39.456  -45.922  -26.437 0.0000000000
33718  -39.851  -45.749  -26.373 0.0000000000
33719  -40.606  -45.834  -26.338 0.0000000000
33732  -39.356  -45.614  -26.795 0.0000000000
33733  -39.913  -45.018  -26.731 0.0000000000
33734  -41.304  -45.777  -26.580 0.0000000000
33735  -42.136  -45.648  -27.015 0.0000000000
33736  -43.082  -45.645  -27.536 0.0000000000
33749  -39.023  -45.574  -27.775 0.0000000000
33750  -43.833  -45.787  -28.054 0.0000000000
33751  -44.530  -45.863  -28.379 0.0000000000
33752  -45.330  -45.855  -28.791 0.0000000000
33763  -39.179  -45.343  -28.913 0.0000000000
33765  -46.179  -46.081  -29.228 0.0000000000
33766  -46.977  -45.870  -29.525 0.0000000000
33767  -47.878  -45.622  -29.837 0.0000000000
33768  -48.643  -45.152  -30.066 0.0000000000
33770  -59.836  -45.216  -29.277 0.0000000000
33781  -48.601  -45.873  -30.187 0.0000000000
33782  -49.340  -45.408  -30.513 0.0000000000
33783  -50.308  -45.542  -31.267 0.0000000000
33784  -50.853  -45.201  -31.392 0.0000000000
33785  -57.419  -45.209  -30.713 0.0000000000
33786  -58.147  -45.508  -30.355 0.0000000000
33787  -59.284  -45.280  -29.817 0.0000000000
33788  -59.885  -45.058  -29.681 0.0000000000
33797  -50.651  -46.111  -31.740 0.0000000000
33798  -51.103  -45.693  -31.808 0.0000000000
33799  -52.141  -45.851  -32.256 0.0000000000
33800  -53.228  -45.606  -32.092 0.0000000000
33801  -54.221  -45.533  -31.945 0.0000000000
33802  -55.142  -45.550  -31.813 0.0000000000
33803  -56.008  -45.865  -31.680 0.0000000000
33804  -56.892  -45.800  -31.152 0.0000000000
33805  -57.435  -45.727  -30.773 0.0000000000
33815  -52.404  -46.442  -32.794 0.0000000000
33816  -52.946  -46.284  -32.712 0.0000000000
33817  -53.845  -46.159  -32.588 0.0000000000
33818  -54.799  -46.085  -32.354 0.0000000000
33819  -55.425  -46.011  -32.099 0.0000000000
34921  -40.514  -45.145  -26.595 0.0000000000
34922  -40.956  -45.349  -26.564 0.0000000000
34938  -39.610  -44.445  -27.302 0.0000000000
34939  -40.441  -44.324  -26.853 0.0000000000
34940  -41.429  -44.708  -26.854 0.0000000000
34941  -42.730  -44.578  -27.301 0.0000000000
34942  -43.936  -44.611  -27.955 0.0000000000
34943  -44.639  -44.186  -28.167 0.0000000000
34955  -39.276  -44.197  -28.357 0.0000000000
34956  -44.292  -45.241  -28.230 0.0000000000
34957  -44.927  -44.749  -28.416 0.0000000000
34958  -46.118  -44.723  -29.077 0.0000000000
34959  -46.780  -44.217  -29.194 0.0000000000
34962  -60.844  -43.954  -29.020 0.0000000000
34969  -46.581  -45.333  -29.348 0.0000000000
34970  -47.150  -44.713  -29.429 0.0000000000
34971  -48.226  -44.479  -29.728 0.0000000000
34972  -49.258  -44.404  -30.097 0.0000000000
34973  -49.766  -44.039  -30.197 0.0000000000
34974  -60.244  -44.772  -29.489 0.0000000000
34975  -60.616  -44.237  -29.418 0.0000000000
34983  -49.499  -44.768  -30.366 0.0000000000
34984  -49.949  -44.495  -30.521 0.0000000000
34985  -51.028  -44.556  -31.002 0.0000000000
34986  -52.161  -44.230  -31.034 0.0000000000
34987  -53.207  -44.178  -30.953 0.0000000000
34988  -54.224  -44.185  -30.839 0.0000000000
34989  -55.232  -44.226  -30.731 0.0000000000
34990  -56.239  -44.286  -30.632 0.0000000000
34991  -57.229  -44.370  -30.575 0.0000000000
34992  -58.161  -44.517  -30.544 0.0000000000
34993  -59.081  -44.563  -30.293 0.0000000000
34994  -59.879  -44.598  -30.049 0.0000000000
34995  -60.376  -44.381  -29.744 0.0000000000
35004  -51.128  -45.100  -31.447 0.0000000000
35005  -51.667  -45.028  -31.549 0.0000000000
35006  -52.654  -44.939  -31.573 0.0000000000
35007  -53.683  -44.882  -31.454 0.0000000000
35008  -54.684  -44.895  -31.331 0.0000000000
35009  -55.654  -44.988  -31.215 0.0000000000
35010  -56.579  -45.120  -30.978 0.0000000000
36099  -40.255  -43.363  -27.216 0.0000000000
36100  -41.158  -43.460  -26.900 0.0000000000
36101  -42.272  -43.463  -27.078 0.0000000000
36102  -43.527  -43.429  -27.427 0.0000000000
36103  -44.772  -43.449  -27.930 0.0000000000
36104  -45.427  -43.060  -28.118 0.0000000000
36116  -44.986  -43.987  -28.246 0.0000000000
36117  -45.634  -43.588  -28.439 0.0000000000
36118  -46.848  -43.509  -28.904 0.0000000000
36119  -47.480  -43.095  -28.989 0.0000000000
36130  -47.106  -43.992  -29.216 0.0000000000
36131  -47.716  -43.570  -29.271 0.0000000000
36132  -48.831  -43.456  -29.610 0.0000000000
36133  -49.892  -43.399  -29.932 0.0000000000
36134  -50.489  -43.067  -29.945 0.0000000000
36135  -60.978  -43.645  -29.515 0.0000000000
36136  -61.351  -43.093  -29.528 0.0000000000
36143  -50.039  -43.857  -30.245 0.0000000000
36144  -50.658  -43.539  -30.240 0.0000000000
36145  -51.759  -43.480  -30.432 0.0000000000
36146  -52.821  -43.414  -30.478 0.0000000000
36147  -53.833  -43.394  -30.471 0.0000000000
36148  -54.834  -43.381  -30.464 0.0000000000
36149  -55.854  -43.382  -30.470 0.0000000000
36150  -56.923  -43.394  -30.493 0.0000000000
36151  -57.983  -43.541  -30.598 0.0000000000
36152  -58.932  -43.756  -30.643 0.0000000000
36153  -59.939  -43.627  -30.606 0.0000000000
36154  -60.703  -43.824  -30.104 0.0000000000
36155  -61.387  -43.240  -30.137 0.0000000000
36163  -60.463  -43.195  -31.137 0.0000000000
36164  -60.896  -43.311  -30.865 0.0000000000
36165  -61.228  -43.281  -30.548 0.0000000000
36194  -57.992  -43.506  -37.026 0.0000000000
36195  -58.425  -43.441  -37.237 0.0000000000
36196  -58.793  -43.323  -37.530 0.0000000000
36204  -57.813  -43.516  -37.484 0.0000000000
36205  -58.332  -43.435  -37.903 0.0000000000
36206  -58.785  -43.337  -37.806 0.0000000000
36209  -57.684  -43.442  -38.045 0.0000000000
36210  -57.928  -43.304  -38.297 0.0000000000
37252  -41.411  -41.819  -26.841 0.0000000000
37253  -42.176  -41.624  -26.686 0.0000000000
37254  -42.871  -41.371  -26.668 0.0000000000
37267  -40.877  -42.478  -27.030 0.0000000000
37268  -41.814  -42.504  -26.847 0.0000000000
37269  -43.063  -42.163  -26.948 0.0000000000
37270  -44.401  -42.336  -27.339 0.0000000000
37271  -45.600  -42.384  -27.814 0.0000000000
37272  -46.250  -42.027  -27.938 0.0000000000
37284  -45.759  -42.869  -28.193 0.0000000000
37285  -46.431  -42.503  -28.279 0.0000000000
37286  -47.594  -42.414  -28.727 0.0000000000
37287  -48.236  -42.031  -28.795 0.0000000000
37300  -47.785  -42.880  -29.059 0.0000000000
37301  -48.438  -42.500  -29.080 0.0000000000
37302  -49.588  -42.456  -29.346 0.0000000000
37303  -50.672  -42.437  -29.621 0.0000000000
37304  -51.302  -42.111  -29.580 0.0000000000
37315  -50.801  -42.898  -29.936 0.0000000000
37316  -51.452  -42.573  -29.861 0.0000000000
37317  -52.540  -42.566  -30.005 0.0000000000
37318  -53.529  -42.581  -30.139 0.0000000000
37319  -54.474  -42.553  -30.240 0.0000000000
37320  -55.442  -42.511  -30.388 0.0000000000
37321  -56.453  -42.501  -30.560 0.0000000000
37322  -57.662  -42.362  -30.924 0.0000000000
37323  -58.806  -42.925  -30.981 0.0000000000
37324  -59.429  -43.254  -30.872 0.0000000000
37325  -61.779  -42.575  -30.099 0.0000000000
37335  -57.923  -41.847  -31.555 0.0000000000
37336  -58.692  -42.090  -31.837 0.0000000000
37337  -59.879  -42.784  -31.482 0.0000000000
37338  -60.939  -42.967  -31.606 0.0000000000
37339  -61.762  -42.676  -31.112 0.0000000000
37340  -62.256  -42.137  -31.610 0.0000000000
37349  -58.907  -41.971  -32.620 0.0000000000
37350  -59.572  -42.210  -32.817 0.0000000000
37351  -60.668  -42.500  -32.489 0.0000000000
37352  -61.537  -42.528  -32.218 0.0000000000
37353  -62.119  -42.233  -32.082 0.0000000000
37362  -58.889  -42.315  -34.240 0.0000000000
37363  -59.540  -42.334  -33.943 0.0000000000
37364  -60.338  -42.355  -33.601 0.0000000000
37365  -61.406  -42.194  -33.258 0.0000000000
37366  -61.912  -42.238  -32.628 0.0000000000
37371  -57.025  -42.250  -35.329 0.0000000000
37372  -57.679  -42.500  -35.389 0.0000000000
37373  -58.446  -42.498  -35.000 0.0000000000
37374  -59.190  -42.500  -34.706 0.0000000000
37375  -59.839  -42.458  -34.661 0.0000000000
37376  -60.672  -42.214  -34.406 0.0000000000
37381  -55.709  -42.212  -35.825 0.0000000000
37382  -56.182  -42.267  -35.702 0.0000000000
37383  -57.093  -42.722  -35.937 0.0000000000
37384  -58.000  -42.946  -35.869 0.0000000000
37385  -59.024  -42.766  -35.620 0.0000000000
37386  -59.980  -42.415  -35.611 0.0000000000
37387  -60.751  -41.988  -35.045 0.0000000000
37393  -55.681  -42.345  -36.174 0.0000000000
37394  -56.356  -42.780  -36.477 0.0000000000
37395  -57.360  -43.272  -36.798 0.0000000000
37396  -58.343  -43.242  -36.569 0.0000000000
37397  -59.144  -43.070  -36.759 0.0000000000
37398  -59.870  -42.465  -36.825 0.0000000000
37407  -55.681  -42.517  -36.907 0.0000000000
37408  -56.369  -43.031  -37.289 0.0000000000
37409  -57.082  -43.389  -37.758 0.0000000000
37410  -58.691  -43.278  -38.031 0.0000000000
37411  -59.186  -43.037  -37.804 0.0000000000
37412  -59.890  -42.270  -37.855 0.0000000000
37417  -55.829  -42.526  -37.562 0.0000000000
37418  -56.347  -42.854  -38.072 0.0000000000
37419  -57.286  -43.003  -38.570 0.0000000000
37420  -58.396  -43.038  -38.543 0.0000000000
37421  -59.277  -42.432  -38.749 0.0000000000
37422  -59.842  -41.847  -38.595 0.0000000000
37423  -57.793  -42.550  -39.152 0.0000000000
37424  -58.506  -42.305  -39.327 0.0000000000
37425  -59.103  -41.917  -39.487 0.0000000000
38529  -43.341  -41.381  -26.749 0.0000000000
38530  -44.084  -41.172  -26.839 0.0000000000
38531  -45.268  -41.336  -27.266 0.0000000000
38532  -46.337  -41.339  -27.731 0.0000000000
38533  -46.916  -40.877  -27.872 0.0000000000
38546  -46.550  -41.814  -28.047 0.0000000000
38547  -47.195  -41.394  -28.175 0.0000000000
38548  -48.340  -41.358  -28.545 0.0000000000
38549  -48.968  -40.868  -28.574 0.0000000000
38562  -48.575  -41.836  -28.804 0.0000000000
38563  -49.273  -41.415  -28.812 0.0000000000
38564  -50.435  -41.455  -29.094 0.0000000000
38565  -51.466  -41.454  -29.341 0.0000000000
38566  -52.098  -41.034  -29.347 0.0000000000
38577  -51.638  -41.945  -29.549 0.0000000000
38578  -52.326  -41.568  -29.564 0.0000000000
38579  -53.390  -41.681  -29.808 0.0000000000
38580  -54.168  -41.856  -30.013 0.0000000000
38581  -55.035  -41.588  -30.331 0.0000000000
38582  -55.974  -41.717  -30.636 0.0000000000
38583  -56.762  -41.790  -30.947 0.0000000000
38584  -61.879  -41.664  -30.062 0.0000000000
38585  -62.265  -41.457  -30.716 0.0000000000
38594  -55.633  -41.060  -30.825 0.0000000000
38595  -56.300  -41.115  -31.367 0.0000000000
38596  -57.277  -41.472  -31.611 0.0000000000
38597  -57.960  -41.596  -32.043 0.0000000000
38598  -62.175  -42.077  -30.608 0.0000000000
38599  -62.380  -41.799  -31.253 0.0000000000
38609  -56.656  -40.885  -32.263 0.0000000000
38610  -57.378  -41.241  -32.634 0.0000000000
38611  -58.313  -41.669  -32.808 0.0000000000
38612  -58.914  -41.968  -33.115 0.0000000000
38613  -62.447  -41.742  -31.970 0.0000000000
38621  -55.639  -40.786  -33.770 0.0000000000
38622  -56.294  -40.889  -33.446 0.0000000000
38623  -57.489  -41.465  -33.734 0.0000000000
38624  -58.455  -41.934  -33.808 0.0000000000
38625  -59.116  -42.156  -33.582 0.0000000000
38626  -61.903  -41.762  -33.515 0.0000000000
38627  -62.222  -41.746  -32.818 0.0000000000
38631  -54.557  -40.962  -34.709 0.0000000000
38632  -55.226  -40.994  -34.406 0.0000000000
38633  -56.430  -41.663  -34.836 0.0000000000
38634  -57.733  -42.046  -34.674 0.0000000000
38635  -58.417  -42.191  -34.443 0.0000000000
38636  -61.439  -41.762  -34.241 0.0000000000
38641  -53.798  -41.066  -35.527 0.0000000000
38642  -54.290  -41.115  -35.240 0.0000000000
38643  -55.409  -41.826  -35.587 0.0000000000
38644  -55.987  -41.935  -35.400 0.0000000000
38645  -60.427  -41.866  -35.877 0.0000000000
38646  -60.973  -41.482  -35.065 0.0000000000
38652  -53.830  -41.137  -35.873 0.0000000000
38653  -54.432  -41.577  -36.057 0.0000000000
38654  -55.063  -42.030  -36.470 0.0000000000
38655  -60.301  -41.695  -36.935 0.0000000000
38662  -54.083  -41.177  -36.359 0.0000000000
38663  -54.614  -41.392  -36.626 0.0000000000
38664  -55.246  -41.823  -37.262 0.0000000000
38665  -60.232  -41.441  -38.000 0.0000000000
38671  -55.766  -42.090  -38.059 0.0000000000
38672  -56.382  -42.197  -38.610 0.0000000000
38673  -57.068  -42.020  -39.163 0.0000000000
38674  -59.587  -41.753  -39.204 0.0000000000
38675  -60.212  -41.131  -39.142 0.0000000000
38676  -57.837  -41.767  -39.634 0.0000000000
38677  -58.610  -41.527  -39.980 0.0000000000
38678  -59.504  -41.259  -40.023 0.0000000000
38679  -60.108  -40.927  -39.864 0.0000000000
38680  -58.879  -41.100  -40.356 0.0000000000
38681  -59.138  -40.888  -40.494 0.0000000000
39858  -45.986  -40.396  -27.316 0.0000000000
39859  -46.755  -40.374  -27.636 0.0000000000
39873  -47.350  -40.396  -27.905 0.0000000000
39874  -48.020  -40.454  -28.196 0.0000000000
39875  -48.766  -40.346  -28.413 0.0000000000
39887  -49.436  -40.306  -28.603 0.0000000000
39888  -50.271  -40.349  -28.820 0.0000000000
39889  -51.225  -40.425  -29.083 0.0000000000
39890  -51.968  -40.523  -29.286 0.0000000000
39900  -52.543  -40.549  -29.492 0.0000000000
39901  -53.321  -40.563  -29.829 0.0000000000
39902  -54.274  -40.871  -30.191 0.0000000000
39903  -55.072  -40.717  -30.695 0.0000000000
39905  -61.926  -40.694  -30.679 0.0000000000
39906  -62.416  -41.114  -31.163 0.0000000000
39914  -53.960  -40.068  -30.387 0.0000000000
39915  -54.578  -39.977  -31.097 0.0000000000
39916  -55.526  -40.478  -31.526 0.0000000000
39917  -56.112  -40.636  -32.039 0.0000000000
39918  -62.273  -40.540  -31.688 0.0000000000
39919  -62.535  -41.254  -31.669 0.0000000000
39928  -54.931  -39.960  -32.410 0.0000000000
39929  -55.712  -40.390  -32.511 0.0000000000
39930  -56.178  -40.611  -32.657 0.0000000000
39931  -62.261  -40.637  -32.698 0.0000000000
39932  -62.517  -41.158  -32.307 0.0000000000
39940  -53.709  -40.079  -33.827 0.0000000000
39941  -54.544  -40.194  -33.533 0.0000000000
39942  -55.401  -40.509  -33.408 0.0000000000
39943  -55.927  -40.536  -33.025 0.0000000000
39944  -62.067  -41.094  -33.584 0.0000000000
39945  -62.339  -41.153  -32.864 0.0000000000
39950  -53.532  -40.375  -34.661 0.0000000000
39951  -54.296  -40.656  -34.433 0.0000000000
39952  -54.840  -40.618  -33.952 0.0000000000
39953  -61.041  -40.639  -34.856 0.0000000000
39954  -61.460  -41.096  -34.525 0.0000000000
39963  -53.935  -40.788  -34.897 0.0000000000
39964  -60.625  -40.972  -35.803 0.0000000000
39965  -61.039  -41.074  -35.034 0.0000000000
39976  -60.332  -40.760  -37.137 0.0000000000
39985  -55.604  -41.044  -37.832 0.0000000000
39986  -56.097  -40.530  -38.074 0.0000000000
39987  -60.482  -40.553  -38.221 0.0000000000
39992  -56.005  -41.636  -38.336 0.0000000000
39993  -56.454  -41.071  -38.618 0.0000000000
39994  -57.279  -40.959  -39.422 0.0000000000
39995  -60.775  -40.165  -39.079 0.0000000000
39996  -61.117  -39.710  -39.266 0.0000000000
39997  -58.027  -40.748  -40.155 0.0000000000
39998  -58.523  -41.023  -40.345 0.0000000000
39999  -60.032  -40.668  -40.273 0.0000000000
40000  -60.546  -40.413  -39.898 0.0000000000
40001  -61.075  -39.815  -39.694 0.0000000000
40002  -58.251  -40.159  -40.507 0.0000000000
40003  -58.695  -40.496  -40.631 0.0000000000
40004  -59.518  -40.454  -40.695 0.0000000000
40005  -60.358  -40.010  -40.688 0.0000000000
40006  -60.938  -39.771  -40.344 0.0000000000
40007  -60.643  -39.535  -40.861 0.0000000000
40008  -60.785  -39.651  -40.692 0.0000000000
41180  -47.840  -39.608  -27.994 0.0000000000
41181  -48.489  -39.568  -28.296 0.0000000000
41182  -49.176  -39.461  -28.565 0.0000000000
41195  -49.946  -39.346  -28.897 0.0000000000
41196  -50.985  -39.126  -29.398 0.0000000000
41197  -51.929  -39.676  -29.524 0.0000000000
41198  -52.372  -40.055  -29.503 0.0000000000
41207  -51.143  -38.581  -30.176 0.0000000000
41208  -51.822  -38.772  -30.513 0.0000000000
41209  -52.818  -39.656  -30.102 0.0000000000
41210  -53.505  -39.878  -30.269 0.0000000000
41212  -61.044  -39.745  -30.880 0.0000000000
41213  -61.817  -40.173  -31.183 0.0000000000
41222  -52.780  -39.030  -31.349 0.0000000000
41223  -53.726  -39.549  -31.027 0.0000000000
41224  -54.190  -39.664  -31.303 0.0000000000
41225  -61.217  -39.489  -32.000 0.0000000000
41226  -61.724  -39.918  -31.602 0.0000000000
41237  -52.562  -39.014  -32.532 0.0000000000
41238  -53.429  -39.328  -32.149 0.0000000000
41239  -54.179  -39.620  -31.809 0.0000000000
41240  -61.253  -39.555  -32.944 0.0000000000
41241  -61.871  -39.968  -32.368 0.0000000000
41251  -53.131  -39.515  -33.215 0.0000000000
41252  -54.005  -39.719  -32.857 0.0000000000
41253  -61.127  -39.806  -33.833 0.0000000000
41254  -61.804  -40.187  -33.286 0.0000000000
41260  -60.975  -40.076  -34.530 0.0000000000
41261  -61.547  -40.435  -34.152 0.0000000000
41270  -60.129  -39.547  -35.652 0.0000000000
41271  -60.578  -40.015  -35.286 0.0000000000
41282  -59.929  -39.291  -36.099 0.0000000000
41283  -60.281  -39.967  -36.315 0.0000000000
41292  -60.048  -39.315  -36.699 0.0000000000
41293  -60.368  -39.678  -37.482 0.0000000000
41294  -60.682  -39.225  -38.198 0.0000000000
41300  -57.039  -40.009  -38.892 0.0000000000
41301  -60.679  -39.838  -38.388 0.0000000000
41302  -61.118  -39.416  -38.800 0.0000000000
41303  -57.587  -39.897  -39.629 0.0000000000
41304  -61.417  -39.321  -39.401 0.0000000000
41305  -57.998  -39.678  -40.266 0.0000000000
41306  -58.408  -39.571  -40.753 0.0000000000
41307  -59.096  -39.613  -41.094 0.0000000000
41308  -59.782  -39.751  -41.041 0.0000000000
41309  -61.400  -39.224  -40.042 0.0000000000
41310  -59.644  -39.196  -41.212 0.0000000000
41311  -60.297  -39.231  -41.090 0.0000000000
41312  -61.026  -39.069  -40.733 0.0000000000
42551  -48.795  -38.863  -28.550 0.0000000000
42562  -50.160  -38.612  -29.472 0.0000000000
42585  -60.458  -39.108  -31.697 0.0000000000
42599  -60.528  -39.092  -32.608 0.0000000000
42608  -59.813  -38.619  -33.221 0.0000000000
42609  -60.495  -39.211  -33.549 0.0000000000
42619  -59.757  -38.699  -34.208 0.0000000000
42620  -60.408  -39.471  -34.554 0.0000000000
42631  -59.753  -38.873  -35.351 0.0000000000
42632  -60.208  -39.487  -35.208 0.0000000000
42641  -59.770  -38.597  -36.431 0.0000000000
42642  -60.007  -38.292  -37.073 0.0000000000
42649  -60.067  -38.917  -37.097 0.0000000000
42650  -60.444  -38.611  -37.655 0.0000000000
42651  -61.128  -38.532  -38.337 0.0000000000
42652  -61.785  -38.147  -38.573 0.0000000000
42659  -61.652  -38.780  -38.933 0.0000000000
42660  -62.216  -38.208  -39.020 0.0000000000
42661  -57.695  -38.848  -39.839 0.0000000000
42662  -61.842  -38.696  -39.575 0.0000000000
42663  -62.360  -38.047  -39.665 0.0000000000
42664  -58.084  -38.678  -40.462 0.0000000000
42665  -58.688  -38.587  -40.990 0.0000000000
42666  -59.271  -38.816  -41.219 0.0000000000
42667  -61.781  -38.374  -40.283 0.0000000000
42668  -62.344  -37.701  -40.174 0.0000000000
42669  -59.225  -38.167  -41.138 0.0000000000
42670  -59.836  -38.407  -41.189 0.0000000000
42671  -60.624  -38.331  -41.070 0.0000000000
42672  -61.283  -38.055  -40.804 0.0000000000
43918  -59.134  -37.821  -34.810 0.0000000000
43926  -59.381  -37.741  -35.852 0.0000000000
43933  -59.782  -37.640  -36.694 0.0000000000
43934  -60.321  -37.693  -37.321 0.0000000000
43940  -60.847  -37.888  -37.817 0.0000000000
43941  -61.526  -37.672  -38.064 0.0000000000
43942  -62.356  -37.489  -38.430 0.0000000000
43943  -63.094  -37.099  -38.582 0.0000000000
43950  -62.795  -37.626  -39.082 0.0000000000
43951  -63.348  -37.019  -39.148 0.0000000000
43954  -62.868  -37.407  -39.735 0.0000000000
43955  -63.298  -36.743  -39.791 0.0000000000
43956  -58.190  -37.619  -40.663 0.0000000000
43957  -58.861  -37.530  -40.962 0.0000000000
43958  -61.894  -37.548  -40.634 0.0000000000
43959  -62.631  -36.991  -40.369 0.0000000000
43960  -63.115  -36.394  -40.195 0.0000000000
43961  -59.568  -37.432  -41.045 0.0000000000
43962  -60.300  -37.555  -41.058 0.0000000000
43963  -60.931  -37.542  -40.973 0.0000000000
43964  -61.402  -37.377  -40.861 0.0000000000
45094  -58.925  -36.679  -35.348 0.0000000000
45101  -59.561  -36.752  -36.274 0.0000000000
45102  -60.187  -36.815  -36.938 0.0000000000
45103  -64.040  -35.984  -37.864 0.0000000000
45104  -64.313  -35.765  -37.722 0.0000000000
45112  -61.034  -37.020  -37.454 0.0000000000
45113  -62.004  -36.914  -37.741 0.0000000000
45114  -62.971  -36.691  -37.919 0.0000000000
45115  -63.727  -36.429  -38.435 0.0000000000
45116  -64.360  -35.785  -38.176 0.0000000000
45124  -63.769  -36.406  -39.250 0.0000000000
45125  -64.196  -35.992  -38.879 0.0000000000
45130  -63.619  -36.016  -39.829 0.0000000000
45131  -63.984  -35.990  -39.342 0.0000000000
45135  -59.171  -36.746  -40.946 0.0000000000
45136  -59.621  -36.375  -40.969 0.0000000000
45137  -61.183  -36.384  -41.077 0.0000000000
45138  -61.741  -36.676  -40.915 0.0000000000
45139  -62.672  -36.238  -40.556 0.0000000000
45140  -63.184  -35.974  -40.298 0.0000000000
45143  -59.600  -36.821  -40.946 0.0000000000
45144  -60.089  -36.750  -40.999 0.0000000000
45145  -60.839  -36.822  -41.032 0.0000000000
45146  -61.218  -37.095  -40.951 0.0000000000
46279  -59.583  -35.658  -35.959 0.0000000000
46280  -60.362  -35.543  -36.321 0.0000000000
46287  -60.068  -36.111  -36.505 0.0000000000
46288  -60.900  -35.964  -36.812 0.0000000000
46289  -61.976  -35.750  -36.821 0.0000000000
46290  -62.968  -35.690  -36.890 0.0000000000
46291  -63.963  -35.693  -37.267 0.0000000000
46292  -64.628  -35.397  -37.642 0.0000000000
46299  -61.666  -36.365  -37.241 0.0000000000
46300  -62.480  -36.270  -37.314 0.0000000000
46301  -63.232  -36.133  -37.406 0.0000000000
46302  -63.626  -36.204  -37.762 0.0000000000
46303  -64.786  -35.276  -38.151 0.0000000000
46314  -64.484  -35.447  -38.615 0.0000000000
46323  -63.691  -35.509  -39.919 0.0000000000
46324  -64.090  -35.423  -39.343 0.0000000000
46333  -61.336  -35.852  -41.073 0.0000000000
46334  -62.274  -35.789  -40.831 0.0000000000
46335  -62.933  -35.682  -40.501 0.0000000000
46336  -63.394  -35.583  -40.225 0.0000000000
46341  -60.496  -36.412  -41.035 0.0000000000
46342  -60.819  -36.252  -41.077 0.0000000000
47475  -60.611  -34.772  -35.894 0.0000000000
47487  -60.803  -35.353  -36.343 0.0000000000
47488  -61.418  -35.208  -36.347 0.0000000000
47489  -62.460  -35.097  -36.321 0.0000000000
47490  -63.576  -35.033  -36.429 0.0000000000
47491  -64.765  -34.723  -36.837 0.0000000000
47498  -65.162  -34.821  -37.733 0.0000000000
47499  -65.525  -34.147  -37.297 0.0000000000
47513  -64.782  -34.574  -38.588 0.0000000000
47514  -65.429  -34.114  -37.877 0.0000000000
47531  -62.607  -34.772  -40.504 0.0000000000
47532  -63.504  -34.975  -40.112 0.0000000000
47533  -64.196  -34.700  -39.379 0.0000000000
47542  -60.992  -35.023  -40.920 0.0000000000
47543  -62.006  -35.141  -40.913 0.0000000000
47544  -62.779  -35.273  -40.595 0.0000000000
47545  -63.179  -35.369  -40.391 0.0000000000
