#!ascii label  , from subject COLIN27_FS vox2ras=TkReg
200
103405  -59.336  9.401  -12.397 0.0000000000
103406  -60.291  9.432  -12.328 0.0000000000
103416  -59.778  9.992  -13.010 0.0000000000
103430  -60.224  10.470  -13.677 0.0000000000
104831  -61.105  10.727  -14.209 0.0000000000
104832  -62.174  10.609  -14.425 0.0000000000
104843  -61.736  10.817  -15.298 0.0000000000
104856  -62.221  10.672  -16.575 0.0000000000
104867  -62.821  10.500  -17.654 0.0000000000
104875  -62.896  10.579  -18.496 0.0000000000
106232  -62.399  10.694  -18.019 0.0000000000
106240  -62.589  10.814  -18.729 0.0000000000
106241  -62.884  10.742  -19.059 0.0000000000
106250  -62.266  11.306  -19.456 0.0000000000
106251  -62.683  11.263  -19.746 0.0000000000
106252  -63.052  10.942  -19.715 0.0000000000
106262  -62.959  11.592  -20.336 0.0000000000
106263  -63.273  11.427  -20.664 0.0000000000
106380  -51.183  11.519  -31.246 0.0000000000
107482  -62.754  11.951  -20.437 0.0000000000
107490  -62.540  12.652  -20.763 0.0000000000
107491  -63.087  12.395  -20.951 0.0000000000
107492  -63.374  12.177  -21.331 0.0000000000
107501  -61.958  13.245  -20.872 0.0000000000
107502  -62.548  13.458  -21.041 0.0000000000
107503  -63.383  12.792  -21.499 0.0000000000
107524  -63.252  12.860  -23.380 0.0000000000
107532  -63.078  12.657  -23.614 0.0000000000
107607  -50.170  12.431  -31.326 0.0000000000
107608  -50.882  12.439  -31.064 0.0000000000
107609  -51.684  12.396  -30.855 0.0000000000
107637  -49.384  12.323  -31.628 0.0000000000
108674  -62.912  13.146  -21.100 0.0000000000
108675  -63.191  13.175  -21.367 0.0000000000
108682  -61.488  13.621  -21.244 0.0000000000
108683  -62.130  14.160  -21.209 0.0000000000
108684  -62.919  13.859  -21.404 0.0000000000
108685  -63.369  13.531  -21.973 0.0000000000
108694  -61.357  14.283  -21.545 0.0000000000
108695  -61.818  14.598  -21.410 0.0000000000
108710  -63.230  13.353  -23.367 0.0000000000
108717  -62.462  13.970  -24.348 0.0000000000
108718  -62.737  13.598  -24.096 0.0000000000
108780  -52.720  13.686  -30.181 0.0000000000
108781  -53.384  13.512  -30.020 0.0000000000
108782  -54.173  13.332  -29.895 0.0000000000
108800  -49.705  13.187  -31.433 0.0000000000
108801  -50.469  13.266  -31.053 0.0000000000
108802  -51.257  13.221  -30.726 0.0000000000
108803  -52.115  13.262  -30.513 0.0000000000
108805  -53.620  12.973  -30.240 0.0000000000
108827  -48.933  13.175  -31.792 0.0000000000
109826  -62.083  14.848  -21.521 0.0000000000
109827  -62.570  14.746  -21.725 0.0000000000
109828  -63.050  14.383  -21.936 0.0000000000
109838  -61.671  14.943  -21.635 0.0000000000
109839  -62.843  14.977  -22.213 0.0000000000
109840  -63.111  14.588  -22.593 0.0000000000
109853  -63.121  14.446  -23.274 0.0000000000
109857  -62.477  14.570  -24.337 0.0000000000
109858  -62.900  14.451  -23.808 0.0000000000
109864  -58.545  14.676  -25.559 0.0000000000
109865  -59.080  14.539  -25.490 0.0000000000
109868  -61.970  14.860  -24.722 0.0000000000
109873  -55.414  14.900  -27.102 0.0000000000
109876  -58.239  14.093  -25.856 0.0000000000
109894  -54.363  14.651  -28.812 0.0000000000
109914  -53.110  14.311  -29.787 0.0000000000
109915  -53.693  13.842  -29.760 0.0000000000
109928  -49.348  13.830  -31.640 0.0000000000
109929  -49.960  14.046  -31.250 0.0000000000
109931  -51.569  13.769  -30.519 0.0000000000
111036  -61.942  15.203  -21.675 0.0000000000
111037  -62.186  15.235  -21.780 0.0000000000
111048  -61.710  15.679  -21.923 0.0000000000
111049  -62.440  15.562  -22.228 0.0000000000
111050  -62.782  15.468  -22.690 0.0000000000
111062  -62.651  16.162  -23.732 0.0000000000
111063  -62.854  15.507  -23.307 0.0000000000
111069  -62.657  15.592  -24.035 0.0000000000
111070  -62.922  15.018  -23.637 0.0000000000
111077  -58.051  15.746  -25.497 0.0000000000
111078  -58.543  15.338  -25.468 0.0000000000
111079  -59.546  15.410  -25.362 0.0000000000
111080  -60.591  15.525  -25.160 0.0000000000
111081  -61.532  15.726  -24.883 0.0000000000
111082  -62.206  15.681  -24.531 0.0000000000
111088  -55.578  15.278  -26.711 0.0000000000
111090  -57.554  15.150  -25.664 0.0000000000
111091  -58.237  14.801  -25.594 0.0000000000
111098  -54.473  15.765  -27.754 0.0000000000
111099  -54.933  15.337  -27.410 0.0000000000
111106  -54.238  15.299  -28.367 0.0000000000
111107  -54.878  14.815  -27.945 0.0000000000
111114  -54.005  14.863  -28.941 0.0000000000
112345  -62.181  16.624  -22.492 0.0000000000
112346  -62.608  16.092  -22.729 0.0000000000
112356  -62.526  16.605  -23.287 0.0000000000
112357  -62.781  15.970  -22.999 0.0000000000
112364  -62.038  17.182  -24.343 0.0000000000
112365  -62.307  16.794  -24.103 0.0000000000
112372  -58.316  15.994  -25.474 0.0000000000
112373  -58.828  16.353  -25.486 0.0000000000
112374  -59.906  16.528  -25.349 0.0000000000
112375  -60.943  16.736  -25.111 0.0000000000
112376  -61.837  16.877  -24.552 0.0000000000
112377  -62.309  16.267  -24.350 0.0000000000
112382  -55.915  15.807  -26.300 0.0000000000
112383  -56.651  16.037  -25.909 0.0000000000
112384  -57.746  16.445  -25.641 0.0000000000
112385  -58.370  17.195  -25.700 0.0000000000
112390  -54.625  16.077  -27.356 0.0000000000
112391  -55.207  16.153  -26.732 0.0000000000
112397  -53.741  16.133  -28.472 0.0000000000
112398  -54.151  16.339  -27.876 0.0000000000
113643  -61.727  17.456  -22.531 0.0000000000
113653  -61.669  18.121  -22.725 0.0000000000
113654  -62.168  17.676  -23.057 0.0000000000
113660  -61.479  18.141  -24.427 0.0000000000
113661  -61.847  17.718  -24.336 0.0000000000
113662  -62.183  17.652  -23.715 0.0000000000
113668  -59.173  17.367  -25.559 0.0000000000
113669  -60.117  17.608  -25.290 0.0000000000
113670  -61.135  17.904  -24.718 0.0000000000
113671  -61.667  17.537  -24.543 0.0000000000
113677  -55.947  16.508  -26.292 0.0000000000
113678  -56.613  17.172  -26.140 0.0000000000
113679  -57.596  17.617  -26.001 0.0000000000
113680  -58.392  18.028  -25.836 0.0000000000
113685  -54.633  16.832  -27.200 0.0000000000
113686  -55.456  17.287  -26.658 0.0000000000
113687  -56.123  17.982  -26.581 0.0000000000
114890  -60.159  18.510  -22.739 0.0000000000
114891  -61.105  18.513  -22.865 0.0000000000
114903  -59.362  19.177  -23.223 0.0000000000
114904  -60.610  19.045  -23.490 0.0000000000
114905  -61.671  18.427  -23.395 0.0000000000
114906  -62.138  18.084  -23.550 0.0000000000
114913  -61.267  18.681  -24.276 0.0000000000
114914  -61.974  18.174  -23.851 0.0000000000
114915  -62.170  18.038  -23.736 0.0000000000
114920  -59.223  18.294  -25.545 0.0000000000
114921  -60.031  18.579  -25.181 0.0000000000
114922  -60.539  18.897  -24.790 0.0000000000
114928  -56.846  18.075  -26.339 0.0000000000
114929  -57.471  18.631  -26.257 0.0000000000
114930  -58.365  18.875  -25.857 0.0000000000
114938  -56.374  18.812  -26.785 0.0000000000
114939  -56.936  19.359  -26.647 0.0000000000
116183  -58.455  19.682  -23.803 0.0000000000
116184  -59.559  19.693  -23.981 0.0000000000
116185  -60.435  19.378  -24.196 0.0000000000
116193  -59.819  19.610  -24.540 0.0000000000
116194  -60.413  19.249  -24.612 0.0000000000
116201  -59.076  19.104  -25.453 0.0000000000
116202  -59.745  19.357  -24.978 0.0000000000
116203  -60.296  19.240  -24.825 0.0000000000
116209  -57.609  19.456  -26.221 0.0000000000
116210  -58.241  19.556  -25.741 0.0000000000
116216  -56.246  19.746  -27.312 0.0000000000
116217  -56.969  19.988  -26.780 0.0000000000
116228  -55.959  20.309  -27.984 0.0000000000
117402  -57.504  20.177  -24.343 0.0000000000
117403  -58.477  20.020  -24.424 0.0000000000
117404  -59.165  19.865  -24.539 0.0000000000
117417  -56.544  20.825  -24.809 0.0000000000
117418  -57.479  20.624  -24.987 0.0000000000
117419  -58.487  20.098  -24.924 0.0000000000
117420  -59.224  19.749  -24.881 0.0000000000
117430  -57.713  20.440  -25.486 0.0000000000
117431  -58.618  19.766  -25.331 0.0000000000
117432  -59.242  19.625  -25.094 0.0000000000
117439  -57.576  20.183  -26.088 0.0000000000
117440  -58.163  19.857  -25.698 0.0000000000
117448  -56.446  20.464  -27.467 0.0000000000
117449  -56.845  20.602  -26.894 0.0000000000
117458  -56.138  20.860  -28.450 0.0000000000
118641  -55.681  21.492  -25.187 0.0000000000
118642  -56.356  21.443  -25.498 0.0000000000
118643  -57.032  21.047  -25.624 0.0000000000
118655  -56.469  21.638  -26.169 0.0000000000
118656  -57.078  20.988  -26.137 0.0000000000
118666  -56.541  21.519  -26.844 0.0000000000
118667  -56.897  20.889  -26.725 0.0000000000
118679  -56.585  21.141  -27.478 0.0000000000
118680  -56.798  20.885  -27.031 0.0000000000
118687  -56.307  21.699  -28.596 0.0000000000
118693  -56.163  22.032  -29.688 0.0000000000
119869  -55.592  22.065  -25.634 0.0000000000
119885  -55.795  22.411  -26.165 0.0000000000
119895  -56.096  22.392  -26.943 0.0000000000
119906  -56.345  22.145  -27.772 0.0000000000
119919  -56.348  22.632  -28.870 0.0000000000
121167  -55.302  23.180  -26.380 0.0000000000
121178  -55.220  23.860  -26.790 0.0000000000
121179  -55.653  23.234  -26.886 0.0000000000
121190  -55.589  23.976  -27.319 0.0000000000
121191  -55.998  23.398  -27.958 0.0000000000
122405  -55.789  24.565  -27.869 0.0000000000
122414  -56.163  24.525  -28.739 0.0000000000
