#!ascii label  , from subject COLIN27_FS vox2ras=TkReg
306
11103  -39.836  -67.544  -26.865 0.0000000000
11104  -40.161  -67.523  -26.862 0.0000000000
11105  -40.664  -67.201  -26.881 0.0000000000
11117  -39.774  -67.535  -27.162 0.0000000000
11118  -40.337  -67.371  -27.490 0.0000000000
11133  -39.713  -67.488  -27.680 0.0000000000
11134  -40.001  -67.414  -27.989 0.0000000000
11853  -39.085  -66.864  -25.957 0.0000000000
11854  -39.912  -66.850  -25.799 0.0000000000
11874  -37.777  -66.542  -27.116 0.0000000000
11875  -38.445  -66.917  -26.644 0.0000000000
11876  -39.568  -67.321  -26.599 0.0000000000
11877  -40.416  -67.118  -26.362 0.0000000000
11894  -37.733  -66.508  -27.529 0.0000000000
11895  -38.140  -66.889  -27.482 0.0000000000
11896  -39.017  -67.354  -27.441 0.0000000000
11897  -40.722  -66.996  -27.660 0.0000000000
11911  -37.834  -66.516  -27.920 0.0000000000
11912  -38.425  -66.889  -28.234 0.0000000000
11913  -39.398  -67.231  -28.279 0.0000000000
11914  -40.367  -66.938  -28.310 0.0000000000
11926  -38.813  -66.824  -28.809 0.0000000000
11927  -39.478  -66.725  -29.159 0.0000000000
11928  -40.278  -66.332  -29.287 0.0000000000
11929  -40.641  -65.634  -29.659 0.0000000000
11942  -39.728  -66.242  -29.730 0.0000000000
11943  -40.147  -65.862  -29.958 0.0000000000
11944  -40.454  -65.466  -30.153 0.0000000000
11965  -34.263  -65.914  -34.285 0.0000000000
12631  -38.424  -65.000  -24.583 0.0000000000
12653  -37.059  -65.156  -25.910 0.0000000000
12654  -38.063  -65.492  -25.222 0.0000000000
12677  -36.917  -65.360  -26.940 0.0000000000
12678  -37.622  -66.067  -26.421 0.0000000000
12679  -38.434  -66.402  -25.837 0.0000000000
12697  -36.979  -65.336  -27.499 0.0000000000
12698  -37.340  -65.941  -27.591 0.0000000000
12711  -37.794  -66.089  -28.682 0.0000000000
12712  -38.348  -66.586  -28.812 0.0000000000
12724  -37.907  -65.780  -29.381 0.0000000000
12725  -38.483  -66.296  -29.404 0.0000000000
12726  -39.170  -66.228  -29.816 0.0000000000
12734  -38.054  -65.612  -29.827 0.0000000000
12735  -38.643  -65.693  -30.234 0.0000000000
12736  -39.484  -65.763  -30.298 0.0000000000
12737  -40.135  -65.393  -30.507 0.0000000000
12738  -40.775  -64.840  -30.491 0.0000000000
12743  -38.951  -65.285  -30.711 0.0000000000
12744  -39.500  -65.086  -30.897 0.0000000000
12745  -40.152  -64.819  -31.046 0.0000000000
12746  -40.536  -64.509  -31.118 0.0000000000
12763  -34.605  -65.626  -33.896 0.0000000000
12764  -35.372  -65.206  -34.217 0.0000000000
12765  -35.858  -64.814  -34.444 0.0000000000
12770  -33.859  -65.977  -34.823 0.0000000000
12771  -34.394  -65.741  -34.612 0.0000000000
12772  -35.414  -65.056  -34.749 0.0000000000
12773  -35.868  -64.904  -34.645 0.0000000000
12783  -34.602  -65.227  -35.134 0.0000000000
12784  -35.242  -64.909  -35.098 0.0000000000
13477  -37.055  -63.916  -24.729 0.0000000000
13501  -36.225  -63.692  -25.996 0.0000000000
13502  -36.671  -64.107  -25.445 0.0000000000
13503  -37.344  -64.808  -25.219 0.0000000000
13521  -36.298  -63.948  -26.266 0.0000000000
13522  -36.497  -64.502  -26.588 0.0000000000
13540  -36.702  -64.723  -27.677 0.0000000000
13541  -37.030  -65.309  -27.781 0.0000000000
13556  -36.832  -64.342  -28.739 0.0000000000
13557  -37.158  -65.238  -28.338 0.0000000000
13568  -36.933  -64.146  -29.353 0.0000000000
13569  -37.468  -64.908  -29.471 0.0000000000
13580  -37.985  -64.985  -30.398 0.0000000000
13581  -38.445  -65.010  -30.776 0.0000000000
13588  -37.923  -64.269  -31.217 0.0000000000
13589  -38.645  -64.466  -31.309 0.0000000000
13590  -39.450  -64.370  -31.531 0.0000000000
13591  -40.154  -64.231  -31.590 0.0000000000
13592  -40.848  -63.989  -31.396 0.0000000000
13593  -41.177  -63.281  -31.685 0.0000000000
13601  -34.508  -64.716  -32.882 0.0000000000
13602  -35.451  -64.558  -32.967 0.0000000000
13603  -36.245  -64.299  -33.034 0.0000000000
13604  -37.369  -63.941  -32.471 0.0000000000
13605  -38.508  -63.813  -32.305 0.0000000000
13606  -39.420  -63.747  -32.274 0.0000000000
13607  -40.189  -63.642  -32.228 0.0000000000
13608  -40.780  -63.288  -32.212 0.0000000000
13609  -41.135  -63.146  -32.051 0.0000000000
13612  -34.888  -65.094  -33.348 0.0000000000
13613  -35.471  -64.911  -33.582 0.0000000000
13614  -36.295  -64.503  -33.727 0.0000000000
13615  -37.448  -63.876  -33.417 0.0000000000
13616  -38.538  -63.509  -33.166 0.0000000000
13617  -39.464  -63.219  -33.080 0.0000000000
13618  -40.190  -63.151  -32.772 0.0000000000
13619  -40.488  -63.013  -32.697 0.0000000000
13623  -35.882  -64.763  -34.648 0.0000000000
13624  -36.428  -64.344  -34.394 0.0000000000
13625  -37.723  -63.557  -34.122 0.0000000000
13626  -38.629  -63.187  -33.676 0.0000000000
13627  -39.102  -62.979  -33.595 0.0000000000
13635  -33.928  -64.748  -35.481 0.0000000000
13636  -34.931  -64.547  -35.340 0.0000000000
13637  -35.885  -64.452  -35.039 0.0000000000
13638  -36.903  -63.826  -34.763 0.0000000000
13639  -37.517  -63.447  -34.600 0.0000000000
14408  -36.171  -62.919  -24.819 0.0000000000
14420  -36.056  -63.236  -25.666 0.0000000000
14421  -36.404  -63.452  -25.181 0.0000000000
14432  -35.973  -63.396  -26.621 0.0000000000
14433  -36.259  -63.943  -26.684 0.0000000000
14451  -35.902  -63.156  -27.630 0.0000000000
14452  -36.251  -63.908  -27.243 0.0000000000
14469  -35.941  -63.018  -28.201 0.0000000000
14470  -36.317  -63.629  -28.219 0.0000000000
14483  -36.033  -62.901  -28.696 0.0000000000
14484  -36.491  -63.369  -29.366 0.0000000000
14485  -36.985  -63.935  -29.860 0.0000000000
14498  -36.554  -63.331  -30.481 0.0000000000
14499  -37.296  -64.014  -30.704 0.0000000000
14511  -34.240  -63.273  -31.799 0.0000000000
14512  -35.121  -63.445  -31.867 0.0000000000
14513  -36.189  -63.431  -31.649 0.0000000000
14514  -37.014  -63.866  -31.892 0.0000000000
14521  -34.349  -63.962  -32.301 0.0000000000
14522  -35.306  -63.993  -32.415 0.0000000000
14523  -36.172  -64.026  -32.465 0.0000000000
14524  -36.721  -64.042  -32.515 0.0000000000
14525  -41.026  -63.031  -32.242 0.0000000000
14526  -41.223  -62.769  -32.107 0.0000000000
14529  -39.883  -62.952  -33.179 0.0000000000
14530  -40.186  -62.771  -33.134 0.0000000000
14531  -40.743  -62.776  -32.612 0.0000000000
14532  -40.964  -62.446  -32.484 0.0000000000
14538  -38.300  -63.165  -34.076 0.0000000000
14539  -38.794  -62.924  -33.972 0.0000000000
14540  -39.586  -62.726  -33.624 0.0000000000
14541  -39.980  -62.629  -33.427 0.0000000000
14547  -32.222  -63.894  -35.672 0.0000000000
14548  -33.308  -63.900  -35.652 0.0000000000
14549  -34.370  -63.807  -35.567 0.0000000000
14550  -35.417  -63.676  -35.441 0.0000000000
14551  -36.448  -63.475  -35.248 0.0000000000
14552  -37.372  -63.235  -34.992 0.0000000000
14553  -38.171  -63.060  -34.498 0.0000000000
14554  -38.812  -62.739  -34.247 0.0000000000
14555  -39.106  -62.729  -34.006 0.0000000000
15310  -35.270  -61.282  -24.363 0.0000000000
15327  -35.089  -61.580  -25.077 0.0000000000
15328  -35.724  -62.037  -24.587 0.0000000000
15338  -34.940  -61.833  -25.916 0.0000000000
15339  -35.541  -62.401  -25.367 0.0000000000
15349  -34.885  -61.966  -26.817 0.0000000000
15350  -35.451  -62.592  -26.260 0.0000000000
15371  -34.981  -61.982  -27.593 0.0000000000
15372  -35.433  -62.591  -27.200 0.0000000000
15390  -34.720  -61.662  -28.202 0.0000000000
15391  -35.494  -62.350  -28.262 0.0000000000
15402  -34.685  -61.682  -29.096 0.0000000000
15403  -35.591  -62.317  -29.543 0.0000000000
15404  -36.009  -62.802  -30.236 0.0000000000
15417  -33.050  -61.844  -30.455 0.0000000000
15418  -34.207  -61.883  -30.310 0.0000000000
15419  -35.200  -62.473  -30.686 0.0000000000
15420  -35.794  -62.970  -31.013 0.0000000000
15433  -35.036  -62.960  -31.375 0.0000000000
15434  -35.540  -63.200  -31.475 0.0000000000
15443  -40.435  -62.517  -33.059 0.0000000000
15444  -40.747  -62.109  -32.961 0.0000000000
15451  -30.028  -62.059  -34.751 0.0000000000
15452  -39.800  -62.251  -34.008 0.0000000000
15453  -40.201  -62.275  -33.542 0.0000000000
15456  -29.609  -62.859  -34.913 0.0000000000
15457  -30.647  -62.745  -35.208 0.0000000000
15458  -31.750  -62.913  -35.472 0.0000000000
15459  -32.768  -62.991  -35.581 0.0000000000
15460  -33.760  -62.947  -35.582 0.0000000000
15461  -34.814  -62.770  -35.529 0.0000000000
15462  -35.929  -62.624  -35.455 0.0000000000
15463  -36.995  -62.534  -35.283 0.0000000000
15464  -37.975  -62.459  -35.038 0.0000000000
15465  -38.790  -62.378  -34.604 0.0000000000
15466  -39.309  -62.466  -34.179 0.0000000000
16265  -33.788  -60.418  -25.202 0.0000000000
16266  -34.572  -60.837  -24.699 0.0000000000
16280  -34.415  -61.090  -25.569 0.0000000000
16314  -34.303  -61.382  -27.466 0.0000000000
16352  -33.734  -61.527  -29.524 0.0000000000
16364  -33.000  -61.587  -29.840 0.0000000000
16365  -33.513  -61.679  -30.060 0.0000000000
16389  -30.383  -61.422  -34.490 0.0000000000
16390  -31.106  -61.306  -34.733 0.0000000000
16391  -31.996  -61.187  -35.045 0.0000000000
16392  -33.172  -61.255  -35.195 0.0000000000
16393  -34.324  -60.985  -35.125 0.0000000000
16394  -35.071  -60.730  -35.065 0.0000000000
16395  -40.071  -61.918  -34.025 0.0000000000
16396  -40.478  -61.394  -33.950 0.0000000000
16398  -30.703  -61.890  -34.904 0.0000000000
16399  -31.410  -61.992  -35.194 0.0000000000
16400  -32.373  -62.068  -35.409 0.0000000000
16401  -33.226  -62.228  -35.486 0.0000000000
16402  -34.093  -61.946  -35.407 0.0000000000
16403  -35.295  -61.520  -35.321 0.0000000000
16404  -36.532  -61.581  -35.317 0.0000000000
16405  -37.632  -61.545  -35.217 0.0000000000
16406  -38.661  -61.549  -34.964 0.0000000000
16407  -39.690  -61.597  -34.445 0.0000000000
16408  -40.262  -61.008  -34.344 0.0000000000
17402  -30.985  -60.098  -33.909 0.0000000000
17403  -31.924  -59.875  -34.123 0.0000000000
17404  -32.446  -59.818  -34.212 0.0000000000
17409  -31.526  -60.575  -34.469 0.0000000000
17410  -32.576  -60.294  -34.581 0.0000000000
17411  -33.684  -60.334  -34.741 0.0000000000
17412  -34.662  -60.236  -34.733 0.0000000000
17413  -35.592  -60.193  -34.806 0.0000000000
17414  -36.528  -59.974  -34.838 0.0000000000
17415  -37.068  -59.852  -34.876 0.0000000000
17419  -35.510  -60.778  -35.147 0.0000000000
17420  -36.108  -60.738  -35.155 0.0000000000
17421  -37.216  -60.455  -35.102 0.0000000000
17422  -38.338  -60.551  -35.106 0.0000000000
17423  -39.359  -60.538  -34.904 0.0000000000
17424  -40.139  -60.501  -34.597 0.0000000000
18433  -30.873  -58.949  -33.080 0.0000000000
18434  -31.378  -58.804  -33.181 0.0000000000
18438  -31.495  -59.254  -33.524 0.0000000000
18439  -32.591  -59.350  -33.842 0.0000000000
18440  -33.662  -59.147  -33.731 0.0000000000
18441  -34.678  -59.050  -33.640 0.0000000000
18442  -35.607  -58.903  -33.747 0.0000000000
18443  -36.173  -58.763  -33.909 0.0000000000
18445  -32.708  -59.792  -34.240 0.0000000000
18446  -33.230  -59.740  -34.266 0.0000000000
18447  -34.176  -59.658  -34.261 0.0000000000
18448  -35.147  -59.582  -34.241 0.0000000000
18449  -36.142  -59.349  -34.281 0.0000000000
18456  -37.448  -59.673  -34.904 0.0000000000
18457  -38.054  -59.698  -35.023 0.0000000000
19420  -31.537  -58.300  -32.858 0.0000000000
19421  -32.608  -58.061  -32.698 0.0000000000
19422  -33.605  -57.960  -32.599 0.0000000000
19423  -34.515  -57.799  -32.620 0.0000000000
19424  -35.044  -57.610  -32.670 0.0000000000
19430  -31.639  -58.755  -33.214 0.0000000000
19431  -32.164  -58.699  -33.252 0.0000000000
19432  -33.133  -58.623  -33.200 0.0000000000
19433  -34.152  -58.509  -33.087 0.0000000000
19434  -35.252  -58.174  -33.054 0.0000000000
19435  -36.129  -58.248  -33.559 0.0000000000
20394  -31.051  -57.421  -32.506 0.0000000000
20395  -32.094  -57.349  -32.330 0.0000000000
20396  -33.112  -57.275  -32.193 0.0000000000
20397  -34.061  -57.192  -32.235 0.0000000000
20398  -34.858  -57.127  -32.425 0.0000000000
21320  -33.062  -55.974  -31.827 0.0000000000
21321  -33.244  -56.142  -31.860 0.0000000000
21331  -30.560  -56.548  -32.480 0.0000000000
21332  -31.588  -56.498  -32.222 0.0000000000
21333  -32.709  -56.374  -31.950 0.0000000000
21334  -33.593  -56.446  -31.984 0.0000000000
21335  -34.529  -56.319  -32.262 0.0000000000
22313  -33.339  -55.863  -31.892 0.0000000000
22314  -33.523  -56.029  -31.903 0.0000000000
22323  -28.926  -55.679  -32.822 0.0000000000
22324  -30.056  -55.635  -32.758 0.0000000000
22325  -31.108  -55.635  -32.458 0.0000000000
22326  -32.104  -55.596  -32.093 0.0000000000
22327  -33.044  -55.578  -31.957 0.0000000000
22328  -33.851  -55.691  -32.066 0.0000000000
22329  -34.701  -55.440  -32.547 0.0000000000
23418  -26.904  -54.220  -31.973 0.0000000000
23425  -27.323  -54.648  -32.429 0.0000000000
23426  -28.324  -54.719  -32.988 0.0000000000
23427  -29.498  -54.521  -33.129 0.0000000000
23428  -30.684  -54.747  -32.830 0.0000000000
23429  -31.685  -54.782  -32.458 0.0000000000
23430  -32.671  -54.818  -32.214 0.0000000000
23431  -33.622  -54.941  -32.232 0.0000000000
23432  -34.192  -55.119  -32.384 0.0000000000
23438  -29.757  -53.775  -33.279 0.0000000000
23439  -30.388  -53.898  -33.169 0.0000000000
23440  -31.350  -53.971  -32.899 0.0000000000
23441  -32.308  -54.035  -32.556 0.0000000000
24607  -27.009  -53.853  -31.380 0.0000000000
24614  -27.183  -53.604  -32.209 0.0000000000
24615  -28.074  -53.510  -32.919 0.0000000000
24616  -28.717  -54.067  -33.218 0.0000000000
24623  -28.695  -52.911  -33.169 0.0000000000
24624  -29.134  -53.479  -33.293 0.0000000000
24625  -30.016  -53.168  -33.400 0.0000000000
24626  -30.999  -53.132  -33.253 0.0000000000
24628  -32.900  -53.453  -32.696 0.0000000000
25755  -27.426  -52.998  -31.302 0.0000000000
25762  -27.123  -53.164  -31.797 0.0000000000
25763  -27.540  -52.481  -32.189 0.0000000000
25771  -28.403  -52.335  -32.893 0.0000000000
25772  -29.351  -52.378  -33.279 0.0000000000
25773  -30.496  -52.257  -33.418 0.0000000000
25775  -32.268  -52.616  -33.097 0.0000000000
26831  -28.230  -51.663  -32.448 0.0000000000
26833  -30.009  -51.321  -33.236 0.0000000000
26834  -30.988  -51.312  -33.414 0.0000000000
27909  -31.421  -50.437  -33.417 0.0000000000
