#!ascii label  , from subject COLIN27_FS vox2ras=TkReg
686
59507  -41.645  -24.074  -38.006 0.0000000000
59525  -41.807  -23.930  -38.706 0.0000000000
60757  -41.175  -23.216  -38.591 0.0000000000
60773  -41.868  -23.306  -39.345 0.0000000000
60774  -42.631  -23.249  -39.745 0.0000000000
60789  -42.780  -22.691  -40.152 0.0000000000
61948  -34.683  -22.467  -35.328 0.0000000000
61949  -35.572  -22.459  -35.516 0.0000000000
61950  -36.125  -22.454  -35.778 0.0000000000
62009  -40.648  -22.600  -39.073 0.0000000000
62010  -43.102  -21.953  -38.354 0.0000000000
62027  -40.281  -22.160  -39.678 0.0000000000
62028  -41.155  -22.438  -39.777 0.0000000000
62029  -41.945  -22.667  -40.019 0.0000000000
62044  -41.605  -22.117  -40.542 0.0000000000
62045  -42.347  -22.187  -40.490 0.0000000000
62046  -42.930  -22.361  -40.181 0.0000000000
62055  -41.801  -21.806  -40.980 0.0000000000
62056  -42.087  -21.671  -41.051 0.0000000000
63109  -35.623  -20.953  -34.585 0.0000000000
63110  -36.048  -21.179  -34.625 0.0000000000
63111  -36.727  -21.263  -34.782 0.0000000000
63133  -34.173  -21.560  -35.002 0.0000000000
63134  -35.275  -21.513  -34.828 0.0000000000
63135  -36.279  -21.941  -35.209 0.0000000000
63136  -37.214  -21.611  -35.449 0.0000000000
63137  -37.778  -21.350  -35.868 0.0000000000
63155  -36.610  -22.295  -36.256 0.0000000000
63156  -37.389  -21.726  -36.550 0.0000000000
63157  -38.000  -21.152  -36.596 0.0000000000
63158  -42.579  -21.420  -36.819 0.0000000000
63169  -36.698  -22.034  -37.410 0.0000000000
63170  -37.554  -21.302  -37.776 0.0000000000
63171  -38.142  -20.883  -37.205 0.0000000000
63172  -42.671  -21.290  -37.867 0.0000000000
63185  -37.184  -21.118  -39.211 0.0000000000
63186  -42.784  -21.240  -38.811 0.0000000000
63187  -43.146  -21.797  -39.123 0.0000000000
63200  -37.101  -20.746  -40.302 0.0000000000
63202  -40.450  -21.835  -40.364 0.0000000000
63203  -41.019  -21.853  -40.578 0.0000000000
63204  -42.843  -21.330  -39.591 0.0000000000
63205  -43.157  -21.998  -39.683 0.0000000000
63218  -37.210  -20.524  -40.958 0.0000000000
63221  -40.493  -21.424  -41.039 0.0000000000
63222  -41.246  -21.532  -40.988 0.0000000000
63223  -42.738  -21.620  -40.267 0.0000000000
63224  -43.079  -22.141  -40.034 0.0000000000
63234  -39.675  -21.004  -41.769 0.0000000000
63235  -40.746  -20.979  -41.416 0.0000000000
63236  -41.594  -21.205  -41.194 0.0000000000
63237  -42.235  -21.353  -40.906 0.0000000000
63244  -39.129  -20.676  -42.252 0.0000000000
64392  -35.843  -20.564  -34.445 0.0000000000
64393  -36.468  -20.557  -34.343 0.0000000000
64394  -37.503  -20.759  -34.615 0.0000000000
64395  -38.308  -20.284  -34.626 0.0000000000
64413  -32.774  -20.798  -35.387 0.0000000000
64414  -33.586  -20.558  -35.234 0.0000000000
64415  -34.492  -20.515  -34.879 0.0000000000
64416  -35.309  -20.454  -34.629 0.0000000000
64417  -37.749  -21.187  -35.321 0.0000000000
64418  -38.304  -20.775  -35.545 0.0000000000
64419  -42.332  -20.840  -35.209 0.0000000000
64429  -24.784  -20.418  -36.508 0.0000000000
64430  -25.731  -20.232  -36.695 0.0000000000
64431  -26.707  -20.504  -36.398 0.0000000000
64433  -28.566  -20.522  -36.009 0.0000000000
64434  -29.570  -20.282  -36.057 0.0000000000
64435  -30.504  -20.129  -36.005 0.0000000000
64436  -31.470  -20.017  -35.941 0.0000000000
64437  -32.400  -20.013  -35.791 0.0000000000
64438  -33.067  -20.115  -35.586 0.0000000000
64439  -38.509  -20.553  -36.684 0.0000000000
64440  -42.243  -20.752  -36.245 0.0000000000
64447  -25.991  -19.689  -37.152 0.0000000000
64448  -26.510  -19.832  -36.975 0.0000000000
64449  -27.318  -19.964  -36.753 0.0000000000
64450  -27.984  -20.081  -36.519 0.0000000000
64451  -37.909  -20.712  -38.681 0.0000000000
64452  -38.439  -20.483  -37.789 0.0000000000
64453  -42.314  -20.579  -37.362 0.0000000000
64462  -37.818  -20.495  -39.654 0.0000000000
64463  -38.487  -20.142  -38.945 0.0000000000
64464  -42.113  -20.129  -39.068 0.0000000000
64465  -42.353  -20.494  -38.452 0.0000000000
64474  -37.757  -20.318  -40.628 0.0000000000
64475  -38.466  -19.990  -40.035 0.0000000000
64476  -42.078  -20.121  -39.772 0.0000000000
64477  -42.470  -20.651  -39.328 0.0000000000
64486  -37.613  -20.381  -41.500 0.0000000000
64487  -38.418  -19.949  -41.054 0.0000000000
64488  -41.978  -20.298  -40.569 0.0000000000
64489  -42.488  -20.769  -40.088 0.0000000000
64498  -38.477  -20.078  -41.877 0.0000000000
64499  -40.258  -20.423  -41.719 0.0000000000
64500  -41.067  -20.569  -41.405 0.0000000000
64501  -41.741  -20.628  -41.107 0.0000000000
64502  -42.300  -20.903  -40.656 0.0000000000
64507  -38.758  -20.426  -42.264 0.0000000000
64508  -39.482  -20.336  -42.110 0.0000000000
65702  -35.775  -19.547  -34.355 0.0000000000
65703  -36.877  -19.689  -33.993 0.0000000000
65704  -37.885  -19.729  -34.015 0.0000000000
65705  -38.657  -19.633  -34.375 0.0000000000
65706  -39.076  -19.609  -34.713 0.0000000000
65707  -41.550  -19.395  -34.554 0.0000000000
65724  -33.427  -19.856  -35.546 0.0000000000
65725  -33.947  -19.438  -35.437 0.0000000000
65726  -34.842  -19.534  -34.894 0.0000000000
65727  -38.844  -20.059  -35.036 0.0000000000
65728  -39.364  -19.618  -35.260 0.0000000000
65729  -41.493  -19.581  -35.221 0.0000000000
65730  -41.807  -20.140  -35.653 0.0000000000
65742  -24.976  -19.801  -36.969 0.0000000000
65743  -28.402  -19.935  -36.565 0.0000000000
65744  -28.987  -19.761  -36.625 0.0000000000
65745  -29.960  -19.541  -36.611 0.0000000000
65746  -30.956  -19.395  -36.546 0.0000000000
65747  -32.060  -19.111  -36.579 0.0000000000
65748  -33.136  -19.345  -36.030 0.0000000000
65749  -33.642  -18.851  -35.931 0.0000000000
65750  -38.943  -20.046  -35.967 0.0000000000
65751  -39.540  -19.458  -36.268 0.0000000000
65752  -41.436  -19.452  -36.237 0.0000000000
65753  -41.882  -19.921  -36.826 0.0000000000
65762  -24.748  -19.262  -37.254 0.0000000000
65763  -25.469  -19.386  -37.362 0.0000000000
65764  -26.293  -19.316  -37.551 0.0000000000
65765  -27.085  -19.444  -37.411 0.0000000000
65766  -28.137  -19.499  -37.192 0.0000000000
65767  -29.379  -18.999  -37.482 0.0000000000
65768  -30.449  -18.894  -37.144 0.0000000000
65769  -31.308  -18.720  -37.032 0.0000000000
65770  -31.854  -18.530  -37.091 0.0000000000
65771  -39.052  -19.890  -37.037 0.0000000000
65772  -39.727  -19.252  -37.347 0.0000000000
65773  -40.365  -19.037  -37.711 0.0000000000
65774  -41.234  -19.231  -37.512 0.0000000000
65775  -41.967  -19.861  -37.979 0.0000000000
65784  -26.789  -19.020  -37.873 0.0000000000
65785  -27.502  -18.932  -37.990 0.0000000000
65786  -28.481  -18.789  -38.064 0.0000000000
65787  -29.113  -18.605  -38.113 0.0000000000
65788  -39.128  -19.745  -38.161 0.0000000000
65789  -39.796  -19.257  -38.502 0.0000000000
65790  -40.600  -19.199  -38.752 0.0000000000
65791  -41.536  -19.646  -39.022 0.0000000000
65792  -42.024  -19.966  -38.648 0.0000000000
65801  -39.150  -19.620  -39.305 0.0000000000
65802  -39.879  -19.336  -39.656 0.0000000000
65803  -40.694  -19.436  -39.957 0.0000000000
65804  -41.437  -19.779  -40.282 0.0000000000
65812  -39.154  -19.627  -40.427 0.0000000000
65813  -39.904  -19.571  -40.764 0.0000000000
65814  -40.687  -19.729  -40.955 0.0000000000
65815  -41.354  -20.065  -41.032 0.0000000000
65822  -39.148  -19.776  -41.423 0.0000000000
65823  -39.851  -19.886  -41.743 0.0000000000
65824  -40.758  -20.116  -41.442 0.0000000000
65825  -41.241  -20.310  -41.295 0.0000000000
65829  -39.103  -19.932  -42.070 0.0000000000
65830  -39.297  -20.082  -42.180 0.0000000000
67002  -37.580  -17.919  -33.512 0.0000000000
67003  -38.032  -18.076  -33.444 0.0000000000
67004  -38.865  -18.209  -33.426 0.0000000000
67005  -39.820  -18.180  -33.502 0.0000000000
67006  -40.829  -18.258  -33.480 0.0000000000
67007  -41.953  -18.693  -33.472 0.0000000000
67031  -35.733  -18.379  -34.447 0.0000000000
67032  -36.373  -18.602  -34.035 0.0000000000
67033  -37.359  -18.550  -33.674 0.0000000000
67034  -38.383  -18.937  -33.759 0.0000000000
67035  -39.359  -19.083  -34.277 0.0000000000
67036  -40.334  -18.827  -34.309 0.0000000000
67037  -41.171  -18.974  -34.262 0.0000000000
67038  -41.689  -19.294  -34.089 0.0000000000
67055  -34.506  -18.761  -35.327 0.0000000000
67056  -35.085  -18.465  -34.943 0.0000000000
67057  -40.037  -19.169  -35.412 0.0000000000
67058  -40.748  -19.052  -35.128 0.0000000000
67059  -41.197  -19.225  -34.970 0.0000000000
67075  -32.876  -18.632  -36.665 0.0000000000
67076  -33.467  -18.527  -36.377 0.0000000000
67077  -34.118  -18.197  -36.027 0.0000000000
67078  -34.640  -18.217  -35.484 0.0000000000
67079  -40.135  -19.082  -36.543 0.0000000000
67080  -40.624  -19.074  -36.060 0.0000000000
67081  -41.104  -19.168  -35.697 0.0000000000
67094  -25.873  -18.801  -37.936 0.0000000000
67095  -26.404  -18.898  -37.942 0.0000000000
67096  -30.213  -18.506  -37.740 0.0000000000
67097  -30.929  -18.337  -37.565 0.0000000000
67098  -31.636  -18.237  -37.452 0.0000000000
67099  -32.397  -18.088  -37.338 0.0000000000
67100  -33.263  -18.050  -36.948 0.0000000000
67101  -33.683  -18.037  -36.595 0.0000000000
67102  -40.196  -18.943  -37.146 0.0000000000
67103  -40.612  -18.906  -36.926 0.0000000000
67104  -41.045  -19.016  -36.494 0.0000000000
67116  -26.694  -18.469  -38.389 0.0000000000
67117  -27.852  -18.196  -38.815 0.0000000000
67118  -28.894  -18.288  -38.592 0.0000000000
67119  -29.698  -18.312  -38.275 0.0000000000
67120  -30.614  -17.984  -38.229 0.0000000000
67121  -31.399  -17.855  -37.940 0.0000000000
67122  -31.889  -17.880  -37.735 0.0000000000
67131  -28.105  -17.688  -39.353 0.0000000000
67132  -28.697  -17.811  -39.184 0.0000000000
67133  -29.499  -17.847  -38.950 0.0000000000
67134  -30.142  -17.838  -38.727 0.0000000000
68196  -40.524  -16.720  -32.517 0.0000000000
68197  -40.913  -16.836  -32.508 0.0000000000
68209  -37.678  -17.370  -33.451 0.0000000000
68210  -38.341  -17.333  -33.219 0.0000000000
68211  -39.212  -17.334  -32.969 0.0000000000
68212  -40.298  -17.262  -32.772 0.0000000000
68213  -41.444  -17.478  -32.787 0.0000000000
68231  -36.055  -17.826  -34.317 0.0000000000
68232  -36.633  -17.557  -33.951 0.0000000000
68233  -37.257  -17.627  -33.617 0.0000000000
68251  -35.600  -17.480  -34.922 0.0000000000
68252  -36.136  -17.149  -34.507 0.0000000000
68268  -34.515  -17.199  -36.501 0.0000000000
68269  -34.914  -17.484  -35.710 0.0000000000
68284  -32.670  -17.505  -37.832 0.0000000000
68285  -33.154  -17.529  -37.562 0.0000000000
68286  -33.880  -17.399  -37.055 0.0000000000
68301  -27.082  -17.936  -38.969 0.0000000000
68302  -30.668  -17.596  -38.832 0.0000000000
68303  -31.259  -17.511  -38.570 0.0000000000
68304  -32.106  -17.382  -38.248 0.0000000000
68305  -32.990  -17.065  -38.220 0.0000000000
68306  -33.562  -16.924  -37.859 0.0000000000
68320  -28.488  -17.370  -39.723 0.0000000000
68321  -29.351  -17.445  -39.607 0.0000000000
68322  -30.224  -17.461  -39.349 0.0000000000
68323  -31.098  -17.226  -39.302 0.0000000000
68324  -31.676  -17.136  -38.929 0.0000000000
68337  -29.140  -16.982  -40.218 0.0000000000
68338  -30.044  -17.051  -40.076 0.0000000000
68339  -30.712  -17.065  -39.830 0.0000000000
69513  -40.075  -15.964  -32.461 0.0000000000
69514  -40.679  -16.192  -32.381 0.0000000000
69526  -37.805  -16.522  -33.419 0.0000000000
69527  -38.556  -16.382  -33.024 0.0000000000
69528  -39.524  -16.330  -32.658 0.0000000000
69529  -40.213  -16.512  -32.520 0.0000000000
69542  -36.513  -16.503  -34.401 0.0000000000
69543  -37.144  -16.699  -33.810 0.0000000000
69558  -35.464  -16.712  -35.631 0.0000000000
69559  -35.992  -16.418  -35.073 0.0000000000
69573  -34.477  -16.667  -37.099 0.0000000000
69574  -35.114  -16.218  -36.575 0.0000000000
69575  -35.682  -15.953  -35.854 0.0000000000
69586  -34.121  -16.521  -37.770 0.0000000000
69587  -34.685  -15.979  -37.563 0.0000000000
69598  -32.061  -16.951  -38.924 0.0000000000
69599  -32.615  -16.703  -38.938 0.0000000000
69600  -33.658  -16.182  -38.753 0.0000000000
69601  -34.358  -15.937  -38.255 0.0000000000
69615  -31.170  -16.901  -39.830 0.0000000000
69616  -31.851  -16.677  -39.633 0.0000000000
69617  -32.985  -16.013  -39.879 0.0000000000
69618  -33.644  -15.740  -39.562 0.0000000000
69634  -28.902  -16.411  -40.668 0.0000000000
69635  -29.827  -16.508  -40.698 0.0000000000
69636  -30.973  -16.547  -40.479 0.0000000000
69637  -32.187  -15.940  -40.750 0.0000000000
69638  -32.836  -15.751  -40.585 0.0000000000
69651  -29.492  -15.896  -41.113 0.0000000000
69652  -30.457  -15.935  -41.267 0.0000000000
69653  -31.423  -15.831  -41.310 0.0000000000
69654  -32.013  -15.673  -41.411 0.0000000000
70928  -39.676  -15.356  -32.620 0.0000000000
70929  -40.358  -15.384  -32.422 0.0000000000
70944  -37.408  -15.982  -33.768 0.0000000000
70945  -37.893  -15.383  -33.606 0.0000000000
70946  -38.882  -15.378  -32.993 0.0000000000
70958  -36.400  -15.885  -34.821 0.0000000000
70959  -36.965  -15.386  -34.456 0.0000000000
70960  -37.529  -14.851  -34.173 0.0000000000
70972  -36.280  -15.310  -35.467 0.0000000000
70973  -36.685  -14.895  -35.182 0.0000000000
70986  -35.340  -15.546  -36.843 0.0000000000
70987  -35.690  -15.187  -36.597 0.0000000000
71002  -35.251  -15.269  -37.370 0.0000000000
71003  -35.617  -14.807  -37.216 0.0000000000
71014  -34.360  -15.588  -38.781 0.0000000000
71015  -34.800  -15.318  -38.333 0.0000000000
71028  -33.640  -15.518  -40.046 0.0000000000
71029  -34.249  -15.252  -39.562 0.0000000000
71030  -34.622  -15.210  -38.967 0.0000000000
71045  -32.835  -15.586  -41.009 0.0000000000
71046  -33.320  -15.484  -40.665 0.0000000000
71047  -33.930  -15.081  -40.522 0.0000000000
71058  -31.050  -15.371  -41.860 0.0000000000
71059  -31.875  -15.416  -41.873 0.0000000000
71060  -32.561  -15.439  -41.574 0.0000000000
71061  -33.245  -15.304  -41.382 0.0000000000
71062  -33.693  -15.104  -41.129 0.0000000000
71071  -31.705  -14.922  -42.408 0.0000000000
71072  -32.520  -15.061  -42.338 0.0000000000
71073  -33.240  -15.050  -42.050 0.0000000000
71074  -33.711  -14.982  -41.668 0.0000000000
72229  -40.048  -14.630  -32.609 0.0000000000
72247  -38.554  -14.422  -33.526 0.0000000000
72248  -39.356  -14.487  -32.986 0.0000000000
72266  -37.451  -14.346  -34.624 0.0000000000
72267  -37.914  -14.361  -34.098 0.0000000000
72278  -36.602  -14.600  -35.586 0.0000000000
72279  -36.953  -14.334  -35.240 0.0000000000
72291  -36.433  -14.306  -36.277 0.0000000000
72292  -36.710  -14.208  -35.765 0.0000000000
72306  -35.603  -14.606  -37.656 0.0000000000
72307  -36.015  -14.272  -37.275 0.0000000000
72322  -35.339  -14.675  -38.253 0.0000000000
72323  -35.847  -14.108  -38.171 0.0000000000
72339  -34.760  -14.691  -39.831 0.0000000000
72340  -35.031  -14.696  -39.181 0.0000000000
72341  -35.584  -14.202  -38.823 0.0000000000
72358  -34.534  -14.648  -40.410 0.0000000000
72359  -35.175  -14.193  -40.146 0.0000000000
72360  -35.563  -14.009  -39.468 0.0000000000
72368  -34.234  -14.685  -41.314 0.0000000000
72369  -34.903  -14.162  -41.063 0.0000000000
72378  -32.447  -14.512  -42.893 0.0000000000
72379  -33.282  -14.665  -42.760 0.0000000000
72380  -34.044  -14.639  -42.292 0.0000000000
72381  -34.759  -14.185  -41.954 0.0000000000
72388  -32.432  -13.880  -43.193 0.0000000000
72389  -33.276  -14.091  -43.326 0.0000000000
72390  -34.095  -14.233  -43.148 0.0000000000
72391  -34.644  -14.098  -42.715 0.0000000000
73573  -39.129  -13.558  -33.509 0.0000000000
73574  -40.046  -13.682  -32.950 0.0000000000
73593  -37.841  -13.774  -34.569 0.0000000000
73594  -38.346  -13.480  -34.184 0.0000000000
73611  -37.575  -13.427  -35.223 0.0000000000
73612  -37.995  -13.311  -34.736 0.0000000000
73624  -36.723  -13.679  -36.505 0.0000000000
73625  -36.935  -13.664  -35.969 0.0000000000
73637  -36.579  -13.631  -37.037 0.0000000000
73638  -37.035  -13.214  -36.736 0.0000000000
73650  -36.450  -13.422  -37.985 0.0000000000
73651  -36.935  -13.053  -37.439 0.0000000000
73664  -36.044  -13.524  -38.998 0.0000000000
73676  -35.417  -13.708  -40.843 0.0000000000
73677  -35.864  -13.415  -40.141 0.0000000000
73685  -35.323  -13.679  -41.631 0.0000000000
73686  -35.797  -13.140  -41.178 0.0000000000
73697  -35.224  -13.699  -42.507 0.0000000000
73698  -35.708  -13.132  -42.108 0.0000000000
73707  -33.319  -13.307  -43.685 0.0000000000
73708  -34.124  -13.725  -43.775 0.0000000000
73709  -35.013  -13.655  -43.468 0.0000000000
73710  -35.665  -13.242  -42.948 0.0000000000
73716  -33.861  -12.937  -44.168 0.0000000000
73717  -34.244  -13.181  -44.231 0.0000000000
73718  -34.765  -13.404  -44.123 0.0000000000
74948  -39.640  -12.890  -33.522 0.0000000000
74971  -39.042  -12.529  -34.129 0.0000000000
74972  -39.751  -12.211  -33.828 0.0000000000
74989  -37.810  -12.718  -35.540 0.0000000000
74990  -38.230  -12.580  -34.944 0.0000000000
75004  -37.478  -12.773  -36.155 0.0000000000
75005  -37.998  -12.125  -35.822 0.0000000000
75016  -37.372  -12.400  -37.199 0.0000000000
75017  -37.765  -11.975  -36.587 0.0000000000
75030  -36.589  -12.876  -38.771 0.0000000000
75031  -37.042  -12.504  -38.134 0.0000000000
75045  -36.451  -12.764  -39.611 0.0000000000
75046  -36.931  -12.197  -39.104 0.0000000000
75054  -36.375  -12.488  -40.661 0.0000000000
75055  -36.763  -12.046  -39.951 0.0000000000
75063  -36.149  -12.506  -41.636 0.0000000000
75073  -36.124  -12.573  -42.622 0.0000000000
75081  -35.245  -13.284  -44.111 0.0000000000
75082  -35.847  -12.780  -43.826 0.0000000000
75092  -33.640  -12.592  -43.977 0.0000000000
75093  -34.287  -12.564  -44.491 0.0000000000
75094  -35.100  -12.904  -44.683 0.0000000000
75095  -35.936  -12.300  -44.911 0.0000000000
75112  -34.799  -12.267  -45.065 0.0000000000
75113  -35.393  -12.154  -45.376 0.0000000000
75114  -35.961  -11.912  -45.627 0.0000000000
76377  -38.827  -11.792  -34.705 0.0000000000
76378  -39.573  -11.333  -34.405 0.0000000000
76403  -38.530  -11.430  -35.367 0.0000000000
76404  -38.981  -11.220  -34.874 0.0000000000
76422  -38.164  -11.279  -36.289 0.0000000000
76435  -37.405  -11.937  -37.824 0.0000000000
76436  -37.750  -11.270  -37.407 0.0000000000
76449  -37.357  -11.533  -38.505 0.0000000000
76450  -37.635  -10.728  -38.327 0.0000000000
76462  -37.137  -11.361  -39.583 0.0000000000
76469  -36.475  -12.032  -41.259 0.0000000000
76470  -36.846  -11.399  -40.790 0.0000000000
76477  -36.483  -11.726  -41.952 0.0000000000
76478  -36.840  -10.925  -41.710 0.0000000000
76486  -36.459  -11.773  -43.132 0.0000000000
76493  -36.386  -11.710  -44.227 0.0000000000
76510  -34.311  -11.778  -44.803 0.0000000000
76511  -36.346  -11.528  -45.193 0.0000000000
76528  -34.877  -11.659  -45.661 0.0000000000
76529  -35.568  -11.625  -46.023 0.0000000000
76530  -36.229  -11.294  -46.121 0.0000000000
76531  -35.176  -11.240  -46.338 0.0000000000
76532  -35.674  -11.117  -46.646 0.0000000000
76533  -36.137  -10.811  -46.789 0.0000000000
77688  -38.567  -10.692  -35.863 0.0000000000
77689  -39.174  -10.449  -35.195 0.0000000000
77717  -38.381  -10.186  -36.662 0.0000000000
77718  -38.740  -10.190  -35.893 0.0000000000
77738  -37.953  -10.115  -37.839 0.0000000000
77751  -37.488  -10.685  -39.110 0.0000000000
77752  -37.721  -10.042  -38.790 0.0000000000
77761  -37.418  -10.300  -40.052 0.0000000000
77762  -37.587  -10.105  -39.395 0.0000000000
77770  -37.203  -10.301  -41.183 0.0000000000
77778  -36.702  -10.948  -42.533 0.0000000000
77779  -36.986  -10.273  -42.148 0.0000000000
77787  -36.687  -10.627  -43.522 0.0000000000
77788  -36.828  -10.373  -42.779 0.0000000000
77795  -36.578  -10.880  -44.561 0.0000000000
77813  -36.564  -10.623  -45.396 0.0000000000
77826  -34.659  -10.825  -46.090 0.0000000000
77827  -36.456  -10.393  -46.326 0.0000000000
77828  -35.128  -10.570  -46.869 0.0000000000
77829  -35.732  -10.534  -47.136 0.0000000000
77830  -36.208  -10.128  -47.121 0.0000000000
77831  -35.393  -10.095  -47.326 0.0000000000
77832  -35.762  -9.940  -47.429 0.0000000000
77833  -36.023  -9.705  -47.481 0.0000000000
78926  -39.415  -9.717  -35.407 0.0000000000
78949  -38.651  -9.231  -36.671 0.0000000000
78950  -38.967  -9.495  -35.942 0.0000000000
78974  -38.338  -9.242  -37.425 0.0000000000
78995  -38.024  -9.237  -38.456 0.0000000000
79005  -37.567  -9.694  -40.097 0.0000000000
79006  -37.730  -9.377  -39.636 0.0000000000
79014  -37.552  -9.395  -40.616 0.0000000000
79015  -37.708  -8.931  -40.220 0.0000000000
79023  -37.337  -9.449  -41.801 0.0000000000
79031  -36.828  -9.876  -43.617 0.0000000000
79032  -37.015  -9.673  -42.974 0.0000000000
79038  -36.795  -9.726  -44.364 0.0000000000
79039  -36.917  -9.498  -43.676 0.0000000000
79057  -36.723  -9.618  -45.608 0.0000000000
79073  -36.523  -9.518  -46.603 0.0000000000
79079  -36.211  -9.396  -47.279 0.0000000000
79080  -35.382  -9.457  -47.558 0.0000000000
79081  -35.749  -9.383  -47.591 0.0000000000
79082  -35.990  -9.356  -47.531 0.0000000000
80304  -39.589  -9.200  -35.567 0.0000000000
80319  -38.908  -8.862  -36.411 0.0000000000
80320  -39.401  -8.397  -36.169 0.0000000000
80321  -40.173  -7.905  -36.009 0.0000000000
80334  -38.734  -8.395  -36.962 0.0000000000
80335  -39.162  -7.661  -36.830 0.0000000000
80354  -38.365  -8.299  -37.993 0.0000000000
80370  -38.124  -8.345  -39.067 0.0000000000
80385  -37.697  -8.628  -40.593 0.0000000000
80386  -37.908  -8.322  -40.057 0.0000000000
80398  -37.618  -8.436  -41.368 0.0000000000
80408  -37.419  -8.572  -42.548 0.0000000000
80416  -36.923  -9.015  -44.310 0.0000000000
80417  -37.072  -8.736  -43.816 0.0000000000
80429  -36.929  -8.590  -44.789 0.0000000000
80430  -37.075  -8.329  -44.293 0.0000000000
80447  -36.725  -8.656  -46.021 0.0000000000
80459  -36.421  -8.655  -46.964 0.0000000000
80460  -34.839  -8.615  -47.807 0.0000000000
80461  -35.460  -8.838  -47.793 0.0000000000
80462  -35.938  -8.730  -47.649 0.0000000000
80463  -34.895  -8.022  -48.190 0.0000000000
80464  -35.261  -8.221  -48.083 0.0000000000
80465  -35.573  -8.407  -47.943 0.0000000000
81620  -39.765  -7.236  -36.622 0.0000000000
81621  -40.636  -7.301  -36.233 0.0000000000
81627  -38.848  -7.275  -37.538 0.0000000000
81628  -39.270  -7.122  -37.035 0.0000000000
81640  -38.441  -7.370  -38.601 0.0000000000
81654  -38.170  -7.414  -39.626 0.0000000000
81673  -37.771  -8.052  -40.733 0.0000000000
81674  -37.939  -7.429  -40.468 0.0000000000
81690  -37.759  -7.435  -41.191 0.0000000000
81691  -37.886  -6.812  -40.891 0.0000000000
81704  -37.612  -7.483  -42.099 0.0000000000
81715  -37.430  -7.586  -43.209 0.0000000000
81731  -37.001  -7.784  -44.915 0.0000000000
81732  -37.124  -7.658  -44.295 0.0000000000
81746  -36.822  -7.743  -45.521 0.0000000000
81763  -33.601  -7.349  -47.143 0.0000000000
81765  -36.589  -7.694  -46.495 0.0000000000
81774  -33.613  -7.360  -47.483 0.0000000000
81775  -34.036  -7.976  -47.667 0.0000000000
81776  -36.284  -7.747  -47.437 0.0000000000
81777  -33.741  -7.259  -48.069 0.0000000000
81778  -34.402  -7.546  -48.269 0.0000000000
81779  -35.048  -7.546  -48.423 0.0000000000
81780  -35.705  -7.675  -48.125 0.0000000000
82861  -39.840  -6.713  -36.872 0.0000000000
82862  -40.314  -6.534  -36.755 0.0000000000
82873  -39.044  -6.696  -37.661 0.0000000000
82874  -39.517  -6.452  -37.327 0.0000000000
82875  -40.114  -6.065  -37.040 0.0000000000
82882  -38.898  -6.437  -38.177 0.0000000000
82883  -39.297  -6.004  -37.936 0.0000000000
82889  -38.442  -6.483  -39.238 0.0000000000
82902  -38.118  -6.504  -40.283 0.0000000000
82920  -37.729  -6.370  -41.570 0.0000000000
82921  -37.925  -6.299  -40.922 0.0000000000
82937  -37.492  -6.477  -42.690 0.0000000000
82949  -37.251  -6.554  -43.718 0.0000000000
82966  -36.919  -7.137  -45.044 0.0000000000
82967  -37.018  -6.545  -44.587 0.0000000000
82984  -36.686  -6.566  -45.846 0.0000000000
82985  -36.854  -6.522  -45.136 0.0000000000
83001  -36.471  -6.714  -47.039 0.0000000000
83015  -33.316  -6.718  -47.918 0.0000000000
83016  -36.149  -6.839  -47.905 0.0000000000
83023  -33.259  -5.861  -48.644 0.0000000000
83024  -33.726  -6.356  -48.663 0.0000000000
83025  -34.627  -6.776  -48.737 0.0000000000
83026  -35.341  -6.708  -48.624 0.0000000000
83027  -35.791  -6.860  -48.311 0.0000000000
83028  -33.911  -5.852  -49.156 0.0000000000
83029  -34.339  -6.079  -49.102 0.0000000000
83030  -34.898  -6.195  -49.036 0.0000000000
84229  -40.864  -6.250  -36.707 0.0000000000
84242  -40.051  -5.706  -37.335 0.0000000000
84243  -40.748  -5.740  -37.005 0.0000000000
84254  -39.163  -5.694  -38.315 0.0000000000
84255  -39.632  -5.434  -37.898 0.0000000000
84261  -38.777  -5.631  -38.912 0.0000000000
84267  -38.436  -5.560  -39.848 0.0000000000
84280  -37.769  -5.560  -41.598 0.0000000000
84281  -38.041  -5.499  -40.936 0.0000000000
84299  -37.584  -5.373  -42.252 0.0000000000
84313  -37.306  -5.481  -43.280 0.0000000000
84327  -37.012  -5.575  -44.241 0.0000000000
84343  -36.595  -5.258  -45.755 0.0000000000
84344  -36.816  -5.834  -45.086 0.0000000000
84357  -36.446  -5.591  -46.651 0.0000000000
84370  -32.938  -5.201  -47.970 0.0000000000
84372  -36.194  -5.782  -47.617 0.0000000000
84384  -33.033  -5.202  -48.738 0.0000000000
84385  -33.329  -5.737  -48.846 0.0000000000
84386  -35.281  -5.538  -48.896 0.0000000000
84387  -35.789  -6.099  -48.319 0.0000000000
84395  -33.083  -4.842  -49.194 0.0000000000
84396  -33.513  -5.343  -49.187 0.0000000000
84397  -34.189  -5.386  -49.348 0.0000000000
84398  -34.708  -5.589  -49.195 0.0000000000
85582  -40.404  -5.007  -37.595 0.0000000000
85596  -39.230  -4.958  -38.602 0.0000000000
85597  -39.937  -4.321  -38.280 0.0000000000
85598  -40.914  -4.156  -37.946 0.0000000000
85609  -38.829  -4.739  -39.388 0.0000000000
85610  -39.354  -4.066  -39.001 0.0000000000
85616  -38.480  -4.500  -40.297 0.0000000000
85622  -37.827  -4.988  -41.634 0.0000000000
85623  -38.121  -4.191  -41.292 0.0000000000
85638  -37.767  -4.317  -42.095 0.0000000000
85639  -37.976  -3.626  -41.920 0.0000000000
85655  -37.498  -4.407  -42.928 0.0000000000
85669  -37.143  -4.490  -43.877 0.0000000000
85683  -36.565  -4.474  -45.684 0.0000000000
85684  -36.781  -4.532  -44.968 0.0000000000
85697  -36.420  -4.532  -46.303 0.0000000000
85711  -36.190  -4.659  -47.237 0.0000000000
85725  -35.337  -4.648  -48.925 0.0000000000
85726  -35.768  -4.730  -48.285 0.0000000000
85738  -32.707  -4.270  -49.225 0.0000000000
85739  -33.248  -4.404  -49.545 0.0000000000
85740  -33.905  -4.595  -49.647 0.0000000000
85741  -34.763  -4.594  -49.383 0.0000000000
86903  -39.877  -3.593  -38.810 0.0000000000
86904  -40.555  -3.393  -38.613 0.0000000000
86918  -38.960  -3.789  -39.745 0.0000000000
86919  -39.606  -3.151  -39.382 0.0000000000
86920  -40.111  -3.181  -38.962 0.0000000000
86927  -38.671  -3.245  -40.592 0.0000000000
86928  -39.111  -3.136  -39.941 0.0000000000
86934  -38.253  -3.168  -41.566 0.0000000000
86945  -37.795  -3.322  -42.553 0.0000000000
86946  -38.043  -3.133  -42.078 0.0000000000
86958  -37.432  -3.452  -43.481 0.0000000000
86971  -37.058  -3.512  -44.414 0.0000000000
86985  -36.587  -3.579  -45.736 0.0000000000
86986  -36.810  -3.548  -45.047 0.0000000000
86996  -36.266  -3.617  -46.756 0.0000000000
87009  -35.993  -3.667  -47.724 0.0000000000
87024  -35.422  -3.651  -48.994 0.0000000000
87025  -35.743  -3.688  -48.357 0.0000000000
87035  -33.543  -3.773  -50.031 0.0000000000
87036  -34.239  -3.764  -49.972 0.0000000000
87037  -34.867  -3.354  -49.776 0.0000000000
87046  -33.873  -3.110  -50.475 0.0000000000
87047  -34.455  -2.998  -50.336 0.0000000000
88154  -39.863  -2.516  -39.553 0.0000000000
88155  -40.495  -2.689  -39.152 0.0000000000
88171  -38.902  -2.466  -40.687 0.0000000000
88172  -39.340  -2.414  -40.111 0.0000000000
88179  -38.608  -2.398  -41.241 0.0000000000
88190  -37.866  -2.737  -42.608 0.0000000000
88191  -38.103  -2.390  -42.211 0.0000000000
88203  -37.741  -2.497  -43.043 0.0000000000
88204  -37.913  -1.731  -42.831 0.0000000000
88215  -37.349  -2.479  -44.021 0.0000000000
88231  -36.674  -2.712  -45.756 0.0000000000
88232  -36.907  -2.591  -45.094 0.0000000000
88250  -36.486  -2.667  -46.331 0.0000000000
88266  -36.163  -2.603  -47.256 0.0000000000
88283  -35.571  -2.769  -49.064 0.0000000000
88284  -35.820  -2.680  -48.404 0.0000000000
88298  -35.344  -2.641  -49.583 0.0000000000
88308  -34.967  -2.421  -50.332 0.0000000000
88317  -33.770  -2.030  -51.273 0.0000000000
88318  -34.056  -1.964  -51.297 0.0000000000
89421  -40.156  -1.935  -39.750 0.0000000000
89441  -39.056  -1.826  -40.821 0.0000000000
89442  -39.710  -1.230  -40.435 0.0000000000
89454  -38.670  -1.285  -41.524 0.0000000000
89455  -39.150  -1.182  -40.929 0.0000000000
89465  -38.161  -1.238  -42.422 0.0000000000
89476  -37.666  -1.341  -43.507 0.0000000000
89477  -37.910  -1.180  -42.924 0.0000000000
89491  -37.242  -1.479  -44.530 0.0000000000
89506  -36.765  -2.042  -45.879 0.0000000000
89507  -36.950  -1.426  -45.405 0.0000000000
89519  -36.528  -1.483  -46.628 0.0000000000
89520  -36.806  -1.373  -45.975 0.0000000000
89529  -36.144  -1.536  -47.769 0.0000000000
89540  -35.650  -2.074  -49.226 0.0000000000
89541  -35.882  -1.430  -48.794 0.0000000000
89554  -35.552  -1.526  -50.032 0.0000000000
89555  -35.754  -1.374  -49.435 0.0000000000
89567  -34.543  -1.694  -51.305 0.0000000000
89568  -35.031  -1.548  -50.992 0.0000000000
90734  -39.850  -0.534  -40.646 0.0000000000
90750  -38.827  -0.447  -41.584 0.0000000000
90751  -39.320  -0.455  -41.058 0.0000000000
90762  -38.474  -0.434  -42.096 0.0000000000
90779  -37.723  -0.450  -43.560 0.0000000000
90780  -37.998  -0.417  -42.941 0.0000000000
90793  -37.477  -0.497  -44.139 0.0000000000
90802  -37.171  -0.555  -44.999 0.0000000000
90814  -36.628  -0.576  -46.629 0.0000000000
90815  -36.877  -0.547  -45.953 0.0000000000
90825  -36.405  -0.556  -47.261 0.0000000000
90831  -36.098  -0.470  -48.274 0.0000000000
90841  -35.702  -0.875  -50.122 0.0000000000
90842  -35.871  -0.431  -49.640 0.0000000000
90854  -35.598  -0.620  -50.639 0.0000000000
92039  -40.056  0.005  -40.745 0.0000000000
92058  -38.951  0.339  -41.714 0.0000000000
92059  -39.664  0.507  -41.207 0.0000000000
92073  -38.411  0.393  -42.448 0.0000000000
92091  -37.790  0.447  -43.631 0.0000000000
92092  -38.097  0.421  -42.985 0.0000000000
92107  -37.389  0.381  -44.603 0.0000000000
92118  -37.128  0.222  -45.343 0.0000000000
92128  -36.686  0.270  -46.677 0.0000000000
92129  -36.954  0.537  -45.900 0.0000000000
92140  -36.386  0.447  -47.612 0.0000000000
92149  -36.171  0.667  -48.629 0.0000000000
92156  -36.075  0.897  -49.536 0.0000000000
93395  -39.030  0.846  -41.803 0.0000000000
93396  -39.321  1.003  -41.647 0.0000000000
93418  -38.879  1.147  -42.105 0.0000000000
93438  -37.920  1.497  -43.623 0.0000000000
93439  -38.281  1.232  -42.935 0.0000000000
93451  -37.598  1.370  -44.260 0.0000000000
93461  -37.243  1.279  -45.233 0.0000000000
93469  -36.618  1.130  -47.076 0.0000000000
93470  -36.897  1.444  -46.304 0.0000000000
93480  -36.454  1.630  -47.796 0.0000000000
93481  -36.683  1.856  -47.006 0.0000000000
94607  -38.996  2.256  -42.561 0.0000000000
94630  -37.792  2.073  -43.924 0.0000000000
94631  -38.239  2.329  -43.386 0.0000000000
94645  -37.573  2.513  -44.550 0.0000000000
94646  -37.870  2.602  -43.905 0.0000000000
94657  -37.213  2.465  -45.651 0.0000000000
