#!ascii label  , from subject COLIN27_FS vox2ras=TkReg
1966
25744  -51.504  -52.195  -30.623 0.0000000000
26784  -51.451  -51.147  -29.375 0.0000000000
26798  -51.631  -51.538  -30.059 0.0000000000
26799  -52.174  -51.041  -30.370 0.0000000000
26809  -51.936  -51.965  -30.928 0.0000000000
26810  -52.205  -51.383  -30.717 0.0000000000
26820  -52.267  -51.438  -31.583 0.0000000000
27862  -52.031  -50.297  -29.228 0.0000000000
27876  -51.768  -50.817  -29.464 0.0000000000
27877  -52.243  -50.543  -29.907 0.0000000000
27885  -52.599  -50.689  -30.875 0.0000000000
27886  -53.024  -50.219  -31.418 0.0000000000
27894  -52.734  -50.658  -31.958 0.0000000000
29017  -52.470  -49.176  -28.602 0.0000000000
29030  -52.006  -49.997  -28.870 0.0000000000
29031  -52.669  -49.573  -29.152 0.0000000000
29032  -53.325  -49.076  -29.244 0.0000000000
29043  -52.926  -49.938  -30.303 0.0000000000
29044  -53.613  -49.135  -29.914 0.0000000000
29045  -54.194  -48.735  -30.127 0.0000000000
29055  -52.991  -50.107  -30.925 0.0000000000
29056  -53.528  -49.653  -31.138 0.0000000000
29057  -54.178  -48.985  -30.720 0.0000000000
29067  -54.191  -49.128  -31.659 0.0000000000
30138  -52.588  -48.552  -28.297 0.0000000000
30139  -53.498  -48.089  -28.501 0.0000000000
30140  -54.018  -47.874  -28.633 0.0000000000
30152  -52.775  -49.054  -28.662 0.0000000000
30153  -53.250  -48.803  -28.800 0.0000000000
30154  -53.909  -48.271  -28.919 0.0000000000
30166  -53.710  -48.749  -29.252 0.0000000000
30167  -54.351  -48.374  -29.581 0.0000000000
30168  -55.019  -48.078  -29.952 0.0000000000
30181  -54.661  -48.518  -30.344 0.0000000000
30182  -55.293  -48.161  -30.572 0.0000000000
30193  -54.759  -48.639  -31.212 0.0000000000
31286  -53.143  -47.628  -28.066 0.0000000000
31287  -54.059  -47.434  -28.271 0.0000000000
31288  -55.018  -47.079  -28.376 0.0000000000
31298  -54.578  -47.719  -28.874 0.0000000000
31299  -55.617  -47.351  -28.902 0.0000000000
31300  -56.340  -47.316  -29.212 0.0000000000
31310  -55.054  -47.791  -29.437 0.0000000000
31311  -55.753  -47.731  -29.789 0.0000000000
31312  -56.632  -47.340  -29.894 0.0000000000
31313  -57.168  -47.016  -30.213 0.0000000000
31326  -55.977  -47.729  -30.674 0.0000000000
32526  -53.249  -46.264  -27.550 0.0000000000
32537  -52.875  -47.183  -27.774 0.0000000000
32538  -53.478  -46.842  -27.795 0.0000000000
32539  -54.479  -46.631  -27.901 0.0000000000
32540  -55.530  -46.436  -27.941 0.0000000000
32541  -56.174  -46.131  -27.784 0.0000000000
32551  -55.721  -46.902  -28.397 0.0000000000
32552  -56.606  -46.693  -28.431 0.0000000000
32553  -57.780  -46.346  -28.574 0.0000000000
32554  -58.408  -46.126  -28.522 0.0000000000
32566  -56.810  -47.119  -29.194 0.0000000000
32567  -57.391  -46.835  -29.349 0.0000000000
32568  -58.393  -46.251  -29.128 0.0000000000
33725  -54.048  -45.199  -27.290 0.0000000000
33726  -54.887  -45.020  -27.332 0.0000000000
33737  -53.866  -46.058  -27.574 0.0000000000
33738  -54.775  -45.823  -27.575 0.0000000000
33739  -55.708  -45.493  -27.521 0.0000000000
33740  -56.703  -45.647  -27.590 0.0000000000
33741  -57.676  -45.338  -27.643 0.0000000000
33742  -58.516  -45.272  -27.850 0.0000000000
33753  -57.438  -46.046  -28.010 0.0000000000
33754  -58.207  -45.906  -28.073 0.0000000000
33755  -59.018  -45.679  -28.411 0.0000000000
33756  -59.640  -45.325  -28.785 0.0000000000
33769  -59.218  -45.724  -29.201 0.0000000000
34927  -53.316  -44.481  -26.888 0.0000000000
34928  -54.321  -44.282  -26.962 0.0000000000
34929  -55.529  -44.329  -27.130 0.0000000000
34930  -56.038  -43.819  -27.108 0.0000000000
34944  -56.206  -44.969  -27.374 0.0000000000
34945  -56.805  -44.328  -27.333 0.0000000000
34946  -58.133  -44.502  -27.558 0.0000000000
34947  -59.239  -44.619  -28.015 0.0000000000
34948  -59.820  -44.108  -28.217 0.0000000000
34960  -59.579  -45.092  -28.441 0.0000000000
34961  -60.192  -44.508  -28.731 0.0000000000
36079  -52.507  -43.002  -26.087 0.0000000000
36080  -52.984  -42.683  -26.089 0.0000000000
36088  -53.466  -43.299  -26.470 0.0000000000
36089  -54.633  -43.328  -26.744 0.0000000000
36090  -55.520  -43.246  -26.961 0.0000000000
36091  -56.252  -43.296  -27.180 0.0000000000
36105  -56.879  -43.282  -27.375 0.0000000000
36106  -57.651  -43.540  -27.475 0.0000000000
36107  -58.639  -43.657  -27.695 0.0000000000
36108  -59.445  -43.646  -28.027 0.0000000000
36120  -60.128  -43.446  -28.406 0.0000000000
36121  -60.895  -43.427  -28.984 0.0000000000
36122  -61.247  -42.998  -29.231 0.0000000000
37242  -51.817  -42.336  -25.717 0.0000000000
37243  -52.595  -42.221  -25.842 0.0000000000
37244  -53.357  -42.185  -26.069 0.0000000000
37245  -54.036  -41.892  -26.296 0.0000000000
37255  -54.071  -42.582  -26.431 0.0000000000
37256  -54.850  -42.172  -26.712 0.0000000000
37257  -55.785  -42.462  -27.112 0.0000000000
37258  -56.460  -42.553  -27.346 0.0000000000
37273  -57.225  -42.599  -27.585 0.0000000000
37274  -58.111  -42.762  -27.721 0.0000000000
37275  -58.976  -42.736  -28.043 0.0000000000
37276  -59.606  -43.115  -28.192 0.0000000000
37288  -59.205  -42.135  -28.350 0.0000000000
37289  -59.757  -42.530  -28.458 0.0000000000
37290  -60.632  -42.556  -28.889 0.0000000000
37291  -61.085  -42.879  -29.088 0.0000000000
37305  -60.957  -42.015  -29.193 0.0000000000
37306  -61.339  -42.429  -29.408 0.0000000000
38493  -51.751  -41.249  -25.352 0.0000000000
38494  -52.210  -40.806  -25.445 0.0000000000
38502  -52.205  -41.775  -25.646 0.0000000000
38503  -52.676  -41.285  -25.692 0.0000000000
38504  -53.582  -41.249  -26.042 0.0000000000
38505  -54.292  -41.239  -26.402 0.0000000000
38517  -54.866  -41.158  -26.753 0.0000000000
38518  -55.606  -41.420  -27.175 0.0000000000
38519  -56.092  -42.015  -27.300 0.0000000000
38534  -56.035  -41.000  -27.497 0.0000000000
38535  -56.565  -41.591  -27.583 0.0000000000
38536  -57.737  -41.760  -27.931 0.0000000000
38537  -58.351  -42.241  -27.954 0.0000000000
38550  -58.069  -41.453  -28.137 0.0000000000
38551  -58.569  -41.679  -28.221 0.0000000000
38552  -59.525  -41.535  -28.684 0.0000000000
38553  -60.078  -42.064  -28.823 0.0000000000
38567  -59.869  -41.068  -29.042 0.0000000000
38568  -60.408  -41.517  -29.150 0.0000000000
38569  -61.212  -41.533  -29.534 0.0000000000
39820  -49.288  -40.211  -24.350 0.0000000000
39821  -50.306  -40.238  -24.676 0.0000000000
39822  -51.196  -40.297  -25.013 0.0000000000
39823  -51.912  -40.315  -25.292 0.0000000000
39832  -52.492  -40.342  -25.545 0.0000000000
39833  -53.176  -40.394  -25.858 0.0000000000
39834  -53.897  -40.462  -26.207 0.0000000000
39847  -54.514  -40.474  -26.557 0.0000000000
39848  -55.113  -40.464  -26.960 0.0000000000
39860  -55.724  -40.442  -27.364 0.0000000000
39861  -56.373  -40.518  -27.719 0.0000000000
39862  -57.133  -40.798  -28.022 0.0000000000
39876  -57.926  -40.918  -28.271 0.0000000000
39877  -58.745  -40.680  -28.619 0.0000000000
39878  -59.475  -40.617  -29.031 0.0000000000
39891  -60.048  -40.614  -29.358 0.0000000000
39892  -60.794  -40.672  -29.735 0.0000000000
39893  -61.513  -40.950  -29.975 0.0000000000
39904  -61.288  -40.384  -30.239 0.0000000000
41131  -50.764  -39.336  -24.820 0.0000000000
41132  -51.583  -39.405  -25.209 0.0000000000
41133  -52.181  -39.740  -25.437 0.0000000000
41140  -52.147  -39.131  -25.519 0.0000000000
41141  -52.748  -39.474  -25.742 0.0000000000
41142  -53.584  -39.528  -26.179 0.0000000000
41143  -54.177  -39.871  -26.426 0.0000000000
41155  -54.159  -39.251  -26.546 0.0000000000
41156  -54.706  -39.633  -26.763 0.0000000000
41157  -55.325  -39.649  -27.174 0.0000000000
41168  -55.988  -39.599  -27.630 0.0000000000
41169  -56.881  -39.689  -28.194 0.0000000000
41170  -57.441  -40.289  -28.288 0.0000000000
41183  -57.267  -39.211  -28.598 0.0000000000
41184  -57.864  -39.780  -28.662 0.0000000000
41185  -58.964  -39.763  -29.302 0.0000000000
41186  -59.617  -40.181  -29.414 0.0000000000
41199  -59.207  -39.347  -29.811 0.0000000000
41200  -60.002  -39.744  -29.967 0.0000000000
41201  -60.828  -40.094  -30.164 0.0000000000
41211  -60.262  -39.380  -30.620 0.0000000000
42513  -51.747  -38.456  -25.498 0.0000000000
42514  -52.441  -38.557  -25.823 0.0000000000
42515  -53.098  -38.629  -26.149 0.0000000000
42525  -53.762  -38.613  -26.543 0.0000000000
42526  -54.527  -38.621  -26.939 0.0000000000
42527  -55.006  -39.129  -27.032 0.0000000000
42538  -54.834  -38.107  -27.340 0.0000000000
42539  -55.377  -38.654  -27.431 0.0000000000
42540  -56.250  -38.687  -27.979 0.0000000000
42552  -56.889  -38.662  -28.508 0.0000000000
42553  -57.492  -38.741  -28.992 0.0000000000
42554  -58.163  -39.115  -29.250 0.0000000000
42563  -57.886  -38.567  -29.530 0.0000000000
42564  -58.592  -38.820  -29.849 0.0000000000
42565  -59.284  -39.098  -30.142 0.0000000000
42571  -58.941  -38.673  -30.467 0.0000000000
42572  -59.668  -38.969  -30.652 0.0000000000
42573  -60.264  -39.140  -31.037 0.0000000000
42584  -59.706  -38.740  -31.451 0.0000000000
42598  -59.777  -38.651  -32.300 0.0000000000
43799  -52.726  -38.080  -26.155 0.0000000000
43815  -52.408  -36.931  -26.467 0.0000000000
43816  -53.227  -37.550  -26.663 0.0000000000
43817  -53.951  -38.092  -26.855 0.0000000000
43830  -53.741  -37.049  -27.243 0.0000000000
43831  -54.274  -37.579  -27.296 0.0000000000
43832  -55.109  -37.608  -27.767 0.0000000000
43833  -55.791  -37.965  -27.928 0.0000000000
43846  -55.605  -37.413  -28.302 0.0000000000
43847  -56.305  -37.734  -28.585 0.0000000000
43848  -57.008  -38.061  -28.916 0.0000000000
43857  -56.707  -37.557  -29.238 0.0000000000
43858  -57.336  -37.910  -29.579 0.0000000000
43859  -57.923  -38.235  -29.949 0.0000000000
43865  -57.619  -37.815  -30.205 0.0000000000
43866  -58.201  -38.084  -30.599 0.0000000000
43867  -58.985  -38.395  -31.109 0.0000000000
43877  -58.303  -37.784  -31.581 0.0000000000
43878  -59.042  -38.203  -31.978 0.0000000000
43893  -58.397  -37.516  -32.571 0.0000000000
43894  -59.125  -38.062  -32.898 0.0000000000
43904  -58.575  -37.370  -33.546 0.0000000000
43905  -59.158  -38.017  -33.823 0.0000000000
43917  -58.765  -37.397  -34.266 0.0000000000
44975  -51.926  -36.757  -26.247 0.0000000000
44992  -52.033  -36.290  -26.560 0.0000000000
44993  -52.718  -36.468  -26.854 0.0000000000
45009  -53.335  -36.526  -27.245 0.0000000000
45010  -54.088  -36.545  -27.792 0.0000000000
45011  -54.661  -37.065  -27.805 0.0000000000
45024  -54.326  -36.184  -28.352 0.0000000000
45025  -55.009  -36.657  -28.548 0.0000000000
45026  -55.772  -37.119  -28.709 0.0000000000
45034  -55.257  -36.287  -29.289 0.0000000000
45035  -56.052  -36.772  -29.507 0.0000000000
45036  -56.787  -37.362  -29.662 0.0000000000
45042  -56.402  -36.341  -30.661 0.0000000000
45043  -57.047  -37.203  -30.346 0.0000000000
45044  -57.615  -37.624  -30.565 0.0000000000
45049  -56.407  -36.007  -31.260 0.0000000000
45050  -56.911  -36.441  -31.523 0.0000000000
45051  -57.627  -37.358  -31.115 0.0000000000
45066  -57.223  -36.191  -32.556 0.0000000000
45067  -57.678  -37.004  -32.117 0.0000000000
45076  -57.324  -35.906  -33.144 0.0000000000
45077  -57.834  -36.505  -33.287 0.0000000000
45085  -58.421  -36.581  -34.399 0.0000000000
45086  -58.760  -37.129  -34.720 0.0000000000
45093  -58.570  -36.098  -34.994 0.0000000000
46176  -52.288  -35.537  -27.098 0.0000000000
46177  -52.908  -36.017  -27.231 0.0000000000
46193  -52.548  -34.988  -27.635 0.0000000000
46194  -53.207  -35.575  -27.808 0.0000000000
46195  -53.936  -35.851  -28.233 0.0000000000
46208  -53.667  -35.364  -28.474 0.0000000000
46209  -54.226  -35.677  -28.850 0.0000000000
46210  -54.827  -35.970  -29.212 0.0000000000
46219  -54.507  -35.452  -29.474 0.0000000000
46220  -55.115  -35.718  -29.888 0.0000000000
46221  -55.818  -35.978  -30.378 0.0000000000
46227  -55.455  -35.295  -30.802 0.0000000000
46228  -56.037  -35.719  -31.049 0.0000000000
46233  -55.814  -35.174  -31.414 0.0000000000
46234  -56.287  -35.472  -31.813 0.0000000000
46235  -56.743  -35.775  -32.285 0.0000000000
46250  -56.521  -35.198  -32.505 0.0000000000
46251  -56.904  -35.430  -32.974 0.0000000000
46261  -57.452  -35.398  -33.695 0.0000000000
46262  -57.940  -35.851  -34.139 0.0000000000
46270  -57.909  -35.139  -34.391 0.0000000000
46271  -58.340  -35.536  -34.784 0.0000000000
46278  -58.843  -35.577  -35.324 0.0000000000
47376  -52.796  -34.756  -28.016 0.0000000000
47389  -52.631  -34.314  -28.243 0.0000000000
47390  -53.174  -34.600  -28.612 0.0000000000
47391  -53.758  -35.072  -28.855 0.0000000000
47406  -53.289  -34.174  -29.181 0.0000000000
47407  -53.909  -34.633  -29.497 0.0000000000
47408  -54.523  -35.127  -29.845 0.0000000000
47418  -54.047  -34.162  -30.133 0.0000000000
47419  -54.613  -34.601  -30.461 0.0000000000
47426  -55.387  -34.441  -31.575 0.0000000000
47427  -55.910  -34.875  -31.834 0.0000000000
47443  -55.557  -33.881  -32.206 0.0000000000
47444  -56.154  -34.364  -32.540 0.0000000000
47445  -56.595  -34.863  -32.891 0.0000000000
47455  -56.591  -33.788  -33.177 0.0000000000
47456  -56.971  -34.359  -33.428 0.0000000000
47464  -57.747  -34.409  -34.188 0.0000000000
47465  -58.553  -34.473  -34.721 0.0000000000
47466  -59.210  -33.989  -34.841 0.0000000000
47473  -58.726  -35.015  -35.097 0.0000000000
47474  -59.441  -34.581  -35.282 0.0000000000
47476  -61.841  -34.461  -35.843 0.0000000000
47477  -62.964  -34.328  -35.851 0.0000000000
47478  -64.065  -34.191  -35.983 0.0000000000
47479  -64.920  -33.844  -36.212 0.0000000000
47480  -65.337  -33.518  -36.358 0.0000000000
47492  -65.412  -33.842  -36.701 0.0000000000
47527  -58.829  -33.806  -40.032 0.0000000000
47528  -59.617  -34.047  -40.259 0.0000000000
47529  -60.712  -34.278  -40.426 0.0000000000
47530  -61.795  -34.476  -40.531 0.0000000000
47539  -57.245  -34.524  -40.464 0.0000000000
47540  -58.483  -34.461  -40.520 0.0000000000
47541  -59.841  -34.873  -40.739 0.0000000000
48587  -52.940  -33.962  -28.987 0.0000000000
48603  -53.136  -33.428  -29.586 0.0000000000
48604  -53.768  -33.917  -29.946 0.0000000000
48615  -53.399  -32.906  -30.249 0.0000000000
48616  -53.930  -33.415  -30.594 0.0000000000
48617  -54.671  -33.799  -31.233 0.0000000000
48627  -54.461  -33.064  -31.454 0.0000000000
48628  -55.071  -33.337  -32.002 0.0000000000
48642  -55.746  -33.269  -32.605 0.0000000000
48643  -56.359  -33.233  -33.087 0.0000000000
48656  -57.041  -33.139  -33.497 0.0000000000
48657  -57.767  -33.361  -34.022 0.0000000000
48658  -58.512  -33.139  -34.261 0.0000000000
48667  -58.288  -33.755  -34.392 0.0000000000
48668  -59.010  -33.463  -34.535 0.0000000000
48669  -59.895  -33.486  -34.780 0.0000000000
48670  -60.948  -33.287  -34.803 0.0000000000
48671  -61.711  -33.236  -34.938 0.0000000000
48679  -60.411  -33.945  -35.273 0.0000000000
48680  -61.299  -33.864  -35.344 0.0000000000
48681  -62.354  -33.593  -35.307 0.0000000000
48682  -63.462  -33.495  -35.459 0.0000000000
48683  -64.426  -33.317  -35.707 0.0000000000
48684  -65.177  -33.150  -36.051 0.0000000000
48685  -65.683  -33.102  -36.557 0.0000000000
48686  -66.065  -32.833  -36.974 0.0000000000
48695  -65.849  -33.434  -37.085 0.0000000000
48696  -66.069  -32.886  -37.388 0.0000000000
48710  -59.231  -33.092  -37.929 0.0000000000
48711  -59.744  -33.088  -38.014 0.0000000000
48712  -65.831  -33.511  -37.617 0.0000000000
48713  -66.000  -32.888  -37.790 0.0000000000
48729  -57.566  -32.967  -39.065 0.0000000000
48730  -58.028  -33.142  -38.900 0.0000000000
48731  -59.010  -33.310  -38.541 0.0000000000
48732  -60.262  -33.386  -38.674 0.0000000000
48733  -61.254  -33.383  -39.104 0.0000000000
48734  -62.326  -33.293  -39.270 0.0000000000
48735  -63.514  -33.325  -39.229 0.0000000000
48736  -64.613  -33.538  -38.934 0.0000000000
48737  -65.539  -33.323  -38.201 0.0000000000
48738  -65.941  -32.782  -38.010 0.0000000000
48750  -56.938  -33.385  -39.931 0.0000000000
48751  -57.563  -33.261  -39.556 0.0000000000
48752  -58.489  -33.503  -39.449 0.0000000000
48753  -59.436  -33.655  -39.470 0.0000000000
48754  -60.471  -33.721  -39.701 0.0000000000
48755  -61.567  -33.813  -39.921 0.0000000000
48756  -62.784  -34.094  -39.954 0.0000000000
48757  -63.905  -34.158  -39.525 0.0000000000
48758  -64.429  -34.264  -39.142 0.0000000000
48763  -56.017  -33.708  -40.170 0.0000000000
48764  -56.698  -33.833  -40.255 0.0000000000
48765  -57.503  -33.833  -40.185 0.0000000000
48766  -58.166  -33.723  -40.023 0.0000000000
49736  -53.014  -32.511  -30.131 0.0000000000
49749  -52.803  -31.665  -30.369 0.0000000000
49750  -53.444  -32.238  -30.726 0.0000000000
49751  -54.056  -32.343  -31.358 0.0000000000
49765  -54.695  -32.295  -31.992 0.0000000000
49766  -55.420  -32.323  -32.544 0.0000000000
49779  -56.157  -32.337  -32.996 0.0000000000
49780  -56.787  -32.398  -33.326 0.0000000000
49791  -57.271  -32.348  -33.502 0.0000000000
49792  -57.739  -32.467  -33.718 0.0000000000
49793  -58.554  -32.439  -33.936 0.0000000000
49794  -59.456  -32.180  -33.926 0.0000000000
49795  -60.127  -32.120  -34.026 0.0000000000
49804  -59.038  -32.784  -34.204 0.0000000000
49805  -59.694  -32.764  -34.277 0.0000000000
49806  -60.653  -32.517  -34.311 0.0000000000
49807  -61.722  -32.497  -34.532 0.0000000000
49808  -62.628  -32.244  -34.710 0.0000000000
49809  -63.311  -32.150  -34.926 0.0000000000
49816  -62.269  -32.884  -34.883 0.0000000000
49817  -62.983  -32.825  -35.058 0.0000000000
49818  -63.934  -32.544  -35.241 0.0000000000
49819  -64.856  -32.495  -35.640 0.0000000000
49820  -65.558  -32.410  -36.130 0.0000000000
49821  -66.070  -32.320  -36.659 0.0000000000
49834  -66.316  -32.281  -37.166 0.0000000000
49846  -56.935  -32.389  -38.046 0.0000000000
49847  -57.554  -32.485  -37.708 0.0000000000
49848  -58.380  -32.547  -37.459 0.0000000000
49849  -59.356  -32.623  -37.515 0.0000000000
49850  -60.742  -32.460  -37.782 0.0000000000
49851  -62.121  -31.948  -38.149 0.0000000000
49852  -62.753  -31.768  -38.365 0.0000000000
49853  -66.240  -32.321  -37.614 0.0000000000
49861  -56.742  -32.515  -38.679 0.0000000000
49862  -57.451  -32.757  -38.539 0.0000000000
49863  -58.194  -32.903  -38.163 0.0000000000
49864  -58.816  -32.981  -37.868 0.0000000000
49865  -61.042  -33.089  -38.471 0.0000000000
49866  -61.758  -32.768  -38.571 0.0000000000
49867  -62.965  -32.324  -38.701 0.0000000000
49868  -64.246  -32.471  -38.792 0.0000000000
49869  -65.255  -32.544  -38.530 0.0000000000
49870  -65.880  -32.449  -38.145 0.0000000000
49871  -66.101  -32.446  -37.892 0.0000000000
49878  -51.962  -32.406  -39.886 0.0000000000
49880  -53.893  -32.337  -39.346 0.0000000000
49881  -54.812  -32.503  -39.413 0.0000000000
49882  -55.741  -32.772  -39.500 0.0000000000
49883  -56.645  -32.878  -39.414 0.0000000000
49884  -57.201  -32.835  -39.099 0.0000000000
49888  -51.156  -33.379  -40.985 0.0000000000
49890  -55.845  -33.291  -39.922 0.0000000000
49891  -56.309  -33.281  -39.935 0.0000000000
49894  -51.155  -33.625  -41.541 0.0000000000
49895  -51.277  -32.885  -41.370 0.0000000000
49898  -51.214  -33.911  -42.102 0.0000000000
49899  -51.473  -33.296  -42.437 0.0000000000
50882  -52.234  -31.015  -30.021 0.0000000000
50898  -52.705  -30.787  -30.511 0.0000000000
50899  -53.274  -31.062  -30.942 0.0000000000
50900  -53.759  -31.576  -31.286 0.0000000000
50914  -53.818  -30.850  -31.425 0.0000000000
50915  -54.352  -31.261  -31.805 0.0000000000
50916  -55.184  -31.271  -32.388 0.0000000000
50929  -56.034  -31.319  -32.810 0.0000000000
50930  -56.892  -31.449  -33.176 0.0000000000
50931  -57.523  -31.396  -33.320 0.0000000000
50940  -57.205  -31.883  -33.397 0.0000000000
50941  -57.658  -31.848  -33.507 0.0000000000
50942  -58.294  -31.744  -33.585 0.0000000000
50943  -59.160  -31.526  -33.592 0.0000000000
50944  -60.157  -31.359  -33.732 0.0000000000
50945  -61.020  -31.112  -33.838 0.0000000000
50955  -60.691  -31.753  -33.963 0.0000000000
50956  -61.493  -31.574  -34.128 0.0000000000
50957  -62.338  -31.569  -34.404 0.0000000000
50958  -63.190  -31.481  -34.682 0.0000000000
50969  -63.890  -31.641  -35.030 0.0000000000
50970  -64.548  -31.749  -35.325 0.0000000000
50971  -65.311  -31.669  -35.731 0.0000000000
50972  -65.972  -31.601  -36.291 0.0000000000
50985  -58.234  -31.415  -36.427 0.0000000000
50986  -59.122  -31.259  -36.492 0.0000000000
50987  -60.037  -30.991  -36.694 0.0000000000
50988  -60.827  -30.682  -37.035 0.0000000000
50989  -61.306  -30.504  -37.214 0.0000000000
50990  -66.443  -31.584  -36.853 0.0000000000
50996  -56.851  -31.958  -37.371 0.0000000000
50997  -57.669  -31.945  -36.883 0.0000000000
50998  -58.758  -32.014  -36.880 0.0000000000
50999  -59.775  -31.832  -37.049 0.0000000000
51000  -60.594  -31.434  -37.188 0.0000000000
51001  -61.585  -31.098  -37.512 0.0000000000
51002  -62.851  -31.127  -38.167 0.0000000000
51003  -63.571  -30.860  -38.299 0.0000000000
51004  -66.472  -31.622  -37.428 0.0000000000
51010  -55.669  -31.643  -38.345 0.0000000000
51011  -56.248  -31.936  -38.010 0.0000000000
51012  -63.096  -31.662  -38.442 0.0000000000
51013  -63.842  -31.434  -38.491 0.0000000000
51014  -64.999  -31.658  -38.523 0.0000000000
51015  -65.781  -31.754  -38.286 0.0000000000
51016  -66.258  -31.801  -37.915 0.0000000000
51026  -51.962  -31.759  -40.250 0.0000000000
51027  -52.459  -31.499  -39.983 0.0000000000
51028  -53.332  -31.421  -39.554 0.0000000000
51029  -54.243  -31.521  -39.258 0.0000000000
51030  -55.182  -31.729  -38.926 0.0000000000
51031  -56.028  -32.250  -38.837 0.0000000000
51036  -51.601  -31.919  -40.828 0.0000000000
51037  -52.046  -31.332  -40.476 0.0000000000
51040  -51.614  -32.172  -41.904 0.0000000000
52154  -52.303  -30.046  -30.325 0.0000000000
52155  -52.940  -30.059  -30.826 0.0000000000
52167  -53.554  -30.106  -31.293 0.0000000000
52168  -54.221  -30.152  -31.695 0.0000000000
52169  -54.991  -30.211  -32.155 0.0000000000
52182  -55.950  -30.183  -32.487 0.0000000000
52183  -56.852  -30.377  -32.822 0.0000000000
52184  -57.922  -30.533  -33.074 0.0000000000
52185  -59.085  -30.081  -32.993 0.0000000000
52186  -59.653  -29.849  -33.040 0.0000000000
52196  -58.009  -31.285  -33.377 0.0000000000
52197  -58.706  -30.940  -33.297 0.0000000000
52198  -59.795  -30.410  -33.301 0.0000000000
52199  -60.879  -30.384  -33.557 0.0000000000
52200  -61.875  -30.438  -33.976 0.0000000000
52201  -62.554  -29.982  -34.139 0.0000000000
52215  -62.135  -31.030  -34.220 0.0000000000
52216  -62.894  -30.543  -34.361 0.0000000000
52217  -64.085  -30.685  -34.944 0.0000000000
52218  -64.714  -30.386  -35.218 0.0000000000
52231  -64.344  -31.233  -35.165 0.0000000000
52232  -64.914  -30.872  -35.370 0.0000000000
52233  -65.757  -30.825  -35.899 0.0000000000
52234  -66.365  -30.766  -36.504 0.0000000000
52245  -56.424  -30.556  -36.301 0.0000000000
52246  -57.210  -30.957  -36.202 0.0000000000
52247  -58.445  -30.645  -36.046 0.0000000000
52248  -59.439  -30.397  -36.257 0.0000000000
52249  -60.347  -30.102  -36.566 0.0000000000
52250  -61.205  -29.920  -36.975 0.0000000000
52251  -61.900  -29.720  -37.252 0.0000000000
52252  -66.635  -30.794  -37.157 0.0000000000
52259  -55.430  -30.402  -37.430 0.0000000000
52260  -56.073  -31.035  -37.069 0.0000000000
52261  -56.906  -31.536  -36.815 0.0000000000
52262  -61.683  -30.287  -37.308 0.0000000000
52263  -62.499  -30.148  -37.598 0.0000000000
52264  -63.600  -30.243  -38.064 0.0000000000
52265  -64.484  -30.164  -38.240 0.0000000000
52266  -66.503  -30.929  -37.709 0.0000000000
52275  -55.299  -30.789  -38.101 0.0000000000
52276  -55.783  -31.374  -37.872 0.0000000000
52277  -64.071  -30.680  -38.325 0.0000000000
52278  -64.890  -30.742  -38.353 0.0000000000
52279  -65.635  -31.005  -38.319 0.0000000000
52280  -66.190  -31.040  -38.105 0.0000000000
52292  -52.335  -30.969  -40.396 0.0000000000
52293  -52.885  -30.486  -40.146 0.0000000000
52294  -53.785  -30.546  -39.482 0.0000000000
52295  -54.546  -30.635  -38.907 0.0000000000
52298  -51.747  -31.510  -41.504 0.0000000000
52299  -52.180  -30.733  -41.153 0.0000000000
52300  -52.737  -30.066  -40.755 0.0000000000
52302  -51.947  -31.395  -42.161 0.0000000000
53456  -53.306  -29.186  -31.101 0.0000000000
53471  -53.956  -29.224  -31.470 0.0000000000
53472  -54.769  -29.179  -31.821 0.0000000000
53473  -55.746  -29.216  -32.193 0.0000000000
53474  -56.397  -29.029  -32.312 0.0000000000
53489  -56.205  -29.465  -32.375 0.0000000000
53490  -56.748  -29.395  -32.472 0.0000000000
53491  -57.685  -29.439  -32.617 0.0000000000
53492  -58.718  -29.359  -32.745 0.0000000000
53493  -59.687  -29.241  -32.894 0.0000000000
53494  -60.331  -29.081  -33.046 0.0000000000
53507  -60.036  -29.616  -33.085 0.0000000000
53508  -60.692  -29.442  -33.277 0.0000000000
53509  -61.659  -29.420  -33.617 0.0000000000
53510  -62.447  -29.454  -33.962 0.0000000000
53522  -63.052  -29.499  -34.252 0.0000000000
53523  -63.881  -29.595  -34.673 0.0000000000
53524  -64.894  -29.737  -35.239 0.0000000000
53525  -65.793  -29.416  -35.660 0.0000000000
53526  -66.263  -29.240  -35.949 0.0000000000
53534  -56.173  -29.253  -35.630 0.0000000000
53535  -56.420  -29.294  -35.579 0.0000000000
53536  -58.496  -29.096  -35.518 0.0000000000
53537  -59.281  -28.912  -35.740 0.0000000000
53538  -60.050  -28.664  -36.035 0.0000000000
53539  -60.500  -28.432  -36.222 0.0000000000
53540  -64.997  -30.281  -35.337 0.0000000000
53541  -65.454  -30.161  -35.577 0.0000000000
53542  -66.180  -29.885  -36.099 0.0000000000
53547  -55.763  -29.527  -36.081 0.0000000000
53548  -56.576  -29.844  -35.787 0.0000000000
53549  -57.765  -29.795  -35.620 0.0000000000
53550  -58.882  -29.758  -35.811 0.0000000000
53551  -59.789  -29.488  -36.138 0.0000000000
53552  -60.761  -29.005  -36.475 0.0000000000
53553  -61.703  -29.051  -36.996 0.0000000000
53554  -62.499  -29.143  -37.393 0.0000000000
53555  -66.608  -29.904  -36.812 0.0000000000
53561  -55.465  -29.883  -36.919 0.0000000000
53562  -56.015  -30.204  -36.386 0.0000000000
53563  -63.408  -29.296  -37.740 0.0000000000
53564  -64.398  -29.417  -38.074 0.0000000000
53565  -65.420  -29.771  -38.226 0.0000000000
53566  -66.311  -29.675  -38.061 0.0000000000
53567  -66.589  -29.949  -37.529 0.0000000000
53578  -55.075  -29.808  -37.708 0.0000000000
53579  -65.551  -30.469  -38.312 0.0000000000
53580  -66.016  -30.381  -38.243 0.0000000000
53581  -66.422  -30.387  -37.968 0.0000000000
53593  -53.618  -29.790  -39.898 0.0000000000
53594  -54.243  -29.557  -39.341 0.0000000000
53595  -54.692  -29.698  -38.472 0.0000000000
53597  -52.763  -29.831  -41.211 0.0000000000
53598  -53.353  -29.404  -40.665 0.0000000000
53599  -53.956  -29.114  -40.013 0.0000000000
53601  -52.657  -29.933  -41.989 0.0000000000
53602  -53.179  -29.268  -41.636 0.0000000000
53609  -54.327  -29.181  -43.744 0.0000000000
53615  -54.381  -29.242  -44.162 0.0000000000
54676  -53.688  -28.616  -31.256 0.0000000000
54677  -54.311  -28.044  -31.428 0.0000000000
54678  -55.466  -28.171  -31.813 0.0000000000
54679  -56.540  -28.247  -32.119 0.0000000000
54680  -57.185  -27.897  -32.113 0.0000000000
54696  -56.772  -28.786  -32.315 0.0000000000
54697  -57.405  -28.444  -32.297 0.0000000000
54698  -58.452  -28.441  -32.433 0.0000000000
54699  -59.460  -28.347  -32.601 0.0000000000
54700  -60.506  -28.287  -32.871 0.0000000000
54701  -61.142  -27.790  -32.997 0.0000000000
54712  -60.730  -28.790  -33.133 0.0000000000
54713  -61.416  -28.348  -33.280 0.0000000000
54714  -62.621  -28.405  -33.805 0.0000000000
54715  -63.309  -27.874  -34.067 0.0000000000
54722  -62.935  -28.955  -34.089 0.0000000000
54723  -63.640  -28.460  -34.378 0.0000000000
54724  -64.704  -28.655  -35.031 0.0000000000
54725  -65.533  -28.801  -35.453 0.0000000000
54726  -66.153  -28.742  -35.811 0.0000000000
54733  -55.620  -28.694  -35.629 0.0000000000
54734  -56.594  -28.773  -35.302 0.0000000000
54735  -57.736  -28.622  -35.264 0.0000000000
54736  -58.799  -28.267  -35.408 0.0000000000
54737  -59.641  -28.081  -35.699 0.0000000000
54738  -60.322  -27.965  -36.022 0.0000000000
54739  -66.513  -28.948  -36.421 0.0000000000
54745  -55.143  -28.944  -36.559 0.0000000000
54746  -56.654  -29.307  -35.522 0.0000000000
54747  -57.053  -29.296  -35.444 0.0000000000
54748  -60.897  -28.037  -36.339 0.0000000000
54749  -61.575  -28.188  -36.709 0.0000000000
54750  -62.358  -28.251  -37.190 0.0000000000
54751  -66.672  -29.131  -37.141 0.0000000000
54760  -54.978  -29.129  -37.330 0.0000000000
54761  -63.234  -28.330  -37.599 0.0000000000
54762  -64.217  -28.427  -37.935 0.0000000000
54763  -65.212  -28.612  -38.152 0.0000000000
54764  -66.071  -28.765  -38.158 0.0000000000
54765  -66.550  -28.884  -37.696 0.0000000000
54775  -54.937  -28.848  -38.105 0.0000000000
54784  -54.427  -28.697  -39.751 0.0000000000
54785  -54.833  -28.589  -39.075 0.0000000000
54790  -53.762  -28.748  -41.339 0.0000000000
54791  -54.385  -28.398  -40.631 0.0000000000
54792  -54.935  -28.125  -39.888 0.0000000000
54794  -53.796  -28.799  -42.154 0.0000000000
54795  -54.399  -28.235  -41.710 0.0000000000
54797  -53.931  -29.081  -42.901 0.0000000000
54798  -54.510  -28.413  -42.724 0.0000000000
54800  -54.254  -29.002  -43.373 0.0000000000
54801  -54.657  -28.569  -43.719 0.0000000000
54804  -54.191  -29.199  -45.212 0.0000000000
54805  -54.583  -28.674  -44.759 0.0000000000
54809  -53.842  -28.669  -45.566 0.0000000000
54810  -54.391  -28.044  -45.184 0.0000000000
55764  -55.253  -27.091  -31.462 0.0000000000
55765  -56.215  -27.210  -31.689 0.0000000000
55766  -57.169  -27.238  -31.843 0.0000000000
55767  -57.973  -26.981  -31.949 0.0000000000
55768  -58.619  -26.893  -32.039 0.0000000000
55785  -57.600  -27.645  -32.094 0.0000000000
55786  -58.216  -27.634  -32.183 0.0000000000
55787  -59.168  -27.338  -32.275 0.0000000000
55788  -60.154  -27.329  -32.550 0.0000000000
55789  -60.975  -27.236  -32.797 0.0000000000
55799  -61.609  -27.248  -33.122 0.0000000000
55800  -62.336  -27.361  -33.478 0.0000000000
55801  -63.126  -27.307  -33.872 0.0000000000
55810  -56.302  -27.253  -34.723 0.0000000000
55811  -56.680  -26.813  -34.617 0.0000000000
55812  -63.801  -27.311  -34.337 0.0000000000
55813  -64.770  -27.387  -34.959 0.0000000000
55814  -65.527  -28.008  -35.428 0.0000000000
55815  -65.948  -28.323  -35.645 0.0000000000
55823  -54.620  -27.364  -35.788 0.0000000000
55824  -55.290  -27.799  -35.354 0.0000000000
55825  -56.068  -27.972  -34.962 0.0000000000
55826  -57.123  -27.514  -34.838 0.0000000000
55827  -58.312  -27.441  -35.112 0.0000000000
55828  -59.258  -27.320  -35.425 0.0000000000
55829  -60.056  -27.241  -35.773 0.0000000000
55830  -65.284  -26.799  -35.321 0.0000000000
55831  -65.672  -27.142  -35.551 0.0000000000
55832  -66.305  -27.803  -36.069 0.0000000000
55838  -54.566  -27.423  -36.792 0.0000000000
55839  -54.900  -28.101  -36.227 0.0000000000
55840  -60.746  -27.230  -36.178 0.0000000000
55841  -61.440  -27.296  -36.563 0.0000000000
55842  -62.167  -27.356  -37.012 0.0000000000
55843  -66.672  -28.028  -37.137 0.0000000000
55852  -54.735  -27.359  -37.350 0.0000000000
55853  -54.847  -28.003  -37.466 0.0000000000
55854  -63.011  -27.357  -37.509 0.0000000000
55855  -63.940  -27.448  -37.931 0.0000000000
55856  -65.023  -27.447  -38.246 0.0000000000
55857  -65.866  -27.876  -38.238 0.0000000000
55858  -66.426  -27.827  -37.955 0.0000000000
55868  -55.189  -27.864  -38.581 0.0000000000
55869  -65.460  -26.852  -38.433 0.0000000000
55870  -65.846  -27.179  -38.390 0.0000000000
55871  -66.189  -27.455  -38.248 0.0000000000
55880  -55.586  -27.579  -39.511 0.0000000000
55881  -56.188  -27.133  -39.686 0.0000000000
55886  -55.052  -27.780  -41.303 0.0000000000
55887  -55.485  -27.621  -40.555 0.0000000000
55888  -56.200  -27.204  -40.225 0.0000000000
55890  -55.118  -27.699  -42.109 0.0000000000
55891  -55.909  -27.247  -41.538 0.0000000000
55892  -56.147  -27.228  -40.811 0.0000000000
55894  -55.215  -27.490  -43.056 0.0000000000
55895  -55.578  -27.265  -42.282 0.0000000000
55897  -54.946  -27.862  -44.071 0.0000000000
55900  -54.358  -27.282  -44.985 0.0000000000
55901  -54.656  -27.620  -44.690 0.0000000000
55906  -53.990  -27.568  -45.382 0.0000000000
55907  -54.395  -27.629  -45.097 0.0000000000
56873  -55.619  -25.684  -31.002 0.0000000000
56883  -55.186  -26.232  -31.101 0.0000000000
56884  -55.965  -26.171  -31.343 0.0000000000
56885  -56.846  -26.275  -31.518 0.0000000000
56886  -57.684  -26.250  -31.636 0.0000000000
56887  -58.454  -26.185  -31.812 0.0000000000
56900  -59.166  -26.252  -32.057 0.0000000000
56901  -59.935  -26.345  -32.322 0.0000000000
56902  -60.757  -26.341  -32.587 0.0000000000
56914  -61.513  -26.333  -32.910 0.0000000000
56915  -62.211  -26.383  -33.302 0.0000000000
56916  -62.918  -26.429  -33.700 0.0000000000
56925  -54.343  -26.200  -34.704 0.0000000000
56926  -54.878  -26.346  -34.541 0.0000000000
56927  -55.908  -26.543  -34.478 0.0000000000
56928  -56.818  -26.135  -34.453 0.0000000000
56929  -57.435  -25.971  -34.569 0.0000000000
56930  -63.602  -26.429  -34.166 0.0000000000
56931  -64.339  -26.422  -34.662 0.0000000000
56940  -54.296  -26.631  -35.246 0.0000000000
56941  -55.059  -27.084  -34.940 0.0000000000
56942  -55.715  -27.354  -34.849 0.0000000000
56943  -57.216  -26.577  -34.638 0.0000000000
56944  -57.965  -26.406  -34.786 0.0000000000
56945  -58.912  -26.417  -35.179 0.0000000000
56946  -59.749  -26.385  -35.557 0.0000000000
56947  -65.005  -26.346  -35.200 0.0000000000
56948  -65.589  -26.350  -35.645 0.0000000000
56949  -66.165  -26.577  -36.146 0.0000000000
56961  -54.116  -26.771  -36.378 0.0000000000
56962  -60.510  -26.370  -35.969 0.0000000000
56963  -61.239  -26.390  -36.439 0.0000000000
56964  -61.942  -26.493  -36.875 0.0000000000
56965  -66.657  -26.795  -36.857 0.0000000000
56976  -54.570  -26.735  -37.510 0.0000000000
56977  -54.883  -27.262  -37.679 0.0000000000
56978  -62.613  -26.475  -37.394 0.0000000000
56979  -63.712  -26.228  -38.086 0.0000000000
56980  -64.409  -26.871  -38.237 0.0000000000
56981  -66.619  -26.877  -37.684 0.0000000000
56990  -54.935  -26.327  -38.211 0.0000000000
56991  -55.354  -26.919  -38.388 0.0000000000
56992  -55.867  -26.581  -38.925 0.0000000000
56993  -64.408  -25.754  -38.526 0.0000000000
56994  -64.942  -26.312  -38.508 0.0000000000
56995  -65.820  -26.453  -38.465 0.0000000000
56996  -66.279  -26.945  -38.192 0.0000000000
57004  -55.622  -27.345  -38.892 0.0000000000
57005  -56.025  -26.936  -39.181 0.0000000000
57010  -56.513  -26.651  -39.905 0.0000000000
57012  -56.459  -26.502  -41.721 0.0000000000
57013  -56.686  -26.725  -40.892 0.0000000000
57015  -55.532  -26.540  -43.097 0.0000000000
57016  -55.930  -26.683  -42.385 0.0000000000
57019  -55.004  -26.840  -43.921 0.0000000000
57028  -53.410  -27.033  -45.471 0.0000000000
58111  -56.305  -25.032  -30.902 0.0000000000
58118  -56.058  -25.436  -31.050 0.0000000000
58119  -56.612  -25.337  -31.200 0.0000000000
58120  -57.350  -25.387  -31.386 0.0000000000
58121  -58.139  -25.306  -31.572 0.0000000000
58126  -58.937  -25.312  -31.861 0.0000000000
58127  -59.717  -25.358  -32.137 0.0000000000
58128  -60.497  -25.378  -32.421 0.0000000000
58139  -61.273  -25.350  -32.760 0.0000000000
58140  -62.032  -25.377  -33.171 0.0000000000
58141  -62.714  -25.511  -33.606 0.0000000000
58153  -54.402  -25.663  -34.281 0.0000000000
58154  -55.406  -25.601  -34.121 0.0000000000
58155  -56.380  -25.485  -34.199 0.0000000000
58156  -57.186  -25.338  -34.433 0.0000000000
58157  -57.907  -25.370  -34.627 0.0000000000
58158  -63.343  -25.567  -34.041 0.0000000000
58159  -64.007  -25.541  -34.521 0.0000000000
58172  -58.645  -25.439  -34.978 0.0000000000
58173  -59.430  -25.450  -35.400 0.0000000000
58174  -60.209  -25.456  -35.782 0.0000000000
58175  -64.656  -25.554  -35.082 0.0000000000
58176  -65.309  -25.595  -35.594 0.0000000000
58177  -65.899  -25.680  -36.117 0.0000000000
58192  -60.912  -25.458  -36.308 0.0000000000
58193  -61.786  -25.436  -36.903 0.0000000000
58194  -62.268  -25.953  -37.173 0.0000000000
58195  -66.419  -25.752  -36.715 0.0000000000
58210  -62.138  -24.881  -37.333 0.0000000000
58211  -62.646  -25.390  -37.626 0.0000000000
58212  -63.402  -25.142  -38.191 0.0000000000
58213  -66.609  -25.810  -37.483 0.0000000000
58224  -55.352  -25.801  -38.796 0.0000000000
58225  -55.733  -26.351  -38.842 0.0000000000
58226  -64.067  -25.174  -38.582 0.0000000000
58227  -64.844  -25.247  -38.813 0.0000000000
58228  -65.638  -25.497  -38.708 0.0000000000
58229  -66.347  -25.872  -38.249 0.0000000000
58241  -56.141  -26.140  -39.330 0.0000000000
58248  -56.688  -25.577  -40.402 0.0000000000
58252  -56.471  -25.891  -42.147 0.0000000000
58253  -56.829  -25.872  -41.449 0.0000000000
58257  -55.952  -25.863  -42.737 0.0000000000
59404  -56.720  -24.340  -30.708 0.0000000000
59405  -57.352  -23.760  -30.819 0.0000000000
59412  -57.075  -24.823  -31.176 0.0000000000
59413  -57.658  -24.308  -31.225 0.0000000000
59414  -58.605  -24.348  -31.609 0.0000000000
59417  -59.413  -24.382  -31.955 0.0000000000
59418  -60.176  -24.420  -32.294 0.0000000000
59419  -60.906  -24.398  -32.643 0.0000000000
59427  -61.683  -24.230  -33.107 0.0000000000
59428  -62.550  -24.432  -33.624 0.0000000000
59429  -63.085  -24.869  -33.954 0.0000000000
59441  -55.958  -24.640  -33.888 0.0000000000
59442  -56.847  -24.529  -34.252 0.0000000000
59443  -57.637  -24.521  -34.530 0.0000000000
59444  -63.114  -24.202  -34.136 0.0000000000
59445  -63.643  -24.629  -34.411 0.0000000000
59446  -64.314  -24.674  -34.968 0.0000000000
59461  -58.359  -24.511  -34.839 0.0000000000
59462  -59.096  -24.455  -35.311 0.0000000000
59463  -59.865  -24.525  -35.711 0.0000000000
59464  -64.968  -24.749  -35.543 0.0000000000
59465  -65.625  -24.910  -36.008 0.0000000000
59466  -66.129  -24.893  -36.497 0.0000000000
59482  -60.510  -24.546  -36.162 0.0000000000
59483  -61.169  -24.519  -36.642 0.0000000000
59484  -66.503  -24.793  -37.200 0.0000000000
59499  -61.749  -24.398  -37.119 0.0000000000
59500  -62.357  -24.279  -37.677 0.0000000000
59501  -62.959  -24.625  -38.088 0.0000000000
59502  -66.583  -24.761  -38.059 0.0000000000
59515  -62.828  -23.992  -38.272 0.0000000000
59516  -63.508  -24.299  -38.642 0.0000000000
59517  -64.443  -24.318  -39.115 0.0000000000
59518  -65.387  -24.348  -39.224 0.0000000000
59519  -66.161  -24.676  -38.750 0.0000000000
59533  -64.857  -23.901  -39.463 0.0000000000
59534  -65.166  -23.735  -39.570 0.0000000000
60629  -57.778  -23.261  -30.923 0.0000000000
60646  -58.327  -23.393  -31.325 0.0000000000
60647  -59.050  -23.392  -31.761 0.0000000000
60653  -59.818  -23.445  -32.193 0.0000000000
60654  -60.504  -23.529  -32.560 0.0000000000
60655  -61.093  -23.455  -32.880 0.0000000000
60663  -61.555  -23.195  -33.250 0.0000000000
60664  -62.148  -23.390  -33.601 0.0000000000
60673  -56.468  -23.631  -34.036 0.0000000000
60674  -57.364  -23.555  -34.449 0.0000000000
60675  -58.026  -23.837  -34.713 0.0000000000
60676  -62.778  -23.475  -34.112 0.0000000000
60677  -63.477  -23.591  -34.595 0.0000000000
60678  -64.020  -23.984  -34.847 0.0000000000
60698  -57.992  -23.170  -34.777 0.0000000000
60699  -58.607  -23.476  -35.177 0.0000000000
60700  -59.574  -23.348  -35.838 0.0000000000
60701  -60.163  -23.944  -36.055 0.0000000000
60702  -63.953  -23.480  -35.006 0.0000000000
60703  -64.537  -23.607  -35.477 0.0000000000
60704  -65.400  -24.127  -36.031 0.0000000000
60705  -65.827  -24.439  -36.323 0.0000000000
60726  -59.934  -22.842  -36.293 0.0000000000
60727  -60.616  -23.392  -36.606 0.0000000000
60728  -61.302  -23.914  -36.916 0.0000000000
60729  -64.741  -22.959  -35.926 0.0000000000
60730  -65.205  -23.264  -36.200 0.0000000000
60731  -66.021  -23.818  -36.732 0.0000000000
60747  -61.042  -22.849  -37.167 0.0000000000
60748  -61.581  -23.391  -37.390 0.0000000000
60749  -62.365  -23.334  -38.082 0.0000000000
60750  -66.526  -23.738  -37.720 0.0000000000
60765  -63.034  -23.344  -38.659 0.0000000000
60766  -63.872  -23.373  -39.276 0.0000000000
60767  -64.485  -23.726  -39.423 0.0000000000
60768  -66.063  -23.860  -39.230 0.0000000000
60769  -66.474  -23.602  -38.681 0.0000000000
60780  -64.142  -22.823  -39.614 0.0000000000
60781  -64.717  -23.231  -39.676 0.0000000000
60782  -65.589  -23.334  -39.649 0.0000000000
60783  -66.242  -23.122  -39.390 0.0000000000
61876  -58.140  -22.374  -30.451 0.0000000000
61877  -58.580  -21.933  -30.794 0.0000000000
61896  -58.203  -22.805  -31.031 0.0000000000
61897  -58.731  -22.362  -31.283 0.0000000000
61898  -67.301  -21.678  -30.864 0.0000000000
61899  -67.686  -21.739  -30.755 0.0000000000
61912  -59.477  -22.493  -31.997 0.0000000000
61913  -60.224  -22.473  -32.542 0.0000000000
61914  -60.721  -22.967  -32.768 0.0000000000
61922  -60.511  -21.861  -32.806 0.0000000000
61923  -61.007  -22.411  -33.081 0.0000000000
61924  -61.739  -22.489  -33.629 0.0000000000
61934  -56.066  -22.696  -33.863 0.0000000000
61935  -56.886  -22.675  -34.265 0.0000000000
61936  -57.574  -22.570  -34.639 0.0000000000
61937  -62.348  -22.567  -34.103 0.0000000000
61938  -62.999  -22.641  -34.603 0.0000000000
61958  -58.219  -22.488  -35.096 0.0000000000
61959  -58.923  -22.561  -35.657 0.0000000000
61960  -59.314  -22.737  -35.868 0.0000000000
61961  -63.744  -22.751  -35.161 0.0000000000
61962  -64.345  -22.512  -35.763 0.0000000000
61979  -58.930  -21.977  -35.879 0.0000000000
61980  -59.427  -22.329  -36.121 0.0000000000
61981  -60.081  -22.342  -36.643 0.0000000000
61982  -64.882  -22.443  -36.258 0.0000000000
61983  -65.549  -22.616  -36.776 0.0000000000
61984  -66.186  -22.792  -37.426 0.0000000000
61997  -60.660  -22.333  -37.097 0.0000000000
61998  -61.279  -22.327  -37.596 0.0000000000
61999  -61.882  -22.684  -37.946 0.0000000000
62000  -66.503  -22.661  -38.209 0.0000000000
62017  -61.726  -22.064  -38.098 0.0000000000
62018  -62.406  -22.357  -38.559 0.0000000000
62019  -63.181  -22.683  -39.029 0.0000000000
62020  -66.479  -22.254  -39.096 0.0000000000
62034  -62.930  -22.026  -39.129 0.0000000000
62035  -63.626  -22.299  -39.484 0.0000000000
62036  -64.389  -22.274  -39.809 0.0000000000
62037  -65.199  -22.385  -39.949 0.0000000000
62038  -65.986  -22.345  -39.763 0.0000000000
63000  -65.986  -21.410  -24.832 0.0000000000
63015  -65.790  -21.343  -25.470 0.0000000000
63027  -65.690  -21.217  -26.010 0.0000000000
63028  -66.214  -21.520  -26.195 0.0000000000
63044  -58.645  -21.718  -30.209 0.0000000000
63052  -58.588  -21.819  -30.561 0.0000000000
63053  -59.028  -21.362  -30.800 0.0000000000
63054  -59.942  -20.952  -30.301 0.0000000000
63055  -60.987  -20.814  -30.018 0.0000000000
63056  -62.148  -21.022  -30.008 0.0000000000
63058  -64.726  -21.224  -30.606 0.0000000000
63061  -68.636  -21.215  -30.148 0.0000000000
63068  -59.483  -21.510  -31.694 0.0000000000
63069  -59.786  -20.970  -31.888 0.0000000000
63070  -65.149  -20.695  -31.086 0.0000000000
63071  -65.735  -21.028  -31.073 0.0000000000
63072  -66.722  -21.441  -31.017 0.0000000000
63073  -67.520  -21.166  -31.206 0.0000000000
63074  -68.003  -20.999  -31.093 0.0000000000
63075  -68.329  -20.966  -30.714 0.0000000000
63090  -59.765  -21.897  -32.228 0.0000000000
63091  -60.136  -21.243  -32.410 0.0000000000
63103  -60.777  -21.368  -33.055 0.0000000000
63104  -61.423  -21.495  -33.621 0.0000000000
63105  -61.963  -21.852  -34.030 0.0000000000
63119  -56.546  -21.684  -34.208 0.0000000000
63120  -57.175  -21.977  -34.506 0.0000000000
63121  -61.856  -21.190  -34.162 0.0000000000
63122  -62.470  -21.537  -34.593 0.0000000000
63123  -63.183  -21.918  -35.040 0.0000000000
63143  -57.130  -21.378  -34.574 0.0000000000
63144  -57.647  -21.649  -34.920 0.0000000000
63145  -58.428  -21.597  -35.532 0.0000000000
63146  -62.993  -21.171  -35.189 0.0000000000
63147  -63.713  -21.521  -35.676 0.0000000000
63148  -64.432  -21.817  -36.146 0.0000000000
63162  -59.045  -21.412  -36.067 0.0000000000
63163  -59.683  -21.441  -36.631 0.0000000000
63164  -60.242  -21.727  -37.013 0.0000000000
63165  -64.247  -21.134  -36.294 0.0000000000
63166  -64.978  -21.495  -36.771 0.0000000000
63167  -65.795  -21.885  -37.321 0.0000000000
63168  -66.269  -22.021  -37.829 0.0000000000
63177  -60.147  -21.127  -37.082 0.0000000000
63178  -60.728  -21.403  -37.508 0.0000000000
63179  -61.335  -21.631  -37.922 0.0000000000
63180  -65.497  -21.121  -37.373 0.0000000000
63181  -66.010  -21.253  -37.798 0.0000000000
63182  -66.418  -21.496  -38.433 0.0000000000
63193  -61.186  -21.068  -38.001 0.0000000000
63194  -61.753  -21.347  -38.397 0.0000000000
63195  -62.452  -21.348  -38.944 0.0000000000
63196  -66.545  -21.190  -39.101 0.0000000000
63210  -63.135  -21.354  -39.400 0.0000000000
63211  -63.899  -21.390  -39.770 0.0000000000
63212  -64.781  -21.349  -40.110 0.0000000000
63213  -65.625  -21.530  -40.112 0.0000000000
63214  -66.301  -21.204  -39.751 0.0000000000
63228  -65.362  -20.862  -40.270 0.0000000000
63229  -65.898  -20.788  -40.189 0.0000000000
63230  -66.252  -20.627  -40.079 0.0000000000
64249  -67.635  -20.448  -22.665 0.0000000000
64259  -65.686  -20.029  -23.872 0.0000000000
64260  -66.350  -20.724  -23.757 0.0000000000
64270  -64.722  -20.133  -24.888 0.0000000000
64271  -65.402  -20.587  -24.656 0.0000000000
64272  -66.037  -21.121  -24.381 0.0000000000
64283  -64.772  -20.428  -25.470 0.0000000000
64284  -65.293  -20.934  -25.725 0.0000000000
64293  -64.979  -20.588  -26.157 0.0000000000
64294  -65.653  -20.864  -26.580 0.0000000000
64295  -66.595  -21.265  -26.980 0.0000000000
64296  -67.268  -21.432  -27.315 0.0000000000
64307  -66.265  -20.626  -27.329 0.0000000000
64308  -67.034  -20.841  -27.649 0.0000000000
64309  -67.788  -21.156  -27.821 0.0000000000
64310  -68.418  -21.136  -28.313 0.0000000000
64311  -68.755  -21.283  -28.681 0.0000000000
64320  -68.657  -20.793  -28.836 0.0000000000
64321  -68.820  -20.918  -29.198 0.0000000000
64325  -68.701  -20.598  -29.950 0.0000000000
64328  -59.440  -21.082  -31.294 0.0000000000
64329  -59.735  -20.757  -31.078 0.0000000000
64330  -60.568  -20.432  -30.897 0.0000000000
64331  -61.638  -20.247  -30.683 0.0000000000
64332  -62.784  -20.456  -30.630 0.0000000000
64333  -63.773  -20.653  -30.749 0.0000000000
64334  -68.493  -20.293  -30.747 0.0000000000
64340  -59.680  -20.915  -31.544 0.0000000000
64341  -60.173  -20.550  -31.712 0.0000000000
64342  -61.186  -19.846  -31.762 0.0000000000
64343  -62.321  -19.751  -31.299 0.0000000000
64344  -63.391  -19.954  -31.254 0.0000000000
64345  -64.529  -20.267  -31.263 0.0000000000
64346  -65.540  -20.334  -31.539 0.0000000000
64347  -66.386  -20.623  -31.568 0.0000000000
64348  -67.206  -20.647  -31.662 0.0000000000
64349  -67.846  -20.448  -31.695 0.0000000000
64350  -68.302  -20.077  -31.598 0.0000000000
64366  -60.551  -20.357  -32.332 0.0000000000
64367  -61.112  -20.054  -32.761 0.0000000000
64368  -66.109  -20.101  -31.938 0.0000000000
64369  -66.792  -20.101  -32.144 0.0000000000
64370  -67.594  -20.034  -32.281 0.0000000000
64371  -68.123  -19.813  -32.271 0.0000000000
64372  -68.330  -19.561  -32.253 0.0000000000
64388  -60.707  -20.687  -32.799 0.0000000000
64389  -61.157  -20.629  -33.323 0.0000000000
64402  -56.880  -20.603  -34.475 0.0000000000
64403  -57.225  -19.874  -34.730 0.0000000000
64404  -61.621  -20.585  -33.897 0.0000000000
64405  -62.064  -20.509  -34.419 0.0000000000
64423  -57.327  -21.039  -34.810 0.0000000000
64424  -57.711  -20.547  -35.170 0.0000000000
64425  -58.615  -20.573  -35.799 0.0000000000
64426  -62.590  -20.448  -34.955 0.0000000000
64427  -63.193  -20.441  -35.528 0.0000000000
64443  -59.283  -20.565  -36.337 0.0000000000
64444  -59.836  -20.549  -36.845 0.0000000000
64445  -63.803  -20.408  -36.113 0.0000000000
64446  -64.439  -20.429  -36.667 0.0000000000
64457  -60.339  -20.516  -37.322 0.0000000000
64458  -60.851  -20.488  -37.793 0.0000000000
64459  -65.043  -20.465  -37.198 0.0000000000
64460  -65.626  -20.454  -37.666 0.0000000000
64461  -66.140  -20.512  -38.166 0.0000000000
64470  -61.372  -20.470  -38.266 0.0000000000
64471  -61.971  -20.470  -38.772 0.0000000000
64472  -62.670  -20.481  -39.241 0.0000000000
64473  -66.504  -20.487  -38.738 0.0000000000
64481  -63.402  -20.485  -39.636 0.0000000000
64482  -64.175  -20.454  -39.983 0.0000000000
64483  -64.905  -20.326  -40.257 0.0000000000
64484  -66.638  -20.396  -39.349 0.0000000000
64493  -65.553  -20.186  -40.313 0.0000000000
64494  -66.110  -20.133  -40.220 0.0000000000
64495  -66.499  -20.240  -39.899 0.0000000000
65547  -67.682  -19.134  -21.839 0.0000000000
65548  -68.329  -19.655  -21.733 0.0000000000
65557  -66.608  -19.069  -22.667 0.0000000000
65558  -67.305  -19.467  -22.427 0.0000000000
65559  -67.963  -20.084  -22.287 0.0000000000
65561  -64.797  -19.187  -23.874 0.0000000000
65562  -65.248  -19.360  -23.739 0.0000000000
65563  -66.271  -19.533  -23.206 0.0000000000
65564  -66.989  -20.206  -23.064 0.0000000000
65568  -63.936  -19.446  -24.835 0.0000000000
65569  -64.575  -19.491  -24.337 0.0000000000
65570  -65.223  -19.872  -24.139 0.0000000000
65580  -62.881  -19.083  -25.737 0.0000000000
65581  -63.515  -19.440  -25.435 0.0000000000
65582  -64.233  -19.922  -25.169 0.0000000000
65590  -62.623  -18.972  -26.080 0.0000000000
65591  -63.208  -19.262  -26.490 0.0000000000
65592  -64.313  -20.048  -26.306 0.0000000000
65593  -65.034  -20.449  -26.646 0.0000000000
65605  -63.333  -19.091  -27.189 0.0000000000
65606  -64.081  -19.307  -27.447 0.0000000000
65607  -65.361  -20.059  -27.408 0.0000000000
65608  -66.646  -20.122  -27.981 0.0000000000
65609  -67.579  -20.416  -28.255 0.0000000000
65610  -68.071  -20.726  -28.328 0.0000000000
65624  -64.374  -18.969  -28.100 0.0000000000
65625  -64.988  -19.214  -28.184 0.0000000000
65626  -66.103  -19.410  -28.400 0.0000000000
65627  -67.348  -19.517  -28.876 0.0000000000
65628  -68.278  -20.285  -28.851 0.0000000000
65629  -68.652  -20.522  -29.108 0.0000000000
65637  -67.631  -19.171  -29.534 0.0000000000
65638  -68.118  -19.415  -29.753 0.0000000000
65639  -68.555  -20.208  -29.566 0.0000000000
65643  -68.203  -19.180  -30.455 0.0000000000
65644  -68.421  -19.590  -30.554 0.0000000000
65649  -62.120  -19.407  -32.016 0.0000000000
65650  -62.954  -19.392  -31.911 0.0000000000
65651  -63.995  -19.494  -31.911 0.0000000000
65652  -65.075  -19.702  -31.944 0.0000000000
65653  -65.695  -19.909  -31.970 0.0000000000
65654  -68.435  -19.427  -31.475 0.0000000000
65666  -61.789  -19.475  -32.675 0.0000000000
65667  -62.565  -19.130  -32.580 0.0000000000
65668  -63.414  -18.993  -32.595 0.0000000000
65669  -64.592  -18.985  -32.767 0.0000000000
65670  -65.973  -19.537  -32.540 0.0000000000
65671  -67.166  -19.570  -32.848 0.0000000000
65672  -67.979  -19.486  -32.944 0.0000000000
65673  -68.341  -19.256  -32.743 0.0000000000
65674  -68.493  -19.148  -32.335 0.0000000000
65692  -61.698  -19.828  -33.531 0.0000000000
65693  -62.412  -19.134  -33.376 0.0000000000
65694  -62.910  -18.841  -33.015 0.0000000000
65695  -64.842  -18.626  -33.394 0.0000000000
65696  -65.544  -18.831  -33.320 0.0000000000
65697  -66.610  -19.041  -33.400 0.0000000000
65698  -67.675  -18.971  -33.637 0.0000000000
65699  -68.350  -18.748  -33.511 0.0000000000
65700  -68.563  -18.761  -33.059 0.0000000000
65715  -57.301  -19.342  -34.584 0.0000000000
65716  -61.875  -20.031  -34.107 0.0000000000
65717  -62.482  -19.448  -34.346 0.0000000000
65718  -63.190  -19.109  -35.073 0.0000000000
65719  -67.906  -18.743  -33.966 0.0000000000
65720  -68.135  -18.649  -33.942 0.0000000000
65734  -57.693  -19.458  -34.957 0.0000000000
65735  -58.357  -19.621  -35.482 0.0000000000
65736  -62.910  -19.732  -35.185 0.0000000000
65737  -63.478  -19.466  -35.789 0.0000000000
65757  -59.056  -19.714  -35.978 0.0000000000
65758  -59.648  -19.703  -36.514 0.0000000000
65759  -60.134  -19.311  -36.868 0.0000000000
65760  -64.089  -19.522  -36.463 0.0000000000
65761  -64.669  -19.596  -36.998 0.0000000000
65778  -60.085  -19.935  -37.026 0.0000000000
65779  -60.592  -19.581  -37.473 0.0000000000
65780  -61.132  -19.246  -37.921 0.0000000000
65781  -65.224  -19.666  -37.431 0.0000000000
65782  -65.761  -19.668  -37.885 0.0000000000
65783  -66.229  -19.647  -38.393 0.0000000000
65797  -61.088  -19.872  -37.994 0.0000000000
65798  -61.590  -19.545  -38.444 0.0000000000
65799  -62.297  -19.572  -39.022 0.0000000000
65800  -66.624  -19.576  -38.900 0.0000000000
65808  -62.989  -19.592  -39.460 0.0000000000
65809  -63.704  -19.569  -39.851 0.0000000000
65810  -64.455  -19.526  -40.159 0.0000000000
65811  -66.615  -19.484  -39.489 0.0000000000
65819  -65.166  -19.476  -40.302 0.0000000000
65820  -65.805  -19.416  -40.259 0.0000000000
65821  -66.358  -19.392  -40.008 0.0000000000
66834  -69.813  -18.914  -17.823 0.0000000000
66845  -69.144  -18.494  -19.381 0.0000000000
66846  -69.640  -18.879  -18.827 0.0000000000
66858  -68.115  -18.425  -20.511 0.0000000000
66859  -68.797  -18.560  -20.077 0.0000000000
66860  -69.483  -19.094  -19.759 0.0000000000
66870  -66.906  -18.374  -21.533 0.0000000000
66871  -67.682  -18.638  -21.248 0.0000000000
66872  -68.635  -18.997  -20.894 0.0000000000
66873  -69.224  -19.223  -20.427 0.0000000000
66876  -65.003  -18.199  -22.841 0.0000000000
66877  -65.709  -18.316  -22.484 0.0000000000
66878  -66.531  -18.546  -22.169 0.0000000000
66879  -67.267  -18.811  -21.876 0.0000000000
66881  -63.856  -18.487  -23.877 0.0000000000
66882  -64.573  -18.698  -23.591 0.0000000000
66883  -65.535  -18.777  -23.145 0.0000000000
66884  -66.177  -18.809  -22.776 0.0000000000
66889  -62.790  -18.457  -24.869 0.0000000000
66890  -63.520  -18.817  -24.511 0.0000000000
66891  -64.130  -18.868  -24.069 0.0000000000
66900  -61.837  -18.124  -25.614 0.0000000000
66901  -62.327  -18.519  -25.559 0.0000000000
66902  -62.985  -18.883  -25.206 0.0000000000
66909  -61.656  -18.223  -26.135 0.0000000000
66910  -62.327  -18.726  -26.558 0.0000000000
66911  -62.857  -18.942  -27.096 0.0000000000
66923  -61.550  -18.266  -27.086 0.0000000000
66924  -62.327  -18.605  -27.476 0.0000000000
66925  -63.222  -18.792  -27.718 0.0000000000
66926  -63.933  -18.795  -28.074 0.0000000000
66941  -61.691  -18.109  -28.011 0.0000000000
66942  -62.567  -18.346  -28.279 0.0000000000
66943  -63.463  -18.454  -28.488 0.0000000000
66944  -64.473  -18.548  -28.693 0.0000000000
66945  -65.572  -18.761  -28.848 0.0000000000
66946  -66.557  -18.863  -29.132 0.0000000000
66947  -67.250  -18.935  -29.473 0.0000000000
66959  -65.200  -18.266  -29.262 0.0000000000
66960  -66.000  -18.313  -29.452 0.0000000000
66961  -66.837  -18.415  -29.888 0.0000000000
66962  -67.626  -18.802  -30.021 0.0000000000
66963  -68.016  -18.940  -30.410 0.0000000000
66968  -67.343  -18.276  -30.452 0.0000000000
66969  -67.808  -18.476  -30.701 0.0000000000
66970  -68.187  -18.689  -31.055 0.0000000000
66971  -68.399  -18.934  -31.404 0.0000000000
66978  -68.415  -18.376  -31.717 0.0000000000
66979  -68.570  -18.548  -32.113 0.0000000000
66989  -63.266  -18.757  -33.060 0.0000000000
66990  -63.694  -18.719  -33.110 0.0000000000
66991  -68.733  -18.329  -32.918 0.0000000000
67014  -62.636  -18.937  -33.859 0.0000000000
67015  -63.123  -18.702  -33.574 0.0000000000
67016  -64.147  -18.490  -33.662 0.0000000000
67017  -65.106  -18.358  -33.901 0.0000000000
67018  -66.102  -18.453  -33.926 0.0000000000
67019  -66.993  -18.628  -33.964 0.0000000000
67020  -68.506  -18.356  -33.790 0.0000000000
67021  -68.677  -18.167  -33.661 0.0000000000
67044  -58.541  -18.166  -34.779 0.0000000000
67045  -62.845  -18.834  -34.083 0.0000000000
67046  -63.394  -18.652  -34.432 0.0000000000
67047  -64.484  -18.200  -34.629 0.0000000000
67048  -65.574  -17.972  -34.608 0.0000000000
67049  -66.659  -18.083  -34.469 0.0000000000
67050  -67.695  -18.361  -34.237 0.0000000000
67051  -68.417  -18.081  -34.195 0.0000000000
67052  -68.747  -17.852  -34.093 0.0000000000
67062  -58.250  -18.896  -35.038 0.0000000000
67063  -59.135  -18.637  -35.541 0.0000000000
67064  -59.750  -18.176  -35.788 0.0000000000
67065  -63.934  -18.543  -35.517 0.0000000000
67066  -65.023  -17.798  -35.652 0.0000000000
67067  -66.155  -17.580  -35.218 0.0000000000
67068  -67.210  -17.667  -34.947 0.0000000000
67069  -67.963  -17.790  -34.799 0.0000000000
67070  -68.081  -17.871  -34.909 0.0000000000
67086  -59.429  -19.187  -36.083 0.0000000000
67087  -59.919  -18.658  -36.281 0.0000000000
67088  -60.504  -18.642  -36.989 0.0000000000
67089  -63.959  -18.933  -36.151 0.0000000000
67090  -64.685  -18.532  -36.620 0.0000000000
67091  -65.253  -18.297  -37.020 0.0000000000
67109  -60.973  -18.634  -37.542 0.0000000000
67110  -61.512  -18.561  -38.090 0.0000000000
67111  -64.935  -19.101  -37.183 0.0000000000
67112  -65.367  -18.758  -37.430 0.0000000000
67113  -65.904  -18.925  -38.004 0.0000000000
67127  -62.122  -18.612  -38.716 0.0000000000
67128  -62.729  -18.708  -39.245 0.0000000000
67129  -66.272  -18.610  -38.421 0.0000000000
67130  -66.313  -18.012  -38.330 0.0000000000
67139  -63.331  -18.708  -39.636 0.0000000000
67140  -64.075  -18.611  -40.015 0.0000000000
67141  -64.839  -18.676  -40.220 0.0000000000
67142  -66.647  -18.703  -39.014 0.0000000000
67143  -66.445  -18.000  -38.606 0.0000000000
67146  -65.452  -18.664  -40.227 0.0000000000
67147  -66.067  -18.537  -40.042 0.0000000000
67148  -66.477  -18.474  -39.501 0.0000000000
67149  -66.619  -17.995  -39.128 0.0000000000
68069  -68.879  -17.358  -17.548 0.0000000000
68070  -69.362  -17.918  -16.967 0.0000000000
68071  -67.934  -17.184  -18.737 0.0000000000
68072  -68.515  -17.451  -18.259 0.0000000000
68073  -69.221  -18.129  -18.042 0.0000000000
68074  -67.602  -17.406  -19.425 0.0000000000
68075  -68.452  -17.919  -19.241 0.0000000000
68076  -69.022  -18.176  -18.772 0.0000000000
68078  -66.582  -17.486  -20.696 0.0000000000
68079  -67.281  -17.785  -20.331 0.0000000000
68080  -68.078  -18.021  -19.943 0.0000000000
68084  -65.634  -17.098  -21.528 0.0000000000
68085  -66.146  -17.638  -21.406 0.0000000000
68086  -66.920  -18.016  -21.037 0.0000000000
68091  -63.596  -17.273  -23.415 0.0000000000
68092  -64.186  -17.626  -23.161 0.0000000000
68093  -65.199  -17.365  -22.159 0.0000000000
68094  -65.883  -17.995  -22.026 0.0000000000
68096  -62.701  -17.381  -24.221 0.0000000000
68097  -63.290  -17.762  -23.904 0.0000000000
68098  -63.944  -18.159  -23.576 0.0000000000
68102  -61.891  -17.377  -25.028 0.0000000000
68103  -62.348  -17.758  -24.762 0.0000000000
68104  -62.955  -18.210  -24.471 0.0000000000
68111  -61.609  -17.616  -25.547 0.0000000000
68112  -61.982  -18.024  -25.337 0.0000000000
68118  -60.538  -17.095  -26.997 0.0000000000
68119  -60.956  -17.543  -26.663 0.0000000000
68128  -60.584  -17.180  -27.475 0.0000000000
68129  -61.003  -17.700  -27.661 0.0000000000
68144  -60.687  -17.239  -28.098 0.0000000000
68145  -61.114  -17.450  -28.554 0.0000000000
68146  -61.953  -17.823  -28.827 0.0000000000
68147  -62.861  -18.039  -29.040 0.0000000000
68148  -63.719  -18.124  -29.088 0.0000000000
68163  -61.448  -17.324  -29.256 0.0000000000
68164  -62.229  -17.416  -29.655 0.0000000000
68165  -63.333  -17.692  -29.655 0.0000000000
68166  -64.434  -17.892  -29.570 0.0000000000
68167  -65.448  -17.872  -29.805 0.0000000000
68168  -66.195  -17.940  -30.013 0.0000000000
68174  -62.882  -17.215  -30.243 0.0000000000
68175  -63.879  -17.331  -30.240 0.0000000000
68176  -64.924  -17.430  -30.280 0.0000000000
68177  -65.836  -17.519  -30.390 0.0000000000
68178  -66.724  -17.694  -30.669 0.0000000000
68179  -67.545  -17.909  -30.950 0.0000000000
68180  -67.957  -18.092  -31.214 0.0000000000
68190  -67.277  -17.376  -31.261 0.0000000000
68191  -67.842  -17.558  -31.466 0.0000000000
68192  -68.276  -17.755  -31.789 0.0000000000
68193  -68.566  -17.943  -32.133 0.0000000000
68203  -68.558  -17.425  -32.348 0.0000000000
68204  -68.749  -17.639  -32.701 0.0000000000
68221  -68.909  -17.489  -33.491 0.0000000000
68238  -58.192  -17.779  -34.366 0.0000000000
68239  -58.824  -17.070  -34.548 0.0000000000
68240  -59.467  -16.660  -34.902 0.0000000000
68241  -68.750  -17.592  -34.410 0.0000000000
68242  -69.182  -17.344  -33.837 0.0000000000
68257  -59.123  -17.845  -35.020 0.0000000000
68258  -59.816  -17.338  -35.447 0.0000000000
68259  -60.516  -16.880  -35.879 0.0000000000
68260  -65.268  -17.605  -36.238 0.0000000000
68261  -65.762  -17.407  -36.044 0.0000000000
68262  -66.702  -17.217  -35.725 0.0000000000
68263  -67.650  -17.256  -35.414 0.0000000000
68264  -68.414  -17.385  -34.944 0.0000000000
68265  -68.889  -16.987  -34.744 0.0000000000
68273  -60.085  -17.963  -35.963 0.0000000000
68274  -60.708  -17.530  -36.494 0.0000000000
68275  -61.349  -17.039  -37.049 0.0000000000
68276  -65.020  -17.834  -36.357 0.0000000000
68277  -65.414  -17.798  -36.760 0.0000000000
68278  -66.121  -17.101  -36.601 0.0000000000
68279  -67.082  -16.840  -36.196 0.0000000000
68280  -67.989  -16.679  -35.859 0.0000000000
68281  -68.573  -16.617  -35.347 0.0000000000
68291  -60.876  -18.117  -37.145 0.0000000000
68292  -61.414  -17.640  -37.492 0.0000000000
68293  -65.468  -18.160  -37.245 0.0000000000
68294  -65.872  -17.894  -37.612 0.0000000000
68295  -66.485  -16.845  -37.078 0.0000000000
68296  -67.313  -16.459  -36.606 0.0000000000
68311  -62.061  -17.678  -38.268 0.0000000000
68312  -62.808  -17.620  -39.020 0.0000000000
68313  -63.331  -17.125  -39.263 0.0000000000
68314  -66.125  -17.988  -37.973 0.0000000000
68315  -66.360  -17.371  -37.975 0.0000000000
68316  -66.842  -16.489  -37.316 0.0000000000
68329  -63.078  -18.155  -39.426 0.0000000000
68330  -63.645  -17.630  -39.608 0.0000000000
68331  -64.787  -17.625  -39.975 0.0000000000
68332  -65.334  -17.188  -39.914 0.0000000000
68333  -66.565  -17.267  -38.507 0.0000000000
68334  -66.688  -16.683  -37.908 0.0000000000
68344  -65.177  -18.156  -40.184 0.0000000000
68345  -65.639  -17.664  -40.007 0.0000000000
68346  -66.275  -17.614  -39.549 0.0000000000
68347  -66.602  -17.501  -39.069 0.0000000000
69337  -69.516  -16.314  -15.390 0.0000000000
69349  -69.286  -16.500  -16.299 0.0000000000
69366  -68.534  -16.525  -17.595 0.0000000000
69367  -68.939  -16.605  -17.011 0.0000000000
69377  -67.483  -16.394  -18.900 0.0000000000
69378  -68.047  -16.391  -18.190 0.0000000000
69385  -66.466  -16.052  -20.045 0.0000000000
69386  -66.843  -16.600  -19.748 0.0000000000
69391  -65.725  -15.987  -20.929 0.0000000000
69392  -66.129  -16.560  -20.601 0.0000000000
69393  -66.649  -17.163  -20.288 0.0000000000
69396  -65.480  -16.390  -21.437 0.0000000000
69397  -65.772  -16.963  -21.181 0.0000000000
69403  -63.770  -17.028  -23.178 0.0000000000
69404  -64.196  -16.542  -22.849 0.0000000000
69405  -64.864  -16.301  -22.132 0.0000000000
69412  -62.879  -17.162  -23.968 0.0000000000
69413  -63.327  -16.651  -23.652 0.0000000000
69414  -63.824  -16.131  -23.304 0.0000000000
69422  -62.043  -17.227  -24.787 0.0000000000
69423  -62.432  -16.851  -24.421 0.0000000000
69424  -62.881  -16.313  -24.232 0.0000000000
69429  -61.717  -16.909  -25.140 0.0000000000
69430  -62.054  -16.349  -25.020 0.0000000000
69436  -60.656  -16.909  -26.685 0.0000000000
69437  -61.063  -16.820  -26.025 0.0000000000
69445  -60.476  -16.607  -27.252 0.0000000000
69446  -60.728  -16.430  -26.673 0.0000000000
69458  -60.456  -16.664  -28.144 0.0000000000
69459  -60.688  -17.012  -28.541 0.0000000000
69476  -60.451  -16.296  -28.583 0.0000000000
69477  -60.810  -16.584  -29.220 0.0000000000
69478  -61.517  -16.987  -29.718 0.0000000000
69489  -60.905  -15.914  -30.022 0.0000000000
69490  -61.848  -16.451  -30.511 0.0000000000
69491  -63.267  -16.798  -30.824 0.0000000000
69492  -64.420  -16.906  -30.837 0.0000000000
69493  -65.479  -17.052  -30.872 0.0000000000
69494  -66.132  -17.265  -30.862 0.0000000000
69504  -62.175  -15.896  -31.252 0.0000000000
69505  -62.804  -16.156  -31.363 0.0000000000
69506  -63.900  -16.387  -31.443 0.0000000000
69507  -65.050  -16.514  -31.450 0.0000000000
69508  -66.448  -16.764  -31.533 0.0000000000
69509  -67.606  -16.983  -31.766 0.0000000000
69510  -68.061  -17.247  -31.861 0.0000000000
69521  -66.770  -16.267  -32.140 0.0000000000
69522  -67.345  -16.364  -32.211 0.0000000000
69523  -68.292  -16.714  -32.462 0.0000000000
69524  -68.673  -17.091  -32.669 0.0000000000
69538  -68.609  -16.199  -33.055 0.0000000000
69539  -68.818  -16.608  -33.259 0.0000000000
69548  -59.297  -16.020  -34.631 0.0000000000
69549  -69.038  -16.530  -34.245 0.0000000000
69563  -59.899  -16.125  -35.044 0.0000000000
69564  -60.461  -16.222  -35.559 0.0000000000
69565  -68.844  -15.983  -35.213 0.0000000000
69580  -61.002  -16.322  -36.117 0.0000000000
69581  -61.466  -16.450  -36.742 0.0000000000
69582  -67.866  -16.147  -36.386 0.0000000000
69583  -68.391  -15.942  -35.986 0.0000000000
69591  -61.923  -16.527  -37.408 0.0000000000
69592  -62.366  -16.395  -37.838 0.0000000000
69593  -67.475  -16.065  -36.909 0.0000000000
69594  -67.965  -15.711  -36.645 0.0000000000
69606  -62.036  -16.970  -37.891 0.0000000000
69607  -62.650  -16.661  -38.299 0.0000000000
69608  -63.347  -16.545  -38.867 0.0000000000
69609  -64.011  -16.138  -39.136 0.0000000000
69610  -67.168  -16.046  -37.510 0.0000000000
69611  -67.605  -15.706  -37.074 0.0000000000
69625  -63.719  -16.786  -39.338 0.0000000000
69626  -64.457  -16.595  -39.527 0.0000000000
69627  -65.247  -16.594  -39.695 0.0000000000
69628  -65.838  -16.283  -39.557 0.0000000000
69629  -66.668  -16.972  -38.681 0.0000000000
69630  -66.833  -16.422  -38.273 0.0000000000
69646  -65.648  -16.897  -39.763 0.0000000000
69647  -66.162  -16.740  -39.488 0.0000000000
69648  -66.665  -16.739  -38.979 0.0000000000
69649  -66.855  -16.294  -38.590 0.0000000000
70674  -69.146  -15.755  -14.084 0.0000000000
70689  -69.661  -15.407  -14.808 0.0000000000
70690  -70.057  -14.757  -15.242 0.0000000000
70704  -66.872  -14.716  -15.009 0.0000000000
70705  -69.900  -15.225  -15.437 0.0000000000
70706  -70.186  -14.651  -15.718 0.0000000000
70722  -69.876  -15.187  -16.105 0.0000000000
70723  -70.228  -14.583  -16.058 0.0000000000
70743  -68.859  -15.819  -17.281 0.0000000000
70744  -69.346  -15.434  -16.905 0.0000000000
70762  -67.959  -15.273  -18.530 0.0000000000
70763  -68.630  -15.428  -17.809 0.0000000000
70764  -69.100  -15.246  -17.412 0.0000000000
70778  -66.742  -15.699  -19.810 0.0000000000
70779  -67.231  -15.383  -19.355 0.0000000000
70795  -66.006  -15.648  -20.736 0.0000000000
70796  -66.520  -15.360  -20.307 0.0000000000
70797  -66.934  -15.162  -19.861 0.0000000000
70808  -65.738  -15.361  -21.282 0.0000000000
70809  -66.242  -15.070  -20.891 0.0000000000
70811  -64.604  -15.774  -22.546 0.0000000000
70812  -65.133  -15.438  -22.004 0.0000000000
70818  -63.671  -15.877  -23.648 0.0000000000
70819  -64.199  -15.517  -23.240 0.0000000000
70820  -64.814  -15.165  -22.736 0.0000000000
70830  -62.565  -16.062  -24.681 0.0000000000
70831  -63.236  -15.735  -24.273 0.0000000000
70832  -63.846  -15.441  -23.935 0.0000000000
70838  -61.526  -16.213  -25.617 0.0000000000
70839  -62.142  -15.779  -25.359 0.0000000000
70840  -62.813  -15.495  -25.018 0.0000000000
70845  -61.040  -16.111  -26.296 0.0000000000
70846  -61.585  -15.535  -26.208 0.0000000000
70847  -62.471  -15.208  -25.781 0.0000000000
70854  -60.414  -16.250  -27.674 0.0000000000
70855  -60.762  -15.768  -27.192 0.0000000000
70856  -61.461  -15.111  -26.957 0.0000000000
70867  -60.381  -16.013  -28.106 0.0000000000
70868  -60.640  -15.371  -28.224 0.0000000000
70881  -60.464  -15.902  -28.733 0.0000000000
70882  -60.705  -15.316  -29.287 0.0000000000
70900  -61.156  -15.089  -30.558 0.0000000000
70901  -61.789  -15.571  -31.164 0.0000000000
70919  -61.704  -14.950  -31.410 0.0000000000
70920  -62.440  -15.337  -31.842 0.0000000000
70921  -63.439  -15.815  -32.026 0.0000000000
70922  -64.478  -16.031  -32.088 0.0000000000
70923  -65.545  -16.115  -32.092 0.0000000000
70924  -66.330  -16.124  -32.203 0.0000000000
70935  -63.221  -15.212  -32.490 0.0000000000
70936  -64.030  -15.439  -32.618 0.0000000000
70937  -65.006  -15.587  -32.664 0.0000000000
70938  -65.965  -15.660  -32.653 0.0000000000
70939  -66.884  -15.759  -32.573 0.0000000000
70940  -67.840  -15.710  -32.839 0.0000000000
70941  -68.417  -15.908  -33.026 0.0000000000
70954  -68.308  -15.390  -33.355 0.0000000000
70955  -68.672  -15.643  -33.523 0.0000000000
70956  -68.940  -15.641  -34.081 0.0000000000
70967  -68.942  -15.390  -34.800 0.0000000000
70977  -60.352  -15.210  -35.300 0.0000000000
70978  -68.882  -15.059  -35.391 0.0000000000
70992  -60.984  -15.294  -35.829 0.0000000000
70993  -61.661  -15.367  -36.463 0.0000000000
70994  -62.312  -15.018  -36.993 0.0000000000
70995  -68.700  -15.168  -35.902 0.0000000000
71008  -62.077  -15.779  -37.039 0.0000000000
71009  -62.938  -15.409  -37.727 0.0000000000
71010  -63.744  -14.982  -38.086 0.0000000000
71011  -68.364  -15.215  -36.518 0.0000000000
71020  -63.191  -16.029  -38.354 0.0000000000
71021  -63.873  -15.469  -38.490 0.0000000000
71022  -64.874  -15.468  -39.030 0.0000000000
71023  -65.496  -15.129  -38.994 0.0000000000
71024  -67.510  -15.549  -37.359 0.0000000000
71025  -67.931  -15.286  -37.081 0.0000000000
71035  -65.042  -16.040  -39.463 0.0000000000
71036  -65.610  -15.590  -39.261 0.0000000000
71037  -66.407  -15.703  -39.066 0.0000000000
71038  -66.974  -15.442  -38.448 0.0000000000
71039  -67.276  -15.519  -37.840 0.0000000000
71040  -67.639  -15.276  -37.422 0.0000000000
71053  -66.572  -16.299  -39.153 0.0000000000
71054  -66.816  -16.059  -38.807 0.0000000000
71055  -66.958  -15.944  -38.374 0.0000000000
71982  -68.251  -15.053  -13.949 0.0000000000
71983  -68.887  -15.117  -13.927 0.0000000000
71989  -67.181  -14.622  -14.864 0.0000000000
71990  -67.830  -14.473  -14.547 0.0000000000
71991  -68.788  -14.449  -14.208 0.0000000000
71992  -69.424  -14.728  -14.396 0.0000000000
71993  -69.920  -14.455  -14.903 0.0000000000
71998  -65.280  -14.641  -16.392 0.0000000000
71999  -65.970  -14.559  -16.003 0.0000000000
72000  -66.999  -14.186  -15.511 0.0000000000
72001  -67.716  -13.943  -15.137 0.0000000000
72002  -70.211  -14.175  -15.448 0.0000000000
72009  -66.342  -14.110  -16.237 0.0000000000
72010  -70.191  -14.467  -16.355 0.0000000000
72011  -70.337  -14.114  -16.092 0.0000000000
72021  -69.930  -14.564  -16.829 0.0000000000
72022  -70.285  -14.018  -16.769 0.0000000000
72035  -68.357  -14.604  -18.730 0.0000000000
72036  -68.750  -14.647  -18.368 0.0000000000
72037  -69.515  -14.398  -17.750 0.0000000000
72038  -70.102  -14.113  -17.230 0.0000000000
72051  -67.977  -14.546  -19.177 0.0000000000
72052  -68.806  -14.202  -19.019 0.0000000000
72053  -69.209  -14.212  -18.518 0.0000000000
72070  -66.737  -14.628  -20.791 0.0000000000
72071  -67.442  -14.372  -20.147 0.0000000000
72072  -68.380  -14.004  -19.659 0.0000000000
72091  -65.707  -14.766  -21.902 0.0000000000
72092  -66.373  -14.513  -21.489 0.0000000000
72093  -67.196  -14.029  -21.224 0.0000000000
72107  -65.420  -14.685  -22.614 0.0000000000
72108  -66.191  -14.259  -22.399 0.0000000000
72109  -67.002  -13.910  -22.134 0.0000000000
72115  -64.279  -15.033  -23.956 0.0000000000
72116  -64.947  -14.677  -23.513 0.0000000000
72117  -65.914  -14.168  -23.306 0.0000000000
72118  -66.769  -13.811  -23.028 0.0000000000
72129  -63.264  -15.307  -24.791 0.0000000000
72130  -63.761  -15.047  -24.587 0.0000000000
72131  -64.583  -14.535  -24.543 0.0000000000
72132  -65.585  -14.048  -24.381 0.0000000000
72133  -66.524  -13.705  -23.931 0.0000000000
72143  -63.226  -15.026  -25.326 0.0000000000
72144  -63.926  -14.495  -25.422 0.0000000000
72145  -64.909  -13.976  -25.420 0.0000000000
72146  -65.731  -13.667  -25.188 0.0000000000
72149  -62.089  -14.970  -26.520 0.0000000000
72150  -63.003  -14.606  -26.326 0.0000000000
72151  -64.065  -13.962  -26.394 0.0000000000
72152  -64.895  -13.637  -26.212 0.0000000000
72157  -61.100  -14.986  -27.590 0.0000000000
72158  -61.995  -14.553  -27.371 0.0000000000
72159  -63.121  -13.952  -27.387 0.0000000000
72160  -63.984  -13.648  -27.215 0.0000000000
72168  -61.173  -14.580  -28.380 0.0000000000
72169  -62.166  -13.855  -28.464 0.0000000000
72170  -63.035  -13.612  -28.176 0.0000000000
72181  -61.338  -14.139  -29.478 0.0000000000
72182  -61.883  -13.708  -29.175 0.0000000000
72194  -61.398  -14.098  -30.436 0.0000000000
72216  -61.593  -14.255  -31.182 0.0000000000
72217  -62.034  -14.386  -31.982 0.0000000000
72238  -62.806  -14.491  -32.678 0.0000000000
72239  -63.655  -14.782  -33.020 0.0000000000
72240  -64.561  -14.975  -33.176 0.0000000000
72241  -65.540  -15.105  -33.202 0.0000000000
72242  -66.489  -15.175  -33.132 0.0000000000
72243  -67.267  -15.227  -33.100 0.0000000000
72257  -63.405  -14.142  -33.314 0.0000000000
72258  -64.166  -14.275  -33.596 0.0000000000
72259  -65.136  -14.475  -33.739 0.0000000000
72260  -66.143  -14.583  -33.683 0.0000000000
72261  -67.072  -14.676  -33.566 0.0000000000
72262  -67.866  -14.909  -33.509 0.0000000000
72263  -68.420  -14.829  -33.918 0.0000000000
72264  -68.735  -15.071  -34.128 0.0000000000
72275  -68.655  -14.511  -34.393 0.0000000000
72276  -68.915  -14.707  -34.707 0.0000000000
72285  -60.786  -14.244  -35.640 0.0000000000
72286  -68.932  -14.412  -35.248 0.0000000000
72296  -61.446  -14.289  -36.173 0.0000000000
72297  -62.112  -14.247  -36.671 0.0000000000
72298  -62.801  -14.219  -37.108 0.0000000000
72299  -68.874  -14.334  -35.864 0.0000000000
72312  -63.383  -14.048  -37.527 0.0000000000
72313  -63.994  -14.191  -37.976 0.0000000000
72314  -64.580  -13.678  -38.187 0.0000000000
72315  -68.601  -14.439  -36.475 0.0000000000
72328  -64.112  -14.763  -38.223 0.0000000000
72329  -64.754  -14.310  -38.407 0.0000000000
72330  -65.677  -14.438  -38.660 0.0000000000
72331  -66.137  -14.151  -38.487 0.0000000000
72332  -68.252  -14.693  -36.955 0.0000000000
72347  -65.743  -14.980  -38.919 0.0000000000
72348  -66.174  -14.700  -38.713 0.0000000000
72349  -66.802  -14.745  -38.437 0.0000000000
72350  -67.315  -14.745  -37.985 0.0000000000
72351  -67.813  -14.766  -37.462 0.0000000000
73316  -68.153  -13.764  -15.000 0.0000000000
73317  -68.694  -13.830  -14.687 0.0000000000
73318  -69.361  -13.983  -14.612 0.0000000000
73319  -69.703  -14.176  -14.725 0.0000000000
73324  -67.206  -13.562  -15.981 0.0000000000
73325  -67.811  -13.394  -15.620 0.0000000000
73326  -68.590  -13.275  -15.201 0.0000000000
73327  -69.270  -13.357  -15.041 0.0000000000
73328  -69.915  -13.665  -15.125 0.0000000000
73335  -67.361  -13.164  -16.247 0.0000000000
73336  -70.245  -13.505  -15.809 0.0000000000
73344  -70.331  -13.375  -16.574 0.0000000000
73353  -69.970  -13.633  -18.196 0.0000000000
73354  -70.296  -13.455  -17.544 0.0000000000
73366  -69.032  -13.691  -19.626 0.0000000000
73367  -69.572  -13.623  -18.889 0.0000000000
73368  -70.208  -13.049  -18.543 0.0000000000
73380  -67.896  -13.621  -21.001 0.0000000000
73381  -68.606  -13.527  -20.420 0.0000000000
73382  -69.551  -13.134  -20.064 0.0000000000
73383  -70.025  -12.875  -19.379 0.0000000000
73397  -67.795  -13.549  -21.857 0.0000000000
73398  -68.546  -13.275  -21.467 0.0000000000
73399  -69.258  -13.009  -21.007 0.0000000000
73418  -67.571  -13.482  -22.783 0.0000000000
73419  -68.363  -13.170  -22.461 0.0000000000
73420  -69.065  -12.817  -21.954 0.0000000000
73434  -67.241  -13.443  -23.575 0.0000000000
73435  -67.968  -12.998  -23.542 0.0000000000
73436  -68.748  -12.594  -22.965 0.0000000000
73446  -66.283  -13.562  -24.727 0.0000000000
73447  -67.113  -13.150  -24.505 0.0000000000
73448  -67.867  -12.532  -24.509 0.0000000000
73459  -65.452  -13.516  -25.797 0.0000000000
73460  -66.248  -13.142  -25.560 0.0000000000
73461  -67.209  -12.420  -25.510 0.0000000000
73462  -67.845  -12.093  -25.079 0.0000000000
73469  -64.567  -13.522  -26.815 0.0000000000
73470  -65.360  -13.145  -26.602 0.0000000000
73471  -66.332  -12.445  -26.530 0.0000000000
73472  -66.926  -12.153  -26.149 0.0000000000
73479  -63.624  -13.529  -27.803 0.0000000000
73480  -64.448  -13.191  -27.643 0.0000000000
73481  -65.407  -12.502  -27.626 0.0000000000
73482  -66.048  -12.249  -27.214 0.0000000000
73488  -62.785  -13.518  -28.642 0.0000000000
73489  -63.501  -13.239  -28.596 0.0000000000
73500  -61.813  -13.662  -29.500 0.0000000000
73501  -62.476  -13.388  -29.332 0.0000000000
73514  -61.798  -13.583  -30.017 0.0000000000
73515  -62.529  -12.970  -30.532 0.0000000000
73534  -61.784  -13.624  -30.788 0.0000000000
73535  -62.146  -13.456  -31.617 0.0000000000
73560  -62.434  -13.722  -32.535 0.0000000000
73584  -62.957  -13.664  -33.158 0.0000000000
73585  -63.754  -13.380  -33.834 0.0000000000
73586  -64.760  -13.705  -34.163 0.0000000000
73587  -65.803  -13.897  -34.218 0.0000000000
73588  -66.810  -14.034  -34.091 0.0000000000
73589  -67.661  -14.217  -34.000 0.0000000000
73590  -68.031  -14.440  -33.944 0.0000000000
73602  -63.993  -12.781  -34.189 0.0000000000
73603  -64.505  -12.885  -34.435 0.0000000000
73604  -65.484  -13.054  -34.646 0.0000000000
73605  -66.551  -13.276  -34.567 0.0000000000
73606  -67.492  -13.512  -34.442 0.0000000000
73607  -68.329  -13.801  -34.511 0.0000000000
73608  -68.733  -14.138  -34.653 0.0000000000
73620  -68.553  -13.283  -34.898 0.0000000000
73621  -68.793  -13.588  -35.060 0.0000000000
73631  -61.188  -13.256  -36.065 0.0000000000
73632  -61.847  -13.271  -36.558 0.0000000000
73633  -62.529  -13.251  -36.954 0.0000000000
73634  -68.930  -13.481  -35.765 0.0000000000
73643  -63.186  -13.184  -37.360 0.0000000000
73644  -63.837  -13.139  -37.756 0.0000000000
73645  -64.469  -13.076  -38.083 0.0000000000
73646  -68.755  -13.500  -36.417 0.0000000000
73655  -65.044  -13.106  -38.307 0.0000000000
73656  -65.689  -13.256  -38.450 0.0000000000
73657  -66.410  -13.404  -38.347 0.0000000000
73658  -67.152  -13.151  -38.014 0.0000000000
73659  -67.712  -13.291  -37.643 0.0000000000
73660  -68.243  -13.739  -37.131 0.0000000000
73669  -66.344  -14.048  -38.396 0.0000000000
73670  -66.673  -13.988  -38.295 0.0000000000
73671  -67.235  -13.978  -38.014 0.0000000000
73672  -67.695  -14.089  -37.663 0.0000000000
74726  -68.435  -12.816  -15.711 0.0000000000
74727  -69.055  -12.747  -15.509 0.0000000000
74728  -69.696  -12.929  -15.536 0.0000000000
74729  -70.060  -13.150  -15.620 0.0000000000
74736  -68.712  -12.276  -16.058 0.0000000000
74737  -69.411  -12.266  -16.039 0.0000000000
74738  -70.094  -12.613  -16.209 0.0000000000
74745  -70.348  -12.510  -17.103 0.0000000000
74752  -70.432  -12.351  -18.049 0.0000000000
74759  -70.388  -12.239  -19.069 0.0000000000
74769  -69.711  -12.731  -20.677 0.0000000000
74770  -70.129  -12.287  -20.245 0.0000000000
74780  -69.680  -12.422  -21.313 0.0000000000
74781  -70.090  -11.876  -21.104 0.0000000000
74795  -69.316  -12.156  -22.321 0.0000000000
74814  -68.413  -12.400  -23.820 0.0000000000
74815  -68.904  -11.753  -23.496 0.0000000000
74831  -68.314  -11.978  -24.491 0.0000000000
74832  -68.506  -11.363  -24.557 0.0000000000
74843  -67.627  -11.947  -25.514 0.0000000000
74844  -68.002  -11.500  -25.338 0.0000000000
74845  -68.350  -11.140  -25.049 0.0000000000
74857  -66.779  -12.044  -26.469 0.0000000000
74858  -67.285  -11.702  -26.113 0.0000000000
74859  -67.699  -11.342  -25.865 0.0000000000
74868  -65.854  -12.129  -27.552 0.0000000000
74869  -66.417  -11.807  -27.053 0.0000000000
74870  -66.980  -11.461  -26.623 0.0000000000
74898  -63.075  -12.538  -30.816 0.0000000000
74915  -62.904  -12.564  -31.523 0.0000000000
74930  -62.659  -13.001  -32.445 0.0000000000
74931  -63.226  -12.283  -32.562 0.0000000000
74957  -62.735  -13.315  -32.888 0.0000000000
74958  -63.137  -12.851  -33.264 0.0000000000
74981  -63.726  -12.542  -33.919 0.0000000000
74982  -64.244  -12.276  -34.338 0.0000000000
74983  -65.143  -11.959  -34.922 0.0000000000
74984  -66.302  -12.387  -35.009 0.0000000000
74985  -67.333  -12.742  -34.866 0.0000000000
74986  -67.941  -13.101  -34.694 0.0000000000
74998  -65.546  -11.209  -35.200 0.0000000000
74999  -66.119  -11.444  -35.342 0.0000000000
75000  -67.145  -11.774  -35.387 0.0000000000
75001  -68.251  -12.567  -35.223 0.0000000000
75002  -68.825  -12.631  -35.760 0.0000000000
75011  -61.579  -12.256  -36.551 0.0000000000
75012  -62.253  -12.306  -36.971 0.0000000000
75013  -68.850  -12.625  -36.303 0.0000000000
75023  -62.908  -12.272  -37.304 0.0000000000
75024  -63.596  -12.160  -37.732 0.0000000000
75025  -64.302  -12.168  -38.096 0.0000000000
75026  -68.230  -12.039  -37.338 0.0000000000
75027  -68.514  -12.551  -36.912 0.0000000000
75037  -64.985  -12.178  -38.319 0.0000000000
75038  -65.698  -12.176  -38.437 0.0000000000
75039  -66.458  -12.205  -38.400 0.0000000000
75040  -67.149  -12.240  -38.139 0.0000000000
75041  -67.747  -12.258  -37.711 0.0000000000
75042  -68.117  -12.728  -37.344 0.0000000000
76120  -68.918  -11.526  -16.469 0.0000000000
76121  -69.736  -11.618  -16.604 0.0000000000
76122  -70.160  -11.865  -16.849 0.0000000000
76131  -70.068  -11.255  -16.980 0.0000000000
76132  -70.316  -11.454  -17.527 0.0000000000
76141  -70.493  -11.377  -18.541 0.0000000000
76150  -70.498  -11.371  -19.584 0.0000000000
76162  -70.350  -11.331  -20.579 0.0000000000
76172  -69.787  -11.850  -21.746 0.0000000000
76173  -70.059  -11.241  -21.503 0.0000000000
76182  -69.540  -11.357  -22.404 0.0000000000
76183  -69.838  -10.867  -22.014 0.0000000000
76198  -69.222  -10.976  -23.223 0.0000000000
76218  -68.865  -10.910  -24.049 0.0000000000
76232  -68.283  -10.858  -25.389 0.0000000000
76233  -68.584  -10.744  -24.889 0.0000000000
76247  -67.573  -11.241  -26.105 0.0000000000
76248  -67.885  -10.900  -25.956 0.0000000000
76263  -66.807  -11.314  -26.842 0.0000000000
76264  -67.335  -10.978  -26.518 0.0000000000
76265  -67.709  -10.692  -26.269 0.0000000000
76276  -66.417  -11.163  -27.245 0.0000000000
76277  -66.857  -11.071  -26.876 0.0000000000
76362  -63.689  -11.900  -33.500 0.0000000000
76387  -63.961  -12.039  -34.056 0.0000000000
76388  -64.404  -11.416  -34.272 0.0000000000
76389  -65.124  -10.851  -34.981 0.0000000000
76412  -65.820  -10.649  -35.478 0.0000000000
76413  -66.733  -10.732  -35.786 0.0000000000
76414  -67.837  -10.946  -36.071 0.0000000000
76415  -68.601  -11.721  -36.099 0.0000000000
76416  -68.849  -12.124  -36.221 0.0000000000
76428  -62.188  -11.189  -36.958 0.0000000000
76429  -62.764  -11.005  -37.286 0.0000000000
76430  -67.973  -10.469  -36.637 0.0000000000
76431  -68.242  -10.873  -36.782 0.0000000000
76432  -68.619  -11.773  -36.729 0.0000000000
76440  -62.662  -11.580  -37.238 0.0000000000
76441  -63.277  -11.165  -37.574 0.0000000000
76442  -64.251  -11.058  -38.076 0.0000000000
76443  -65.117  -10.707  -38.350 0.0000000000
76444  -67.780  -10.806  -37.912 0.0000000000
76445  -68.096  -11.166  -37.543 0.0000000000
76446  -68.430  -11.816  -37.142 0.0000000000
76455  -64.831  -11.437  -38.325 0.0000000000
76456  -65.595  -11.198  -38.501 0.0000000000
76457  -66.352  -11.286  -38.489 0.0000000000
76458  -67.293  -11.127  -38.161 0.0000000000
76459  -67.623  -11.629  -37.932 0.0000000000
77365  -69.830  -11.043  -16.920 0.0000000000
77377  -69.941  -10.512  -17.322 0.0000000000
77392  -70.555  -10.413  -19.036 0.0000000000
77406  -70.539  -10.475  -20.029 0.0000000000
77417  -70.342  -10.552  -20.940 0.0000000000
77426  -69.831  -10.193  -21.863 0.0000000000
77427  -70.033  -10.581  -21.608 0.0000000000
77434  -69.560  -10.409  -22.516 0.0000000000
77435  -69.814  -10.550  -21.990 0.0000000000
77450  -69.151  -10.256  -23.581 0.0000000000
77475  -68.869  -10.173  -24.484 0.0000000000
77498  -68.489  -10.504  -25.335 0.0000000000
77499  -68.712  -10.086  -25.259 0.0000000000
77512  -68.394  -10.282  -25.764 0.0000000000
77513  -68.691  -9.758  -25.713 0.0000000000
77534  -67.080  -10.199  -26.848 0.0000000000
77535  -67.879  -10.186  -26.371 0.0000000000
77560  -66.812  -10.772  -26.954 0.0000000000
77676  -65.308  -9.939  -35.340 0.0000000000
77701  -66.120  -9.912  -35.910 0.0000000000
77702  -67.086  -9.989  -36.502 0.0000000000
77703  -67.747  -10.288  -36.578 0.0000000000
77728  -67.248  -9.653  -36.973 0.0000000000
77729  -67.798  -10.060  -37.091 0.0000000000
77730  -68.097  -10.554  -37.240 0.0000000000
77743  -64.038  -10.101  -37.622 0.0000000000
77744  -64.988  -9.997  -38.020 0.0000000000
77745  -66.035  -10.154  -38.305 0.0000000000
77746  -67.010  -10.078  -38.063 0.0000000000
77747  -67.651  -10.409  -37.799 0.0000000000
77748  -67.988  -10.458  -37.450 0.0000000000
77757  -66.192  -10.737  -38.529 0.0000000000
77758  -66.726  -10.566  -38.379 0.0000000000
77759  -67.220  -10.470  -38.149 0.0000000000
78682  -70.334  -9.390  -18.591 0.0000000000
78690  -70.546  -9.480  -19.565 0.0000000000
78697  -70.445  -9.649  -20.508 0.0000000000
78707  -69.765  -9.372  -21.999 0.0000000000
78708  -70.126  -9.891  -21.324 0.0000000000
78716  -69.367  -9.435  -23.072 0.0000000000
78725  -69.087  -9.438  -24.076 0.0000000000
78739  -68.935  -9.464  -24.934 0.0000000000
78763  -68.855  -9.512  -25.474 0.0000000000
78780  -68.495  -9.500  -26.102 0.0000000000
78781  -68.811  -9.323  -25.796 0.0000000000
78807  -67.593  -9.454  -26.764 0.0000000000
78808  -68.122  -9.317  -26.482 0.0000000000
78937  -65.353  -9.197  -35.919 0.0000000000
78938  -66.170  -9.492  -36.465 0.0000000000
78957  -64.614  -8.953  -36.545 0.0000000000
78958  -65.599  -9.211  -36.831 0.0000000000
78959  -66.604  -9.437  -37.056 0.0000000000
78960  -67.189  -9.649  -37.287 0.0000000000
78979  -63.971  -9.376  -37.106 0.0000000000
78980  -64.844  -9.352  -37.355 0.0000000000
78981  -65.827  -9.430  -37.624 0.0000000000
78982  -66.713  -9.651  -37.688 0.0000000000
78983  -67.334  -9.874  -37.604 0.0000000000
80094  -70.384  -8.469  -19.273 0.0000000000
80108  -70.464  -8.606  -20.150 0.0000000000
80119  -69.922  -8.219  -21.677 0.0000000000
80120  -70.224  -8.891  -21.075 0.0000000000
80127  -69.551  -8.457  -22.612 0.0000000000
80136  -69.249  -8.555  -23.631 0.0000000000
80146  -69.045  -8.612  -24.620 0.0000000000
80159  -68.910  -8.828  -25.461 0.0000000000
80173  -68.430  -8.594  -26.321 0.0000000000
80174  -68.773  -8.916  -25.979 0.0000000000
80202  -67.969  -8.794  -26.694 0.0000000000
81426  -70.363  -7.675  -19.825 0.0000000000
81434  -69.996  -7.487  -21.507 0.0000000000
81435  -70.257  -7.635  -20.799 0.0000000000
81444  -69.724  -7.510  -22.158 0.0000000000
81454  -69.408  -7.620  -23.149 0.0000000000
81465  -69.108  -7.696  -24.154 0.0000000000
81472  -68.690  -7.200  -25.624 0.0000000000
81473  -68.860  -7.605  -25.241 0.0000000000
81485  -68.535  -7.378  -26.084 0.0000000000
81486  -68.776  -8.267  -25.875 0.0000000000
81514  -67.998  -7.926  -26.733 0.0000000000
82646  -69.733  -6.584  -19.725 0.0000000000
82647  -70.181  -7.131  -19.662 0.0000000000
82653  -69.974  -6.275  -20.520 0.0000000000
82654  -70.271  -6.944  -20.144 0.0000000000
82660  -69.941  -6.659  -21.437 0.0000000000
82661  -70.202  -6.833  -20.698 0.0000000000
82669  -69.568  -6.682  -22.628 0.0000000000
82682  -69.233  -6.825  -23.639 0.0000000000
82696  -68.796  -6.430  -24.783 0.0000000000
82697  -68.958  -6.933  -24.517 0.0000000000
82704  -68.635  -6.618  -25.436 0.0000000000
82705  -68.807  -6.897  -25.027 0.0000000000
82717  -68.358  -6.322  -26.116 0.0000000000
83945  -69.022  -5.925  -19.662 0.0000000000
83946  -69.230  -5.960  -19.772 0.0000000000
83954  -68.881  -5.535  -19.893 0.0000000000
83955  -69.473  -5.505  -20.272 0.0000000000
83964  -69.789  -5.430  -21.152 0.0000000000
83972  -69.626  -5.651  -22.178 0.0000000000
83994  -69.036  -5.213  -23.649 0.0000000000
83995  -69.340  -5.911  -23.181 0.0000000000
84021  -68.682  -5.562  -24.711 0.0000000000
84022  -68.997  -6.141  -24.099 0.0000000000
84034  -68.376  -5.551  -25.646 0.0000000000
84046  -68.097  -5.566  -26.370 0.0000000000
85290  -69.151  -4.514  -20.312 0.0000000000
85302  -69.537  -4.487  -20.828 0.0000000000
85317  -69.346  -3.973  -22.417 0.0000000000
85318  -69.523  -4.333  -21.935 0.0000000000
85342  -69.151  -4.248  -22.963 0.0000000000
85343  -69.431  -5.041  -22.809 0.0000000000
85364  -68.722  -4.420  -24.104 0.0000000000
85376  -68.391  -4.577  -25.116 0.0000000000
85386  -68.083  -4.694  -25.938 0.0000000000
86622  -69.213  -3.426  -22.361 0.0000000000
86638  -68.799  -3.430  -23.507 0.0000000000
86651  -68.427  -3.527  -24.611 0.0000000000
86659  -68.087  -3.749  -25.519 0.0000000000
86669  -67.514  -3.487  -26.351 0.0000000000
86670  -67.813  -3.992  -26.167 0.0000000000
87844  -69.006  -2.459  -21.862 0.0000000000
87858  -68.834  -2.495  -22.950 0.0000000000
87868  -68.506  -2.538  -24.042 0.0000000000
87877  -67.685  -2.175  -25.625 0.0000000000
87878  -68.017  -2.503  -25.226 0.0000000000
87888  -67.393  -2.407  -26.135 0.0000000000
87889  -67.806  -3.219  -25.920 0.0000000000
89142  -68.667  -1.620  -22.499 0.0000000000
89156  -68.508  -1.673  -23.447 0.0000000000
89166  -67.856  -1.072  -24.684 0.0000000000
89167  -68.210  -1.712  -24.382 0.0000000000
89173  -67.598  -1.622  -25.455 0.0000000000
89174  -67.970  -1.709  -24.972 0.0000000000
89181  -67.249  -1.663  -25.947 0.0000000000
90493  -68.313  -0.824  -22.259 0.0000000000
90507  -67.864  -0.051  -23.063 0.0000000000
90508  -68.391  -0.956  -22.996 0.0000000000
90517  -67.713  -0.079  -24.292 0.0000000000
90518  -68.156  -0.887  -23.813 0.0000000000
90526  -67.462  -0.459  -25.195 0.0000000000
90535  -67.150  -0.980  -25.822 0.0000000000
91799  -67.433  0.854  -23.107 0.0000000000
91812  -67.489  0.911  -23.900 0.0000000000
91819  -67.033  1.286  -25.728 0.0000000000
91820  -67.295  0.961  -25.169 0.0000000000
91830  -67.059  -0.017  -25.740 0.0000000000
93131  -67.223  1.088  -22.901 0.0000000000
93146  -67.164  1.625  -23.471 0.0000000000
93161  -67.318  1.966  -24.460 0.0000000000
93172  -67.061  2.000  -25.756 0.0000000000
93173  -67.316  1.976  -25.156 0.0000000000
93181  -66.572  2.043  -26.521 0.0000000000
94332  -66.805  2.372  -23.795 0.0000000000
94333  -67.113  2.256  -24.009 0.0000000000
94364  -67.179  2.793  -25.752 0.0000000000
94365  -67.229  2.815  -25.254 0.0000000000
94378  -67.221  3.145  -25.764 0.0000000000
95608  -66.983  3.642  -25.076 0.0000000000
