#!ascii label  , from subject COLIN27_FS vox2ras=TkReg
293
112425  -16.658  16.674  -32.377 0.0000000000
113712  -13.170  17.934  -32.489 0.0000000000
113726  -14.608  17.432  -32.677 0.0000000000
114969  -13.232  18.153  -32.511 0.0000000000
114980  -11.391  19.110  -31.554 0.0000000000
114981  -11.873  19.437  -31.696 0.0000000000
114982  -13.836  18.654  -32.573 0.0000000000
116260  -11.067  19.456  -30.861 0.0000000000
116261  -11.268  19.216  -31.374 0.0000000000
116279  -11.643  19.850  -30.829 0.0000000000
116280  -11.731  19.678  -31.408 0.0000000000
116281  -12.251  19.944  -31.800 0.0000000000
116282  -13.870  19.762  -32.579 0.0000000000
117485  -9.884  20.100  -29.457 0.0000000000
117486  -10.786  20.025  -29.627 0.0000000000
117500  -11.564  20.201  -30.111 0.0000000000
117501  -12.090  20.335  -30.580 0.0000000000
117502  -12.293  20.417  -31.471 0.0000000000
117503  -12.898  20.530  -31.989 0.0000000000
118697  -9.852  21.889  -31.229 0.0000000000
118698  -10.589  21.011  -29.391 0.0000000000
118699  -11.074  21.381  -29.671 0.0000000000
118708  -9.595  20.262  -29.436 0.0000000000
118709  -10.044  20.534  -29.490 0.0000000000
118710  -10.586  20.943  -29.728 0.0000000000
118711  -11.472  21.585  -29.963 0.0000000000
118712  -12.156  21.348  -30.097 0.0000000000
118713  -12.177  21.150  -30.631 0.0000000000
118720  -11.378  20.704  -29.611 0.0000000000
118721  -12.029  20.900  -29.950 0.0000000000
118722  -12.330  20.990  -30.543 0.0000000000
118723  -12.466  20.860  -31.318 0.0000000000
118724  -13.874  21.449  -32.754 0.0000000000
119938  -8.101  22.902  -30.284 0.0000000000
119939  -9.895  22.057  -31.259 0.0000000000
119940  -10.231  22.145  -31.369 0.0000000000
119941  -11.634  21.612  -29.485 0.0000000000
119947  -8.027  22.102  -30.799 0.0000000000
119948  -8.790  22.581  -30.902 0.0000000000
119949  -9.718  22.649  -31.313 0.0000000000
119950  -10.447  22.505  -31.570 0.0000000000
119951  -11.893  21.551  -29.950 0.0000000000
119952  -11.879  21.266  -30.551 0.0000000000
119953  -12.543  22.107  -32.344 0.0000000000
119960  -10.133  22.998  -31.631 0.0000000000
119961  -10.666  22.930  -31.852 0.0000000000
119962  -11.375  22.895  -32.135 0.0000000000
119963  -12.189  22.754  -32.411 0.0000000000
119964  -13.102  22.398  -32.684 0.0000000000
119975  -14.297  22.683  -33.253 0.0000000000
121195  -8.480  22.245  -27.543 0.0000000000
121204  -8.050  23.609  -29.707 0.0000000000
121213  -8.467  23.563  -30.357 0.0000000000
121219  -9.029  23.562  -31.005 0.0000000000
121220  -9.661  23.595  -31.579 0.0000000000
121221  -10.018  23.791  -31.934 0.0000000000
121227  -10.207  23.367  -31.836 0.0000000000
121228  -10.632  23.584  -32.139 0.0000000000
121229  -11.510  23.598  -32.509 0.0000000000
122406  -8.371  22.794  -27.191 0.0000000000
122407  -7.981  24.102  -29.282 0.0000000000
122415  -8.210  24.246  -29.737 0.0000000000
122422  -8.547  24.431  -30.445 0.0000000000
122429  -9.056  24.559  -31.365 0.0000000000
122430  -9.621  24.304  -31.901 0.0000000000
122431  -10.103  24.163  -32.167 0.0000000000
122438  -9.305  24.982  -31.982 0.0000000000
122439  -9.805  24.790  -32.310 0.0000000000
122440  -10.600  24.391  -32.517 0.0000000000
122441  -11.356  24.369  -32.807 0.0000000000
123540  -8.023  24.494  -29.277 0.0000000000
123548  -7.557  25.441  -28.181 0.0000000000
123549  -7.991  25.140  -29.316 0.0000000000
123556  -8.502  25.441  -30.737 0.0000000000
123563  -8.896  25.609  -31.727 0.0000000000
123569  -9.375  25.692  -32.492 0.0000000000
123570  -10.094  25.252  -32.731 0.0000000000
123571  -10.881  24.985  -32.916 0.0000000000
123572  -11.397  24.801  -33.010 0.0000000000
123580  -9.402  26.022  -32.828 0.0000000000
123581  -9.719  25.933  -32.936 0.0000000000
123582  -10.471  25.719  -33.134 0.0000000000
124664  -7.150  26.734  -26.892 0.0000000000
124665  -7.241  27.194  -27.212 0.0000000000
124671  -7.338  26.968  -27.555 0.0000000000
124682  -7.557  26.454  -28.305 0.0000000000
124688  -8.068  26.377  -29.984 0.0000000000
124695  -8.458  26.463  -31.243 0.0000000000
124702  -8.860  26.531  -32.241 0.0000000000
124710  -9.342  26.476  -32.937 0.0000000000
124711  -9.984  26.463  -33.341 0.0000000000
124712  -10.855  26.304  -33.555 0.0000000000
125743  -6.808  27.798  -25.799 0.0000000000
125750  -7.071  27.592  -26.674 0.0000000000
125754  -7.370  27.480  -27.847 0.0000000000
125764  -7.736  27.341  -29.295 0.0000000000
125771  -7.768  27.891  -29.837 0.0000000000
125772  -8.047  27.337  -30.524 0.0000000000
125779  -8.383  27.459  -31.718 0.0000000000
125786  -8.888  27.516  -32.926 0.0000000000
125787  -9.533  27.219  -33.517 0.0000000000
125788  -10.276  27.091  -33.852 0.0000000000
125800  -9.212  27.931  -33.720 0.0000000000
125801  -9.762  27.834  -34.132 0.0000000000
126759  -6.817  28.352  -26.141 0.0000000000
126762  -7.090  28.325  -27.124 0.0000000000
126765  -4.517  29.756  -29.009 0.0000000000
126766  -4.695  29.544  -29.574 0.0000000000
126767  -7.414  28.389  -28.715 0.0000000000
126770  -4.554  29.984  -29.275 0.0000000000
126773  -4.771  29.906  -29.911 0.0000000000
126777  -5.016  30.061  -30.277 0.0000000000
126780  -5.315  29.820  -30.427 0.0000000000
126781  -7.721  28.449  -30.456 0.0000000000
126787  -8.292  28.460  -32.359 0.0000000000
126795  -8.781  28.566  -33.549 0.0000000000
126802  -9.289  28.530  -34.264 0.0000000000
126803  -10.575  28.839  -36.062 0.0000000000
127777  -6.825  28.790  -26.492 0.0000000000
127781  -6.243  29.671  -26.585 0.0000000000
127782  -6.847  29.216  -27.166 0.0000000000
127784  -4.444  30.258  -28.543 0.0000000000
127785  -4.669  29.621  -28.767 0.0000000000
127786  -4.737  29.205  -28.927 0.0000000000
127787  -7.103  29.392  -28.119 0.0000000000
127790  -4.535  30.596  -29.260 0.0000000000
127791  -4.840  29.131  -29.563 0.0000000000
127792  -5.113  29.136  -29.556 0.0000000000
127793  -7.153  29.244  -29.039 0.0000000000
127796  -4.743  30.402  -29.643 0.0000000000
127797  -4.964  30.677  -29.914 0.0000000000
127801  -4.841  30.138  -30.033 0.0000000000
127802  -5.047  30.434  -30.182 0.0000000000
127805  -5.359  30.362  -30.611 0.0000000000
127806  -5.810  30.452  -31.058 0.0000000000
127807  -6.368  30.385  -31.419 0.0000000000
127808  -5.788  29.747  -30.651 0.0000000000
127812  -7.214  30.679  -32.337 0.0000000000
127813  -6.810  30.339  -31.791 0.0000000000
127821  -7.594  30.823  -32.900 0.0000000000
127822  -7.614  30.633  -32.879 0.0000000000
127829  -8.906  29.410  -34.429 0.0000000000
127830  -9.360  28.938  -34.707 0.0000000000
127843  -9.069  29.752  -35.020 0.0000000000
127844  -9.951  29.409  -36.014 0.0000000000
127860  -9.337  30.067  -35.923 0.0000000000
127861  -9.807  29.790  -36.167 0.0000000000
128819  -4.590  29.625  -28.409 0.0000000000
128820  -6.190  29.875  -27.123 0.0000000000
128821  -6.569  29.781  -27.200 0.0000000000
128825  -4.672  29.418  -28.631 0.0000000000
128826  -6.581  29.957  -27.755 0.0000000000
128827  -6.882  29.890  -27.679 0.0000000000
128833  -6.873  29.917  -28.240 0.0000000000
128834  -7.021  29.896  -28.130 0.0000000000
128838  -4.612  31.030  -29.096 0.0000000000
128839  -4.899  31.064  -29.648 0.0000000000
128843  -5.231  31.048  -30.132 0.0000000000
128844  -5.594  31.228  -30.546 0.0000000000
128847  -5.386  30.762  -30.509 0.0000000000
128848  -5.859  30.995  -30.921 0.0000000000
128849  -6.474  31.003  -31.458 0.0000000000
128853  -7.103  31.057  -32.115 0.0000000000
128856  -7.639  31.112  -32.859 0.0000000000
128857  -7.890  31.024  -33.417 0.0000000000
128867  -8.219  30.971  -34.032 0.0000000000
128880  -8.697  30.825  -35.300 0.0000000000
128894  -9.213  30.501  -35.994 0.0000000000
129810  -6.868  30.199  -27.808 0.0000000000
129811  -6.963  30.173  -27.866 0.0000000000
129816  -4.556  31.751  -28.563 0.0000000000
129817  -6.840  30.185  -27.919 0.0000000000
129818  -6.942  30.196  -27.971 0.0000000000
129822  -4.775  31.758  -29.241 0.0000000000
129823  -5.144  31.771  -29.804 0.0000000000
129827  -5.559  31.796  -30.305 0.0000000000
129828  -6.017  31.769  -30.758 0.0000000000
129831  -6.529  31.720  -31.279 0.0000000000
129832  -7.113  31.718  -31.912 0.0000000000
129835  -7.592  31.724  -32.724 0.0000000000
129840  -8.068  31.611  -33.708 0.0000000000
129841  -8.177  31.201  -33.953 0.0000000000
129855  -8.387  31.841  -34.664 0.0000000000
129856  -8.365  31.300  -34.588 0.0000000000
129870  -8.595  31.997  -35.051 0.0000000000
129871  -8.914  31.495  -35.559 0.0000000000
129902  -6.007  31.476  -38.214 0.0000000000
129903  -6.410  31.450  -37.953 0.0000000000
129904  -6.703  31.640  -37.817 0.0000000000
129914  -5.853  31.579  -38.728 0.0000000000
129915  -6.368  31.329  -38.518 0.0000000000
129916  -6.885  31.513  -38.202 0.0000000000
129926  -5.817  31.781  -39.133 0.0000000000
129927  -6.225  31.698  -39.076 0.0000000000
129928  -6.693  31.736  -38.783 0.0000000000
130827  -4.560  32.508  -28.109 0.0000000000
130831  -4.738  32.508  -28.761 0.0000000000
130832  -5.056  32.570  -29.391 0.0000000000
130835  -5.471  32.580  -29.987 0.0000000000
130836  -5.965  32.573  -30.508 0.0000000000
130839  -6.496  32.552  -31.044 0.0000000000
130858  -7.900  32.502  -33.291 0.0000000000
130871  -8.228  32.407  -34.090 0.0000000000
130885  -8.486  32.366  -34.668 0.0000000000
130886  -8.833  32.287  -35.013 0.0000000000
130907  -6.061  31.863  -37.863 0.0000000000
130908  -6.424  32.027  -37.721 0.0000000000
130909  -6.830  32.120  -37.867 0.0000000000
130920  -5.717  32.064  -38.267 0.0000000000
130921  -6.977  32.277  -38.501 0.0000000000
130930  -5.538  32.267  -39.003 0.0000000000
130931  -5.949  32.280  -39.333 0.0000000000
130932  -6.545  32.603  -39.298 0.0000000000
130943  -6.057  33.090  -39.781 0.0000000000
131813  -4.718  33.821  -27.469 0.0000000000
131816  -4.612  33.216  -27.760 0.0000000000
131817  -4.813  33.769  -28.049 0.0000000000
131820  -4.719  33.085  -28.317 0.0000000000
131821  -4.997  33.446  -28.823 0.0000000000
131823  -5.406  33.422  -29.570 0.0000000000
131824  -5.844  33.417  -30.185 0.0000000000
131827  -6.371  33.433  -30.753 0.0000000000
131828  -6.897  33.408  -31.382 0.0000000000
131856  -8.015  33.409  -33.840 0.0000000000
131857  -8.457  33.646  -34.212 0.0000000000
131867  -8.379  32.900  -34.301 0.0000000000
131868  -8.717  32.857  -34.579 0.0000000000
131877  -6.049  33.384  -36.983 0.0000000000
131878  -6.326  33.373  -37.002 0.0000000000
131879  -6.835  33.415  -37.123 0.0000000000
131887  -5.930  32.864  -37.507 0.0000000000
131888  -6.550  32.753  -37.513 0.0000000000
131889  -7.030  33.096  -37.881 0.0000000000
131900  -7.098  33.255  -38.907 0.0000000000
131913  -6.996  33.691  -39.928 0.0000000000
132760  -5.018  34.525  -27.436 0.0000000000
132770  -5.151  34.429  -28.334 0.0000000000
132779  -5.403  34.298  -29.127 0.0000000000
132785  -5.756  34.225  -29.795 0.0000000000
132786  -6.166  34.271  -30.382 0.0000000000
132789  -6.647  34.403  -31.140 0.0000000000
132799  -7.007  34.801  -31.822 0.0000000000
132818  -7.732  34.571  -34.504 0.0000000000
132819  -8.155  34.689  -34.856 0.0000000000
132827  -7.390  34.590  -35.760 0.0000000000
132828  -7.764  34.942  -36.142 0.0000000000
132834  -6.744  34.093  -36.516 0.0000000000
132835  -7.390  34.301  -37.072 0.0000000000
132836  -7.736  34.942  -36.789 0.0000000000
132843  -7.440  34.083  -38.371 0.0000000000
132852  -7.417  34.219  -39.400 0.0000000000
132863  -7.447  34.447  -40.199 0.0000000000
133724  -5.430  35.280  -27.762 0.0000000000
133730  -5.521  35.148  -28.657 0.0000000000
133739  -5.769  35.051  -29.428 0.0000000000
133740  -6.021  35.397  -29.818 0.0000000000
133747  -6.018  34.848  -29.973 0.0000000000
133748  -6.257  35.273  -30.467 0.0000000000
133754  -6.651  35.449  -31.388 0.0000000000
133796  -7.824  35.072  -37.258 0.0000000000
133797  -8.175  35.501  -36.761 0.0000000000
133802  -7.809  34.953  -38.014 0.0000000000
133803  -8.289  35.625  -37.727 0.0000000000
134771  -5.842  36.124  -27.146 0.0000000000
134780  -5.831  35.928  -28.132 0.0000000000
134781  -6.311  36.673  -27.576 0.0000000000
134791  -5.863  35.755  -29.009 0.0000000000
134792  -6.304  36.441  -28.556 0.0000000000
134805  -5.956  35.596  -29.488 0.0000000000
134806  -6.223  36.144  -29.651 0.0000000000
134814  -6.474  36.280  -30.731 0.0000000000
135850  -6.450  37.728  -26.186 0.0000000000
135857  -6.759  37.552  -27.016 0.0000000000
135858  -7.210  37.807  -27.518 0.0000000000
135867  -6.834  37.161  -27.974 0.0000000000
135868  -7.506  37.680  -28.266 0.0000000000
135869  -8.028  37.955  -28.737 0.0000000000
135880  -6.905  36.937  -28.946 0.0000000000
135881  -7.552  37.470  -29.268 0.0000000000
135889  -6.893  36.977  -29.984 0.0000000000
135890  -7.632  37.636  -30.254 0.0000000000
135899  -6.857  37.254  -31.067 0.0000000000
136877  -7.266  38.855  -26.828 0.0000000000
136884  -7.147  38.258  -27.027 0.0000000000
136885  -7.649  38.585  -27.465 0.0000000000
136886  -8.187  38.946  -27.929 0.0000000000
170886  -8.316  23.120  -26.859 0.0000000000
170887  -7.572  27.233  -28.570 0.0000000000
170888  -7.546  27.622  -28.647 0.0000000000
170889  -4.954  29.315  -29.983 0.0000000000
170890  -6.931  29.353  -29.310 0.0000000000
170891  -5.234  29.324  -30.063 0.0000000000
170892  -7.476  28.717  -29.446 0.0000000000
