#!ascii label  , from subject COLIN27_FS vox2ras=TkReg
344
15331  -46.958  -61.881  -24.989 0.0000000000
15341  -47.022  -62.177  -25.475 0.0000000000
15358  -46.929  -62.456  -26.253 0.0000000000
16256  -45.708  -61.444  -23.863 0.0000000000
16257  -46.317  -60.894  -23.991 0.0000000000
16267  -46.184  -62.020  -24.374 0.0000000000
16268  -46.691  -61.394  -24.477 0.0000000000
16269  -47.510  -61.223  -25.197 0.0000000000
16270  -48.028  -60.629  -25.385 0.0000000000
16284  -47.539  -61.647  -25.978 0.0000000000
16285  -48.063  -60.851  -25.744 0.0000000000
16301  -47.288  -61.734  -26.814 0.0000000000
16302  -48.037  -60.932  -26.535 0.0000000000
16321  -46.901  -61.634  -27.583 0.0000000000
16322  -47.657  -60.954  -27.524 0.0000000000
16338  -46.467  -61.209  -28.179 0.0000000000
16339  -47.185  -60.881  -28.163 0.0000000000
16340  -47.641  -60.635  -28.139 0.0000000000
17271  -45.102  -60.159  -23.206 0.0000000000
17272  -46.040  -60.256  -23.671 0.0000000000
17273  -46.722  -60.366  -24.097 0.0000000000
17283  -47.367  -60.428  -24.624 0.0000000000
17284  -48.045  -60.266  -25.047 0.0000000000
17285  -48.557  -60.091  -25.481 0.0000000000
17286  -49.086  -59.819  -25.788 0.0000000000
17300  -48.605  -60.349  -26.039 0.0000000000
17301  -49.119  -59.882  -26.279 0.0000000000
17320  -48.626  -60.305  -26.577 0.0000000000
17321  -49.011  -59.919  -26.952 0.0000000000
17342  -48.399  -60.411  -27.244 0.0000000000
17343  -48.796  -59.897  -27.721 0.0000000000
17360  -45.896  -60.564  -28.593 0.0000000000
17361  -46.833  -60.228  -28.884 0.0000000000
17362  -47.544  -60.348  -28.626 0.0000000000
17363  -48.176  -60.223  -28.241 0.0000000000
17364  -48.659  -59.813  -28.230 0.0000000000
17378  -47.428  -59.875  -29.193 0.0000000000
17379  -47.922  -59.907  -29.029 0.0000000000
17380  -48.238  -59.838  -28.840 0.0000000000
18291  -44.622  -59.190  -22.735 0.0000000000
18292  -45.182  -58.813  -22.951 0.0000000000
18306  -45.166  -59.324  -23.024 0.0000000000
18307  -45.744  -59.112  -23.328 0.0000000000
18308  -46.550  -59.460  -23.802 0.0000000000
18322  -47.232  -59.595  -24.208 0.0000000000
18323  -47.975  -59.541  -24.565 0.0000000000
18324  -48.739  -59.442  -24.896 0.0000000000
18325  -49.461  -59.302  -25.313 0.0000000000
18326  -50.118  -59.002  -25.540 0.0000000000
18345  -49.657  -59.439  -25.900 0.0000000000
18346  -50.234  -58.971  -26.048 0.0000000000
18365  -49.660  -59.368  -26.617 0.0000000000
18366  -50.238  -58.809  -26.630 0.0000000000
18381  -49.338  -59.447  -27.429 0.0000000000
18382  -49.860  -58.936  -27.313 0.0000000000
18393  -45.371  -59.602  -28.710 0.0000000000
18394  -46.222  -59.516  -29.310 0.0000000000
18395  -46.727  -59.766  -29.320 0.0000000000
18396  -48.559  -59.669  -28.684 0.0000000000
18397  -49.110  -59.358  -28.280 0.0000000000
18398  -49.517  -59.082  -27.833 0.0000000000
18407  -46.582  -58.797  -30.050 0.0000000000
18408  -47.047  -59.399  -29.725 0.0000000000
18409  -47.751  -59.338  -29.704 0.0000000000
18410  -48.303  -59.390  -29.357 0.0000000000
18411  -48.874  -59.195  -29.107 0.0000000000
18418  -46.810  -58.416  -30.498 0.0000000000
18419  -47.093  -58.609  -30.494 0.0000000000
18420  -47.640  -58.625  -30.625 0.0000000000
18421  -48.230  -58.780  -30.309 0.0000000000
18422  -48.676  -58.883  -29.786 0.0000000000
18428  -47.920  -58.312  -31.212 0.0000000000
18429  -48.092  -58.466  -30.988 0.0000000000
19297  -44.879  -58.219  -22.775 0.0000000000
19298  -45.462  -58.214  -23.099 0.0000000000
19307  -45.956  -58.194  -23.369 0.0000000000
19308  -46.528  -58.471  -23.664 0.0000000000
19309  -47.237  -58.331  -23.913 0.0000000000
19310  -49.027  -58.374  -24.053 0.0000000000
19311  -49.338  -58.377  -24.130 0.0000000000
19321  -47.029  -58.916  -23.992 0.0000000000
19322  -47.762  -58.767  -24.135 0.0000000000
19323  -48.700  -58.672  -24.243 0.0000000000
19324  -49.628  -58.715  -24.563 0.0000000000
19325  -50.371  -58.637  -24.983 0.0000000000
19326  -51.101  -58.185  -25.084 0.0000000000
19343  -50.716  -58.558  -25.564 0.0000000000
19344  -51.443  -57.981  -25.675 0.0000000000
19358  -50.776  -58.440  -26.224 0.0000000000
19359  -51.180  -57.880  -26.472 0.0000000000
19371  -50.511  -58.226  -27.113 0.0000000000
19372  -50.958  -57.797  -26.889 0.0000000000
19380  -44.774  -58.479  -28.628 0.0000000000
19381  -45.459  -58.880  -29.168 0.0000000000
19382  -49.252  -58.955  -28.839 0.0000000000
19383  -49.709  -58.518  -28.378 0.0000000000
19392  -45.240  -58.179  -29.267 0.0000000000
19393  -45.831  -58.441  -29.778 0.0000000000
19394  -49.213  -58.617  -29.541 0.0000000000
19395  -49.583  -58.064  -29.529 0.0000000000
19400  -46.422  -58.181  -30.420 0.0000000000
19401  -47.044  -58.038  -30.976 0.0000000000
19402  -47.374  -58.279  -30.924 0.0000000000
19403  -48.466  -58.374  -31.018 0.0000000000
19404  -48.877  -58.428  -30.557 0.0000000000
19405  -49.363  -58.033  -30.407 0.0000000000
19412  -47.281  -57.767  -31.462 0.0000000000
19413  -47.663  -57.983  -31.539 0.0000000000
19414  -48.294  -58.197  -31.537 0.0000000000
19415  -48.956  -58.016  -31.506 0.0000000000
19416  -49.216  -58.033  -31.024 0.0000000000
19427  -47.960  -57.675  -32.169 0.0000000000
19428  -48.328  -57.811  -32.061 0.0000000000
19429  -48.678  -57.916  -31.897 0.0000000000
20292  -43.839  -57.366  -22.294 0.0000000000
20299  -45.278  -57.430  -22.953 0.0000000000
20300  -45.837  -57.552  -23.237 0.0000000000
20306  -46.341  -57.666  -23.455 0.0000000000
20307  -47.023  -57.691  -23.697 0.0000000000
20308  -47.980  -57.883  -23.930 0.0000000000
20309  -49.031  -57.975  -23.902 0.0000000000
20310  -50.237  -58.022  -23.972 0.0000000000
20311  -51.474  -57.597  -23.961 0.0000000000
20312  -52.308  -57.080  -24.110 0.0000000000
20313  -52.652  -56.704  -24.230 0.0000000000
20318  -48.222  -58.394  -24.082 0.0000000000
20319  -48.478  -58.237  -24.031 0.0000000000
20320  -50.341  -58.410  -24.481 0.0000000000
20321  -50.958  -58.145  -24.508 0.0000000000
20322  -51.866  -57.633  -24.818 0.0000000000
20323  -52.520  -56.925  -24.640 0.0000000000
20334  -51.998  -57.440  -25.508 0.0000000000
20335  -52.384  -57.089  -25.262 0.0000000000
20343  -51.817  -57.285  -26.168 0.0000000000
20344  -52.173  -57.109  -25.672 0.0000000000
20353  -50.797  -57.663  -27.234 0.0000000000
20354  -51.252  -57.457  -26.867 0.0000000000
20362  -43.785  -57.322  -28.236 0.0000000000
20363  -44.279  -57.412  -28.649 0.0000000000
20364  -50.310  -57.673  -27.940 0.0000000000
20373  -44.815  -57.496  -29.153 0.0000000000
20374  -45.318  -57.578  -29.698 0.0000000000
20375  -49.829  -57.570  -29.023 0.0000000000
20379  -45.847  -57.597  -30.254 0.0000000000
20380  -46.441  -57.523  -30.828 0.0000000000
20381  -49.572  -57.405  -30.150 0.0000000000
20387  -46.960  -57.452  -31.460 0.0000000000
20388  -47.324  -57.602  -31.759 0.0000000000
20389  -49.204  -57.647  -31.761 0.0000000000
20401  -47.187  -57.218  -31.938 0.0000000000
20402  -47.632  -57.320  -32.202 0.0000000000
21218  -44.309  -56.537  -22.474 0.0000000000
21219  -45.095  -56.562  -22.755 0.0000000000
21220  -45.995  -56.685  -23.086 0.0000000000
21221  -46.640  -56.421  -23.151 0.0000000000
21222  -49.412  -56.352  -23.008 0.0000000000
21223  -50.521  -56.441  -22.814 0.0000000000
21224  -51.635  -56.436  -22.788 0.0000000000
21225  -52.503  -56.159  -22.998 0.0000000000
21226  -52.859  -55.860  -23.233 0.0000000000
21236  -46.189  -57.206  -23.295 0.0000000000
21237  -46.687  -56.974  -23.372 0.0000000000
21238  -47.591  -56.993  -23.520 0.0000000000
21239  -48.659  -56.970  -23.490 0.0000000000
21240  -49.817  -57.168  -23.414 0.0000000000
21241  -50.989  -57.169  -23.330 0.0000000000
21242  -52.020  -56.870  -23.442 0.0000000000
21243  -52.781  -56.294  -23.775 0.0000000000
21244  -53.089  -55.759  -23.877 0.0000000000
21250  -52.835  -56.388  -24.444 0.0000000000
21251  -53.075  -55.848  -24.238 0.0000000000
21263  -52.735  -56.467  -25.047 0.0000000000
21273  -51.901  -56.717  -26.314 0.0000000000
21274  -52.300  -56.570  -25.774 0.0000000000
21281  -42.661  -56.260  -27.319 0.0000000000
21283  -50.797  -57.154  -27.469 0.0000000000
21284  -51.456  -56.807  -26.853 0.0000000000
21292  -43.885  -56.571  -28.555 0.0000000000
21293  -44.440  -56.644  -29.084 0.0000000000
21294  -49.703  -56.459  -28.718 0.0000000000
21295  -49.992  -56.810  -28.424 0.0000000000
21304  -44.977  -56.666  -29.622 0.0000000000
21305  -45.452  -56.982  -30.045 0.0000000000
21306  -49.564  -56.342  -29.139 0.0000000000
21307  -49.659  -56.804  -29.613 0.0000000000
21312  -45.403  -56.355  -30.047 0.0000000000
21313  -45.929  -56.658  -30.571 0.0000000000
21314  -46.504  -56.939  -31.146 0.0000000000
21324  -46.375  -56.325  -31.103 0.0000000000
21325  -46.845  -56.559  -31.701 0.0000000000
22189  -50.157  -55.175  -21.602 0.0000000000
22190  -50.886  -55.283  -21.539 0.0000000000
22191  -51.978  -55.323  -21.512 0.0000000000
22192  -52.774  -55.198  -21.843 0.0000000000
22201  -45.760  -55.744  -22.691 0.0000000000
22202  -46.744  -55.787  -22.880 0.0000000000
22203  -47.789  -55.695  -22.813 0.0000000000
22204  -48.787  -55.805  -22.716 0.0000000000
22205  -49.944  -55.623  -22.225 0.0000000000
22206  -51.232  -55.835  -22.166 0.0000000000
22207  -52.262  -55.775  -22.282 0.0000000000
22208  -53.041  -55.403  -22.697 0.0000000000
22209  -53.334  -55.064  -23.309 0.0000000000
22219  -47.236  -56.330  -23.190 0.0000000000
22220  -48.113  -56.308  -23.192 0.0000000000
22221  -48.730  -56.321  -23.138 0.0000000000
22222  -53.071  -55.606  -23.484 0.0000000000
22223  -53.323  -55.283  -23.949 0.0000000000
22232  -52.999  -55.962  -24.740 0.0000000000
22233  -53.144  -55.354  -24.586 0.0000000000
22246  -51.348  -55.558  -26.323 0.0000000000
22247  -52.034  -55.452  -25.961 0.0000000000
22248  -52.782  -55.651  -25.289 0.0000000000
22249  -53.070  -55.204  -24.818 0.0000000000
22259  -42.372  -55.442  -27.199 0.0000000000
22260  -49.259  -55.557  -27.208 0.0000000000
22261  -50.205  -55.818  -26.998 0.0000000000
22262  -51.038  -55.956  -26.798 0.0000000000
22263  -51.795  -56.173  -26.412 0.0000000000
22264  -52.321  -55.971  -25.914 0.0000000000
22271  -43.002  -55.588  -27.770 0.0000000000
22272  -43.555  -55.660  -28.352 0.0000000000
22274  -49.782  -56.015  -27.693 0.0000000000
22275  -50.583  -56.444  -27.384 0.0000000000
22276  -51.267  -56.354  -26.878 0.0000000000
22285  -44.270  -55.598  -29.041 0.0000000000
22286  -44.671  -56.095  -29.388 0.0000000000
22288  -49.500  -56.116  -28.505 0.0000000000
22289  -49.951  -56.406  -27.991 0.0000000000
22297  -44.578  -55.068  -29.332 0.0000000000
22298  -45.111  -55.475  -29.806 0.0000000000
22306  -45.605  -55.982  -30.298 0.0000000000
22317  -46.525  -55.946  -31.340 0.0000000000
23298  -49.382  -54.915  -21.617 0.0000000000
23299  -50.414  -54.869  -21.068 0.0000000000
23300  -51.492  -54.841  -20.785 0.0000000000
23310  -44.873  -54.934  -22.131 0.0000000000
23311  -45.569  -54.978  -22.269 0.0000000000
23312  -46.475  -54.977  -22.368 0.0000000000
23313  -47.476  -55.019  -22.366 0.0000000000
23314  -48.464  -55.186  -22.277 0.0000000000
23315  -49.134  -55.367  -22.213 0.0000000000
23316  -53.286  -54.794  -21.983 0.0000000000
23317  -53.542  -54.497  -22.755 0.0000000000
23323  -53.479  -54.577  -23.647 0.0000000000
23330  -51.087  -54.169  -25.172 0.0000000000
23331  -51.783  -54.109  -25.061 0.0000000000
23332  -52.813  -54.245  -24.749 0.0000000000
23333  -53.359  -54.674  -24.361 0.0000000000
23343  -40.156  -54.126  -25.483 0.0000000000
23344  -40.772  -54.248  -25.866 0.0000000000
23345  -47.682  -54.091  -26.185 0.0000000000
23346  -48.274  -54.396  -25.992 0.0000000000
23347  -49.382  -54.648  -25.857 0.0000000000
23348  -50.935  -54.796  -25.714 0.0000000000
23349  -52.336  -54.829  -25.376 0.0000000000
23350  -53.049  -54.934  -24.912 0.0000000000
23351  -53.231  -55.015  -24.669 0.0000000000
23361  -40.726  -53.691  -25.853 0.0000000000
23362  -41.361  -54.060  -26.403 0.0000000000
23363  -42.094  -54.571  -27.025 0.0000000000
23364  -47.921  -54.319  -26.636 0.0000000000
23366  -49.829  -55.283  -26.433 0.0000000000
23367  -50.687  -55.501  -26.458 0.0000000000
23377  -42.213  -53.636  -27.168 0.0000000000
23378  -42.922  -54.374  -27.767 0.0000000000
23379  -43.310  -55.012  -28.142 0.0000000000
23391  -43.403  -53.914  -28.164 0.0000000000
23392  -43.846  -54.408  -28.633 0.0000000000
23403  -44.325  -54.856  -29.099 0.0000000000
23404  -44.676  -54.344  -29.396 0.0000000000
23405  -45.362  -54.330  -30.028 0.0000000000
24504  -53.561  -53.929  -23.411 0.0000000000
24511  -46.456  -52.773  -25.233 0.0000000000
24512  -46.987  -53.198  -24.997 0.0000000000
24513  -48.084  -53.491  -24.751 0.0000000000
24514  -49.382  -53.519  -24.659 0.0000000000
24515  -50.865  -53.588  -24.711 0.0000000000
24516  -52.352  -53.325  -24.253 0.0000000000
24517  -53.287  -53.857  -24.090 0.0000000000
24518  -53.503  -54.236  -23.910 0.0000000000
24528  -40.310  -53.013  -25.558 0.0000000000
24529  -46.780  -53.013  -25.844 0.0000000000
24530  -47.616  -53.781  -25.623 0.0000000000
24531  -48.739  -54.108  -25.268 0.0000000000
24532  -49.992  -54.144  -25.235 0.0000000000
24533  -50.720  -54.172  -25.212 0.0000000000
24545  -41.033  -52.954  -26.095 0.0000000000
24546  -41.736  -52.908  -26.716 0.0000000000
24547  -46.943  -52.833  -26.440 0.0000000000
24548  -47.381  -53.487  -26.592 0.0000000000
24562  -42.352  -52.765  -27.207 0.0000000000
24563  -42.974  -53.073  -27.715 0.0000000000
24565  -47.841  -54.072  -27.358 0.0000000000
24577  -43.234  -53.649  -27.976 0.0000000000
25671  -47.411  -52.871  -24.272 0.0000000000
25672  -48.661  -52.873  -24.127 0.0000000000
25687  -39.876  -52.093  -25.302 0.0000000000
25688  -45.717  -52.034  -25.048 0.0000000000
25689  -46.169  -52.241  -25.545 0.0000000000
25701  -40.689  -52.064  -25.714 0.0000000000
25702  -41.462  -51.928  -26.336 0.0000000000
25703  -46.631  -52.195  -26.387 0.0000000000
25704  -47.201  -52.515  -26.900 0.0000000000
25718  -47.735  -52.925  -27.668 0.0000000000
26742  -38.543  -51.248  -25.535 0.0000000000
26743  -39.475  -51.156  -25.183 0.0000000000
26744  -40.319  -51.171  -25.418 0.0000000000
26745  -45.703  -51.458  -25.504 0.0000000000
26746  -46.224  -51.438  -26.111 0.0000000000
26755  -41.041  -51.153  -25.913 0.0000000000
26757  -46.721  -51.349  -26.584 0.0000000000
26758  -47.115  -51.678  -26.910 0.0000000000
26770  -47.650  -51.876  -27.359 0.0000000000
26771  -48.591  -51.774  -27.989 0.0000000000
26772  -49.285  -51.207  -28.076 0.0000000000
27813  -38.615  -49.966  -25.556 0.0000000000
27814  -39.158  -50.170  -25.248 0.0000000000
27815  -39.978  -50.229  -25.270 0.0000000000
27824  -38.191  -50.177  -26.057 0.0000000000
27825  -40.733  -50.285  -25.699 0.0000000000
27826  -41.376  -50.361  -26.210 0.0000000000
27827  -46.645  -50.651  -26.373 0.0000000000
27828  -47.359  -50.773  -26.813 0.0000000000
27829  -48.297  -50.174  -26.993 0.0000000000
27830  -48.959  -49.789  -27.062 0.0000000000
27838  -38.079  -50.260  -26.884 0.0000000000
27842  -47.521  -51.342  -27.116 0.0000000000
27843  -48.067  -51.049  -27.343 0.0000000000
27844  -49.188  -50.470  -27.584 0.0000000000
27845  -50.169  -50.288  -27.911 0.0000000000
27859  -49.757  -50.911  -28.111 0.0000000000
27860  -50.484  -50.883  -28.460 0.0000000000
28983  -38.964  -49.200  -25.438 0.0000000000
28995  -38.242  -49.285  -26.516 0.0000000000
28996  -40.436  -49.337  -25.562 0.0000000000
28998  -47.090  -50.207  -26.450 0.0000000000
28999  -47.655  -49.815  -26.513 0.0000000000
29010  -38.249  -49.403  -27.286 0.0000000000
29014  -49.942  -49.877  -27.555 0.0000000000
29025  -38.439  -49.381  -28.020 0.0000000000
30132  -38.308  -48.516  -26.947 0.0000000000
30147  -38.395  -48.704  -27.592 0.0000000000
30148  -38.634  -48.521  -28.192 0.0000000000
