#!ascii label  , from subject COLIN27_FS vox2ras=TkReg
84
146263  -4.643  48.353  7.749 0.0000000000
146279  -5.175  48.392  7.090 0.0000000000
146280  -5.968  48.426  6.453 0.0000000000
147217  -4.607  49.004  7.381 0.0000000000
147232  -4.380  49.661  7.394 0.0000000000
147233  -4.986  49.368  6.669 0.0000000000
147234  -5.759  49.185  6.083 0.0000000000
147257  -5.338  49.757  5.975 0.0000000000
147258  -6.187  49.583  5.434 0.0000000000
147259  -7.101  49.421  4.886 0.0000000000
148183  -4.420  50.428  6.946 0.0000000000
148184  -4.856  50.194  6.273 0.0000000000
148208  -4.645  50.854  6.243 0.0000000000
148209  -5.165  50.538  5.527 0.0000000000
148210  -5.901  50.352  4.925 0.0000000000
148223  -5.455  50.893  4.794 0.0000000000
149064  -4.662  51.617  5.775 0.0000000000
149065  -4.991  51.310  5.077 0.0000000000
149079  -4.821  51.986  5.001 0.0000000000
149080  -5.254  51.586  4.358 0.0000000000
149081  -5.726  51.437  3.980 0.0000000000
149090  -5.462  51.808  3.816 0.0000000000
149091  -6.061  51.564  3.545 0.0000000000
149878  -4.829  52.597  4.260 0.0000000000
149879  -5.121  52.066  3.907 0.0000000000
149890  -4.832  52.865  3.586 0.0000000000
149891  -5.297  52.374  3.273 0.0000000000
149892  -5.976  51.959  3.092 0.0000000000
149899  -5.469  52.857  2.266 0.0000000000
149900  -6.241  52.208  2.533 0.0000000000
149910  -5.488  53.070  1.843 0.0000000000
149911  -5.936  52.838  1.762 0.0000000000
150646  -4.765  53.554  3.556 0.0000000000
150647  -4.850  52.983  3.271 0.0000000000
150654  -4.643  53.979  2.444 0.0000000000
150655  -4.949  53.197  2.711 0.0000000000
150663  -4.508  54.113  1.820 0.0000000000
150664  -5.186  53.526  1.509 0.0000000000
150665  -5.977  53.104  1.244 0.0000000000
150674  -5.451  54.026  0.203 0.0000000000
150687  -5.526  54.317  -0.390 0.0000000000
151407  -4.410  54.789  1.951 0.0000000000
151408  -4.488  54.361  1.384 0.0000000000
151422  -4.276  55.048  1.033 0.0000000000
151423  -4.710  54.459  0.658 0.0000000000
151437  -4.454  55.171  0.242 0.0000000000
151438  -4.943  54.763  -0.350 0.0000000000
151439  -5.552  54.518  -0.769 0.0000000000
151454  -5.230  54.932  -1.033 0.0000000000
152153  -4.486  55.759  -0.614 0.0000000000
152154  -4.871  55.246  -0.922 0.0000000000
152163  -4.472  56.075  -1.318 0.0000000000
152164  -5.078  55.564  -1.673 0.0000000000
152840  -4.496  56.344  -1.733 0.0000000000
152849  -4.315  56.981  -2.045 0.0000000000
152850  -4.760  56.446  -2.377 0.0000000000
152860  -4.558  57.096  -2.709 0.0000000000
153638  -4.401  57.655  -2.450 0.0000000000
153646  -4.687  57.679  -3.316 0.0000000000
154501  -4.646  58.397  -3.331 0.0000000000
154502  -4.869  58.876  -3.817 0.0000000000
155289  -5.338  60.018  -3.986 0.0000000000
155304  -5.118  60.239  -4.887 0.0000000000
156023  -5.435  60.797  -4.630 0.0000000000
156036  -5.213  60.914  -5.311 0.0000000000
156050  -5.219  60.918  -6.120 0.0000000000
156775  -5.713  61.149  -4.546 0.0000000000
156789  -5.677  61.469  -4.990 0.0000000000
156804  -5.482  61.703  -5.752 0.0000000000
157583  -5.613  62.813  -6.192 0.0000000000
158408  -5.579  63.548  -6.390 0.0000000000
158409  -5.845  63.660  -6.121 0.0000000000
158424  -5.427  63.596  -6.853 0.0000000000
158438  -5.513  64.043  -7.557 0.0000000000
159273  -5.628  63.977  -6.528 0.0000000000
159274  -6.025  64.335  -6.464 0.0000000000
159288  -5.657  64.514  -7.110 0.0000000000
159301  -5.456  64.857  -8.101 0.0000000000
159318  -5.203  65.274  -9.078 0.0000000000
160130  -5.846  65.451  -7.684 0.0000000000
160141  -5.220  66.101  -8.454 0.0000000000
160901  -5.170  66.647  -8.592 0.0000000000
160902  -5.492  66.763  -8.576 0.0000000000
160912  -4.996  66.820  -8.971 0.0000000000
