#!ascii label  , from subject COLIN27_FS vox2ras=TkReg
153
134760  -5.801  36.546  -25.975 0.0000000000
134761  -6.166  37.203  -26.062 0.0000000000
134772  -6.238  36.950  -26.647 0.0000000000
135842  -6.128  37.645  -25.500 0.0000000000
136868  -6.504  38.547  -25.599 0.0000000000
136876  -6.875  38.541  -26.391 0.0000000000
137846  -6.512  39.461  -24.945 0.0000000000
137853  -6.841  39.456  -25.787 0.0000000000
137861  -7.161  39.448  -26.430 0.0000000000
137862  -7.496  39.492  -26.940 0.0000000000
137868  -7.948  39.618  -27.492 0.0000000000
137869  -8.532  39.661  -28.084 0.0000000000
138813  -6.628  40.505  -24.536 0.0000000000
138821  -6.901  40.351  -25.307 0.0000000000
138829  -7.199  40.403  -26.129 0.0000000000
138830  -7.392  41.021  -26.473 0.0000000000
138838  -7.350  39.963  -26.602 0.0000000000
138839  -7.579  40.520  -26.977 0.0000000000
138846  -8.248  40.559  -27.711 0.0000000000
139762  -7.151  41.388  -24.978 0.0000000000
139763  -7.423  42.022  -25.369 0.0000000000
139771  -7.160  40.918  -25.574 0.0000000000
139772  -7.382  41.561  -25.961 0.0000000000
139783  -7.519  41.605  -26.842 0.0000000000
139791  -7.952  41.503  -27.491 0.0000000000
140696  -7.332  43.079  -24.360 0.0000000000
140703  -7.415  42.576  -24.841 0.0000000000
140712  -7.550  42.632  -25.786 0.0000000000
140722  -7.546  42.569  -26.643 0.0000000000
140731  -7.772  42.443  -27.374 0.0000000000
140732  -8.290  42.405  -27.879 0.0000000000
141623  -6.836  43.619  -23.573 0.0000000000
141624  -7.307  43.639  -24.111 0.0000000000
141630  -7.607  43.630  -24.751 0.0000000000
141639  -7.687  43.556  -25.527 0.0000000000
141649  -7.649  43.571  -26.414 0.0000000000
141660  -7.804  43.577  -27.409 0.0000000000
142590  -7.723  44.531  -24.489 0.0000000000
142600  -7.912  44.489  -25.271 0.0000000000
142614  -7.837  44.501  -26.102 0.0000000000
142626  -7.700  44.586  -26.945 0.0000000000
142638  -8.083  44.705  -27.612 0.0000000000
143603  -7.815  45.547  -24.117 0.0000000000
143604  -8.090  46.142  -24.310 0.0000000000
143616  -8.166  45.437  -24.953 0.0000000000
143617  -8.161  45.979  -24.593 0.0000000000
143634  -8.112  45.375  -25.789 0.0000000000
143642  -7.956  45.451  -26.567 0.0000000000
143650  -8.011  45.559  -27.286 0.0000000000
144641  -7.531  46.528  -23.225 0.0000000000
144642  -7.960  46.945  -23.588 0.0000000000
144655  -7.980  46.443  -23.917 0.0000000000
144666  -8.331  46.171  -24.958 0.0000000000
144667  -8.315  46.612  -24.547 0.0000000000
144680  -8.320  46.167  -25.491 0.0000000000
144682  -8.234  46.263  -26.217 0.0000000000
144687  -8.066  46.386  -26.919 0.0000000000
144688  -8.431  46.468  -27.454 0.0000000000
144689  -9.044  46.557  -27.816 0.0000000000
145650  -8.291  47.385  -23.945 0.0000000000
145655  -8.435  46.705  -25.148 0.0000000000
145656  -8.577  47.519  -24.900 0.0000000000
145666  -8.429  47.089  -25.757 0.0000000000
145667  -8.570  47.939  -25.585 0.0000000000
145670  -8.290  47.141  -26.544 0.0000000000
145671  -9.559  48.056  -27.743 0.0000000000
145672  -9.805  48.040  -27.779 0.0000000000
145676  -8.346  47.246  -27.146 0.0000000000
145677  -8.789  47.394  -27.530 0.0000000000
145678  -9.449  47.680  -27.776 0.0000000000
146609  -7.853  48.038  -22.779 0.0000000000
146610  -8.228  48.378  -23.276 0.0000000000
146615  -8.572  48.437  -24.179 0.0000000000
146619  -8.756  48.557  -25.060 0.0000000000
146628  -8.436  47.880  -26.206 0.0000000000
146629  -8.592  48.618  -25.856 0.0000000000
146635  -8.398  47.917  -26.807 0.0000000000
146636  -9.139  48.608  -27.485 0.0000000000
146637  -9.461  48.414  -27.613 0.0000000000
146638  -10.239  48.483  -27.742 0.0000000000
146639  -10.903  48.719  -27.839 0.0000000000
146641  -8.616  48.021  -27.249 0.0000000000
146642  -9.031  48.302  -27.505 0.0000000000
146643  -9.294  48.146  -27.652 0.0000000000
147573  -8.569  49.362  -23.465 0.0000000000
147577  -8.803  49.416  -24.386 0.0000000000
147581  -8.821  49.440  -25.325 0.0000000000
147590  -8.506  48.481  -26.470 0.0000000000
147591  -8.708  49.292  -26.309 0.0000000000
147597  -8.549  48.605  -26.971 0.0000000000
147598  -9.018  49.061  -27.242 0.0000000000
147599  -9.790  49.242  -27.423 0.0000000000
147600  -10.534  49.302  -27.536 0.0000000000
147605  -8.809  48.551  -27.301 0.0000000000
147606  -8.980  48.689  -27.389 0.0000000000
148479  -8.188  49.894  -22.129 0.0000000000
148480  -8.555  50.278  -22.606 0.0000000000
148485  -8.875  50.330  -23.629 0.0000000000
148489  -9.000  50.353  -24.612 0.0000000000
148499  -8.944  50.336  -25.561 0.0000000000
148508  -9.064  50.253  -26.448 0.0000000000
148510  -9.518  50.091  -27.047 0.0000000000
148511  -10.116  50.007  -27.237 0.0000000000
149327  -8.995  51.265  -22.837 0.0000000000
149332  -9.162  51.283  -23.867 0.0000000000
149344  -9.144  51.283  -24.821 0.0000000000
149356  -9.217  51.236  -25.679 0.0000000000
149361  -9.718  51.126  -26.425 0.0000000000
149367  -9.870  50.524  -26.971 0.0000000000
149368  -10.339  50.704  -26.948 0.0000000000
150118  -9.273  52.226  -23.170 0.0000000000
150131  -9.303  52.254  -24.132 0.0000000000
150138  -9.299  52.168  -24.997 0.0000000000
150139  -10.096  52.815  -25.696 0.0000000000
150140  -10.436  52.851  -25.712 0.0000000000
150141  -11.206  52.912  -25.737 0.0000000000
150144  -9.546  52.078  -25.639 0.0000000000
150145  -10.057  52.375  -25.876 0.0000000000
150146  -10.902  52.253  -26.083 0.0000000000
150881  -9.261  53.257  -23.450 0.0000000000
150884  -9.298  53.287  -24.460 0.0000000000
150885  -9.430  53.536  -25.008 0.0000000000
150888  -9.470  52.832  -25.214 0.0000000000
150889  -9.899  53.164  -25.438 0.0000000000
150890  -10.642  53.536  -25.387 0.0000000000
150891  -11.552  53.617  -25.427 0.0000000000
150896  -9.731  52.651  -25.569 0.0000000000
150897  -9.928  52.772  -25.643 0.0000000000
151604  -9.109  54.192  -22.576 0.0000000000
151607  -8.717  55.028  -24.206 0.0000000000
151608  -8.983  54.427  -23.721 0.0000000000
151612  -8.893  55.157  -24.517 0.0000000000
151613  -9.216  54.462  -24.695 0.0000000000
151614  -9.582  53.874  -25.076 0.0000000000
151621  -9.501  54.667  -24.922 0.0000000000
151622  -9.940  54.268  -25.056 0.0000000000
151623  -10.982  54.428  -25.029 0.0000000000
152303  -8.598  55.566  -23.578 0.0000000000
152304  -8.814  55.113  -22.976 0.0000000000
152307  -8.719  55.655  -24.241 0.0000000000
152308  -9.265  55.430  -24.613 0.0000000000
152309  -10.015  55.571  -24.622 0.0000000000
152310  -10.957  55.417  -24.610 0.0000000000
152316  -9.338  54.910  -24.878 0.0000000000
152317  -9.683  54.994  -24.902 0.0000000000
152318  -10.284  54.948  -24.876 0.0000000000
153060  -8.454  56.478  -23.181 0.0000000000
153068  -8.573  56.331  -23.815 0.0000000000
153069  -9.027  56.267  -24.208 0.0000000000
153070  -9.649  56.220  -24.353 0.0000000000
153071  -10.455  56.340  -24.217 0.0000000000
153072  -11.486  56.175  -24.138 0.0000000000
153877  -8.618  56.897  -23.400 0.0000000000
