#!ascii label  , from subject COLIN27_FS vox2ras=TkReg
72
147271  -6.615  50.021  4.724 0.0000000000
147272  -7.612  49.862  4.045 0.0000000000
147279  -7.995  50.134  3.399 0.0000000000
147280  -8.648  49.674  3.126 0.0000000000
148224  -6.247  50.814  4.206 0.0000000000
148225  -7.024  50.609  3.802 0.0000000000
148234  -6.704  50.993  3.611 0.0000000000
148235  -7.506  50.706  3.259 0.0000000000
148236  -8.159  50.274  3.096 0.0000000000
148244  -7.695  50.998  2.723 0.0000000000
148245  -8.387  50.527  2.508 0.0000000000
148251  -8.750  50.723  1.455 0.0000000000
148259  -8.912  50.667  0.468 0.0000000000
149092  -6.768  51.324  3.259 0.0000000000
149101  -6.435  51.744  3.054 0.0000000000
149102  -7.120  51.532  2.732 0.0000000000
149103  -7.760  51.235  2.384 0.0000000000
149111  -7.417  51.729  2.081 0.0000000000
149112  -8.096  51.320  1.817 0.0000000000
149118  -7.643  51.905  1.466 0.0000000000
149119  -8.313  51.570  0.877 0.0000000000
149122  -8.579  51.380  -0.136 0.0000000000
149901  -6.931  51.980  2.295 0.0000000000
149912  -6.871  52.298  1.739 0.0000000000
149920  -6.489  52.781  1.195 0.0000000000
149921  -7.360  52.446  0.755 0.0000000000
149922  -8.137  52.082  0.163 0.0000000000
149929  -7.675  52.589  -0.141 0.0000000000
149934  -7.807  52.771  -0.875 0.0000000000
150675  -6.363  53.232  0.495 0.0000000000
150676  -7.156  52.879  0.174 0.0000000000
150688  -6.257  53.963  -0.650 0.0000000000
150689  -7.163  53.205  -0.416 0.0000000000
150701  -6.577  54.097  -1.367 0.0000000000
151455  -5.917  54.631  -1.423 0.0000000000
151456  -6.677  54.278  -1.776 0.0000000000
151468  -6.330  54.767  -2.123 0.0000000000
151469  -7.029  54.325  -2.382 0.0000000000
152165  -5.790  55.060  -1.932 0.0000000000
152175  -5.436  56.002  -2.779 0.0000000000
152176  -5.937  55.357  -2.459 0.0000000000
152186  -5.614  56.236  -3.313 0.0000000000
152861  -5.059  56.744  -3.256 0.0000000000
152880  -5.320  56.952  -3.910 0.0000000000
153647  -5.028  57.289  -3.729 0.0000000000
153666  -4.734  58.195  -3.749 0.0000000000
153667  -5.205  57.760  -4.402 0.0000000000
153685  -5.538  58.319  -5.614 0.0000000000
154512  -5.087  59.210  -4.956 0.0000000000
155318  -5.125  60.083  -5.673 0.0000000000
155329  -5.263  60.058  -6.526 0.0000000000
156817  -5.438  61.787  -6.546 0.0000000000
156818  -5.715  61.712  -7.339 0.0000000000
157600  -5.504  62.656  -7.034 0.0000000000
157601  -5.886  62.610  -7.844 0.0000000000
158425  -5.585  63.352  -7.507 0.0000000000
158439  -5.778  63.751  -8.411 0.0000000000
158497  -4.077  64.203  -12.807 0.0000000000
159302  -5.482  64.613  -8.717 0.0000000000
159319  -5.524  64.429  -9.377 0.0000000000
159333  -4.156  65.396  -10.756 0.0000000000
159334  -4.642  65.122  -10.325 0.0000000000
159335  -5.505  64.081  -10.138 0.0000000000
159349  -4.043  65.241  -11.126 0.0000000000
159350  -4.429  64.527  -11.347 0.0000000000
159363  -3.866  64.931  -12.038 0.0000000000
159364  -4.293  64.146  -12.057 0.0000000000
160154  -4.704  66.146  -9.484 0.0000000000
160166  -4.037  65.759  -10.854 0.0000000000
160167  -4.329  66.204  -10.364 0.0000000000
160180  -3.874  65.717  -11.549 0.0000000000
160923  -4.911  67.024  -10.107 0.0000000000
