#!ascii label  , from subject COLIN27_FS vox2ras=TkReg
78
122015  -5.335  24.774  13.766 0.0000000000
122024  -5.433  24.725  12.736 0.0000000000
123191  -5.410  25.695  13.456 0.0000000000
123201  -5.364  25.707  12.438 0.0000000000
123210  -5.119  26.340  11.060 0.0000000000
123211  -5.300  25.778  11.325 0.0000000000
124332  -5.266  26.641  12.174 0.0000000000
124351  -5.115  26.733  11.425 0.0000000000
124381  -5.485  26.949  9.659 0.0000000000
125405  -5.389  27.461  12.686 0.0000000000
125422  -4.987  27.436  11.225 0.0000000000
125423  -5.152  27.465  11.930 0.0000000000
125431  -4.964  27.397  10.525 0.0000000000
125435  -5.192  27.453  9.851 0.0000000000
126416  -5.393  28.291  12.317 0.0000000000
126430  -4.979  28.088  10.974 0.0000000000
126431  -5.071  28.168  11.598 0.0000000000
126436  -5.018  28.168  10.286 0.0000000000
126440  -5.350  28.319  9.495 0.0000000000
127406  -5.698  28.989  12.325 0.0000000000
127418  -5.058  28.541  11.290 0.0000000000
127419  -5.322  29.061  11.633 0.0000000000
127424  -5.061  28.755  10.859 0.0000000000
127425  -5.268  29.586  10.762 0.0000000000
127429  -5.142  28.958  10.123 0.0000000000
127433  -5.360  29.102  9.540 0.0000000000
128475  -5.812  30.300  11.479 0.0000000000
128485  -5.483  30.505  10.461 0.0000000000
129491  -5.796  31.122  10.871 0.0000000000
129492  -6.437  31.361  11.235 0.0000000000
130463  -6.950  31.779  11.178 0.0000000000
130479  -7.779  32.775  10.712 0.0000000000
131508  -8.212  33.602  10.370 0.0000000000
131509  -9.223  33.732  10.391 0.0000000000
132513  -7.812  34.270  10.015 0.0000000000
132514  -8.737  34.293  10.086 0.0000000000
132535  -8.450  34.843  9.778 0.0000000000
132536  -9.057  34.759  9.908 0.0000000000
133443  -9.896  35.167  9.881 0.0000000000
133444  -10.469  35.349  10.089 0.0000000000
133459  -9.330  35.318  9.673 0.0000000000
133460  -9.988  35.447  9.749 0.0000000000
134364  -10.696  35.988  9.962 0.0000000000
134378  -10.135  36.026  9.516 0.0000000000
134379  -10.784  36.481  9.825 0.0000000000
135404  -9.820  36.588  9.001 0.0000000000
135405  -10.531  37.024  9.169 0.0000000000
135406  -11.165  37.217  9.997 0.0000000000
136460  -11.353  37.795  10.304 0.0000000000
136471  -11.146  38.202  9.483 0.0000000000
136472  -11.303  37.744  9.918 0.0000000000
136484  -10.709  38.729  8.156 0.0000000000
137525  -10.976  39.440  10.123 0.0000000000
137532  -11.048  39.559  8.944 0.0000000000
138528  -10.572  40.600  9.653 0.0000000000
139461  -10.330  41.503  8.965 0.0000000000
140405  -9.381  42.518  8.897 0.0000000000
140406  -9.990  42.051  8.817 0.0000000000
140413  -10.190  42.091  8.268 0.0000000000
141348  -9.084  43.262  8.129 0.0000000000
142260  -7.778  44.195  8.083 0.0000000000
142264  -7.415  45.205  7.084 0.0000000000
143271  -6.882  45.819  7.181 0.0000000000
143277  -7.327  46.072  6.550 0.0000000000
144312  -6.752  46.700  6.763 0.0000000000
144323  -7.411  46.702  6.177 0.0000000000
144327  -8.733  46.723  4.685 0.0000000000
145312  -6.764  47.533  6.421 0.0000000000
145328  -7.477  47.570  5.847 0.0000000000
145329  -8.173  47.625  5.211 0.0000000000
146281  -6.822  48.211  6.057 0.0000000000
146304  -6.408  48.803  5.897 0.0000000000
146305  -7.293  48.594  5.409 0.0000000000
146306  -8.152  48.359  4.862 0.0000000000
146314  -7.748  49.002  4.709 0.0000000000
146315  -8.477  48.725  4.203 0.0000000000
146318  -9.005  48.773  3.490 0.0000000000
147273  -8.475  49.274  3.752 0.0000000000
