#!ascii label  , from subject COLIN27_FS vox2ras=TkReg
710
157543  -14.211  62.560  -3.090 0.0000000000
157557  -14.990  62.461  -4.758 0.0000000000
158373  -13.809  63.571  -2.945 0.0000000000
158374  -14.286  63.211  -3.537 0.0000000000
158387  -14.107  63.914  -3.607 0.0000000000
158388  -14.576  63.511  -4.233 0.0000000000
158398  -15.022  63.459  -5.132 0.0000000000
159227  -12.864  64.581  -2.146 0.0000000000
159228  -13.355  64.288  -2.671 0.0000000000
159240  -13.157  64.976  -2.704 0.0000000000
159241  -13.669  64.657  -3.272 0.0000000000
159253  -14.216  64.612  -4.052 0.0000000000
159254  -14.668  64.420  -4.771 0.0000000000
159263  -15.000  64.389  -5.468 0.0000000000
159388  -15.052  64.256  -13.805 0.0000000000
159389  -15.478  64.286  -13.193 0.0000000000
160027  -9.257  65.036  0.729 0.0000000000
160047  -8.783  65.919  0.047 0.0000000000
160048  -9.567  65.567  0.089 0.0000000000
160049  -10.751  65.639  -0.657 0.0000000000
160059  -11.018  66.115  -1.187 0.0000000000
160060  -11.715  65.640  -1.495 0.0000000000
160061  -12.410  65.132  -1.853 0.0000000000
160069  -11.995  66.154  -2.104 0.0000000000
160070  -12.557  65.672  -2.366 0.0000000000
160084  -13.237  65.657  -3.127 0.0000000000
160085  -13.780  65.573  -3.824 0.0000000000
160100  -14.331  65.541  -4.745 0.0000000000
160101  -14.738  64.966  -5.132 0.0000000000
160108  -14.446  65.990  -5.283 0.0000000000
160109  -14.805  65.457  -5.673 0.0000000000
160202  -15.009  65.776  -12.993 0.0000000000
160203  -15.513  65.308  -12.711 0.0000000000
160220  -14.053  65.765  -14.029 0.0000000000
160221  -14.763  65.236  -13.668 0.0000000000
160222  -15.313  64.967  -13.235 0.0000000000
160233  -12.848  65.708  -14.969 0.0000000000
160234  -13.693  65.207  -14.682 0.0000000000
160235  -14.388  64.919  -14.276 0.0000000000
160815  -9.075  66.292  -0.376 0.0000000000
160816  -9.847  66.227  -0.582 0.0000000000
160819  -8.675  66.770  -0.675 0.0000000000
160820  -9.360  66.846  -0.908 0.0000000000
160821  -10.393  66.668  -1.180 0.0000000000
160822  -11.134  66.474  -1.473 0.0000000000
160827  -10.867  67.041  -1.596 0.0000000000
160828  -11.554  66.842  -2.022 0.0000000000
160829  -12.215  66.516  -2.441 0.0000000000
160843  -12.114  67.177  -2.680 0.0000000000
160844  -12.764  66.706  -3.103 0.0000000000
160845  -13.341  66.304  -3.614 0.0000000000
160861  -13.126  66.937  -3.819 0.0000000000
160862  -13.632  66.566  -4.326 0.0000000000
160870  -14.079  66.608  -5.151 0.0000000000
160871  -14.504  66.307  -5.652 0.0000000000
160880  -14.312  66.953  -5.841 0.0000000000
160881  -14.821  66.466  -6.413 0.0000000000
160936  -14.922  66.631  -12.284 0.0000000000
160951  -13.860  66.674  -13.366 0.0000000000
160952  -14.552  66.404  -12.985 0.0000000000
160953  -15.141  66.105  -12.580 0.0000000000
160964  -12.626  66.609  -14.355 0.0000000000
160965  -13.433  66.380  -14.012 0.0000000000
160966  -14.173  66.128  -13.641 0.0000000000
160973  -11.478  66.634  -15.419 0.0000000000
160974  -12.185  66.328  -14.978 0.0000000000
160975  -12.975  66.066  -14.615 0.0000000000
160983  -11.867  66.072  -15.605 0.0000000000
161528  -8.479  67.432  -1.122 0.0000000000
161529  -9.686  67.679  -1.500 0.0000000000
161530  -10.419  67.308  -1.542 0.0000000000
161536  -9.991  68.263  -1.924 0.0000000000
161537  -10.682  67.806  -1.957 0.0000000000
161538  -11.516  67.831  -2.613 0.0000000000
161550  -12.288  67.851  -3.443 0.0000000000
161551  -12.820  67.324  -3.680 0.0000000000
161565  -12.456  68.262  -4.068 0.0000000000
161566  -13.022  67.751  -4.422 0.0000000000
161567  -13.603  67.155  -4.837 0.0000000000
161575  -13.147  68.169  -5.168 0.0000000000
161576  -13.644  67.654  -5.502 0.0000000000
161589  -14.320  67.578  -6.654 0.0000000000
161590  -14.794  67.043  -6.971 0.0000000000
161629  -14.924  67.508  -10.733 0.0000000000
161637  -13.976  67.707  -11.929 0.0000000000
161638  -14.828  67.179  -11.640 0.0000000000
161652  -12.810  67.719  -12.994 0.0000000000
161653  -13.763  67.282  -12.776 0.0000000000
161654  -14.443  67.081  -12.342 0.0000000000
161661  -11.532  67.648  -14.010 0.0000000000
161662  -12.532  67.222  -13.791 0.0000000000
161663  -13.297  67.080  -13.396 0.0000000000
161670  -10.577  67.803  -14.744 0.0000000000
161671  -11.216  67.272  -14.837 0.0000000000
161672  -12.005  67.013  -14.389 0.0000000000
161680  -10.490  67.780  -15.201 0.0000000000
161681  -10.997  67.218  -15.645 0.0000000000
161688  -10.620  67.855  -15.821 0.0000000000
161689  -11.103  67.449  -16.453 0.0000000000
162194  -7.048  68.562  -1.635 0.0000000000
162195  -7.921  68.291  -1.589 0.0000000000
162196  -8.738  68.207  -1.644 0.0000000000
162202  -7.577  68.903  -1.965 0.0000000000
162203  -8.309  68.886  -2.031 0.0000000000
162204  -9.312  68.690  -2.080 0.0000000000
162205  -10.195  68.723  -2.390 0.0000000000
162206  -10.900  68.431  -2.582 0.0000000000
162219  -10.644  68.950  -2.891 0.0000000000
162220  -11.324  68.695  -3.246 0.0000000000
162230  -11.924  68.781  -4.058 0.0000000000
162231  -12.477  68.561  -4.458 0.0000000000
162239  -12.166  69.106  -4.691 0.0000000000
162240  -12.733  68.815  -5.153 0.0000000000
162241  -13.204  68.445  -5.622 0.0000000000
162254  -12.970  69.001  -5.961 0.0000000000
162255  -13.502  68.536  -6.382 0.0000000000
162280  -13.955  68.853  -8.970 0.0000000000
162281  -14.452  68.289  -9.439 0.0000000000
162290  -13.762  68.837  -9.987 0.0000000000
162291  -14.332  68.214  -10.439 0.0000000000
162304  -12.512  68.885  -11.723 0.0000000000
162305  -13.254  68.678  -11.300 0.0000000000
162306  -14.294  67.895  -11.221 0.0000000000
162317  -11.285  68.807  -12.784 0.0000000000
162318  -12.078  68.667  -12.404 0.0000000000
162319  -13.196  68.036  -12.289 0.0000000000
162328  -10.814  68.567  -13.428 0.0000000000
162329  -11.959  67.979  -13.333 0.0000000000
162340  -9.997  68.316  -14.571 0.0000000000
162341  -10.790  67.905  -14.322 0.0000000000
162364  -10.720  68.359  -16.197 0.0000000000
162850  -5.469  69.522  -1.335 0.0000000000
162851  -5.846  69.265  -1.724 0.0000000000
162852  -6.433  69.200  -2.003 0.0000000000
162853  -7.054  69.204  -2.130 0.0000000000
162864  -5.412  69.927  -1.979 0.0000000000
162865  -5.933  69.923  -2.337 0.0000000000
162866  -6.719  69.842  -2.522 0.0000000000
162867  -7.662  69.575  -2.465 0.0000000000
162868  -8.690  69.554  -2.595 0.0000000000
162869  -9.541  69.372  -2.686 0.0000000000
162870  -10.151  69.310  -2.913 0.0000000000
162882  -9.129  69.928  -3.015 0.0000000000
162883  -9.731  69.877  -3.306 0.0000000000
162884  -10.566  69.471  -3.452 0.0000000000
162885  -11.226  69.328  -3.904 0.0000000000
162892  -10.120  70.067  -3.799 0.0000000000
162893  -10.718  69.956  -4.215 0.0000000000
162894  -11.529  69.637  -4.647 0.0000000000
162907  -12.099  69.651  -5.240 0.0000000000
162908  -12.550  69.631  -5.872 0.0000000000
162920  -12.983  69.626  -6.762 0.0000000000
162921  -13.489  68.968  -6.977 0.0000000000
162928  -13.132  70.014  -7.904 0.0000000000
162929  -13.513  69.213  -7.561 0.0000000000
162936  -13.032  70.051  -8.888 0.0000000000
162937  -13.515  69.402  -8.463 0.0000000000
162946  -12.751  69.930  -9.747 0.0000000000
162947  -13.361  69.425  -9.401 0.0000000000
162956  -11.653  69.915  -11.052 0.0000000000
162957  -12.311  69.827  -10.570 0.0000000000
162958  -13.052  69.364  -10.333 0.0000000000
162970  -10.423  69.783  -12.106 0.0000000000
162971  -11.175  69.720  -11.685 0.0000000000
162972  -12.183  69.301  -11.473 0.0000000000
162973  -12.715  69.308  -10.925 0.0000000000
162980  -9.194  69.578  -13.083 0.0000000000
162981  -9.917  69.556  -12.664 0.0000000000
162982  -10.966  69.197  -12.523 0.0000000000
162983  -11.607  69.221  -12.019 0.0000000000
162993  -9.752  69.174  -13.328 0.0000000000
162994  -10.350  69.115  -12.983 0.0000000000
163016  -10.568  69.258  -15.949 0.0000000000
163446  -5.354  70.048  -1.041 0.0000000000
163456  -5.161  70.574  -1.720 0.0000000000
163457  -5.275  70.843  -1.222 0.0000000000
163469  -5.413  70.700  -2.473 0.0000000000
163470  -6.229  70.827  -3.057 0.0000000000
163471  -7.251  70.392  -3.044 0.0000000000
163472  -8.177  70.190  -3.032 0.0000000000
163473  -8.726  70.086  -3.042 0.0000000000
163482  -6.502  71.401  -3.518 0.0000000000
163483  -7.035  71.139  -3.530 0.0000000000
163484  -7.877  70.830  -3.535 0.0000000000
163485  -8.934  70.580  -3.618 0.0000000000
163486  -9.682  70.326  -3.737 0.0000000000
163493  -9.246  71.095  -4.189 0.0000000000
163494  -9.961  70.742  -4.251 0.0000000000
163495  -11.070  70.651  -5.103 0.0000000000
163496  -11.650  70.115  -5.232 0.0000000000
163507  -11.424  71.036  -5.690 0.0000000000
163508  -11.952  70.564  -5.918 0.0000000000
163509  -12.513  70.074  -6.276 0.0000000000
163516  -12.256  71.035  -6.853 0.0000000000
163517  -12.483  70.411  -6.627 0.0000000000
163523  -12.341  71.114  -7.286 0.0000000000
163524  -12.589  70.667  -7.404 0.0000000000
163531  -12.165  70.981  -9.066 0.0000000000
163532  -12.592  70.724  -8.432 0.0000000000
163542  -11.890  70.773  -9.651 0.0000000000
163543  -12.474  70.501  -9.307 0.0000000000
163554  -10.728  70.589  -10.824 0.0000000000
163555  -11.495  70.492  -10.425 0.0000000000
163556  -12.203  70.328  -9.953 0.0000000000
163566  -8.543  70.580  -12.215 0.0000000000
163567  -9.234  70.431  -11.804 0.0000000000
163568  -10.259  70.333  -11.474 0.0000000000
163569  -11.067  70.216  -11.098 0.0000000000
163575  -8.381  70.554  -12.911 0.0000000000
163576  -9.045  70.031  -12.511 0.0000000000
163577  -9.767  70.024  -12.111 0.0000000000
163587  -8.642  69.921  -13.164 0.0000000000
164013  -6.149  71.517  -0.783 0.0000000000
164014  -6.919  71.639  -0.543 0.0000000000
164022  -5.077  71.593  -1.600 0.0000000000
164023  -5.486  71.534  -1.072 0.0000000000
164033  -5.041  71.567  -2.325 0.0000000000
164034  -5.402  71.603  -3.079 0.0000000000
164042  -6.072  71.773  -3.582 0.0000000000
164043  -6.836  71.825  -3.850 0.0000000000
164044  -7.745  71.595  -3.980 0.0000000000
164045  -8.271  71.113  -3.887 0.0000000000
164054  -8.132  71.855  -4.190 0.0000000000
164055  -8.645  71.549  -4.207 0.0000000000
164056  -9.555  71.632  -4.459 0.0000000000
164057  -10.366  71.603  -4.945 0.0000000000
164066  -11.202  71.747  -5.687 0.0000000000
164067  -11.581  71.254  -5.949 0.0000000000
164072  -11.437  72.224  -6.200 0.0000000000
164073  -11.748  71.693  -6.499 0.0000000000
164079  -12.056  71.547  -7.540 0.0000000000
164080  -12.366  71.137  -7.532 0.0000000000
164088  -11.988  71.396  -8.520 0.0000000000
164089  -12.379  71.140  -7.888 0.0000000000
164099  -10.119  71.739  -9.787 0.0000000000
164100  -10.992  71.540  -9.576 0.0000000000
164101  -11.661  71.286  -9.306 0.0000000000
164109  -7.915  71.546  -10.970 0.0000000000
164110  -8.862  71.354  -10.690 0.0000000000
164111  -9.752  71.271  -10.474 0.0000000000
164112  -10.666  71.094  -10.278 0.0000000000
164113  -11.343  71.042  -9.852 0.0000000000
164120  -7.627  71.383  -11.907 0.0000000000
164121  -8.487  71.000  -11.570 0.0000000000
164122  -9.428  70.806  -11.100 0.0000000000
164123  -10.154  70.798  -10.820 0.0000000000
164130  -7.618  71.634  -12.564 0.0000000000
164131  -7.962  71.237  -12.634 0.0000000000
164143  -8.450  71.382  -13.523 0.0000000000
164632  -6.506  72.505  -0.687 0.0000000000
164642  -5.410  72.534  -1.308 0.0000000000
164643  -5.808  72.197  -0.927 0.0000000000
164651  -4.942  72.543  -2.026 0.0000000000
164652  -5.061  72.494  -2.838 0.0000000000
164660  -5.585  72.534  -3.469 0.0000000000
164661  -6.469  72.619  -3.719 0.0000000000
164662  -7.593  72.556  -3.915 0.0000000000
164663  -8.580  72.914  -3.877 0.0000000000
164664  -9.113  73.067  -3.920 0.0000000000
164671  -7.909  72.064  -4.143 0.0000000000
164672  -8.336  72.246  -4.129 0.0000000000
164673  -9.243  72.539  -4.204 0.0000000000
164674  -10.002  72.346  -4.645 0.0000000000
164681  -10.633  72.615  -5.180 0.0000000000
164688  -11.186  72.909  -6.041 0.0000000000
164689  -11.466  72.531  -6.641 0.0000000000
164698  -11.070  73.270  -7.113 0.0000000000
164699  -11.542  72.456  -7.426 0.0000000000
164709  -9.688  73.326  -8.633 0.0000000000
164710  -10.558  73.067  -8.322 0.0000000000
164711  -11.424  72.111  -8.340 0.0000000000
164720  -6.339  73.034  -9.531 0.0000000000
164721  -7.017  72.881  -9.615 0.0000000000
164722  -8.046  72.678  -9.599 0.0000000000
164723  -9.376  72.672  -9.297 0.0000000000
164724  -10.676  72.185  -9.092 0.0000000000
164725  -11.390  71.750  -8.998 0.0000000000
164733  -5.586  72.732  -10.408 0.0000000000
164734  -6.151  72.645  -10.166 0.0000000000
164735  -7.236  72.200  -10.401 0.0000000000
164736  -8.433  71.991  -10.133 0.0000000000
164737  -9.299  71.788  -10.071 0.0000000000
164744  -5.625  72.621  -10.809 0.0000000000
164745  -6.204  72.264  -11.198 0.0000000000
164746  -7.058  71.802  -11.442 0.0000000000
164756  -6.535  72.191  -12.029 0.0000000000
164757  -7.184  71.990  -12.464 0.0000000000
164758  -8.057  72.273  -12.742 0.0000000000
165264  -6.505  73.903  -0.789 0.0000000000
165265  -6.591  73.514  -0.672 0.0000000000
165266  -7.148  73.302  -0.409 0.0000000000
165267  -7.806  73.363  -0.046 0.0000000000
165272  -6.007  73.519  -1.078 0.0000000000
165273  -5.973  72.862  -0.916 0.0000000000
165276  -5.439  73.419  -1.679 0.0000000000
165277  -5.249  73.472  -2.459 0.0000000000
165278  -5.733  73.742  -2.886 0.0000000000
165279  -7.147  73.882  -3.207 0.0000000000
165280  -7.514  73.883  -3.147 0.0000000000
165287  -5.339  73.217  -3.154 0.0000000000
165288  -6.085  73.438  -3.377 0.0000000000
165289  -7.033  73.475  -3.446 0.0000000000
165290  -8.112  73.552  -3.429 0.0000000000
165291  -9.109  73.530  -3.535 0.0000000000
165292  -9.767  73.779  -3.758 0.0000000000
165300  -9.504  73.250  -3.955 0.0000000000
165301  -10.173  73.371  -4.397 0.0000000000
165308  -10.805  73.731  -5.344 0.0000000000
165318  -10.761  74.032  -6.441 0.0000000000
165327  -9.353  74.268  -7.980 0.0000000000
165328  -10.015  74.136  -7.668 0.0000000000
165336  -6.977  73.967  -8.760 0.0000000000
165337  -7.480  73.948  -8.704 0.0000000000
165338  -8.877  73.868  -8.483 0.0000000000
165339  -9.828  73.635  -8.319 0.0000000000
165346  -4.821  74.143  -10.018 0.0000000000
165347  -5.044  73.839  -9.877 0.0000000000
165348  -5.723  73.372  -9.628 0.0000000000
165349  -6.690  73.638  -9.037 0.0000000000
165350  -7.766  73.353  -9.108 0.0000000000
165351  -8.521  73.146  -9.143 0.0000000000
165359  -4.900  74.068  -10.311 0.0000000000
165360  -5.045  73.329  -10.576 0.0000000000
165361  -5.587  72.901  -10.114 0.0000000000
165373  -5.618  73.130  -11.463 0.0000000000
165374  -6.338  73.041  -11.960 0.0000000000
165375  -7.207  73.423  -12.054 0.0000000000
165376  -8.134  73.629  -11.994 0.0000000000
165390  -6.955  72.742  -12.305 0.0000000000
165391  -7.691  72.900  -12.376 0.0000000000
165869  -8.149  74.983  0.991 0.0000000000
165870  -8.558  74.694  1.344 0.0000000000
165882  -7.272  74.841  -0.171 0.0000000000
165883  -7.375  74.777  0.045 0.0000000000
165884  -7.876  74.579  0.488 0.0000000000
165896  -6.545  74.169  -0.890 0.0000000000
165897  -7.061  74.461  -0.449 0.0000000000
165898  -7.232  74.081  -0.202 0.0000000000
165899  -7.474  73.840  -0.056 0.0000000000
165903  -6.307  74.113  -1.398 0.0000000000
165904  -6.438  74.310  -1.816 0.0000000000
165907  -5.720  74.038  -1.948 0.0000000000
165908  -6.115  74.144  -2.331 0.0000000000
165909  -6.429  74.089  -2.784 0.0000000000
165910  -7.191  74.159  -2.843 0.0000000000
165911  -8.171  74.295  -2.758 0.0000000000
165912  -9.041  74.615  -2.653 0.0000000000
165917  -6.654  73.852  -3.186 0.0000000000
165918  -6.916  73.874  -3.219 0.0000000000
165919  -8.829  74.049  -3.063 0.0000000000
165920  -9.588  74.428  -3.219 0.0000000000
165921  -10.200  74.408  -3.882 0.0000000000
165930  -10.565  74.501  -4.664 0.0000000000
165940  -10.520  74.874  -5.653 0.0000000000
165949  -9.449  75.131  -7.101 0.0000000000
165950  -10.068  74.934  -6.725 0.0000000000
165957  -8.232  74.879  -7.832 0.0000000000
165958  -9.052  74.744  -7.697 0.0000000000
165959  -9.686  74.746  -7.311 0.0000000000
165966  -5.474  74.861  -9.361 0.0000000000
165967  -5.739  74.753  -8.935 0.0000000000
165968  -6.167  74.622  -8.643 0.0000000000
165969  -6.830  74.368  -8.553 0.0000000000
165970  -7.797  74.534  -8.216 0.0000000000
165971  -8.502  74.498  -8.058 0.0000000000
165980  -5.092  74.533  -9.900 0.0000000000
165981  -5.388  74.186  -9.351 0.0000000000
165982  -5.944  74.043  -8.951 0.0000000000
165983  -6.367  74.134  -8.759 0.0000000000
165990  -5.287  74.415  -10.552 0.0000000000
165991  -5.940  74.243  -11.158 0.0000000000
166005  -6.088  73.609  -11.645 0.0000000000
166006  -6.669  73.882  -11.672 0.0000000000
166464  -8.800  75.247  2.987 0.0000000000
166472  -8.375  75.935  1.864 0.0000000000
166473  -8.660  75.490  2.231 0.0000000000
166481  -7.692  75.774  0.999 0.0000000000
166482  -8.067  75.564  1.223 0.0000000000
166483  -8.418  75.454  1.647 0.0000000000
166495  -7.601  75.323  -0.230 0.0000000000
166496  -7.434  75.260  0.030 0.0000000000
166497  -7.595  75.425  0.580 0.0000000000
166498  -7.743  75.362  0.806 0.0000000000
166508  -7.209  74.765  -0.766 0.0000000000
166509  -7.350  74.937  -0.378 0.0000000000
166512  -7.093  74.645  -1.336 0.0000000000
166513  -7.183  74.672  -1.770 0.0000000000
166514  -7.883  75.196  -1.590 0.0000000000
166515  -8.455  75.658  -1.669 0.0000000000
166516  -9.098  75.944  -1.972 0.0000000000
166517  -9.414  76.192  -2.292 0.0000000000
166519  -6.650  74.371  -2.313 0.0000000000
166520  -7.135  74.543  -2.247 0.0000000000
166521  -7.882  74.801  -2.172 0.0000000000
166522  -8.714  75.115  -2.235 0.0000000000
166523  -9.575  75.535  -2.631 0.0000000000
166526  -10.127  75.262  -3.452 0.0000000000
166527  -10.415  75.204  -4.116 0.0000000000
166533  -10.423  75.411  -4.827 0.0000000000
166541  -9.622  75.974  -5.862 0.0000000000
166542  -10.089  75.759  -5.441 0.0000000000
166549  -8.545  75.885  -6.867 0.0000000000
166550  -9.296  75.727  -6.524 0.0000000000
166551  -10.001  75.499  -6.067 0.0000000000
166558  -6.254  75.765  -8.167 0.0000000000
166559  -6.540  75.748  -7.841 0.0000000000
166560  -7.174  75.675  -7.567 0.0000000000
166561  -8.111  75.518  -7.372 0.0000000000
166562  -8.917  75.409  -7.128 0.0000000000
166569  -5.859  75.438  -9.037 0.0000000000
166570  -6.107  75.419  -8.587 0.0000000000
166571  -6.411  75.148  -8.292 0.0000000000
166572  -7.017  75.062  -8.005 0.0000000000
166573  -7.652  75.112  -7.782 0.0000000000
166580  -5.721  75.381  -9.672 0.0000000000
166594  -5.363  74.929  -10.211 0.0000000000
166595  -5.820  75.065  -10.447 0.0000000000
166979  -8.622  75.708  3.305 0.0000000000
166990  -8.436  76.452  2.524 0.0000000000
166991  -8.678  75.891  2.941 0.0000000000
167002  -7.773  76.541  1.086 0.0000000000
167003  -7.878  76.471  1.313 0.0000000000
167004  -8.171  76.529  1.830 0.0000000000
167015  -7.782  76.066  0.265 0.0000000000
167016  -7.703  76.151  0.720 0.0000000000
167017  -7.659  76.058  0.984 0.0000000000
167025  -7.933  75.797  -0.309 0.0000000000
167026  -8.276  76.324  -0.524 0.0000000000
167027  -8.427  76.772  -0.687 0.0000000000
167028  -8.384  76.961  -0.710 0.0000000000
167031  -7.577  75.028  -0.882 0.0000000000
167032  -7.818  75.258  -1.025 0.0000000000
167033  -8.151  75.689  -1.126 0.0000000000
167034  -8.414  76.437  -1.085 0.0000000000
167035  -8.867  76.598  -1.511 0.0000000000
167036  -9.304  76.681  -2.034 0.0000000000
167038  -9.608  76.579  -2.614 0.0000000000
167045  -9.994  76.344  -3.490 0.0000000000
167046  -10.275  75.692  -3.802 0.0000000000
167056  -9.837  76.634  -4.444 0.0000000000
167057  -10.284  75.928  -4.247 0.0000000000
167066  -8.755  76.849  -5.749 0.0000000000
167067  -9.478  76.581  -5.309 0.0000000000
167068  -10.122  76.105  -4.870 0.0000000000
167083  -6.864  76.840  -6.902 0.0000000000
167084  -7.432  76.775  -6.643 0.0000000000
167085  -8.361  76.548  -6.350 0.0000000000
167086  -9.130  76.345  -5.974 0.0000000000
167100  -6.262  76.711  -8.098 0.0000000000
167101  -6.314  76.506  -7.824 0.0000000000
167102  -6.645  76.484  -7.358 0.0000000000
167103  -7.325  76.233  -7.114 0.0000000000
167104  -7.951  76.193  -6.881 0.0000000000
167117  -6.226  76.209  -8.566 0.0000000000
167118  -6.222  75.845  -8.065 0.0000000000
167128  -6.108  76.113  -9.020 0.0000000000
167455  -8.157  78.100  2.285 0.0000000000
167468  -7.971  77.294  1.193 0.0000000000
167469  -7.981  77.242  1.417 0.0000000000
167470  -8.094  77.517  1.931 0.0000000000
167471  -8.260  77.074  2.282 0.0000000000
167480  -7.925  76.960  0.865 0.0000000000
167481  -7.853  76.818  1.081 0.0000000000
167487  -8.087  76.938  0.452 0.0000000000
167488  -8.209  77.136  0.090 0.0000000000
167489  -8.312  77.482  -0.191 0.0000000000
167490  -8.406  77.684  -0.565 0.0000000000
167491  -8.522  78.150  -0.829 0.0000000000
167495  -8.442  77.158  -0.820 0.0000000000
167496  -8.676  77.524  -1.118 0.0000000000
167497  -9.107  77.380  -1.758 0.0000000000
167505  -9.373  77.337  -2.375 0.0000000000
167515  -9.541  77.314  -3.096 0.0000000000
167526  -8.892  77.764  -4.542 0.0000000000
167527  -9.461  77.450  -3.988 0.0000000000
167542  -7.058  77.932  -5.979 0.0000000000
167543  -7.642  77.826  -5.629 0.0000000000
167544  -8.562  77.519  -5.210 0.0000000000
167545  -9.294  77.221  -4.722 0.0000000000
167561  -6.322  77.983  -7.131 0.0000000000
167562  -6.386  77.892  -6.832 0.0000000000
167563  -6.780  77.605  -6.484 0.0000000000
167564  -7.539  77.309  -6.156 0.0000000000
167565  -8.163  77.207  -5.825 0.0000000000
167575  -6.338  77.534  -7.620 0.0000000000
167576  -6.374  77.274  -7.311 0.0000000000
167577  -6.506  77.205  -6.974 0.0000000000
167586  -6.300  77.331  -8.213 0.0000000000
167587  -6.463  77.765  -8.450 0.0000000000
167602  -6.285  76.633  -8.675 0.0000000000
167916  -7.802  79.360  2.158 0.0000000000
167917  -8.093  78.803  2.426 0.0000000000
167918  -8.275  78.854  3.154 0.0000000000
167931  -8.012  77.709  1.413 0.0000000000
167932  -7.925  78.561  1.717 0.0000000000
167933  -8.053  78.268  2.042 0.0000000000
167941  -7.993  77.835  1.211 0.0000000000
167942  -7.907  78.713  1.186 0.0000000000
167943  -7.929  78.998  0.848 0.0000000000
167944  -7.992  79.149  0.549 0.0000000000
167948  -8.023  77.693  0.911 0.0000000000
167949  -8.099  77.973  0.678 0.0000000000
167950  -8.168  78.254  0.366 0.0000000000
167951  -8.155  78.684  0.005 0.0000000000
167952  -8.376  78.738  -0.585 0.0000000000
167960  -8.635  78.651  -1.266 0.0000000000
167961  -8.932  78.087  -1.671 0.0000000000
167972  -8.763  78.774  -2.297 0.0000000000
167973  -9.138  77.949  -2.148 0.0000000000
167982  -8.805  78.594  -3.223 0.0000000000
167983  -9.194  78.021  -2.753 0.0000000000
167994  -8.043  78.660  -4.507 0.0000000000
167995  -8.660  78.401  -4.033 0.0000000000
167996  -9.197  77.993  -3.424 0.0000000000
168006  -6.468  78.880  -5.829 0.0000000000
168007  -6.980  78.611  -5.553 0.0000000000
168008  -7.764  78.410  -5.033 0.0000000000
168009  -8.385  78.159  -4.680 0.0000000000
168014  -6.330  78.674  -6.704 0.0000000000
168015  -6.388  78.595  -6.289 0.0000000000
168016  -6.649  78.322  -6.039 0.0000000000
168023  -6.315  78.536  -7.143 0.0000000000
168031  -6.349  78.424  -7.564 0.0000000000
168032  -6.342  78.539  -7.923 0.0000000000
168033  -6.652  78.744  -8.211 0.0000000000
168340  -8.184  80.455  2.824 0.0000000000
168341  -8.593  79.767  3.492 0.0000000000
168348  -7.537  79.976  2.028 0.0000000000
168349  -7.940  80.001  2.540 0.0000000000
168350  -8.237  79.365  2.878 0.0000000000
168361  -7.577  79.876  1.570 0.0000000000
168367  -7.614  79.861  1.183 0.0000000000
168368  -7.683  79.888  0.833 0.0000000000
168369  -7.861  79.820  0.366 0.0000000000
168378  -8.082  79.661  -0.264 0.0000000000
168379  -8.306  79.558  -0.955 0.0000000000
168389  -8.365  79.538  -1.728 0.0000000000
168399  -7.773  80.150  -2.662 0.0000000000
168400  -8.157  79.759  -2.493 0.0000000000
168407  -7.775  79.937  -3.102 0.0000000000
168408  -8.361  79.294  -3.163 0.0000000000
168417  -6.461  80.152  -4.582 0.0000000000
168418  -6.873  79.770  -4.504 0.0000000000
168419  -7.734  79.350  -4.039 0.0000000000
168420  -8.409  78.928  -3.629 0.0000000000
168427  -6.169  80.100  -5.589 0.0000000000
168428  -6.416  79.688  -5.268 0.0000000000
168429  -7.189  79.120  -4.848 0.0000000000
168430  -7.658  78.886  -4.619 0.0000000000
168435  -6.219  79.554  -6.066 0.0000000000
168436  -6.324  79.185  -5.894 0.0000000000
168440  -6.233  79.453  -6.721 0.0000000000
168441  -6.133  79.759  -6.999 0.0000000000
168450  -6.261  79.141  -7.154 0.0000000000
168451  -6.264  79.464  -7.382 0.0000000000
168452  -6.426  79.560  -7.769 0.0000000000
168453  -6.911  79.737  -8.078 0.0000000000
168765  -7.747  81.023  2.657 0.0000000000
168766  -8.301  80.909  2.987 0.0000000000
168771  -7.285  80.963  1.828 0.0000000000
168772  -7.428  80.984  2.272 0.0000000000
168782  -7.294  80.930  1.371 0.0000000000
168783  -7.204  81.212  1.045 0.0000000000
168784  -12.423  81.099  1.293 0.0000000000
168797  -7.396  80.566  1.067 0.0000000000
168798  -7.430  80.810  0.626 0.0000000000
168799  -7.685  80.593  -0.037 0.0000000000
168812  -7.881  80.456  -0.762 0.0000000000
168813  -8.070  80.121  -1.397 0.0000000000
168823  -7.657  80.708  -1.570 0.0000000000
168824  -7.944  80.203  -2.035 0.0000000000
168835  -6.693  81.241  -2.796 0.0000000000
168836  -7.347  80.688  -2.588 0.0000000000
168837  -7.806  80.203  -2.425 0.0000000000
168844  -6.017  81.195  -3.769 0.0000000000
168845  -6.487  80.981  -3.432 0.0000000000
168846  -7.176  80.233  -3.580 0.0000000000
168853  -6.118  80.753  -4.363 0.0000000000
168854  -6.649  80.314  -4.101 0.0000000000
168855  -7.079  79.932  -4.074 0.0000000000
168859  -6.075  80.441  -5.755 0.0000000000
168860  -5.970  80.615  -5.199 0.0000000000
168866  -6.125  80.281  -6.249 0.0000000000
168867  -6.073  80.671  -6.500 0.0000000000
168871  -6.137  80.152  -6.705 0.0000000000
168872  -6.055  80.526  -6.982 0.0000000000
168873  -6.191  80.918  -7.299 0.0000000000
168879  -6.246  80.234  -7.420 0.0000000000
168880  -6.513  80.651  -7.701 0.0000000000
169164  -7.411  81.835  2.428 0.0000000000
169165  -7.799  81.785  2.743 0.0000000000
169166  -8.580  81.684  3.045 0.0000000000
169173  -7.094  81.890  1.553 0.0000000000
169174  -7.172  81.892  2.046 0.0000000000
169175  -12.908  81.462  2.448 0.0000000000
169176  -13.622  81.529  2.600 0.0000000000
169183  -7.061  81.832  1.137 0.0000000000
169184  -7.067  81.754  0.719 0.0000000000
169185  -11.733  81.683  1.542 0.0000000000
169186  -12.396  81.434  1.855 0.0000000000
169187  -13.323  81.256  2.019 0.0000000000
169188  -14.190  81.213  2.115 0.0000000000
169198  -7.212  81.609  -0.125 0.0000000000
169199  -7.529  80.992  -0.430 0.0000000000
169202  -12.072  81.310  1.244 0.0000000000
169212  -6.925  81.924  -1.109 0.0000000000
169213  -7.424  81.230  -0.937 0.0000000000
169223  -6.572  81.914  -1.915 0.0000000000
169224  -7.115  81.348  -1.742 0.0000000000
169232  -5.802  81.926  -3.318 0.0000000000
169233  -6.239  81.751  -2.763 0.0000000000
169234  -6.771  81.414  -2.361 0.0000000000
169239  -5.767  81.511  -3.875 0.0000000000
169240  -5.995  81.489  -3.427 0.0000000000
169243  -5.683  81.429  -4.615 0.0000000000
169247  -6.024  80.739  -5.913 0.0000000000
169248  -5.781  81.245  -5.585 0.0000000000
169257  -5.992  80.888  -6.122 0.0000000000
169258  -5.899  81.380  -6.396 0.0000000000
169264  -5.988  81.508  -7.027 0.0000000000
169265  -6.276  81.597  -7.426 0.0000000000
169271  -6.749  81.693  -7.900 0.0000000000
169514  -12.065  81.580  3.809 0.0000000000
169515  -12.873  81.653  4.031 0.0000000000
169518  -7.478  82.395  2.513 0.0000000000
169519  -7.880  82.660  2.628 0.0000000000
169520  -8.681  82.552  2.793 0.0000000000
169521  -9.464  82.457  2.807 0.0000000000
169522  -10.431  82.217  2.814 0.0000000000
169523  -11.589  81.839  3.038 0.0000000000
169524  -12.520  81.625  3.317 0.0000000000
169525  -13.335  81.695  3.518 0.0000000000
169526  -14.039  81.826  3.551 0.0000000000
169527  -6.946  82.769  1.731 0.0000000000
169528  -7.237  82.676  2.248 0.0000000000
169529  -7.475  82.813  2.464 0.0000000000
169530  -10.368  82.563  2.234 0.0000000000
169531  -10.993  82.209  2.225 0.0000000000
169532  -12.132  81.655  2.566 0.0000000000
169533  -13.058  81.578  2.950 0.0000000000
169534  -13.713  81.740  3.099 0.0000000000
169535  -6.792  82.656  1.048 0.0000000000
169536  -6.907  82.243  0.859 0.0000000000
169537  -10.447  82.671  1.173 0.0000000000
169538  -11.138  82.198  1.520 0.0000000000
169539  -11.651  81.851  1.986 0.0000000000
169540  -6.609  82.959  0.572 0.0000000000
169541  -6.755  82.532  0.352 0.0000000000
169544  -6.310  83.009  -0.959 0.0000000000
169545  -6.671  82.496  -0.561 0.0000000000
169548  -6.136  82.920  -1.849 0.0000000000
169549  -6.437  82.497  -1.417 0.0000000000
169552  -5.940  82.558  -2.799 0.0000000000
169553  -6.228  82.378  -2.153 0.0000000000
169556  -5.612  82.264  -3.839 0.0000000000
169559  -5.584  82.208  -4.878 0.0000000000
169563  -5.693  82.232  -5.804 0.0000000000
169573  -5.920  82.454  -6.720 0.0000000000
169583  -6.079  82.070  -7.186 0.0000000000
169584  -6.358  82.637  -7.517 0.0000000000
169797  -7.831  83.114  2.501 0.0000000000
169798  -8.154  83.129  2.484 0.0000000000
169799  -8.829  83.070  2.444 0.0000000000
169800  -9.483  82.858  2.403 0.0000000000
169801  -6.880  83.219  1.695 0.0000000000
169802  -6.988  83.395  1.890 0.0000000000
169803  -7.633  83.340  2.290 0.0000000000
169804  -8.328  83.591  2.124 0.0000000000
169805  -8.986  83.379  2.075 0.0000000000
169806  -9.791  82.980  2.085 0.0000000000
169807  -10.308  82.736  1.968 0.0000000000
169808  -6.792  83.368  1.356 0.0000000000
169809  -6.922  83.891  1.458 0.0000000000
169810  -8.559  83.740  1.820 0.0000000000
169811  -9.057  83.595  1.641 0.0000000000
169812  -9.874  83.117  1.536 0.0000000000
169813  -10.532  82.620  1.729 0.0000000000
169814  -6.604  83.390  0.539 0.0000000000
169815  -6.529  83.102  0.198 0.0000000000
169816  -9.238  83.726  1.107 0.0000000000
169817  -9.821  83.205  0.726 0.0000000000
169818  -6.442  83.444  -0.406 0.0000000000
169819  -6.476  82.966  -0.242 0.0000000000
169820  -8.656  84.223  -0.235 0.0000000000
169822  -9.873  83.077  -0.092 0.0000000000
169823  -6.263  83.446  -1.429 0.0000000000
169826  -6.081  83.323  -2.392 0.0000000000
169830  -5.838  83.071  -3.292 0.0000000000
169839  -5.692  82.973  -5.203 0.0000000000
169849  -5.774  83.001  -6.007 0.0000000000
170052  -7.337  83.999  1.766 0.0000000000
170053  -7.962  84.003  1.913 0.0000000000
170054  -8.296  83.899  1.852 0.0000000000
170055  -6.774  83.953  0.826 0.0000000000
170056  -7.179  84.282  1.098 0.0000000000
170057  -7.781  84.297  1.343 0.0000000000
170058  -8.429  84.034  1.507 0.0000000000
170059  -8.834  83.914  1.345 0.0000000000
170060  -6.604  83.970  -0.050 0.0000000000
170061  -7.005  84.377  0.268 0.0000000000
170062  -7.634  84.473  0.562 0.0000000000
170063  -8.251  84.371  0.847 0.0000000000
170064  -8.746  84.129  0.948 0.0000000000
170065  -6.448  83.922  -1.026 0.0000000000
170066  -6.845  84.329  -0.691 0.0000000000
170067  -7.473  84.494  -0.367 0.0000000000
170068  -8.289  84.408  -0.038 0.0000000000
170069  -8.579  84.263  0.478 0.0000000000
170070  -6.297  83.793  -1.975 0.0000000000
170072  -7.295  84.449  -1.372 0.0000000000
