#!ascii label  , from subject COLIN27_FS vox2ras=TkReg
936
125216  -28.362  27.591  26.448 0.0000000000
125230  -27.532  27.404  25.330 0.0000000000
125231  -28.103  27.588  25.749 0.0000000000
125244  -27.064  27.624  24.644 0.0000000000
126253  -29.009  28.208  27.645 0.0000000000
126261  -28.954  28.184  26.699 0.0000000000
126268  -28.073  27.824  25.303 0.0000000000
126269  -28.608  28.233  25.600 0.0000000000
126276  -26.894  28.263  24.052 0.0000000000
126277  -27.924  28.219  24.654 0.0000000000
126278  -28.586  28.712  24.898 0.0000000000
127239  -29.732  29.206  30.558 0.0000000000
127248  -29.367  28.789  29.105 0.0000000000
127249  -29.898  29.345  29.595 0.0000000000
127261  -29.412  28.837  28.094 0.0000000000
127262  -29.890  29.520  28.572 0.0000000000
127273  -29.371  28.897  27.104 0.0000000000
127274  -29.746  29.652  27.557 0.0000000000
127285  -29.238  28.950  26.137 0.0000000000
127286  -29.588  29.701  26.552 0.0000000000
127296  -29.063  29.255  25.225 0.0000000000
127297  -29.426  29.655  25.793 0.0000000000
127308  -26.537  29.131  23.548 0.0000000000
127309  -27.562  29.028  23.799 0.0000000000
127310  -28.514  29.328  24.306 0.0000000000
127321  -28.001  29.803  23.590 0.0000000000
128258  -30.953  30.093  31.808 0.0000000000
128271  -30.128  29.493  30.917 0.0000000000
128272  -30.762  30.014  30.814 0.0000000000
128285  -30.362  29.775  30.124 0.0000000000
128286  -30.911  30.594  29.835 0.0000000000
128298  -30.424  30.215  29.077 0.0000000000
128299  -30.790  31.025  29.028 0.0000000000
128308  -30.135  30.432  28.052 0.0000000000
128316  -29.915  30.580  27.010 0.0000000000
128323  -29.374  29.914  25.370 0.0000000000
128324  -29.636  30.551  25.796 0.0000000000
128333  -29.217  30.256  24.769 0.0000000000
128334  -29.513  31.129  25.015 0.0000000000
128347  -27.825  30.618  23.219 0.0000000000
128348  -28.609  30.447  23.843 0.0000000000
129233  -32.071  31.743  34.749 0.0000000000
129245  -32.153  31.645  33.733 0.0000000000
129255  -31.558  30.857  33.303 0.0000000000
129256  -32.152  31.633  32.680 0.0000000000
129265  -31.604  30.876  32.172 0.0000000000
129266  -32.054  31.726  31.671 0.0000000000
129275  -31.585  31.202  30.756 0.0000000000
129276  -32.003  31.875  31.081 0.0000000000
129284  -31.189  31.602  29.416 0.0000000000
129291  -30.483  31.014  28.457 0.0000000000
129292  -30.682  31.810  28.532 0.0000000000
129298  -30.254  31.602  27.669 0.0000000000
129299  -30.455  32.167  28.068 0.0000000000
129308  -29.874  31.594  26.510 0.0000000000
129322  -29.612  31.694  25.576 0.0000000000
129340  -29.119  31.394  24.286 0.0000000000
129341  -29.433  31.806  24.905 0.0000000000
129360  -26.423  31.789  22.561 0.0000000000
129361  -27.534  31.597  22.902 0.0000000000
129362  -28.416  31.485  23.470 0.0000000000
129383  -25.862  32.006  22.440 0.0000000000
130226  -31.933  32.495  36.700 0.0000000000
130227  -32.196  32.893  36.023 0.0000000000
130236  -32.007  32.264  35.962 0.0000000000
130237  -32.297  32.722  35.279 0.0000000000
130247  -32.409  32.585  34.168 0.0000000000
130255  -32.437  32.547  33.148 0.0000000000
130263  -32.372  32.532  32.154 0.0000000000
130270  -32.210  32.459  31.296 0.0000000000
130278  -31.654  32.584  29.852 0.0000000000
130279  -31.993  32.221  30.688 0.0000000000
130287  -30.980  32.611  28.904 0.0000000000
130296  -30.566  32.628  28.282 0.0000000000
130308  -29.983  32.600  27.006 0.0000000000
130309  -30.318  32.610  27.779 0.0000000000
130324  -29.642  32.531  26.080 0.0000000000
130339  -29.005  32.862  24.672 0.0000000000
130340  -29.370  32.542  25.266 0.0000000000
130353  -28.763  32.442  23.952 0.0000000000
130354  -29.201  32.224  24.574 0.0000000000
130367  -24.248  32.442  22.648 0.0000000000
130369  -26.521  32.622  22.564 0.0000000000
130370  -27.228  32.579  22.806 0.0000000000
130371  -28.090  32.450  23.281 0.0000000000
130381  -24.815  32.902  22.464 0.0000000000
130382  -25.241  32.477  22.460 0.0000000000
130383  -25.968  32.425  22.435 0.0000000000
131226  -31.696  33.135  40.489 0.0000000000
131248  -31.498  33.408  38.689 0.0000000000
131249  -31.609  33.537  38.066 0.0000000000
131256  -31.892  33.585  37.286 0.0000000000
131264  -32.162  33.737  36.261 0.0000000000
131265  -32.282  33.286  35.759 0.0000000000
131273  -32.205  34.221  35.766 0.0000000000
131274  -32.308  33.774  35.393 0.0000000000
131281  -32.418  33.522  34.496 0.0000000000
131287  -32.441  33.413  33.576 0.0000000000
131293  -32.129  34.157  31.955 0.0000000000
131294  -32.365  33.549  32.639 0.0000000000
131303  -32.004  34.110  31.038 0.0000000000
131304  -32.284  33.344  31.615 0.0000000000
131315  -31.642  33.877  30.028 0.0000000000
131316  -32.081  33.116  30.706 0.0000000000
131328  -31.084  33.569  29.191 0.0000000000
131338  -30.326  33.853  28.144 0.0000000000
131339  -30.555  33.486  28.412 0.0000000000
131352  -30.114  33.560  27.650 0.0000000000
131353  -30.404  33.075  28.026 0.0000000000
131366  -29.083  33.882  26.014 0.0000000000
131367  -29.445  33.636  26.414 0.0000000000
131380  -29.003  33.507  25.441 0.0000000000
131381  -29.379  33.064  25.791 0.0000000000
131393  -28.029  33.643  24.024 0.0000000000
131394  -28.407  33.443  24.314 0.0000000000
131404  -20.771  33.674  23.649 0.0000000000
131405  -21.392  33.459  23.421 0.0000000000
131406  -22.331  33.314  23.000 0.0000000000
131407  -23.467  33.350  22.641 0.0000000000
131408  -24.644  33.540  22.666 0.0000000000
131409  -25.621  33.687  22.871 0.0000000000
131410  -26.619  33.367  22.907 0.0000000000
131411  -27.762  33.420  23.567 0.0000000000
131412  -28.337  32.993  23.695 0.0000000000
131420  -25.224  33.143  22.519 0.0000000000
131421  -25.828  33.033  22.501 0.0000000000
131422  -26.249  32.881  22.530 0.0000000000
132199  -31.893  33.591  41.082 0.0000000000
132212  -31.557  34.034  40.154 0.0000000000
132213  -31.752  33.859  40.732 0.0000000000
132214  -31.932  34.194  41.020 0.0000000000
132215  -32.316  34.269  41.211 0.0000000000
132221  -31.542  33.873  39.856 0.0000000000
132222  -33.747  34.375  40.446 0.0000000000
132229  -31.510  34.041  39.624 0.0000000000
132236  -31.464  34.283  39.086 0.0000000000
132237  -31.526  34.426  38.459 0.0000000000
132244  -31.662  34.536  37.762 0.0000000000
132251  -31.862  34.684  36.908 0.0000000000
132257  -32.032  34.826  35.942 0.0000000000
132258  -32.216  34.472  35.386 0.0000000000
132263  -32.119  35.085  35.048 0.0000000000
132264  -32.285  34.363  34.707 0.0000000000
132271  -32.126  35.024  34.070 0.0000000000
132272  -32.315  34.189  33.820 0.0000000000
132281  -32.104  34.709  32.871 0.0000000000
132282  -32.318  33.983  33.222 0.0000000000
132292  -31.778  34.967  31.609 0.0000000000
132301  -31.423  34.884  30.491 0.0000000000
132309  -30.474  34.935  28.947 0.0000000000
132310  -30.848  34.702  29.354 0.0000000000
132320  -30.267  34.490  28.367 0.0000000000
132321  -30.678  34.070  28.821 0.0000000000
132334  -28.989  34.863  26.774 0.0000000000
132335  -29.405  34.626  27.114 0.0000000000
132348  -28.117  34.935  26.036 0.0000000000
132349  -28.794  34.479  26.177 0.0000000000
132350  -29.233  34.264  26.564 0.0000000000
132365  -27.113  34.840  25.216 0.0000000000
132366  -27.748  34.677  25.371 0.0000000000
132367  -28.334  33.988  25.014 0.0000000000
132380  -25.394  35.039  24.220 0.0000000000
132381  -25.942  34.771  24.205 0.0000000000
132382  -26.879  34.593  24.534 0.0000000000
132383  -27.812  33.950  24.301 0.0000000000
132384  -28.194  33.802  24.526 0.0000000000
132397  -20.866  34.281  23.085 0.0000000000
132398  -21.844  34.105  22.860 0.0000000000
132399  -22.925  34.370  22.653 0.0000000000
132400  -24.081  34.432  22.903 0.0000000000
132401  -25.146  34.575  23.499 0.0000000000
132402  -26.244  34.206  23.573 0.0000000000
132403  -27.192  33.964  23.718 0.0000000000
132404  -27.612  33.806  23.832 0.0000000000
132413  -21.476  34.646  22.584 0.0000000000
132414  -22.211  34.687  22.503 0.0000000000
132415  -22.685  34.812  22.537 0.0000000000
133127  -31.666  34.281  40.440 0.0000000000
133128  -31.758  34.688  40.558 0.0000000000
133129  -32.053  34.904  40.840 0.0000000000
133130  -32.484  35.003  40.952 0.0000000000
133131  -33.049  35.137  40.817 0.0000000000
133132  -33.483  34.956  40.585 0.0000000000
133137  -31.566  34.629  40.058 0.0000000000
133138  -31.626  35.342  40.192 0.0000000000
133139  -33.319  35.538  40.469 0.0000000000
133140  -33.693  35.309  40.094 0.0000000000
133141  -34.041  35.008  39.547 0.0000000000
133148  -31.470  35.061  39.443 0.0000000000
133149  -33.972  35.677  39.570 0.0000000000
133150  -34.338  35.330  38.974 0.0000000000
133156  -31.432  35.401  38.737 0.0000000000
133157  -31.511  35.211  38.151 0.0000000000
133163  -31.399  35.931  38.128 0.0000000000
133164  -31.551  35.619  37.468 0.0000000000
133170  -31.723  35.664  36.515 0.0000000000
133176  -31.818  35.795  35.560 0.0000000000
133183  -31.868  35.868  34.539 0.0000000000
133193  -31.813  35.804  33.431 0.0000000000
133201  -31.603  35.787  32.267 0.0000000000
133209  -30.837  36.387  30.777 0.0000000000
133210  -31.130  35.973  31.054 0.0000000000
133221  -30.619  36.236  30.268 0.0000000000
133222  -30.867  35.467  29.945 0.0000000000
133233  -30.280  35.564  29.149 0.0000000000
133234  -30.673  35.256  29.472 0.0000000000
133249  -28.984  35.878  27.620 0.0000000000
133250  -29.469  35.480  27.861 0.0000000000
133268  -27.921  35.697  26.953 0.0000000000
133269  -28.680  35.395  27.029 0.0000000000
133270  -29.248  35.221  27.288 0.0000000000
133287  -26.022  35.967  26.233 0.0000000000
133288  -26.519  35.674  26.142 0.0000000000
133289  -27.546  35.362  26.269 0.0000000000
133290  -28.292  35.066  26.379 0.0000000000
133306  -25.045  35.986  25.337 0.0000000000
133307  -25.665  35.758  25.564 0.0000000000
133308  -26.605  35.142  25.365 0.0000000000
133309  -27.242  34.984  25.573 0.0000000000
133320  -24.260  35.929  24.150 0.0000000000
133321  -24.827  35.566  24.442 0.0000000000
133322  -25.743  35.165  24.778 0.0000000000
133323  -26.273  34.896  24.732 0.0000000000
133334  -23.062  35.011  22.600 0.0000000000
133335  -23.798  35.459  23.228 0.0000000000
133336  -24.449  35.037  23.486 0.0000000000
133344  -20.755  35.152  22.393 0.0000000000
133345  -21.801  35.109  22.173 0.0000000000
133346  -22.641  35.183  22.320 0.0000000000
133347  -23.188  35.363  22.565 0.0000000000
134037  -31.813  35.499  40.458 0.0000000000
134038  -32.124  35.669  40.646 0.0000000000
134039  -32.550  35.833  40.629 0.0000000000
134040  -32.979  36.021  40.491 0.0000000000
134046  -31.515  35.709  39.743 0.0000000000
134047  -31.661  36.102  40.028 0.0000000000
134048  -33.329  36.176  40.221 0.0000000000
134049  -33.680  36.302  39.807 0.0000000000
134056  -31.391  36.155  39.140 0.0000000000
134057  -34.062  36.326  39.271 0.0000000000
134058  -34.479  36.255  38.535 0.0000000000
134059  -34.883  35.926  37.904 0.0000000000
134064  -31.288  36.535  38.464 0.0000000000
134065  -34.735  36.569  37.961 0.0000000000
134073  -31.214  36.754  37.619 0.0000000000
134074  -31.433  36.384  36.915 0.0000000000
134083  -31.131  37.225  36.681 0.0000000000
134084  -31.447  36.540  36.097 0.0000000000
134085  -35.873  37.066  35.294 0.0000000000
134086  -36.120  37.708  34.770 0.0000000000
134093  -31.157  37.495  35.671 0.0000000000
134094  -31.503  36.670  35.085 0.0000000000
134095  -35.934  37.304  34.509 0.0000000000
134096  -36.176  37.805  34.553 0.0000000000
134103  -31.186  37.612  34.547 0.0000000000
134104  -31.516  36.699  33.984 0.0000000000
134106  -35.884  37.302  33.699 0.0000000000
134113  -31.123  37.554  33.389 0.0000000000
134114  -31.420  36.645  32.850 0.0000000000
134116  -36.033  37.615  33.147 0.0000000000
134125  -30.973  37.394  32.231 0.0000000000
134126  -31.200  36.556  31.777 0.0000000000
134137  -30.711  36.939  31.007 0.0000000000
134138  -31.044  36.501  31.275 0.0000000000
134147  -28.981  37.472  29.630 0.0000000000
134148  -29.703  36.937  29.772 0.0000000000
134161  -27.732  37.400  28.975 0.0000000000
134162  -28.501  37.175  29.010 0.0000000000
134163  -29.298  36.305  28.570 0.0000000000
134178  -26.643  37.195  28.264 0.0000000000
134179  -27.369  37.041  28.338 0.0000000000
134180  -28.446  36.295  27.847 0.0000000000
134181  -29.107  36.060  27.944 0.0000000000
134193  -25.615  37.409  27.078 0.0000000000
134194  -25.704  37.139  27.172 0.0000000000
134195  -26.363  36.848  27.558 0.0000000000
134196  -27.382  36.131  27.204 0.0000000000
134197  -28.109  35.902  27.252 0.0000000000
134207  -25.344  37.134  26.582 0.0000000000
134208  -25.644  36.455  26.391 0.0000000000
134209  -26.447  36.119  26.714 0.0000000000
134210  -26.959  35.807  26.600 0.0000000000
134220  -24.466  37.143  25.110 0.0000000000
134221  -24.805  36.584  25.469 0.0000000000
134222  -25.238  36.189  25.706 0.0000000000
134232  -24.211  36.562  24.272 0.0000000000
134233  -24.427  36.139  24.623 0.0000000000
134244  -23.873  36.396  23.164 0.0000000000
134253  -21.469  35.684  21.750 0.0000000000
134254  -22.347  35.592  21.849 0.0000000000
134255  -23.200  35.893  22.299 0.0000000000
134264  -22.168  36.095  21.361 0.0000000000
134265  -22.708  36.018  21.693 0.0000000000
135072  -31.886  36.153  40.310 0.0000000000
135073  -32.173  36.427  40.354 0.0000000000
135074  -32.596  36.592  40.318 0.0000000000
135075  -32.975  36.657  40.243 0.0000000000
135081  -31.484  36.835  39.442 0.0000000000
135082  -31.796  36.931  39.919 0.0000000000
135083  -32.229  37.180  40.031 0.0000000000
135084  -32.697  37.257  39.999 0.0000000000
135085  -33.229  37.051  39.908 0.0000000000
135086  -33.652  37.112  39.495 0.0000000000
135092  -31.219  37.202  38.815 0.0000000000
135093  -34.043  37.122  38.969 0.0000000000
135094  -34.346  37.150  38.354 0.0000000000
135099  -30.964  37.541  38.117 0.0000000000
135100  -34.748  37.215  37.671 0.0000000000
135101  -35.292  37.213  36.877 0.0000000000
135102  -35.652  37.039  36.338 0.0000000000
135109  -30.855  37.890  37.262 0.0000000000
135110  -35.615  37.599  36.297 0.0000000000
135111  -35.902  37.505  35.832 0.0000000000
135112  -36.139  37.904  35.484 0.0000000000
135118  -30.797  38.232  36.292 0.0000000000
135119  -36.054  37.619  35.441 0.0000000000
135120  -36.233  37.973  35.009 0.0000000000
135126  -30.750  38.619  35.130 0.0000000000
135127  -36.258  37.891  34.336 0.0000000000
135128  -36.482  38.260  34.270 0.0000000000
135136  -30.693  38.499  33.903 0.0000000000
135137  -36.465  38.078  33.838 0.0000000000
135138  -37.040  38.585  33.604 0.0000000000
135148  -30.574  38.337  32.768 0.0000000000
135149  -36.211  37.766  32.673 0.0000000000
135150  -36.656  38.149  33.049 0.0000000000
135151  -37.358  38.529  33.184 0.0000000000
135161  -29.475  38.768  31.244 0.0000000000
135162  -30.297  38.102  31.662 0.0000000000
135164  -36.978  38.078  32.140 0.0000000000
135165  -38.078  38.409  32.447 0.0000000000
135166  -39.408  38.607  32.173 0.0000000000
135167  -40.037  38.746  32.059 0.0000000000
135173  -28.085  38.748  30.244 0.0000000000
135174  -28.972  38.438  30.420 0.0000000000
135175  -29.770  37.854  30.664 0.0000000000
135179  -39.176  38.069  31.686 0.0000000000
135180  -40.357  38.366  31.732 0.0000000000
135182  -41.960  38.457  31.136 0.0000000000
135186  -26.842  38.352  29.653 0.0000000000
135187  -27.587  38.223  29.727 0.0000000000
135188  -28.448  37.930  29.776 0.0000000000
135189  -29.192  37.740  30.039 0.0000000000
135196  -42.226  37.796  30.982 0.0000000000
135201  -25.807  38.389  28.714 0.0000000000
135202  -26.034  38.116  28.935 0.0000000000
135203  -26.486  37.898  29.121 0.0000000000
135204  -27.202  37.696  29.158 0.0000000000
135205  -27.886  37.695  29.332 0.0000000000
135214  -25.570  38.422  27.622 0.0000000000
135215  -25.712  38.093  27.948 0.0000000000
135216  -25.869  37.835  28.229 0.0000000000
135217  -26.241  37.527  28.382 0.0000000000
135218  -26.749  37.446  28.683 0.0000000000
135223  -25.278  38.124  26.800 0.0000000000
135224  -25.508  37.744  27.092 0.0000000000
135225  -25.759  37.604  27.529 0.0000000000
135226  -25.920  37.392  27.780 0.0000000000
135231  -24.867  37.894  26.078 0.0000000000
135232  -25.013  37.462  26.290 0.0000000000
135239  -24.524  37.715  25.424 0.0000000000
135240  -24.657  37.355  25.686 0.0000000000
135250  -24.346  37.485  24.681 0.0000000000
135262  -24.318  37.360  23.633 0.0000000000
135263  -24.639  37.835  23.407 0.0000000000
135272  -24.000  36.738  22.405 0.0000000000
135273  -24.822  37.605  22.660 0.0000000000
135274  -25.384  37.916  22.382 0.0000000000
135284  -22.046  36.683  20.640 0.0000000000
135285  -23.214  36.445  21.233 0.0000000000
135286  -24.449  37.054  21.480 0.0000000000
135287  -25.511  37.689  21.634 0.0000000000
135288  -26.143  37.894  21.220 0.0000000000
135297  -22.914  37.050  20.078 0.0000000000
135298  -24.016  36.989  20.376 0.0000000000
135299  -25.050  37.247  20.591 0.0000000000
135300  -25.943  37.607  20.617 0.0000000000
135319  -24.682  37.336  19.644 0.0000000000
136142  -31.201  37.690  39.047 0.0000000000
136143  -31.454  37.795  39.360 0.0000000000
136144  -31.857  37.764  39.653 0.0000000000
136145  -32.294  37.891  39.707 0.0000000000
136146  -32.860  38.000  39.608 0.0000000000
136147  -33.309  37.591  39.585 0.0000000000
136153  -30.896  38.159  38.526 0.0000000000
136154  -31.085  38.226  38.966 0.0000000000
136155  -32.937  38.506  39.333 0.0000000000
136156  -33.438  38.076  39.089 0.0000000000
136157  -33.953  37.607  38.682 0.0000000000
136163  -30.666  38.553  37.719 0.0000000000
136164  -33.521  38.537  38.614 0.0000000000
136165  -34.022  38.063  38.182 0.0000000000
136166  -34.721  37.980  37.246 0.0000000000
136172  -30.486  38.889  36.838 0.0000000000
136173  -35.267  38.050  36.558 0.0000000000
136174  -35.817  38.212  35.940 0.0000000000
136175  -36.072  38.018  35.691 0.0000000000
136179  -30.428  39.186  35.892 0.0000000000
136180  -36.015  38.579  35.617 0.0000000000
136181  -36.191  38.434  35.277 0.0000000000
136186  -30.252  39.455  35.115 0.0000000000
136187  -36.729  38.792  34.311 0.0000000000
136188  -37.090  39.194  33.908 0.0000000000
136197  -29.623  39.889  33.447 0.0000000000
136198  -30.118  39.480  34.272 0.0000000000
136199  -37.299  38.831  33.634 0.0000000000
136200  -37.469  39.177  33.598 0.0000000000
136208  -29.438  39.696  32.636 0.0000000000
136209  -30.097  39.203  33.211 0.0000000000
136210  -37.838  38.779  33.204 0.0000000000
136211  -38.393  39.189  32.991 0.0000000000
136212  -39.113  39.450  32.535 0.0000000000
136216  -28.308  39.730  31.315 0.0000000000
136217  -29.002  39.568  31.783 0.0000000000
136218  -29.869  39.015  32.204 0.0000000000
136219  -38.046  38.631  32.943 0.0000000000
136220  -38.652  38.799  32.711 0.0000000000
136221  -39.723  39.165  32.202 0.0000000000
136222  -40.370  39.419  31.785 0.0000000000
136227  -26.566  39.545  30.291 0.0000000000
136228  -27.014  39.575  30.489 0.0000000000
136229  -27.770  39.500  30.755 0.0000000000
136230  -28.617  39.214  30.914 0.0000000000
136231  -40.317  38.838  31.958 0.0000000000
136232  -40.822  39.059  31.670 0.0000000000
136233  -41.693  38.912  31.225 0.0000000000
136238  -26.042  39.214  29.641 0.0000000000
136239  -26.290  39.229  29.881 0.0000000000
136240  -26.660  38.860  29.838 0.0000000000
136241  -27.255  38.907  30.138 0.0000000000
136242  -42.241  38.706  30.868 0.0000000000
136243  -43.069  38.345  30.314 0.0000000000
136244  -43.526  37.709  30.207 0.0000000000
136248  -25.587  39.211  28.811 0.0000000000
136249  -25.754  39.019  29.189 0.0000000000
136250  -25.995  38.728  29.354 0.0000000000
136251  -26.311  38.537  29.525 0.0000000000
136258  -25.516  39.057  28.160 0.0000000000
136259  -25.650  38.695  28.430 0.0000000000
136265  -25.458  38.801  27.340 0.0000000000
136272  -25.216  38.492  26.512 0.0000000000
136279  -24.824  38.266  25.793 0.0000000000
136280  -24.855  38.590  25.528 0.0000000000
136281  -39.672  38.752  24.923 0.0000000000
136282  -40.130  38.693  24.996 0.0000000000
136289  -24.493  38.127  25.138 0.0000000000
136290  -24.725  38.596  24.885 0.0000000000
136291  -24.994  38.796  24.434 0.0000000000
136294  -39.340  38.619  24.433 0.0000000000
136305  -24.428  37.975  24.465 0.0000000000
136306  -24.667  38.232  23.979 0.0000000000
136307  -25.268  38.682  23.774 0.0000000000
136319  -24.938  38.120  23.355 0.0000000000
136320  -25.436  38.264  22.935 0.0000000000
136321  -26.121  38.634  22.726 0.0000000000
136330  -25.785  38.149  22.299 0.0000000000
136331  -26.424  38.350  21.795 0.0000000000
137205  -31.585  38.185  39.392 0.0000000000
137206  -31.832  38.390  39.431 0.0000000000
137207  -32.282  38.576  39.425 0.0000000000
137208  -32.632  38.692  39.328 0.0000000000
137213  -30.965  38.656  38.597 0.0000000000
137214  -31.318  38.644  38.991 0.0000000000
137215  -31.779  39.030  39.068 0.0000000000
137216  -32.264  39.171  39.089 0.0000000000
137217  -32.792  39.044  38.994 0.0000000000
137218  -33.237  38.849  38.763 0.0000000000
137224  -30.692  39.024  38.034 0.0000000000
137225  -33.002  39.365  38.647 0.0000000000
137226  -33.452  39.082  38.254 0.0000000000
137227  -34.119  38.845  37.414 0.0000000000
137228  -34.748  38.522  36.810 0.0000000000
137233  -30.122  39.995  36.983 0.0000000000
137234  -30.338  39.636  37.198 0.0000000000
137235  -34.448  39.028  36.738 0.0000000000
137236  -35.122  38.806  36.185 0.0000000000
137237  -35.738  38.725  35.765 0.0000000000
137243  -29.992  40.148  36.613 0.0000000000
137244  -30.134  39.738  36.316 0.0000000000
137245  -35.488  39.100  35.675 0.0000000000
137246  -36.030  39.045  35.393 0.0000000000
137247  -36.483  39.113  34.762 0.0000000000
137257  -29.720  40.414  35.640 0.0000000000
137258  -29.952  39.910  35.363 0.0000000000
137259  -36.889  39.347  34.161 0.0000000000
137260  -37.366  39.509  33.701 0.0000000000
137269  -28.749  40.940  33.654 0.0000000000
137270  -29.338  40.548  34.192 0.0000000000
137271  -29.914  39.888  34.766 0.0000000000
137272  -37.984  39.590  33.238 0.0000000000
137276  -27.841  40.954  32.476 0.0000000000
137277  -28.359  40.874  32.946 0.0000000000
137278  -29.010  40.263  32.895 0.0000000000
137279  -38.723  39.731  32.739 0.0000000000
137280  -39.404  39.752  32.240 0.0000000000
137284  -27.077  40.558  31.419 0.0000000000
137285  -27.524  40.683  31.872 0.0000000000
137286  -28.295  40.183  31.930 0.0000000000
137287  -28.934  39.971  32.298 0.0000000000
137288  -40.017  39.763  31.820 0.0000000000
137289  -40.621  39.718  31.519 0.0000000000
137293  -26.501  40.189  30.916 0.0000000000
137294  -26.874  40.149  30.921 0.0000000000
137295  -27.508  40.069  31.158 0.0000000000
137296  -27.940  39.930  31.260 0.0000000000
137297  -41.302  39.567  31.191 0.0000000000
137298  -41.893  39.262  30.918 0.0000000000
137303  -25.904  39.867  29.809 0.0000000000
137304  -26.166  39.831  30.152 0.0000000000
137305  -26.413  39.706  30.295 0.0000000000
137306  -41.668  39.719  30.746 0.0000000000
137307  -42.302  39.413  30.311 0.0000000000
137308  -42.975  39.096  29.729 0.0000000000
137313  -25.760  39.649  29.439 0.0000000000
137314  -25.925  39.425  29.609 0.0000000000
137315  -42.466  39.698  29.353 0.0000000000
137316  -43.077  39.227  28.897 0.0000000000
137321  -25.544  39.610  28.731 0.0000000000
137322  -40.613  40.059  27.951 0.0000000000
137323  -41.124  39.931  28.008 0.0000000000
137324  -42.165  39.644  28.263 0.0000000000
137329  -25.504  39.504  27.943 0.0000000000
137330  -25.546  39.703  27.502 0.0000000000
137331  -38.586  39.910  26.989 0.0000000000
137332  -39.148  39.873  27.071 0.0000000000
137333  -40.263  39.814  27.340 0.0000000000
137334  -41.269  39.514  27.201 0.0000000000
137341  -25.429  39.147  27.041 0.0000000000
137342  -25.492  39.508  26.763 0.0000000000
137344  -36.140  39.676  25.945 0.0000000000
137345  -37.102  39.629  26.080 0.0000000000
137346  -38.266  39.640  26.373 0.0000000000
137347  -39.359  39.468  26.305 0.0000000000
137348  -40.404  39.302  26.347 0.0000000000
137353  -25.204  38.839  26.197 0.0000000000
137354  -25.238  39.170  25.723 0.0000000000
137355  -25.437  39.389  25.311 0.0000000000
137358  -37.387  39.237  25.287 0.0000000000
137359  -38.499  39.150  25.374 0.0000000000
137360  -39.559  38.964  25.292 0.0000000000
137366  -25.076  39.103  24.973 0.0000000000
137367  -25.545  39.298  24.597 0.0000000000
137373  -38.774  38.831  24.708 0.0000000000
137374  -39.223  38.817  24.816 0.0000000000
137380  -25.789  39.160  23.841 0.0000000000
138210  -30.943  39.142  38.334 0.0000000000
138211  -31.239  39.501  38.398 0.0000000000
138212  -31.792  39.626  38.635 0.0000000000
138213  -32.242  39.755  38.652 0.0000000000
138214  -32.638  39.667  38.632 0.0000000000
138220  -30.302  40.101  37.274 0.0000000000
138221  -30.560  39.864  37.583 0.0000000000
138222  -30.965  40.107  37.820 0.0000000000
138223  -32.353  40.042  38.359 0.0000000000
138224  -32.833  39.947  38.225 0.0000000000
138225  -33.439  39.793  37.562 0.0000000000
138226  -33.982  39.449  37.009 0.0000000000
138231  -30.141  40.210  37.024 0.0000000000
138232  -30.324  39.938  37.291 0.0000000000
138233  -33.663  39.975  36.936 0.0000000000
138234  -34.290  39.641  36.336 0.0000000000
138235  -34.974  39.357  35.781 0.0000000000
138245  -29.744  40.731  36.128 0.0000000000
138246  -34.617  39.833  35.665 0.0000000000
138247  -35.364  39.674  35.243 0.0000000000
138248  -36.166  39.581  34.861 0.0000000000
138249  -36.620  39.594  34.430 0.0000000000
138259  -28.911  41.350  34.539 0.0000000000
138260  -29.199  41.126  34.941 0.0000000000
138261  -35.805  40.045  34.762 0.0000000000
138262  -36.386  40.092  34.453 0.0000000000
138263  -37.125  39.978  33.994 0.0000000000
138264  -37.675  39.875  33.488 0.0000000000
138269  -28.207  41.297  33.242 0.0000000000
138270  -28.621  41.249  33.810 0.0000000000
138271  -29.019  41.026  34.344 0.0000000000
138272  -37.598  40.253  33.473 0.0000000000
138273  -38.192  40.169  33.054 0.0000000000
138277  -27.427  41.081  32.126 0.0000000000
138278  -27.822  41.168  32.627 0.0000000000
138279  -28.233  41.169  33.140 0.0000000000
138280  -38.947  40.294  32.377 0.0000000000
138281  -39.591  40.164  31.922 0.0000000000
138285  -26.700  40.695  31.226 0.0000000000
138286  -27.062  40.819  31.586 0.0000000000
138287  -27.418  40.937  32.011 0.0000000000
138288  -39.339  40.603  31.892 0.0000000000
138289  -39.998  40.401  31.484 0.0000000000
138290  -40.731  40.088  31.189 0.0000000000
138293  -26.528  40.463  30.895 0.0000000000
138294  -26.748  40.479  31.105 0.0000000000
138295  -40.342  40.676  30.951 0.0000000000
138296  -41.101  40.164  30.827 0.0000000000
138301  -25.890  40.157  29.805 0.0000000000
138302  -26.140  40.431  30.349 0.0000000000
138303  -40.719  40.700  30.420 0.0000000000
138304  -41.508  40.237  30.219 0.0000000000
138305  -42.022  39.995  29.752 0.0000000000
138309  -25.635  40.073  29.279 0.0000000000
138310  -39.874  40.949  29.321 0.0000000000
138311  -40.543  40.754  29.566 0.0000000000
138312  -41.447  40.275  29.374 0.0000000000
138313  -41.982  40.022  29.264 0.0000000000
138318  -25.512  40.010  28.735 0.0000000000
138319  -25.619  40.348  28.379 0.0000000000
138320  -34.301  40.894  27.801 0.0000000000
138321  -34.909  40.796  27.935 0.0000000000
138322  -36.015  40.784  28.078 0.0000000000
138323  -37.163  40.858  28.153 0.0000000000
138324  -38.312  40.815  28.291 0.0000000000
138325  -39.570  40.731  28.659 0.0000000000
138326  -40.661  40.308  28.512 0.0000000000
138327  -41.617  40.043  28.748 0.0000000000
138328  -42.106  39.899  28.933 0.0000000000
138332  -25.506  39.996  28.048 0.0000000000
138333  -25.609  40.264  27.650 0.0000000000
138334  -25.768  40.677  27.323 0.0000000000
138337  -35.252  40.384  27.252 0.0000000000
138338  -36.382  40.341  27.385 0.0000000000
138339  -37.499  40.374  27.482 0.0000000000
138340  -38.629  40.262  27.499 0.0000000000
138341  -39.783  40.213  27.829 0.0000000000
138342  -40.344  40.117  27.913 0.0000000000
138348  -25.629  39.987  26.486 0.0000000000
138349  -26.054  40.838  26.613 0.0000000000
138353  -35.638  39.966  26.456 0.0000000000
138354  -36.746  39.947  26.727 0.0000000000
138355  -37.756  39.951  26.863 0.0000000000
138356  -38.308  39.928  26.945 0.0000000000
138362  -25.533  39.592  25.761 0.0000000000
138363  -25.910  39.977  25.486 0.0000000000
138373  -26.019  39.737  24.750 0.0000000000
139124  -31.399  39.987  38.140 0.0000000000
139125  -31.739  40.133  38.176 0.0000000000
139126  -32.034  40.225  38.181 0.0000000000
139132  -30.265  40.323  37.181 0.0000000000
139133  -30.499  40.577  37.294 0.0000000000
139134  -31.142  40.529  37.637 0.0000000000
139135  -31.606  40.602  37.705 0.0000000000
139136  -32.110  40.534  37.837 0.0000000000
139137  -32.647  40.573  37.503 0.0000000000
139138  -33.203  40.383  37.145 0.0000000000
139146  -29.948  40.862  36.707 0.0000000000
139147  -30.178  41.145  36.887 0.0000000000
139148  -32.817  40.849  36.980 0.0000000000
139149  -33.444  40.585  36.480 0.0000000000
139150  -34.073  40.231  35.884 0.0000000000
139160  -29.200  41.665  35.198 0.0000000000
139161  -29.450  41.437  35.594 0.0000000000
139162  -33.720  40.773  35.781 0.0000000000
139163  -34.454  40.485  35.239 0.0000000000
139164  -35.230  40.272  34.797 0.0000000000
139169  -28.952  41.594  34.784 0.0000000000
139170  -29.211  41.429  35.126 0.0000000000
139171  -34.874  40.766  34.655 0.0000000000
139172  -35.662  40.655  34.416 0.0000000000
139173  -36.578  40.706  34.018 0.0000000000
139174  -37.231  40.537  33.668 0.0000000000
139177  -28.122  41.543  33.350 0.0000000000
139178  -28.374  41.785  34.020 0.0000000000
139179  -37.002  40.969  33.577 0.0000000000
139180  -37.664  40.825  33.173 0.0000000000
139181  -38.348  40.664  32.678 0.0000000000
139185  -27.425  41.327  32.245 0.0000000000
139186  -27.722  41.675  32.906 0.0000000000
139187  -38.076  41.081  32.624 0.0000000000
139188  -38.694  40.977  32.206 0.0000000000
139192  -26.635  40.927  31.274 0.0000000000
139193  -27.045  41.357  31.736 0.0000000000
139194  -39.198  41.094  31.582 0.0000000000
139195  -39.717  41.026  31.203 0.0000000000
139199  -26.328  40.883  30.798 0.0000000000
139200  -38.619  41.766  30.856 0.0000000000
139201  -39.032  41.564  31.067 0.0000000000
139202  -39.749  41.202  30.890 0.0000000000
139207  -25.839  40.408  29.571 0.0000000000
139208  -26.039  40.918  29.896 0.0000000000
139209  -36.697  42.081  30.177 0.0000000000
139210  -37.262  42.016  30.276 0.0000000000
139211  -38.353  41.850  30.593 0.0000000000
139212  -39.335  41.478  30.482 0.0000000000
139213  -40.082  41.073  30.491 0.0000000000
139217  -25.784  40.507  29.290 0.0000000000
139218  -25.989  41.038  29.404 0.0000000000
139219  -26.073  41.323  29.203 0.0000000000
139220  -33.339  41.803  29.230 0.0000000000
139221  -33.957  41.636  29.310 0.0000000000
139222  -35.124  41.620  29.418 0.0000000000
139223  -36.424  41.776  29.685 0.0000000000
139224  -37.606  41.681  29.695 0.0000000000
139225  -38.704  41.530  29.769 0.0000000000
139226  -39.722  41.181  29.774 0.0000000000
139227  -40.325  40.989  30.102 0.0000000000
139232  -25.720  40.568  28.870 0.0000000000
139233  -25.776  40.850  28.602 0.0000000000
139234  -25.998  41.350  28.698 0.0000000000
139235  -32.596  42.136  28.202 0.0000000000
139236  -33.122  41.704  28.550 0.0000000000
139237  -34.242  41.165  28.402 0.0000000000
139238  -35.588  41.210  28.752 0.0000000000
139239  -36.799  41.298  28.874 0.0000000000
139240  -37.946  41.273  28.964 0.0000000000
139241  -38.993  41.140  29.106 0.0000000000
139242  -39.560  41.025  29.223 0.0000000000
139245  -25.816  40.974  27.962 0.0000000000
139246  -26.060  41.357  27.812 0.0000000000
139247  -26.493  41.703  27.652 0.0000000000
139250  -33.946  40.975  27.695 0.0000000000
139254  -26.333  41.404  27.130 0.0000000000
139255  -26.820  41.736  27.100 0.0000000000
140058  -30.585  41.041  37.167 0.0000000000
140059  -30.969  41.144  37.246 0.0000000000
140060  -31.458  41.130  37.285 0.0000000000
140061  -31.921  41.132  37.254 0.0000000000
140062  -32.313  41.133  37.032 0.0000000000
140070  -29.869  41.425  36.354 0.0000000000
140071  -30.247  41.624  36.630 0.0000000000
140072  -30.814  41.668  36.815 0.0000000000
140073  -31.295  41.685  36.847 0.0000000000
140074  -31.818  41.669  36.767 0.0000000000
140075  -32.557  41.466  36.470 0.0000000000
140076  -33.231  41.225  36.016 0.0000000000
140082  -29.139  41.905  35.159 0.0000000000
140083  -29.553  41.974  35.805 0.0000000000
140084  -29.862  42.255  36.080 0.0000000000
140085  -32.856  41.739  35.855 0.0000000000
140086  -33.555  41.413  35.316 0.0000000000
140087  -34.294  41.117  34.789 0.0000000000
140091  -28.176  42.299  34.041 0.0000000000
140092  -28.490  42.173  34.425 0.0000000000
140093  -33.935  41.593  34.665 0.0000000000
140094  -34.763  41.428  34.288 0.0000000000
140095  -35.776  41.278  33.940 0.0000000000
140096  -36.445  41.241  33.643 0.0000000000
140099  -27.643  42.140  33.105 0.0000000000
140100  -27.910  42.112  33.543 0.0000000000
140101  -28.239  42.023  34.035 0.0000000000
140102  -35.163  41.761  33.766 0.0000000000
140103  -35.861  41.717  33.390 0.0000000000
140104  -36.842  41.415  33.155 0.0000000000
140105  -37.517  41.332  32.746 0.0000000000
140109  -27.471  41.938  32.652 0.0000000000
140110  -27.662  41.952  33.035 0.0000000000
140111  -36.263  41.874  32.904 0.0000000000
140112  -36.936  41.789  32.505 0.0000000000
140113  -37.901  41.479  32.220 0.0000000000
140114  -38.557  41.346  31.932 0.0000000000
140119  -26.642  41.273  31.268 0.0000000000
140120  -26.944  41.905  31.702 0.0000000000
140121  -37.277  41.993  31.956 0.0000000000
140122  -38.018  41.746  31.645 0.0000000000
140123  -38.688  41.546  31.386 0.0000000000
140128  -26.442  41.415  30.849 0.0000000000
140129  -26.657  42.099  31.062 0.0000000000
140130  -34.761  42.729  31.269 0.0000000000
140131  -35.210  42.694  31.232 0.0000000000
140132  -36.151  42.557  31.206 0.0000000000
140133  -37.165  42.222  31.388 0.0000000000
140134  -38.318  41.842  31.094 0.0000000000
140135  -38.725  41.631  31.146 0.0000000000
140140  -26.359  41.510  30.231 0.0000000000
140141  -26.568  42.178  30.409 0.0000000000
140142  -26.622  42.549  30.230 0.0000000000
140143  -32.272  42.831  30.542 0.0000000000
140144  -33.013  42.502  30.714 0.0000000000
140145  -34.366  42.529  30.935 0.0000000000
140146  -35.497  42.433  30.694 0.0000000000
140147  -36.614  42.266  30.607 0.0000000000
140148  -37.689  42.089  30.834 0.0000000000
140149  -38.166  41.992  30.877 0.0000000000
140154  -26.314  41.562  29.742 0.0000000000
140155  -26.358  41.867  29.571 0.0000000000
140156  -26.644  42.564  29.686 0.0000000000
140157  -32.264  42.685  29.871 0.0000000000
140158  -33.320  42.032  29.857 0.0000000000
140159  -34.691  42.011  30.106 0.0000000000
140160  -35.807  42.072  30.107 0.0000000000
140161  -36.403  42.097  30.137 0.0000000000
140166  -26.349  41.886  28.853 0.0000000000
140167  -26.834  42.503  28.916 0.0000000000
140168  -27.253  42.743  28.571 0.0000000000
140169  -32.426  42.450  28.776 0.0000000000
140170  -32.997  41.929  29.138 0.0000000000
140175  -26.500  41.899  28.253 0.0000000000
140176  -26.963  42.162  27.983 0.0000000000
140177  -27.549  42.681  27.943 0.0000000000
141004  -30.289  42.125  36.408 0.0000000000
141005  -30.647  42.247  36.439 0.0000000000
141006  -31.168  42.280  36.424 0.0000000000
141007  -31.776  42.214  36.277 0.0000000000
141008  -32.317  42.125  35.981 0.0000000000
141013  -29.046  42.335  35.114 0.0000000000
141014  -29.332  42.692  35.440 0.0000000000
141015  -29.932  42.751  35.936 0.0000000000
141016  -30.478  42.896  35.971 0.0000000000
141017  -31.096  42.867  35.925 0.0000000000
141018  -31.767  42.688  35.708 0.0000000000
141019  -32.615  42.310  35.296 0.0000000000
141020  -33.365  41.974  34.824 0.0000000000
141024  -28.141  42.591  34.069 0.0000000000
141025  -28.611  42.873  34.677 0.0000000000
141026  -28.937  43.316  34.953 0.0000000000
141027  -32.952  42.438  34.569 0.0000000000
141028  -33.797  42.097  34.272 0.0000000000
141029  -34.491  42.034  33.863 0.0000000000
141033  -27.578  42.352  33.081 0.0000000000
141034  -27.665  42.845  33.441 0.0000000000
141035  -33.216  42.620  34.084 0.0000000000
141036  -33.811  42.525  33.646 0.0000000000
141037  -34.847  42.232  33.347 0.0000000000
141038  -35.613  42.142  32.981 0.0000000000
141042  -27.339  42.526  32.589 0.0000000000
141043  -27.312  43.288  32.763 0.0000000000
141044  -33.454  43.013  32.925 0.0000000000
141045  -33.886  42.788  33.033 0.0000000000
141046  -35.012  42.487  32.736 0.0000000000
141047  -36.016  42.251  32.493 0.0000000000
141048  -36.663  42.194  32.154 0.0000000000
141052  -27.038  42.719  31.893 0.0000000000
141053  -27.030  43.538  32.053 0.0000000000
141054  -32.691  43.077  32.457 0.0000000000
141055  -33.204  42.974  32.610 0.0000000000
141056  -34.280  42.755  32.361 0.0000000000
141057  -35.326  42.603  32.152 0.0000000000
141058  -36.195  42.479  31.999 0.0000000000
141059  -36.792  42.316  31.810 0.0000000000
141064  -26.862  42.846  31.251 0.0000000000
141065  -26.913  43.600  31.361 0.0000000000
141066  -32.553  43.029  32.089 0.0000000000
141067  -33.467  42.777  31.914 0.0000000000
141068  -34.596  42.735  31.591 0.0000000000
141069  -35.692  42.646  31.649 0.0000000000
141070  -36.495  42.464  31.621 0.0000000000
141071  -36.832  42.340  31.586 0.0000000000
141078  -26.776  42.898  30.776 0.0000000000
141079  -26.861  43.378  30.558 0.0000000000
141080  -32.338  42.951  31.188 0.0000000000
141081  -33.699  42.644  31.335 0.0000000000
141082  -34.253  42.717  31.311 0.0000000000
141088  -27.011  43.376  29.763 0.0000000000
141089  -27.354  43.672  29.449 0.0000000000
141090  -31.811  43.451  30.126 0.0000000000
141095  -27.223  43.120  29.123 0.0000000000
141096  -27.674  43.412  28.796 0.0000000000
141918  -29.391  43.257  35.320 0.0000000000
141919  -29.765  43.541  35.347 0.0000000000
141920  -30.389  43.565  35.386 0.0000000000
141921  -31.088  43.376  35.346 0.0000000000
141922  -31.780  43.119  35.090 0.0000000000
141923  -32.344  42.860  34.768 0.0000000000
141926  -28.093  43.183  34.063 0.0000000000
141927  -28.431  43.727  34.323 0.0000000000
141928  -29.041  43.934  34.757 0.0000000000
141929  -29.424  44.201  34.724 0.0000000000
141930  -30.516  43.914  34.898 0.0000000000
141931  -30.978  43.820  34.570 0.0000000000
141932  -31.784  43.370  34.434 0.0000000000
141933  -32.557  42.999  34.258 0.0000000000
141936  -27.780  43.776  33.562 0.0000000000
141937  -28.155  44.382  33.805 0.0000000000
141938  -31.097  43.921  33.863 0.0000000000
141939  -31.916  43.406  33.770 0.0000000000
141940  -32.919  43.027  33.638 0.0000000000
141941  -33.477  42.888  33.342 0.0000000000
141946  -27.367  44.182  32.799 0.0000000000
141947  -31.151  43.989  33.144 0.0000000000
141948  -32.067  43.361  33.107 0.0000000000
141949  -33.119  43.082  33.032 0.0000000000
141950  -33.540  42.960  33.136 0.0000000000
141956  -26.961  44.421  32.108 0.0000000000
141957  -31.265  44.054  32.449 0.0000000000
141958  -32.239  43.272  32.470 0.0000000000
141959  -32.886  43.101  32.748 0.0000000000
141964  -26.951  44.385  31.310 0.0000000000
141965  -31.294  44.209  31.845 0.0000000000
141966  -31.585  43.826  31.454 0.0000000000
141972  -27.066  44.312  30.535 0.0000000000
141973  -27.294  44.664  30.180 0.0000000000
141974  -31.532  44.163  30.518 0.0000000000
141980  -27.244  44.093  29.907 0.0000000000
142890  -29.829  44.053  34.978 0.0000000000
142891  -30.081  44.188  34.808 0.0000000000
142895  -28.572  44.436  34.117 0.0000000000
142896  -28.947  44.829  34.117 0.0000000000
142897  -29.583  44.636  34.340 0.0000000000
142898  -30.153  44.634  34.146 0.0000000000
142899  -30.574  44.453  33.895 0.0000000000
142904  -27.800  44.598  33.323 0.0000000000
142905  -28.292  45.187  33.470 0.0000000000
142906  -28.710  45.328  33.634 0.0000000000
142907  -30.214  45.036  33.490 0.0000000000
142908  -30.515  44.813  33.179 0.0000000000
142914  -27.517  45.275  32.757 0.0000000000
142915  -28.048  45.694  32.927 0.0000000000
142916  -30.687  45.000  32.419 0.0000000000
142921  -26.961  45.298  31.935 0.0000000000
142922  -27.000  45.727  31.565 0.0000000000
142923  -30.946  45.171  31.727 0.0000000000
142927  -26.967  45.121  31.184 0.0000000000
142928  -27.153  45.706  30.997 0.0000000000
142929  -31.257  45.182  31.151 0.0000000000
142930  -31.408  44.879  30.756 0.0000000000
142936  -27.141  45.068  30.629 0.0000000000
142938  -31.546  45.650  30.629 0.0000000000
142939  -31.727  45.466  30.040 0.0000000000
143917  -28.932  45.346  33.734 0.0000000000
143918  -29.174  45.305  33.744 0.0000000000
143919  -29.589  45.229  33.736 0.0000000000
143931  -28.307  45.808  32.998 0.0000000000
143932  -28.756  45.921  33.169 0.0000000000
143933  -29.319  45.783  33.212 0.0000000000
143934  -29.797  45.655  33.142 0.0000000000
143935  -30.134  45.543  32.961 0.0000000000
143948  -27.321  45.905  32.234 0.0000000000
143949  -28.044  46.411  32.554 0.0000000000
143950  -28.644  46.647  32.684 0.0000000000
143951  -30.023  46.199  32.632 0.0000000000
143952  -30.371  45.990  32.403 0.0000000000
143965  -27.051  45.890  31.914 0.0000000000
143966  -27.362  46.341  31.650 0.0000000000
143967  -30.798  46.215  31.736 0.0000000000
143976  -31.352  46.435  31.011 0.0000000000
143986  -31.487  45.991  30.782 0.0000000000
144965  -28.970  46.748  32.660 0.0000000000
144966  -29.263  46.442  32.777 0.0000000000
144967  -29.501  46.157  32.856 0.0000000000
144974  -28.298  47.217  32.155 0.0000000000
144975  -28.843  47.402  32.244 0.0000000000
144976  -29.411  47.213  32.346 0.0000000000
144977  -29.784  46.747  32.500 0.0000000000
144978  -30.263  46.915  32.214 0.0000000000
144991  -27.946  47.131  31.785 0.0000000000
144993  -30.682  47.086  31.713 0.0000000000
145966  -29.638  47.878  31.705 0.0000000000
145967  -30.041  47.715  31.825 0.0000000000
145968  -30.157  47.338  32.079 0.0000000000
