#!ascii label  , from subject COLIN27_FS vox2ras=TkReg
774
100543  -56.203  7.273  10.489 0.0000000000
100549  -56.757  7.339  10.049 0.0000000000
100555  -57.025  7.376  9.329 0.0000000000
100561  -56.770  7.838  8.091 0.0000000000
100562  -57.168  7.523  8.419 0.0000000000
100569  -56.770  7.826  7.632 0.0000000000
101841  -55.454  8.635  12.588 0.0000000000
101842  -55.976  8.764  12.631 0.0000000000
101861  -56.088  8.346  11.823 0.0000000000
101862  -56.888  8.615  11.832 0.0000000000
101877  -56.174  7.872  11.004 0.0000000000
101878  -56.888  8.431  10.980 0.0000000000
101879  -57.524  8.925  10.886 0.0000000000
101883  -57.224  8.501  10.034 0.0000000000
101884  -57.403  8.770  10.603 0.0000000000
101889  -56.683  8.863  8.978 0.0000000000
101890  -57.016  8.298  9.178 0.0000000000
101896  -55.532  8.841  8.047 0.0000000000
101897  -56.425  8.306  8.278 0.0000000000
101898  -56.816  8.217  8.700 0.0000000000
101904  -54.557  8.926  7.405 0.0000000000
101905  -55.171  8.653  7.403 0.0000000000
101906  -55.940  8.297  7.464 0.0000000000
101912  -54.781  8.658  6.964 0.0000000000
101913  -55.494  8.466  6.719 0.0000000000
101914  -56.434  8.127  6.759 0.0000000000
101922  -55.985  8.484  6.335 0.0000000000
101923  -56.528  8.585  6.080 0.0000000000
103143  -54.956  9.187  13.219 0.0000000000
103144  -55.897  9.200  13.272 0.0000000000
103145  -56.698  9.386  13.354 0.0000000000
103162  -56.375  8.931  12.756 0.0000000000
103163  -57.119  9.031  12.628 0.0000000000
103164  -57.782  9.256  12.312 0.0000000000
103179  -57.327  8.884  11.844 0.0000000000
103180  -57.814  9.253  11.483 0.0000000000
103185  -57.471  9.108  10.009 0.0000000000
103186  -57.724  9.426  10.516 0.0000000000
103191  -56.659  9.513  9.222 0.0000000000
103192  -57.178  9.442  9.708 0.0000000000
103193  -57.682  10.237  10.218 0.0000000000
103197  -54.596  9.802  8.190 0.0000000000
103198  -55.019  9.633  8.284 0.0000000000
103199  -56.031  9.553  8.831 0.0000000000
103204  -53.563  9.886  7.622 0.0000000000
103205  -54.152  9.659  7.845 0.0000000000
103206  -54.859  9.086  7.815 0.0000000000
103213  -52.457  10.136  6.659 0.0000000000
103214  -53.139  9.823  7.134 0.0000000000
103215  -54.062  8.989  6.860 0.0000000000
103216  -54.805  8.717  6.432 0.0000000000
103224  -52.543  9.795  6.177 0.0000000000
103225  -53.367  9.294  6.138 0.0000000000
103226  -54.323  9.011  5.908 0.0000000000
103227  -55.505  8.832  5.822 0.0000000000
103236  -52.876  9.546  5.492 0.0000000000
103237  -53.675  9.372  5.266 0.0000000000
103238  -54.696  9.320  5.068 0.0000000000
104522  -54.641  10.894  13.920 0.0000000000
104523  -55.617  10.977  14.189 0.0000000000
104524  -56.586  10.941  14.272 0.0000000000
104525  -57.133  11.001  14.200 0.0000000000
104537  -53.453  9.904  13.252 0.0000000000
104538  -54.380  9.939  13.573 0.0000000000
104539  -55.312  9.999  13.793 0.0000000000
104540  -56.303  10.039  13.934 0.0000000000
104541  -57.455  10.274  13.634 0.0000000000
104542  -58.181  10.729  13.343 0.0000000000
104561  -57.733  9.617  12.844 0.0000000000
104562  -58.281  10.126  12.577 0.0000000000
104577  -58.389  10.298  11.371 0.0000000000
104582  -58.143  10.510  10.648 0.0000000000
104587  -56.634  10.229  9.489 0.0000000000
104588  -57.258  10.854  9.977 0.0000000000
104589  -57.873  11.026  10.417 0.0000000000
104594  -54.662  10.238  8.396 0.0000000000
104595  -55.344  10.506  8.824 0.0000000000
104596  -56.000  10.815  9.386 0.0000000000
104597  -56.576  11.298  9.782 0.0000000000
104601  -53.539  10.344  7.804 0.0000000000
104602  -54.143  10.742  8.271 0.0000000000
104608  -52.475  10.514  7.009 0.0000000000
104609  -52.961  10.842  7.543 0.0000000000
104615  -51.450  10.882  5.913 0.0000000000
104616  -51.862  10.640  6.298 0.0000000000
104624  -51.370  10.706  5.485 0.0000000000
104625  -52.053  9.967  5.252 0.0000000000
104626  -52.963  9.679  4.685 0.0000000000
104627  -53.965  9.678  4.406 0.0000000000
104638  -51.402  10.496  4.518 0.0000000000
104639  -52.236  10.087  4.134 0.0000000000
104640  -53.236  10.054  3.784 0.0000000000
104641  -54.288  10.092  3.539 0.0000000000
104649  -51.650  10.539  3.616 0.0000000000
104650  -52.478  10.423  3.168 0.0000000000
104651  -53.590  10.432  2.824 0.0000000000
104652  -54.619  10.490  2.722 0.0000000000
104658  -54.091  10.672  2.226 0.0000000000
104659  -54.790  10.838  1.962 0.0000000000
105888  -55.087  12.632  14.257 0.0000000000
105889  -55.379  12.586  14.385 0.0000000000
105904  -53.711  11.677  13.790 0.0000000000
105905  -54.853  12.153  14.200 0.0000000000
105906  -55.964  11.935  14.533 0.0000000000
105907  -56.910  11.685  14.548 0.0000000000
105908  -57.529  11.918  14.452 0.0000000000
105924  -53.103  10.927  13.496 0.0000000000
105925  -53.876  10.662  13.655 0.0000000000
105926  -57.465  11.244  14.181 0.0000000000
105927  -58.095  11.516  13.912 0.0000000000
105928  -58.588  12.006  13.510 0.0000000000
105943  -58.554  11.223  13.082 0.0000000000
105944  -58.840  12.063  12.858 0.0000000000
105954  -58.739  11.218  12.150 0.0000000000
105955  -58.789  12.280  12.045 0.0000000000
105960  -58.370  11.725  11.103 0.0000000000
105961  -58.559  12.556  11.579 0.0000000000
105965  -56.893  11.930  10.180 0.0000000000
105966  -57.513  11.829  10.509 0.0000000000
105971  -54.814  11.326  8.714 0.0000000000
105972  -55.469  11.614  9.225 0.0000000000
105973  -56.016  11.905  9.676 0.0000000000
105974  -56.415  12.137  9.996 0.0000000000
105979  -53.661  11.454  7.984 0.0000000000
105980  -54.283  11.671  8.401 0.0000000000
105986  -52.415  11.469  7.121 0.0000000000
105987  -53.076  11.749  7.628 0.0000000000
105993  -51.337  11.440  5.921 0.0000000000
105994  -51.862  11.682  6.569 0.0000000000
106000  -50.489  11.640  4.068 0.0000000000
106001  -50.762  11.335  4.909 0.0000000000
106009  -50.455  11.566  3.230 0.0000000000
106010  -50.899  10.957  3.794 0.0000000000
106018  -50.498  11.813  2.252 0.0000000000
106019  -51.479  11.001  2.551 0.0000000000
106020  -52.895  10.759  2.241 0.0000000000
106021  -53.603  10.714  2.192 0.0000000000
106028  -50.403  12.120  1.608 0.0000000000
106029  -51.107  11.723  1.120 0.0000000000
106030  -52.478  11.159  1.298 0.0000000000
106031  -53.862  10.988  1.486 0.0000000000
106032  -55.037  11.202  1.209 0.0000000000
106039  -51.359  12.117  -0.160 0.0000000000
106040  -52.274  11.550  0.135 0.0000000000
106041  -53.452  11.368  0.396 0.0000000000
106042  -54.595  11.413  0.460 0.0000000000
106043  -55.559  11.591  0.476 0.0000000000
106049  -51.645  12.293  -0.826 0.0000000000
106050  -52.275  12.051  -0.977 0.0000000000
106051  -53.284  11.683  -0.579 0.0000000000
106052  -54.279  11.653  -0.353 0.0000000000
106053  -55.334  11.916  -0.381 0.0000000000
106054  -55.955  11.894  0.001 0.0000000000
106058  -52.689  12.183  -1.656 0.0000000000
106059  -53.301  11.966  -1.431 0.0000000000
106060  -54.182  11.933  -1.086 0.0000000000
106061  -54.753  11.996  -0.786 0.0000000000
107144  -54.979  13.160  14.183 0.0000000000
107145  -55.996  13.046  14.585 0.0000000000
107146  -56.576  13.451  14.718 0.0000000000
107164  -56.477  12.336  14.702 0.0000000000
107165  -57.015  12.757  14.710 0.0000000000
107166  -57.745  12.623  14.349 0.0000000000
107174  -58.217  12.641  13.919 0.0000000000
107175  -58.481  12.795  13.419 0.0000000000
107179  -58.598  13.038  12.785 0.0000000000
107186  -58.511  13.176  12.044 0.0000000000
107191  -57.609  12.770  10.922 0.0000000000
107192  -58.162  13.034  11.399 0.0000000000
107197  -56.483  12.828  10.266 0.0000000000
107198  -56.956  12.735  10.624 0.0000000000
107203  -54.638  12.231  8.629 0.0000000000
107204  -55.079  12.397  8.981 0.0000000000
107205  -55.543  12.830  9.425 0.0000000000
107206  -56.005  12.861  9.942 0.0000000000
107211  -53.570  12.296  7.760 0.0000000000
107212  -54.229  12.617  8.119 0.0000000000
107213  -54.858  13.071  8.571 0.0000000000
107214  -55.197  13.262  8.965 0.0000000000
107220  -52.340  12.294  6.839 0.0000000000
107221  -53.087  12.650  7.280 0.0000000000
107222  -53.829  12.945  7.609 0.0000000000
107227  -51.164  12.442  5.463 0.0000000000
107228  -51.941  12.597  6.250 0.0000000000
107229  -52.660  12.979  6.718 0.0000000000
107235  -50.319  12.187  3.780 0.0000000000
107236  -50.658  12.452  4.538 0.0000000000
107243  -50.157  12.551  3.061 0.0000000000
107244  -50.488  12.883  3.855 0.0000000000
107251  -50.201  12.596  2.097 0.0000000000
107257  -50.289  12.715  1.093 0.0000000000
107258  -50.773  12.266  0.511 0.0000000000
107265  -50.334  13.092  0.573 0.0000000000
107266  -50.664  12.809  0.126 0.0000000000
107267  -56.901  12.191  -0.069 0.0000000000
107274  -51.272  12.773  -0.903 0.0000000000
107275  -51.798  12.423  -1.166 0.0000000000
107276  -55.824  12.243  -0.938 0.0000000000
107277  -56.418  12.221  -0.544 0.0000000000
107278  -57.277  12.452  -0.544 0.0000000000
107279  -57.946  12.748  -0.520 0.0000000000
107287  -51.440  13.144  -1.456 0.0000000000
107288  -52.072  12.730  -1.877 0.0000000000
107289  -53.205  12.271  -2.179 0.0000000000
107290  -54.196  12.162  -1.915 0.0000000000
107291  -55.233  12.255  -1.421 0.0000000000
107292  -56.289  12.429  -1.464 0.0000000000
107293  -57.226  12.663  -1.470 0.0000000000
107294  -57.680  12.725  -1.024 0.0000000000
107304  -52.254  13.148  -2.643 0.0000000000
107305  -52.997  12.880  -3.011 0.0000000000
107306  -54.096  12.432  -2.792 0.0000000000
107307  -55.075  12.430  -2.469 0.0000000000
107308  -56.163  12.621  -2.426 0.0000000000
107309  -56.761  12.643  -1.982 0.0000000000
107320  -53.447  13.223  -3.640 0.0000000000
107321  -54.053  12.869  -3.588 0.0000000000
107322  -55.023  12.643  -3.275 0.0000000000
107323  -55.623  12.628  -2.936 0.0000000000
108337  -55.004  14.779  14.261 0.0000000000
108338  -55.586  14.690  14.488 0.0000000000
108351  -55.386  14.053  14.374 0.0000000000
108352  -56.179  14.132  14.621 0.0000000000
108353  -56.975  13.886  14.577 0.0000000000
108354  -57.152  14.338  14.405 0.0000000000
108361  -57.414  13.250  14.490 0.0000000000
108362  -57.604  13.754  14.116 0.0000000000
108363  -57.649  14.298  13.821 0.0000000000
108365  -58.144  13.247  13.772 0.0000000000
108366  -58.022  13.854  13.473 0.0000000000
108369  -58.163  13.957  12.706 0.0000000000
108376  -58.023  13.968  11.979 0.0000000000
108380  -57.110  13.493  10.857 0.0000000000
108381  -57.533  13.902  11.326 0.0000000000
108383  -56.230  13.588  10.036 0.0000000000
108384  -56.703  13.917  10.377 0.0000000000
108385  -57.142  14.316  10.828 0.0000000000
108390  -55.488  13.745  9.081 0.0000000000
108391  -55.913  13.972  9.465 0.0000000000
108392  -56.353  14.312  9.817 0.0000000000
108397  -54.250  13.462  7.707 0.0000000000
108398  -54.708  13.680  8.049 0.0000000000
108399  -55.281  14.076  8.457 0.0000000000
108400  -55.744  14.321  8.812 0.0000000000
108407  -53.260  13.468  6.793 0.0000000000
108408  -53.886  13.662  7.186 0.0000000000
108409  -54.639  14.202  7.390 0.0000000000
108410  -55.089  14.355  7.797 0.0000000000
108416  -51.303  13.178  4.967 0.0000000000
108417  -51.993  13.381  5.540 0.0000000000
108418  -52.869  13.637  6.168 0.0000000000
108419  -53.850  14.148  6.419 0.0000000000
108420  -54.397  14.336  6.809 0.0000000000
108427  -51.095  13.397  4.281 0.0000000000
108428  -52.077  13.867  4.686 0.0000000000
108429  -52.981  14.102  5.331 0.0000000000
108430  -53.613  14.263  5.802 0.0000000000
108437  -50.291  13.238  2.630 0.0000000000
108438  -50.855  13.657  3.364 0.0000000000
108439  -51.671  13.971  3.962 0.0000000000
108446  -50.222  13.376  1.957 0.0000000000
108447  -50.689  13.854  2.516 0.0000000000
108452  -50.298  13.682  1.376 0.0000000000
108453  -50.570  13.992  1.930 0.0000000000
108458  -50.282  13.459  0.826 0.0000000000
108459  -50.466  13.502  0.370 0.0000000000
108465  -50.729  13.565  -0.323 0.0000000000
108475  -51.122  13.628  -1.106 0.0000000000
108476  -51.495  13.619  -1.749 0.0000000000
108477  -57.723  13.011  -2.040 0.0000000000
108478  -58.183  13.117  -1.558 0.0000000000
108487  -51.854  13.622  -2.381 0.0000000000
108488  -52.285  13.643  -3.027 0.0000000000
108489  -56.719  12.899  -3.007 0.0000000000
108490  -57.270  12.939  -2.555 0.0000000000
108491  -58.172  13.265  -2.589 0.0000000000
108492  -58.923  13.638  -2.525 0.0000000000
108500  -52.928  13.679  -3.566 0.0000000000
108501  -53.778  13.592  -4.288 0.0000000000
108502  -55.023  13.022  -4.142 0.0000000000
108503  -56.142  12.916  -3.540 0.0000000000
108504  -57.195  13.174  -3.489 0.0000000000
108505  -58.004  13.331  -3.410 0.0000000000
108506  -58.785  13.641  -3.425 0.0000000000
108513  -54.004  14.004  -5.051 0.0000000000
108514  -54.994  13.634  -5.099 0.0000000000
108515  -56.095  13.299  -4.636 0.0000000000
108516  -57.053  13.393  -4.292 0.0000000000
108517  -57.858  13.472  -4.150 0.0000000000
108518  -58.548  13.677  -4.196 0.0000000000
108527  -55.537  13.794  -5.663 0.0000000000
108528  -56.143  13.648  -5.440 0.0000000000
108529  -57.040  13.649  -5.137 0.0000000000
108530  -57.867  13.664  -4.858 0.0000000000
108531  -58.304  13.695  -4.606 0.0000000000
109509  -55.262  15.278  14.429 0.0000000000
109510  -55.974  15.127  14.646 0.0000000000
109511  -56.521  15.325  14.670 0.0000000000
109512  -56.827  15.422  14.559 0.0000000000
109523  -56.550  14.657  14.675 0.0000000000
109524  -56.891  14.776  14.579 0.0000000000
109525  -57.152  14.988  14.331 0.0000000000
109526  -57.335  15.295  14.086 0.0000000000
109531  -57.437  14.658  14.009 0.0000000000
109532  -57.647  15.034  13.764 0.0000000000
109535  -57.925  14.952  13.238 0.0000000000
109539  -57.982  14.920  12.571 0.0000000000
109545  -57.815  14.943  11.854 0.0000000000
109550  -57.560  15.072  11.124 0.0000000000
109552  -56.753  14.824  9.856 0.0000000000
109553  -57.261  15.177  10.323 0.0000000000
109555  -56.061  14.599  8.884 0.0000000000
109556  -56.606  14.925  9.085 0.0000000000
109558  -55.489  14.572  7.862 0.0000000000
109559  -56.100  14.847  8.087 0.0000000000
109560  -56.977  15.353  8.240 0.0000000000
109565  -54.836  14.558  6.857 0.0000000000
109566  -55.438  14.713  7.105 0.0000000000
109567  -56.404  15.134  6.903 0.0000000000
109572  -54.136  14.481  5.880 0.0000000000
109573  -54.798  14.682  6.152 0.0000000000
109574  -55.932  15.035  5.992 0.0000000000
109575  -56.708  15.260  6.117 0.0000000000
109582  -52.413  14.315  4.043 0.0000000000
109583  -53.162  14.471  4.515 0.0000000000
109584  -54.179  14.671  5.167 0.0000000000
109585  -55.447  14.988  5.129 0.0000000000
109586  -56.105  15.068  5.274 0.0000000000
109592  -51.257  14.258  2.854 0.0000000000
109593  -51.970  14.497  3.332 0.0000000000
109594  -53.074  14.809  3.722 0.0000000000
109595  -54.153  14.901  4.106 0.0000000000
109596  -54.981  14.977  4.472 0.0000000000
109603  -51.169  14.464  2.233 0.0000000000
109604  -51.715  14.644  2.697 0.0000000000
109609  -50.461  13.947  0.964 0.0000000000
109610  -50.805  14.355  1.455 0.0000000000
109615  -50.455  13.806  0.661 0.0000000000
109616  -50.761  14.303  0.504 0.0000000000
109622  -51.041  14.434  -0.526 0.0000000000
109632  -51.347  14.357  -1.324 0.0000000000
109633  -51.673  14.405  -1.919 0.0000000000
109644  -51.986  14.447  -2.549 0.0000000000
109645  -52.383  14.471  -3.174 0.0000000000
109646  -59.636  14.188  -2.512 0.0000000000
109654  -52.868  14.550  -3.858 0.0000000000
109655  -53.402  14.638  -4.597 0.0000000000
109656  -59.533  14.099  -3.441 0.0000000000
109657  -60.233  14.694  -3.433 0.0000000000
109664  -53.891  14.691  -5.405 0.0000000000
109665  -54.421  14.052  -5.420 0.0000000000
109666  -59.317  14.051  -4.330 0.0000000000
109673  -54.103  14.996  -6.168 0.0000000000
109674  -54.908  14.153  -5.992 0.0000000000
109675  -56.058  13.920  -6.102 0.0000000000
109676  -56.999  13.932  -5.922 0.0000000000
109677  -57.927  13.976  -5.678 0.0000000000
109679  -59.827  14.587  -5.259 0.0000000000
109685  -54.215  15.256  -6.635 0.0000000000
109686  -54.810  14.794  -6.900 0.0000000000
109687  -55.818  14.283  -6.784 0.0000000000
109688  -56.857  14.201  -6.668 0.0000000000
109689  -57.809  14.293  -6.497 0.0000000000
109698  -55.059  14.886  -7.482 0.0000000000
109699  -55.631  14.671  -7.485 0.0000000000
109700  -56.664  14.505  -7.392 0.0000000000
109701  -57.640  14.577  -7.228 0.0000000000
110721  -55.478  15.860  14.578 0.0000000000
110722  -56.087  15.913  14.658 0.0000000000
110723  -56.552  15.993  14.612 0.0000000000
110724  -56.932  15.998  14.481 0.0000000000
110725  -57.200  16.301  14.393 0.0000000000
110733  -57.174  15.733  14.268 0.0000000000
110734  -57.519  16.062  14.123 0.0000000000
110739  -57.969  16.085  13.695 0.0000000000
110745  -58.117  15.870  13.091 0.0000000000
110749  -58.128  15.863  12.417 0.0000000000
110750  -58.537  16.673  12.260 0.0000000000
110755  -58.017  15.946  11.647 0.0000000000
110756  -58.534  16.739  11.437 0.0000000000
110762  -57.956  16.061  10.784 0.0000000000
110763  -58.666  16.808  10.575 0.0000000000
110765  -57.257  15.381  9.541 0.0000000000
110766  -58.090  16.183  9.703 0.0000000000
110767  -58.937  16.905  9.872 0.0000000000
110769  -57.530  15.665  8.814 0.0000000000
110770  -58.430  16.222  8.620 0.0000000000
110772  -56.917  15.318  7.523 0.0000000000
110773  -57.769  15.749  7.737 0.0000000000
110774  -58.821  16.285  7.682 0.0000000000
110777  -57.269  15.460  6.727 0.0000000000
110778  -58.304  15.985  6.575 0.0000000000
110779  -59.221  16.445  6.924 0.0000000000
110781  -56.508  15.224  5.494 0.0000000000
110782  -57.325  15.608  5.599 0.0000000000
110783  -58.363  16.189  5.365 0.0000000000
110786  -55.566  15.123  4.446 0.0000000000
110787  -56.362  15.371  4.649 0.0000000000
110788  -57.622  16.095  4.414 0.0000000000
110789  -58.503  16.536  4.582 0.0000000000
110793  -52.128  14.840  2.804 0.0000000000
110794  -52.745  15.110  2.968 0.0000000000
110795  -53.921  15.342  3.256 0.0000000000
110796  -55.325  15.431  3.694 0.0000000000
110797  -56.722  16.084  3.492 0.0000000000
110798  -57.642  16.530  3.546 0.0000000000
110803  -51.300  14.799  1.822 0.0000000000
110804  -51.997  15.130  2.219 0.0000000000
110805  -53.349  15.804  2.330 0.0000000000
110806  -54.695  16.009  2.722 0.0000000000
110807  -55.852  16.262  2.817 0.0000000000
110808  -56.671  16.621  2.756 0.0000000000
110813  -51.383  15.050  1.287 0.0000000000
110814  -52.368  15.865  1.348 0.0000000000
110815  -53.392  16.383  1.613 0.0000000000
110820  -51.505  15.372  0.255 0.0000000000
110821  -52.294  16.152  0.489 0.0000000000
110827  -51.521  15.123  -0.906 0.0000000000
110828  -52.025  15.961  -0.413 0.0000000000
110838  -51.628  14.850  -1.494 0.0000000000
110839  -52.029  15.472  -1.769 0.0000000000
110840  -52.425  15.985  -2.197 0.0000000000
110853  -52.191  14.992  -2.635 0.0000000000
110854  -52.519  15.493  -2.923 0.0000000000
110865  -53.028  15.528  -3.905 0.0000000000
110866  -53.428  15.613  -4.728 0.0000000000
110867  -60.819  15.426  -3.392 0.0000000000
110876  -53.728  15.751  -5.526 0.0000000000
110886  -53.924  15.815  -6.309 0.0000000000
110895  -54.240  15.532  -7.201 0.0000000000
110896  -54.758  15.040  -7.431 0.0000000000
110906  -54.208  15.711  -7.956 0.0000000000
111977  -55.558  16.521  14.622 0.0000000000
111978  -56.141  16.603  14.663 0.0000000000
111979  -56.615  16.671  14.625 0.0000000000
111980  -57.029  16.795  14.568 0.0000000000
111981  -57.467  16.884  14.447 0.0000000000
111995  -58.331  16.885  13.844 0.0000000000
112028  -58.909  16.675  9.238 0.0000000000
112036  -46.896  17.283  8.087 0.0000000000
112037  -47.272  17.241  8.050 0.0000000000
112038  -48.052  17.197  7.966 0.0000000000
112039  -48.766  17.247  7.822 0.0000000000
112040  -59.347  16.697  8.549 0.0000000000
112048  -46.592  17.202  7.662 0.0000000000
112049  -47.553  16.995  7.319 0.0000000000
112050  -48.387  17.003  7.201 0.0000000000
112051  -49.168  17.189  7.127 0.0000000000
112052  -59.712  16.767  7.652 0.0000000000
112058  -43.934  16.183  6.688 0.0000000000
112059  -47.068  16.888  6.510 0.0000000000
112060  -47.986  16.851  6.417 0.0000000000
112061  -48.798  16.970  6.350 0.0000000000
112062  -49.524  17.195  6.240 0.0000000000
112063  -59.195  16.480  6.021 0.0000000000
112070  -46.686  16.876  5.553 0.0000000000
112071  -47.646  16.807  5.533 0.0000000000
112072  -48.489  16.886  5.504 0.0000000000
112073  -49.243  17.090  5.452 0.0000000000
112080  -46.496  16.976  4.620 0.0000000000
112081  -47.404  16.871  4.612 0.0000000000
112082  -48.244  16.909  4.633 0.0000000000
112083  -48.992  17.085  4.608 0.0000000000
112089  -45.186  17.177  3.362 0.0000000000
112090  -47.195  17.022  3.786 0.0000000000
112091  -48.223  17.369  1.986 0.0000000000
112092  -48.743  17.116  3.940 0.0000000000
112093  -57.351  16.774  2.970 0.0000000000
112094  -58.118  17.171  3.182 0.0000000000
112097  -46.593  17.290  3.189 0.0000000000
112098  -46.407  17.200  2.297 0.0000000000
112099  -47.496  17.258  1.950 0.0000000000
112100  -54.268  16.536  2.012 0.0000000000
112101  -55.281  16.687  2.232 0.0000000000
112102  -56.203  17.017  2.292 0.0000000000
112103  -57.065  17.220  2.508 0.0000000000
112104  -57.684  17.338  2.725 0.0000000000
112106  -53.006  16.584  0.977 0.0000000000
112107  -53.892  17.071  1.376 0.0000000000
112108  -54.861  17.202  1.767 0.0000000000
112109  -55.586  17.250  2.001 0.0000000000
112111  -52.650  16.842  0.237 0.0000000000
112112  -53.323  17.193  0.836 0.0000000000
112117  -52.342  16.614  -0.770 0.0000000000
112126  -52.420  16.532  -1.685 0.0000000000
112127  -52.616  16.406  -2.467 0.0000000000
112140  -52.904  16.311  -3.210 0.0000000000
112153  -53.307  16.403  -4.010 0.0000000000
112154  -53.675  16.531  -4.840 0.0000000000
112165  -53.936  16.765  -5.731 0.0000000000
112176  -53.950  16.578  -6.686 0.0000000000
112187  -53.982  16.432  -7.556 0.0000000000
113248  -55.560  17.287  14.627 0.0000000000
113249  -56.223  17.270  14.656 0.0000000000
113250  -56.723  17.399  14.634 0.0000000000
113251  -57.227  17.527  14.577 0.0000000000
113252  -57.751  17.642  14.457 0.0000000000
113260  -58.252  17.839  14.268 0.0000000000
113289  -48.455  18.281  9.766 0.0000000000
113290  -48.756  18.284  9.685 0.0000000000
113301  -46.897  17.808  8.966 0.0000000000
113302  -47.264  17.865  9.095 0.0000000000
113303  -48.184  18.066  9.419 0.0000000000
113304  -49.204  18.016  9.131 0.0000000000
113305  -51.317  17.925  8.534 0.0000000000
113312  -46.860  17.560  8.516 0.0000000000
113313  -47.710  17.533  8.634 0.0000000000
113314  -48.596  17.557  8.549 0.0000000000
113315  -51.431  17.724  7.508 0.0000000000
113316  -51.530  17.837  7.975 0.0000000000
113325  -51.434  17.603  6.464 0.0000000000
113326  -51.675  17.717  6.913 0.0000000000
113327  -51.932  17.890  6.569 0.0000000000
113335  -51.300  17.555  5.458 0.0000000000
113336  -51.530  17.632  5.831 0.0000000000
113337  -51.830  17.865  5.987 0.0000000000
113345  -51.063  17.588  4.514 0.0000000000
113346  -51.354  17.622  4.875 0.0000000000
113347  -51.704  17.856  5.100 0.0000000000
113354  -50.665  17.718  3.596 0.0000000000
113355  -51.073  17.719  3.987 0.0000000000
113356  -51.478  17.934  4.224 0.0000000000
113364  -48.948  17.538  2.106 0.0000000000
113365  -49.944  17.768  2.655 0.0000000000
113366  -50.682  17.936  3.078 0.0000000000
113367  -51.178  18.038  3.558 0.0000000000
113374  -45.897  17.452  2.169 0.0000000000
113375  -47.114  17.283  1.725 0.0000000000
113376  -48.258  17.446  1.755 0.0000000000
113377  -49.367  17.780  1.921 0.0000000000
113378  -50.129  17.985  2.383 0.0000000000
113379  -56.020  17.571  2.005 0.0000000000
113380  -56.668  17.830  2.184 0.0000000000
113381  -57.601  17.946  2.478 0.0000000000
113382  -58.270  18.254  2.701 0.0000000000
113385  -45.866  17.991  1.421 0.0000000000
113386  -46.796  17.595  1.266 0.0000000000
113387  -47.909  17.606  1.111 0.0000000000
113388  -48.753  17.736  1.380 0.0000000000
113389  -53.760  17.641  1.066 0.0000000000
113390  -54.510  17.885  1.360 0.0000000000
113391  -55.449  17.810  1.742 0.0000000000
113392  -56.079  18.016  1.898 0.0000000000
113394  -46.785  18.418  1.081 0.0000000000
113395  -46.726  17.998  0.711 0.0000000000
113396  -47.422  17.846  0.654 0.0000000000
113397  -52.651  17.329  -0.169 0.0000000000
113398  -53.262  17.756  0.495 0.0000000000
113399  -53.879  18.141  1.052 0.0000000000
113401  -52.415  17.408  -0.847 0.0000000000
113402  -52.834  17.838  -0.097 0.0000000000
113404  -52.464  17.237  -2.133 0.0000000000
113405  -52.762  16.793  -2.766 0.0000000000
113416  -52.564  17.600  -2.838 0.0000000000
113417  -52.964  17.155  -3.327 0.0000000000
113428  -53.512  17.187  -4.281 0.0000000000
113429  -53.942  17.348  -4.988 0.0000000000
113440  -54.180  17.709  -5.676 0.0000000000
113441  -54.383  18.064  -5.838 0.0000000000
113451  -54.164  17.434  -6.372 0.0000000000
113452  -54.392  18.054  -6.238 0.0000000000
114523  -55.833  17.805  14.620 0.0000000000
114524  -56.295  17.989  14.620 0.0000000000
114525  -56.904  18.217  14.596 0.0000000000
114526  -57.476  18.226  14.508 0.0000000000
114527  -57.968  18.368  14.374 0.0000000000
114533  -55.562  18.646  14.581 0.0000000000
114534  -56.322  18.832  14.558 0.0000000000
114535  -56.868  18.979  14.513 0.0000000000
114536  -58.424  18.604  14.159 0.0000000000
114565  -48.906  19.216  11.201 0.0000000000
114566  -50.441  18.626  10.547 0.0000000000
114580  -46.581  18.058  9.197 0.0000000000
114581  -47.345  18.329  9.638 0.0000000000
114582  -47.858  18.445  9.843 0.0000000000
114583  -51.038  18.165  9.430 0.0000000000
114584  -51.514  18.139  9.116 0.0000000000
114585  -52.323  18.637  9.349 0.0000000000
114586  -52.882  18.788  9.057 0.0000000000
114593  -46.253  17.741  8.610 0.0000000000
114594  -51.811  17.947  8.040 0.0000000000
114595  -52.291  18.205  8.255 0.0000000000
114596  -53.120  18.589  8.383 0.0000000000
114597  -53.716  18.698  8.068 0.0000000000
114606  -51.752  17.828  7.553 0.0000000000
114607  -52.153  17.984  7.156 0.0000000000
114608  -52.961  18.280  7.316 0.0000000000
114609  -53.863  18.634  7.328 0.0000000000
114610  -54.474  18.843  6.826 0.0000000000
114617  -52.238  18.056  6.114 0.0000000000
114618  -52.830  18.224  6.293 0.0000000000
114619  -53.582  18.469  6.345 0.0000000000
114620  -54.317  18.768  6.250 0.0000000000
114626  -52.159  18.111  5.227 0.0000000000
114627  -52.746  18.319  5.322 0.0000000000
114628  -53.410  18.519  5.419 0.0000000000
114629  -54.114  18.773  5.398 0.0000000000
114635  -51.981  18.237  4.315 0.0000000000
114636  -52.594  18.485  4.411 0.0000000000
114637  -53.319  18.761  4.414 0.0000000000
114638  -53.886  18.845  4.715 0.0000000000
114644  -51.093  18.318  2.977 0.0000000000
114645  -51.651  18.394  3.390 0.0000000000
114646  -52.412  18.748  3.429 0.0000000000
114647  -52.994  18.885  3.718 0.0000000000
114653  -49.983  18.214  1.856 0.0000000000
114654  -50.665  18.385  2.272 0.0000000000
114655  -51.446  18.735  2.378 0.0000000000
114656  -52.032  18.862  2.736 0.0000000000
114657  -54.926  19.061  1.834 0.0000000000
114658  -55.542  18.870  2.028 0.0000000000
114659  -56.283  18.602  2.163 0.0000000000
114660  -57.137  18.594  2.424 0.0000000000
114661  -57.944  18.775  2.558 0.0000000000
114663  -45.616  18.807  1.292 0.0000000000
114664  -45.946  18.463  1.031 0.0000000000
114665  -48.736  17.925  0.854 0.0000000000
114666  -49.480  18.160  1.178 0.0000000000
114667  -50.424  18.567  1.274 0.0000000000
114668  -51.052  18.775  1.686 0.0000000000
114669  -53.489  18.947  1.049 0.0000000000
114670  -54.282  18.799  1.312 0.0000000000
114671  -55.115  18.477  1.623 0.0000000000
114672  -55.722  18.344  1.859 0.0000000000
114674  -45.774  19.283  0.763 0.0000000000
114675  -46.378  18.686  0.397 0.0000000000
114676  -47.447  18.248  0.019 0.0000000000
114677  -48.307  18.061  0.222 0.0000000000
114678  -49.227  18.252  0.324 0.0000000000
114679  -49.969  18.524  0.408 0.0000000000
114680  -52.531  18.632  0.016 0.0000000000
114681  -53.077  18.438  0.374 0.0000000000
114682  -53.614  18.452  0.854 0.0000000000
114684  -47.267  19.236  -0.355 0.0000000000
114685  -47.696  18.777  -1.031 0.0000000000
114686  -48.285  18.429  -0.710 0.0000000000
114687  -49.201  18.446  -0.658 0.0000000000
114688  -49.666  18.490  -0.129 0.0000000000
114689  -52.236  18.053  -0.968 0.0000000000
114690  -52.661  18.111  -0.319 0.0000000000
114692  -48.053  19.043  -1.866 0.0000000000
114693  -48.407  18.741  -1.529 0.0000000000
114694  -48.781  18.557  -1.202 0.0000000000
114695  -52.182  17.925  -2.137 0.0000000000
114703  -52.476  18.020  -3.204 0.0000000000
114704  -52.779  17.666  -3.385 0.0000000000
114712  -52.634  18.167  -3.800 0.0000000000
114713  -53.120  17.910  -4.159 0.0000000000
114714  -53.666  17.667  -4.628 0.0000000000
114723  -53.462  18.318  -4.787 0.0000000000
114724  -53.921  18.183  -5.193 0.0000000000
114725  -54.264  18.095  -5.620 0.0000000000
114732  -54.064  18.614  -5.717 0.0000000000
114733  -54.276  18.456  -5.975 0.0000000000
115800  -57.257  18.749  14.485 0.0000000000
115801  -57.682  18.918  14.376 0.0000000000
115802  -58.110  19.017  14.242 0.0000000000
115808  -56.425  19.755  14.399 0.0000000000
115809  -57.217  19.623  14.325 0.0000000000
115810  -57.900  19.744  14.235 0.0000000000
115811  -58.496  19.621  14.068 0.0000000000
115882  -54.038  18.806  7.869 0.0000000000
115893  -54.960  19.113  6.251 0.0000000000
115902  -54.866  19.106  5.307 0.0000000000
115903  -55.643  19.552  5.298 0.0000000000
115904  -56.575  20.097  5.321 0.0000000000
115905  -57.221  20.319  4.860 0.0000000000
115911  -53.994  19.076  3.999 0.0000000000
115912  -54.598  19.155  4.331 0.0000000000
115913  -55.485  19.477  4.304 0.0000000000
115914  -56.362  19.842  4.249 0.0000000000
115915  -57.381  20.122  4.153 0.0000000000
115916  -58.014  20.022  3.795 0.0000000000
115921  -53.022  19.145  3.026 0.0000000000
115922  -53.644  19.238  3.289 0.0000000000
115923  -54.492  19.380  3.272 0.0000000000
115924  -55.292  19.464  3.354 0.0000000000
115925  -56.137  19.584  3.340 0.0000000000
115926  -57.036  19.736  3.268 0.0000000000
115927  -58.116  19.642  3.204 0.0000000000
115932  -52.028  19.133  2.071 0.0000000000
115933  -52.637  19.223  2.367 0.0000000000
115934  -53.424  19.421  2.327 0.0000000000
115935  -54.281  19.420  2.232 0.0000000000
115936  -55.106  19.343  2.484 0.0000000000
115937  -55.883  19.304  2.553 0.0000000000
115938  -56.691  19.250  2.616 0.0000000000
115939  -57.429  19.229  2.709 0.0000000000
115943  -51.087  18.905  1.024 0.0000000000
115944  -51.664  19.109  1.375 0.0000000000
115945  -52.424  19.309  1.432 0.0000000000
115946  -53.129  19.391  1.535 0.0000000000
115947  -53.773  19.316  1.613 0.0000000000
115951  -45.936  19.732  0.489 0.0000000000
115952  -50.747  18.847  0.335 0.0000000000
115953  -51.495  19.053  0.404 0.0000000000
115954  -52.189  19.123  0.579 0.0000000000
115955  -52.844  19.029  0.804 0.0000000000
115958  -47.129  19.720  -0.503 0.0000000000
115959  -47.458  19.424  -0.735 0.0000000000
115960  -49.780  18.616  -1.245 0.0000000000
115961  -50.269  18.670  -0.638 0.0000000000
115962  -51.250  18.848  -0.519 0.0000000000
115963  -51.952  18.760  -0.312 0.0000000000
115966  -47.371  20.128  -1.067 0.0000000000
115967  -47.825  19.740  -2.387 0.0000000000
115968  -48.511  19.186  -2.375 0.0000000000
115969  -49.299  18.788  -1.863 0.0000000000
115970  -50.314  18.729  -1.817 0.0000000000
115971  -51.118  18.676  -1.555 0.0000000000
115972  -51.740  18.397  -1.291 0.0000000000
115980  -47.915  20.241  -2.978 0.0000000000
115981  -48.459  19.922  -3.304 0.0000000000
115982  -49.263  19.289  -3.119 0.0000000000
115983  -50.195  18.928  -2.942 0.0000000000
115984  -51.132  18.698  -2.715 0.0000000000
115985  -51.796  18.349  -2.429 0.0000000000
115996  -48.829  20.156  -3.932 0.0000000000
115997  -49.202  19.807  -3.912 0.0000000000
115998  -50.088  19.520  -4.168 0.0000000000
115999  -51.121  19.024  -3.883 0.0000000000
116000  -52.132  18.514  -3.735 0.0000000000
116001  -52.747  18.287  -4.114 0.0000000000
116010  -50.527  19.847  -4.869 0.0000000000
116011  -51.083  19.543  -4.737 0.0000000000
116012  -52.071  19.222  -4.949 0.0000000000
116013  -53.032  18.642  -4.756 0.0000000000
116014  -53.595  18.543  -5.117 0.0000000000
116021  -52.547  19.551  -5.623 0.0000000000
116022  -53.009  19.289  -5.537 0.0000000000
116023  -53.751  19.017  -5.827 0.0000000000
116024  -54.098  18.898  -5.899 0.0000000000
117077  -56.616  20.845  14.245 0.0000000000
117078  -57.459  20.796  14.159 0.0000000000
117079  -58.149  20.774  14.066 0.0000000000
117080  -58.713  20.781  13.890 0.0000000000
117209  -47.167  20.436  -0.804 0.0000000000
117210  -47.277  20.800  -2.189 0.0000000000
117212  -47.592  20.700  -2.750 0.0000000000
117213  -48.015  20.742  -3.370 0.0000000000
117222  -48.599  20.727  -4.055 0.0000000000
117223  -49.198  20.324  -4.351 0.0000000000
117224  -49.590  19.990  -4.411 0.0000000000
117232  -48.780  21.154  -4.417 0.0000000000
117233  -49.116  20.916  -4.619 0.0000000000
117234  -49.986  20.520  -5.044 0.0000000000
117235  -51.044  20.051  -5.334 0.0000000000
117236  -51.569  19.684  -5.233 0.0000000000
117243  -50.352  21.201  -5.683 0.0000000000
117244  -51.097  20.900  -6.083 0.0000000000
117245  -52.032  20.018  -5.877 0.0000000000
117246  -52.945  19.752  -6.135 0.0000000000
118300  -56.888  22.017  14.357 0.0000000000
118301  -57.684  22.007  14.187 0.0000000000
118302  -58.352  21.960  14.031 0.0000000000
118445  -47.749  21.466  -3.008 0.0000000000
118453  -48.312  21.599  -3.803 0.0000000000
118454  -48.579  22.103  -4.079 0.0000000000
118466  -48.623  21.297  -4.243 0.0000000000
118467  -48.958  21.740  -4.597 0.0000000000
118468  -49.427  21.200  -4.957 0.0000000000
118479  -49.786  21.694  -5.401 0.0000000000
118480  -50.581  21.736  -6.117 0.0000000000
119476  -57.141  23.135  14.764 0.0000000000
119477  -57.863  23.292  14.629 0.0000000000
119478  -58.552  23.070  14.236 0.0000000000
119479  -59.153  22.969  13.963 0.0000000000
120694  -57.858  24.410  16.162 0.0000000000
120695  -58.418  24.685  15.614 0.0000000000
120703  -57.749  24.096  15.595 0.0000000000
120704  -58.175  24.062  15.047 0.0000000000
120705  -58.770  23.989  14.584 0.0000000000
121967  -58.598  25.519  16.467 0.0000000000
121986  -58.419  25.083  16.317 0.0000000000
