#!ascii label  , from subject COLIN27_FS vox2ras=TkReg
1921
112068  -43.658  16.578  5.895 0.0000000000
112069  -43.972  16.606  5.634 0.0000000000
112079  -44.538  16.958  4.411 0.0000000000
112088  -44.784  17.194  3.875 0.0000000000
113334  -43.485  16.715  6.151 0.0000000000
113342  -43.093  17.517  5.949 0.0000000000
113343  -43.700  17.204  5.410 0.0000000000
113344  -44.157  16.922  4.910 0.0000000000
113352  -44.315  17.733  4.355 0.0000000000
113353  -44.441  17.227  4.386 0.0000000000
113361  -44.522  17.925  3.874 0.0000000000
113362  -44.901  17.622  3.413 0.0000000000
113363  -45.328  17.350  2.964 0.0000000000
113373  -45.259  18.044  2.362 0.0000000000
113384  -45.435  18.357  1.798 0.0000000000
114614  -40.986  18.102  7.252 0.0000000000
114615  -41.712  17.825  6.956 0.0000000000
114616  -42.586  17.940  6.202 0.0000000000
114624  -43.240  18.067  5.636 0.0000000000
114625  -43.850  18.242  4.974 0.0000000000
114633  -44.450  18.426  4.216 0.0000000000
114634  -44.619  18.847  4.060 0.0000000000
114642  -44.615  18.097  3.677 0.0000000000
114643  -44.809  18.578  3.393 0.0000000000
114652  -45.182  18.799  2.280 0.0000000000
115879  -39.185  19.455  7.869 0.0000000000
115880  -39.994  18.629  7.833 0.0000000000
115881  -40.641  18.264  7.427 0.0000000000
115888  -39.000  19.712  7.339 0.0000000000
115889  -39.561  19.345  7.115 0.0000000000
115890  -40.714  18.708  6.853 0.0000000000
115891  -41.875  18.664  6.282 0.0000000000
115892  -42.729  18.699  5.863 0.0000000000
115899  -43.394  18.898  5.530 0.0000000000
115900  -44.207  19.199  5.011 0.0000000000
115901  -44.594  19.756  4.964 0.0000000000
115909  -44.523  18.970  4.394 0.0000000000
115910  -44.813  19.432  4.273 0.0000000000
115920  -45.167  19.531  3.139 0.0000000000
115931  -45.410  19.656  1.976 0.0000000000
115942  -45.610  19.587  1.140 0.0000000000
115950  -45.723  19.777  0.760 0.0000000000
117156  -38.000  20.629  7.057 0.0000000000
117157  -38.724  20.233  6.750 0.0000000000
117158  -39.990  19.722  6.336 0.0000000000
117159  -41.194  19.497  6.074 0.0000000000
117160  -42.281  19.385  5.861 0.0000000000
117161  -42.904  19.241  5.732 0.0000000000
117167  -38.761  20.657  6.108 0.0000000000
117168  -39.394  20.543  5.937 0.0000000000
117169  -40.551  20.391  5.731 0.0000000000
117170  -41.773  20.255  5.666 0.0000000000
117171  -43.118  19.938  5.633 0.0000000000
117172  -44.198  20.206  5.346 0.0000000000
117173  -44.983  20.261  4.993 0.0000000000
117182  -45.542  20.379  4.102 0.0000000000
117183  -46.024  20.810  4.169 0.0000000000
117190  -45.648  20.294  2.878 0.0000000000
117191  -46.108  20.809  3.573 0.0000000000
117197  -45.725  20.382  2.008 0.0000000000
117198  -46.209  20.926  2.470 0.0000000000
117201  -45.675  20.141  1.340 0.0000000000
117202  -46.047  20.767  1.467 0.0000000000
117204  -45.671  19.981  0.941 0.0000000000
117205  -45.930  20.436  0.701 0.0000000000
117207  -46.160  20.588  0.185 0.0000000000
117286  -56.552  21.457  -11.595 0.0000000000
117293  -55.916  20.848  -11.647 0.0000000000
117294  -56.527  21.361  -12.268 0.0000000000
118395  -37.755  21.194  6.518 0.0000000000
118396  -38.422  20.781  6.220 0.0000000000
118403  -37.891  21.574  5.891 0.0000000000
118404  -38.592  21.279  5.725 0.0000000000
118405  -39.852  21.265  5.322 0.0000000000
118406  -41.090  21.152  5.239 0.0000000000
118407  -42.301  21.067  5.323 0.0000000000
118408  -43.449  21.049  5.363 0.0000000000
118409  -44.506  21.105  5.357 0.0000000000
118410  -45.654  21.085  5.107 0.0000000000
118411  -46.476  21.688  5.167 0.0000000000
118412  -46.972  21.959  5.357 0.0000000000
118419  -45.942  20.857  4.480 0.0000000000
118420  -46.517  21.172  4.389 0.0000000000
118421  -47.331  21.755  4.944 0.0000000000
118422  -47.857  21.871  4.994 0.0000000000
118424  -46.734  21.309  3.294 0.0000000000
118425  -47.458  21.708  3.932 0.0000000000
118426  -47.885  21.892  4.615 0.0000000000
118429  -46.785  21.489  2.438 0.0000000000
118430  -47.301  21.835  2.865 0.0000000000
118432  -46.585  21.391  1.653 0.0000000000
118433  -47.164  21.953  1.917 0.0000000000
118435  -46.422  21.263  0.763 0.0000000000
118436  -47.006  21.920  0.948 0.0000000000
118438  -46.409  21.137  -0.006 0.0000000000
118439  -46.884  21.806  -0.043 0.0000000000
118441  -46.482  21.081  -0.336 0.0000000000
118442  -46.933  21.537  -1.143 0.0000000000
118444  -47.362  21.412  -2.298 0.0000000000
118478  -49.424  22.192  -5.049 0.0000000000
118487  -51.311  21.796  -6.652 0.0000000000
118496  -52.572  22.412  -7.529 0.0000000000
118497  -52.935  22.029  -7.744 0.0000000000
118505  -54.355  21.916  -8.511 0.0000000000
118506  -54.635  21.392  -8.578 0.0000000000
118507  -55.428  21.616  -9.383 0.0000000000
118514  -56.284  21.941  -10.249 0.0000000000
118515  -57.530  22.683  -10.775 0.0000000000
118516  -58.178  22.948  -10.928 0.0000000000
118523  -56.240  21.540  -10.635 0.0000000000
118524  -57.022  21.986  -11.214 0.0000000000
118525  -58.255  22.763  -11.382 0.0000000000
118526  -58.848  22.981  -11.690 0.0000000000
118532  -57.247  21.836  -12.141 0.0000000000
118533  -58.017  22.337  -12.073 0.0000000000
118534  -58.730  22.777  -12.107 0.0000000000
118541  -57.100  21.743  -12.828 0.0000000000
118542  -57.931  22.306  -13.108 0.0000000000
118543  -58.534  22.647  -12.673 0.0000000000
118550  -57.192  21.837  -13.682 0.0000000000
118551  -57.867  22.377  -14.322 0.0000000000
118558  -57.217  21.829  -14.728 0.0000000000
118559  -57.808  22.374  -15.339 0.0000000000
118569  -57.299  21.731  -15.715 0.0000000000
118570  -57.737  22.320  -16.199 0.0000000000
118583  -57.527  22.248  -16.857 0.0000000000
118595  -57.389  22.032  -17.154 0.0000000000
118602  -55.954  21.445  -18.838 0.0000000000
118603  -56.561  21.336  -18.608 0.0000000000
119581  -36.971  22.219  6.312 0.0000000000
119582  -37.563  21.769  6.015 0.0000000000
119587  -37.155  22.673  5.740 0.0000000000
119588  -37.814  22.295  5.555 0.0000000000
119589  -39.126  22.395  4.913 0.0000000000
119590  -40.427  22.080  4.863 0.0000000000
119591  -41.586  21.976  4.897 0.0000000000
119592  -42.696  21.940  5.015 0.0000000000
119593  -43.744  21.960  5.168 0.0000000000
119594  -44.787  22.112  5.272 0.0000000000
119595  -45.738  22.070  5.397 0.0000000000
119596  -46.501  22.320  5.470 0.0000000000
119597  -47.441  22.383  5.433 0.0000000000
119598  -48.247  22.853  5.439 0.0000000000
119599  -48.713  23.141  5.469 0.0000000000
119601  -39.383  23.057  4.617 0.0000000000
119602  -39.949  22.935  4.554 0.0000000000
119603  -40.948  22.836  4.526 0.0000000000
119604  -42.003  22.778  4.569 0.0000000000
119605  -43.034  22.752  4.733 0.0000000000
119606  -43.937  22.719  4.910 0.0000000000
119607  -47.761  21.971  5.195 0.0000000000
119608  -48.269  22.207  5.021 0.0000000000
119609  -48.905  22.831  5.228 0.0000000000
119611  -47.863  22.176  3.233 0.0000000000
119612  -48.339  22.235  3.998 0.0000000000
119613  -49.066  22.630  4.519 0.0000000000
119616  -47.785  22.432  2.345 0.0000000000
119617  -48.452  22.675  2.940 0.0000000000
119618  -49.138  22.814  3.566 0.0000000000
119620  -47.641  22.560  1.283 0.0000000000
119621  -48.531  23.110  1.755 0.0000000000
119622  -49.155  23.155  2.620 0.0000000000
119624  -47.478  22.500  0.198 0.0000000000
119625  -48.186  23.140  0.535 0.0000000000
119627  -47.407  22.334  -0.890 0.0000000000
119628  -48.022  23.052  -0.590 0.0000000000
119630  -47.485  22.110  -1.963 0.0000000000
119631  -47.977  22.844  -1.726 0.0000000000
119633  -47.624  21.870  -2.583 0.0000000000
119634  -48.172  22.441  -2.982 0.0000000000
119635  -48.679  22.933  -3.331 0.0000000000
119636  -57.429  22.778  -3.007 0.0000000000
119637  -57.921  22.763  -2.587 0.0000000000
119638  -58.620  22.909  -2.218 0.0000000000
119639  -59.059  23.188  -2.094 0.0000000000
119641  -48.454  22.232  -3.725 0.0000000000
119642  -48.906  22.718  -3.987 0.0000000000
119643  -49.442  23.149  -4.180 0.0000000000
119644  -57.492  22.781  -3.370 0.0000000000
119645  -58.094  22.658  -3.453 0.0000000000
119646  -58.862  22.712  -2.949 0.0000000000
119647  -59.536  23.056  -2.564 0.0000000000
119648  -60.024  23.273  -2.769 0.0000000000
119658  -49.347  22.449  -4.758 0.0000000000
119659  -49.587  22.979  -4.602 0.0000000000
119660  -58.537  22.702  -4.026 0.0000000000
119661  -59.072  22.686  -3.750 0.0000000000
119662  -59.760  22.880  -3.347 0.0000000000
119663  -60.128  23.181  -3.019 0.0000000000
119674  -49.512  22.421  -5.021 0.0000000000
119675  -49.750  22.585  -5.244 0.0000000000
119676  -50.317  22.471  -5.899 0.0000000000
119688  -50.981  22.473  -6.446 0.0000000000
119689  -51.654  22.552  -6.902 0.0000000000
119696  -52.296  22.831  -7.309 0.0000000000
119697  -52.905  22.885  -7.753 0.0000000000
119698  -53.518  22.620  -8.156 0.0000000000
119704  -54.145  22.474  -8.477 0.0000000000
119705  -54.768  22.518  -8.850 0.0000000000
119706  -55.419  22.438  -9.270 0.0000000000
119713  -56.129  22.568  -9.768 0.0000000000
119714  -57.080  22.975  -10.165 0.0000000000
119715  -58.314  23.252  -10.489 0.0000000000
119716  -59.384  23.579  -10.420 0.0000000000
119717  -59.946  23.750  -10.458 0.0000000000
119723  -58.493  23.032  -11.005 0.0000000000
119724  -59.062  23.213  -11.225 0.0000000000
119725  -59.829  23.654  -11.020 0.0000000000
119730  -59.248  23.162  -12.063 0.0000000000
119731  -59.741  23.583  -11.818 0.0000000000
119738  -58.672  22.812  -13.291 0.0000000000
119739  -59.109  23.081  -12.889 0.0000000000
119740  -59.679  23.583  -12.699 0.0000000000
119746  -58.529  22.837  -14.051 0.0000000000
119747  -59.047  23.215  -13.806 0.0000000000
119748  -59.501  23.568  -13.617 0.0000000000
119756  -58.406  22.842  -15.021 0.0000000000
119757  -58.994  23.383  -14.745 0.0000000000
119758  -59.294  23.526  -14.215 0.0000000000
119766  -58.198  22.829  -15.832 0.0000000000
119767  -58.562  23.251  -15.580 0.0000000000
119775  -57.904  22.929  -16.471 0.0000000000
119776  -58.315  23.095  -15.987 0.0000000000
119788  -55.125  22.263  -18.030 0.0000000000
119789  -55.819  22.547  -18.080 0.0000000000
119790  -57.270  22.304  -17.368 0.0000000000
119791  -57.469  22.667  -17.043 0.0000000000
119802  -55.551  21.847  -18.560 0.0000000000
119803  -55.998  22.088  -18.411 0.0000000000
119804  -56.611  22.060  -18.084 0.0000000000
119805  -57.023  22.280  -17.648 0.0000000000
119806  -57.225  22.686  -17.335 0.0000000000
120812  -36.217  23.248  6.486 0.0000000000
120813  -36.756  22.976  5.877 0.0000000000
120815  -36.538  23.614  5.766 0.0000000000
120816  -37.228  23.353  5.413 0.0000000000
120817  -38.244  23.390  4.903 0.0000000000
120818  -39.000  23.261  4.663 0.0000000000
120819  -45.231  22.565  5.263 0.0000000000
120820  -45.720  22.849  5.293 0.0000000000
120821  -46.582  23.228  5.399 0.0000000000
120822  -47.603  23.331  5.508 0.0000000000
120823  -48.421  23.520  5.517 0.0000000000
120824  -49.199  23.524  5.406 0.0000000000
120825  -50.044  23.773  5.130 0.0000000000
120826  -50.770  24.002  4.857 0.0000000000
120828  -38.825  23.837  4.609 0.0000000000
120829  -39.486  23.671  4.483 0.0000000000
120830  -40.376  23.679  4.358 0.0000000000
120831  -41.348  23.653  4.320 0.0000000000
120832  -42.369  23.604  4.348 0.0000000000
120833  -43.427  23.496  4.450 0.0000000000
120834  -44.675  23.246  4.813 0.0000000000
120835  -45.628  23.673  4.875 0.0000000000
120836  -46.265  24.012  4.973 0.0000000000
120837  -49.614  23.152  4.913 0.0000000000
120838  -50.363  23.531  4.579 0.0000000000
120839  -51.229  23.896  4.317 0.0000000000
120840  -51.818  24.103  3.939 0.0000000000
120842  -49.815  23.092  4.113 0.0000000000
120843  -50.593  23.532  3.755 0.0000000000
120844  -51.380  23.885  3.468 0.0000000000
120845  -52.125  24.157  3.313 0.0000000000
120848  -49.880  23.349  3.094 0.0000000000
120849  -50.747  23.807  2.705 0.0000000000
120850  -51.673  24.159  2.520 0.0000000000
120851  -52.374  24.299  2.633 0.0000000000
120853  -48.956  23.624  0.790 0.0000000000
120854  -49.837  23.752  1.665 0.0000000000
120855  -51.137  24.267  1.603 0.0000000000
120856  -51.746  24.365  1.820 0.0000000000
120858  -48.782  23.657  -0.249 0.0000000000
120859  -49.683  24.083  0.169 0.0000000000
120860  -50.786  24.375  0.464 0.0000000000
120861  -51.306  24.530  0.148 0.0000000000
120863  -48.672  23.497  -1.377 0.0000000000
120864  -49.532  24.036  -1.046 0.0000000000
120865  -50.535  24.371  -0.713 0.0000000000
120866  -51.350  24.517  -0.393 0.0000000000
120867  -53.177  24.397  -1.329 0.0000000000
120868  -53.821  24.256  -1.137 0.0000000000
120869  -54.662  24.096  -0.953 0.0000000000
120870  -55.502  24.111  -0.877 0.0000000000
120871  -56.261  24.234  -0.939 0.0000000000
120872  -56.942  24.253  -1.061 0.0000000000
120873  -57.512  24.373  -1.168 0.0000000000
120875  -48.617  23.224  -2.438 0.0000000000
120876  -49.415  23.760  -2.186 0.0000000000
120877  -50.434  24.175  -1.903 0.0000000000
120878  -51.652  24.427  -1.575 0.0000000000
120879  -52.798  24.409  -1.834 0.0000000000
120880  -53.783  24.151  -1.911 0.0000000000
120881  -54.702  23.843  -1.783 0.0000000000
120882  -55.672  23.642  -1.617 0.0000000000
120883  -56.582  23.598  -1.451 0.0000000000
120884  -57.394  23.709  -1.358 0.0000000000
120885  -58.185  24.020  -1.379 0.0000000000
120886  -58.853  24.117  -1.694 0.0000000000
120888  -48.620  23.036  -3.016 0.0000000000
120889  -49.188  23.362  -3.277 0.0000000000
120890  -50.230  23.926  -3.067 0.0000000000
120891  -51.356  24.265  -2.853 0.0000000000
120892  -52.500  24.367  -2.763 0.0000000000
120893  -53.593  24.188  -2.765 0.0000000000
120894  -54.633  23.829  -2.702 0.0000000000
120895  -55.705  23.428  -2.546 0.0000000000
120896  -56.832  23.108  -2.312 0.0000000000
120897  -57.656  23.121  -1.855 0.0000000000
120898  -58.446  23.365  -1.753 0.0000000000
120899  -59.440  23.715  -2.118 0.0000000000
120900  -60.436  24.100  -2.598 0.0000000000
120901  -60.851  24.290  -2.771 0.0000000000
120903  -49.356  23.233  -3.915 0.0000000000
120904  -50.002  23.524  -4.169 0.0000000000
120905  -51.147  24.064  -3.991 0.0000000000
120906  -52.261  24.361  -3.847 0.0000000000
120907  -53.379  24.305  -3.759 0.0000000000
120908  -54.491  24.059  -3.697 0.0000000000
120909  -55.620  23.605  -3.598 0.0000000000
120910  -56.884  23.054  -3.415 0.0000000000
120911  -57.588  22.823  -3.639 0.0000000000
120912  -59.878  23.379  -2.591 0.0000000000
120913  -60.435  23.596  -2.875 0.0000000000
120914  -60.992  24.143  -2.932 0.0000000000
120921  -50.232  23.232  -5.152 0.0000000000
120922  -51.039  23.780  -5.064 0.0000000000
120923  -52.081  24.262  -4.943 0.0000000000
120924  -53.169  24.427  -4.803 0.0000000000
120925  -54.270  24.354  -4.748 0.0000000000
120926  -55.452  24.066  -4.694 0.0000000000
120927  -56.669  23.549  -4.552 0.0000000000
120928  -57.918  22.998  -4.337 0.0000000000
120929  -59.079  22.856  -4.523 0.0000000000
120930  -59.974  22.915  -4.250 0.0000000000
120931  -60.674  23.329  -3.759 0.0000000000
120932  -61.396  24.089  -3.635 0.0000000000
120933  -61.787  24.474  -4.046 0.0000000000
120941  -50.270  22.930  -5.628 0.0000000000
120942  -50.968  23.214  -6.015 0.0000000000
120943  -51.984  23.912  -5.970 0.0000000000
120944  -53.040  24.410  -5.915 0.0000000000
120945  -53.975  24.520  -5.657 0.0000000000
120946  -55.091  24.459  -5.972 0.0000000000
120947  -56.469  24.081  -5.724 0.0000000000
120948  -57.703  23.641  -5.544 0.0000000000
120949  -58.893  23.285  -5.425 0.0000000000
120950  -59.986  23.153  -5.258 0.0000000000
120951  -60.894  23.376  -4.910 0.0000000000
120952  -61.519  23.870  -4.555 0.0000000000
120953  -61.832  24.376  -4.431 0.0000000000
120965  -51.375  22.921  -6.594 0.0000000000
120966  -52.007  23.307  -6.814 0.0000000000
120967  -52.926  24.053  -6.888 0.0000000000
120968  -53.466  24.190  -7.229 0.0000000000
120969  -55.217  24.459  -7.233 0.0000000000
120970  -56.292  24.370  -6.928 0.0000000000
120971  -57.513  24.142  -6.696 0.0000000000
120972  -58.708  23.804  -6.513 0.0000000000
120973  -59.855  23.554  -6.321 0.0000000000
120974  -60.908  23.564  -6.051 0.0000000000
120975  -61.743  23.996  -5.659 0.0000000000
120976  -61.929  24.340  -5.077 0.0000000000
120989  -52.326  23.204  -7.179 0.0000000000
120990  -52.685  23.387  -7.326 0.0000000000
120991  -53.691  23.791  -7.785 0.0000000000
120992  -54.906  24.077  -8.107 0.0000000000
120993  -56.054  24.276  -8.061 0.0000000000
120994  -57.262  24.313  -7.847 0.0000000000
120995  -58.469  24.132  -7.649 0.0000000000
120996  -59.628  23.897  -7.451 0.0000000000
120997  -60.715  23.857  -7.195 0.0000000000
120998  -61.661  24.167  -6.870 0.0000000000
121010  -53.946  23.102  -8.349 0.0000000000
121011  -54.521  23.296  -8.504 0.0000000000
121012  -55.626  23.478  -8.973 0.0000000000
121013  -56.916  23.953  -8.854 0.0000000000
121014  -58.124  24.079  -8.738 0.0000000000
121015  -59.308  23.937  -8.600 0.0000000000
121016  -60.431  23.966  -8.377 0.0000000000
121017  -61.380  24.242  -8.035 0.0000000000
121028  -55.945  23.000  -9.494 0.0000000000
121029  -56.599  23.305  -9.523 0.0000000000
121030  -57.681  23.614  -9.605 0.0000000000
121031  -58.858  23.735  -9.607 0.0000000000
121032  -60.107  23.825  -9.700 0.0000000000
121033  -61.137  24.256  -9.185 0.0000000000
121039  -60.337  23.982  -10.694 0.0000000000
121040  -60.949  24.315  -10.254 0.0000000000
121046  -60.217  24.048  -11.531 0.0000000000
121047  -60.729  24.488  -11.191 0.0000000000
121053  -60.122  24.050  -12.382 0.0000000000
121054  -60.464  24.544  -12.090 0.0000000000
121061  -60.059  24.239  -13.373 0.0000000000
121062  -60.325  24.450  -12.716 0.0000000000
121069  -59.192  23.693  -14.962 0.0000000000
121070  -59.470  23.928  -14.572 0.0000000000
121078  -58.940  23.749  -15.375 0.0000000000
121079  -59.261  24.048  -15.165 0.0000000000
121087  -56.256  23.484  -17.065 0.0000000000
121088  -58.171  23.188  -16.434 0.0000000000
121089  -58.192  23.435  -16.160 0.0000000000
121097  -55.850  23.009  -17.625 0.0000000000
121098  -56.688  23.257  -17.351 0.0000000000
121099  -57.199  23.221  -17.130 0.0000000000
121100  -57.643  23.254  -16.728 0.0000000000
121101  -57.995  23.493  -16.408 0.0000000000
121109  -56.312  22.627  -17.909 0.0000000000
121110  -56.850  22.761  -17.611 0.0000000000
121111  -57.120  23.097  -17.316 0.0000000000
121112  -57.358  22.956  -17.140 0.0000000000
122124  -35.493  24.200  6.650 0.0000000000
122125  -36.048  24.305  5.960 0.0000000000
122128  -36.760  24.353  5.439 0.0000000000
122129  -37.583  24.336  5.015 0.0000000000
122130  -38.389  24.416  4.708 0.0000000000
122131  -47.010  24.027  5.232 0.0000000000
122132  -47.885  24.120  5.356 0.0000000000
122133  -48.810  24.315  5.402 0.0000000000
122134  -49.655  24.255  5.341 0.0000000000
122135  -50.513  24.449  5.124 0.0000000000
122136  -51.607  24.574  4.684 0.0000000000
122137  -52.782  25.048  4.457 0.0000000000
122138  -53.683  25.339  4.457 0.0000000000
122139  -54.181  25.507  4.525 0.0000000000
122142  -39.094  24.467  4.508 0.0000000000
122143  -39.850  24.478  4.354 0.0000000000
122144  -40.731  24.516  4.257 0.0000000000
122145  -41.698  24.512  4.181 0.0000000000
122146  -42.725  24.446  4.076 0.0000000000
122147  -43.811  24.307  4.101 0.0000000000
122148  -44.837  24.293  4.245 0.0000000000
122149  -45.692  24.476  4.428 0.0000000000
122150  -46.502  24.604  4.612 0.0000000000
122151  -47.351  24.711  4.819 0.0000000000
122152  -48.149  24.804  5.056 0.0000000000
122153  -51.795  24.243  4.293 0.0000000000
122154  -52.545  24.439  3.995 0.0000000000
122155  -53.588  24.871  4.139 0.0000000000
122156  -54.415  25.270  4.277 0.0000000000
122157  -54.898  25.360  4.183 0.0000000000
122159  -52.881  24.379  3.060 0.0000000000
122160  -53.573  24.619  3.442 0.0000000000
122161  -54.340  24.899  3.710 0.0000000000
122162  -54.910  25.250  3.880 0.0000000000
122165  -52.251  24.436  1.959 0.0000000000
122166  -52.931  24.524  2.204 0.0000000000
122167  -53.606  24.662  2.536 0.0000000000
122168  -54.284  24.885  2.881 0.0000000000
122169  -54.877  25.230  3.217 0.0000000000
122171  -51.396  24.494  0.755 0.0000000000
122172  -51.990  24.554  1.152 0.0000000000
122173  -52.867  24.652  1.326 0.0000000000
122174  -53.606  24.763  1.564 0.0000000000
122175  -54.242  25.007  1.844 0.0000000000
122176  -54.758  25.382  2.274 0.0000000000
122178  -51.317  24.518  0.395 0.0000000000
122179  -51.870  24.621  0.128 0.0000000000
122180  -52.822  24.687  0.383 0.0000000000
122181  -53.648  24.712  0.590 0.0000000000
122182  -54.328  24.915  0.730 0.0000000000
122183  -54.874  25.367  0.859 0.0000000000
122184  -55.177  25.568  0.291 0.0000000000
122186  -52.093  24.539  -0.827 0.0000000000
122187  -52.874  24.569  -0.613 0.0000000000
122188  -53.730  24.503  -0.316 0.0000000000
122189  -54.515  24.549  -0.194 0.0000000000
122190  -55.173  24.775  -0.250 0.0000000000
122191  -55.770  25.060  -0.509 0.0000000000
122192  -56.908  24.786  -1.106 0.0000000000
122193  -57.766  24.584  -1.346 0.0000000000
122195  -52.279  24.489  -1.349 0.0000000000
122196  -52.631  24.487  -1.183 0.0000000000
122197  -58.468  24.478  -1.599 0.0000000000
122198  -59.139  24.406  -1.911 0.0000000000
122200  -59.891  24.434  -2.309 0.0000000000
122201  -60.707  24.586  -2.715 0.0000000000
122202  -61.050  24.406  -2.863 0.0000000000
122204  -61.011  24.882  -2.898 0.0000000000
122205  -61.273  24.622  -3.138 0.0000000000
122211  -61.718  24.717  -3.810 0.0000000000
122212  -61.901  24.777  -4.398 0.0000000000
122219  -53.424  24.368  -6.667 0.0000000000
122220  -53.859  24.520  -6.381 0.0000000000
122221  -54.365  24.563  -6.179 0.0000000000
122222  -62.025  24.762  -5.011 0.0000000000
122227  -53.415  24.298  -6.992 0.0000000000
122228  -53.821  24.411  -7.138 0.0000000000
122229  -54.471  24.538  -6.733 0.0000000000
122230  -62.035  24.518  -6.398 0.0000000000
122231  -62.146  24.732  -5.800 0.0000000000
122237  -53.961  24.246  -7.507 0.0000000000
122238  -54.358  24.333  -7.455 0.0000000000
122239  -62.057  24.694  -6.989 0.0000000000
122240  -62.177  24.975  -6.656 0.0000000000
122251  -61.933  24.721  -7.689 0.0000000000
122252  -62.156  25.139  -7.393 0.0000000000
122266  -61.903  24.860  -8.785 0.0000000000
122267  -62.163  25.239  -8.139 0.0000000000
122280  -61.610  24.838  -9.839 0.0000000000
122293  -61.328  24.995  -10.790 0.0000000000
122302  -60.949  25.132  -11.762 0.0000000000
122310  -60.267  24.764  -13.570 0.0000000000
122311  -60.521  25.040  -12.932 0.0000000000
122318  -60.028  24.807  -14.157 0.0000000000
122319  -60.344  25.021  -13.636 0.0000000000
122325  -59.026  24.108  -15.416 0.0000000000
122326  -59.377  24.438  -14.977 0.0000000000
122332  -56.838  23.946  -16.491 0.0000000000
122333  -57.476  24.001  -16.308 0.0000000000
122334  -58.014  23.949  -16.188 0.0000000000
122335  -58.475  24.014  -15.858 0.0000000000
122336  -58.983  24.355  -15.405 0.0000000000
122341  -56.794  23.633  -17.110 0.0000000000
122342  -57.575  23.557  -16.589 0.0000000000
122343  -57.886  23.778  -16.391 0.0000000000
122344  -58.078  23.734  -16.237 0.0000000000
123278  -34.364  25.258  7.514 0.0000000000
123279  -34.957  24.881  6.879 0.0000000000
123287  -34.727  25.628  6.745 0.0000000000
123288  -35.439  25.288  6.257 0.0000000000
123289  -36.316  25.303  5.679 0.0000000000
123293  -37.160  25.279  5.258 0.0000000000
123294  -38.003  25.265  4.906 0.0000000000
123295  -38.740  25.193  4.650 0.0000000000
123296  -49.356  24.692  5.313 0.0000000000
123297  -49.950  24.933  5.211 0.0000000000
123298  -51.005  25.317  5.022 0.0000000000
123299  -52.153  25.418  4.756 0.0000000000
123300  -53.116  25.642  4.564 0.0000000000
123301  -53.926  25.787  4.596 0.0000000000
123302  -54.596  25.799  4.476 0.0000000000
123303  -55.140  25.890  4.286 0.0000000000
123304  -55.492  25.905  3.999 0.0000000000
123307  -39.378  25.175  4.485 0.0000000000
123308  -40.133  25.324  4.358 0.0000000000
123309  -41.053  25.410  4.215 0.0000000000
123310  -42.037  25.402  4.022 0.0000000000
123311  -43.090  25.407  3.747 0.0000000000
123312  -44.134  25.135  3.773 0.0000000000
123313  -45.031  25.141  3.886 0.0000000000
123314  -45.899  25.227  4.040 0.0000000000
123315  -46.790  25.316  4.198 0.0000000000
123316  -47.746  25.555  4.409 0.0000000000
123317  -48.991  25.308  4.924 0.0000000000
123318  -50.131  25.628  4.854 0.0000000000
123319  -50.721  25.759  4.856 0.0000000000
123320  -54.882  25.564  4.326 0.0000000000
123321  -55.245  25.612  4.046 0.0000000000
123322  -55.624  26.156  3.691 0.0000000000
123324  -43.691  25.884  3.535 0.0000000000
123325  -44.409  25.880  3.510 0.0000000000
123326  -45.261  25.925  3.555 0.0000000000
123327  -46.168  25.966  3.642 0.0000000000
123328  -47.061  26.007  3.806 0.0000000000
123329  -47.547  26.052  3.953 0.0000000000
123330  -55.357  25.632  3.503 0.0000000000
123331  -55.796  26.280  3.116 0.0000000000
123334  -55.320  25.738  2.740 0.0000000000
123335  -55.660  26.471  2.287 0.0000000000
123337  -55.141  25.886  1.758 0.0000000000
123338  -55.361  26.497  1.241 0.0000000000
123340  -55.145  25.859  0.863 0.0000000000
123341  -55.296  26.075  0.053 0.0000000000
123343  -56.099  25.629  -1.074 0.0000000000
123344  -57.198  25.138  -1.435 0.0000000000
123345  -58.045  24.940  -1.685 0.0000000000
123347  -56.701  25.668  -1.649 0.0000000000
123348  -57.546  25.438  -1.922 0.0000000000
123349  -58.560  25.012  -1.947 0.0000000000
123350  -59.362  24.884  -2.166 0.0000000000
123352  -58.112  25.510  -2.340 0.0000000000
123353  -58.944  25.448  -2.540 0.0000000000
123354  -59.976  25.111  -2.600 0.0000000000
123355  -60.667  25.083  -2.865 0.0000000000
123359  -59.525  25.610  -3.017 0.0000000000
123360  -60.291  25.522  -3.245 0.0000000000
123361  -61.018  25.220  -3.255 0.0000000000
123362  -61.500  25.109  -3.613 0.0000000000
123370  -60.732  25.599  -3.585 0.0000000000
123371  -61.171  25.579  -3.863 0.0000000000
123372  -61.785  25.350  -4.340 0.0000000000
123373  -62.012  25.137  -4.856 0.0000000000
123381  -61.995  25.532  -5.048 0.0000000000
123382  -62.132  25.318  -5.537 0.0000000000
123388  -62.203  25.372  -6.318 0.0000000000
123394  -62.199  25.557  -7.090 0.0000000000
123401  -62.289  25.743  -7.928 0.0000000000
123408  -62.060  25.384  -9.564 0.0000000000
123409  -62.311  25.769  -8.906 0.0000000000
123418  -61.877  25.524  -10.338 0.0000000000
123419  -62.294  26.029  -9.888 0.0000000000
123432  -61.586  25.852  -11.257 0.0000000000
123433  -62.056  26.169  -10.582 0.0000000000
123448  -61.083  25.856  -12.286 0.0000000000
123462  -60.675  25.897  -13.021 0.0000000000
123471  -60.043  25.527  -14.133 0.0000000000
123472  -60.352  25.523  -13.647 0.0000000000
123476  -58.035  25.221  -14.992 0.0000000000
123477  -58.782  25.130  -15.095 0.0000000000
123478  -59.239  25.103  -14.950 0.0000000000
123479  -59.617  25.166  -14.607 0.0000000000
123484  -57.589  24.400  -15.827 0.0000000000
123485  -58.237  24.417  -15.716 0.0000000000
123486  -58.833  24.584  -15.391 0.0000000000
123487  -59.220  24.711  -15.128 0.0000000000
124389  -33.556  25.866  8.681 0.0000000000
124393  -33.575  26.289  8.020 0.0000000000
124399  -34.189  26.373  7.002 0.0000000000
124400  -35.000  26.425  6.418 0.0000000000
124401  -35.917  26.358  5.955 0.0000000000
124407  -36.834  26.229  5.595 0.0000000000
124408  -37.676  26.132  5.269 0.0000000000
124409  -38.673  26.130  4.959 0.0000000000
124410  -39.541  26.634  5.001 0.0000000000
124411  -40.054  26.903  5.011 0.0000000000
124412  -51.103  25.938  4.823 0.0000000000
124413  -51.756  25.951  4.768 0.0000000000
124414  -52.645  26.081  4.659 0.0000000000
124415  -53.513  26.215  4.601 0.0000000000
124416  -54.361  26.387  4.463 0.0000000000
124417  -55.062  26.415  4.252 0.0000000000
124418  -55.372  26.216  4.144 0.0000000000
124421  -39.059  25.612  4.662 0.0000000000
124422  -39.512  25.894  4.638 0.0000000000
124423  -40.403  26.362  4.584 0.0000000000
124424  -41.448  26.254  4.247 0.0000000000
124425  -42.328  26.327  3.899 0.0000000000
124426  -47.807  26.076  4.029 0.0000000000
124427  -48.365  26.122  4.152 0.0000000000
124428  -49.469  26.316  4.239 0.0000000000
124429  -50.587  26.290  4.529 0.0000000000
124430  -51.422  26.488  4.561 0.0000000000
124431  -52.230  26.638  4.516 0.0000000000
124432  -53.098  26.762  4.498 0.0000000000
124433  -53.864  26.771  4.427 0.0000000000
124434  -55.363  26.849  4.080 0.0000000000
124435  -55.730  26.768  3.823 0.0000000000
124436  -56.799  27.520  3.528 0.0000000000
124437  -57.731  27.858  3.486 0.0000000000
124439  -43.124  26.447  3.622 0.0000000000
124440  -43.828  26.577  3.453 0.0000000000
124441  -44.612  26.692  3.378 0.0000000000
124442  -45.520  26.758  3.342 0.0000000000
124443  -46.500  26.751  3.367 0.0000000000
124444  -47.588  26.608  3.573 0.0000000000
124445  -48.608  26.881  3.578 0.0000000000
124446  -49.389  27.115  3.592 0.0000000000
124447  -56.194  26.912  3.373 0.0000000000
124448  -57.144  27.494  3.245 0.0000000000
124449  -58.136  27.901  3.271 0.0000000000
124452  -56.511  27.092  2.749 0.0000000000
124453  -57.572  27.660  2.883 0.0000000000
124454  -58.400  27.934  2.964 0.0000000000
124456  -56.098  27.358  1.697 0.0000000000
124458  -55.498  27.202  0.511 0.0000000000
124460  -55.444  26.787  -0.689 0.0000000000
124462  -56.035  26.439  -1.694 0.0000000000
124463  -56.763  25.939  -2.083 0.0000000000
124465  -56.460  26.467  -2.493 0.0000000000
124466  -57.336  25.965  -2.554 0.0000000000
124467  -58.137  25.828  -2.795 0.0000000000
124476  -56.870  26.418  -2.989 0.0000000000
124477  -57.569  26.267  -3.273 0.0000000000
124478  -58.707  25.956  -3.326 0.0000000000
124479  -59.585  25.847  -3.563 0.0000000000
124490  -58.084  26.400  -4.048 0.0000000000
124491  -59.096  26.168  -4.136 0.0000000000
124492  -60.285  25.943  -4.128 0.0000000000
124493  -61.246  25.953  -4.580 0.0000000000
124494  -61.789  25.865  -4.950 0.0000000000
124503  -58.551  26.468  -4.689 0.0000000000
124504  -59.439  26.424  -5.014 0.0000000000
124505  -60.580  26.326  -5.112 0.0000000000
124506  -61.415  26.252  -5.357 0.0000000000
124507  -61.983  25.983  -5.632 0.0000000000
124508  -62.150  25.784  -6.142 0.0000000000
124516  -60.043  26.610  -5.724 0.0000000000
124517  -60.901  26.611  -5.891 0.0000000000
124518  -61.588  26.473  -6.095 0.0000000000
124519  -61.937  26.299  -6.517 0.0000000000
124520  -62.149  25.941  -6.778 0.0000000000
124528  -62.016  26.398  -7.114 0.0000000000
124529  -62.165  26.251  -7.554 0.0000000000
124538  -62.247  26.502  -8.495 0.0000000000
124545  -62.309  26.688  -9.454 0.0000000000
124552  -62.234  26.736  -10.291 0.0000000000
124558  -61.453  26.675  -11.823 0.0000000000
124559  -61.931  26.713  -11.017 0.0000000000
124569  -60.924  26.611  -12.646 0.0000000000
124584  -60.009  26.792  -13.492 0.0000000000
124585  -60.342  26.446  -13.372 0.0000000000
124601  -59.042  26.404  -13.912 0.0000000000
124602  -59.728  26.172  -13.956 0.0000000000
124603  -60.156  25.927  -13.840 0.0000000000
124612  -58.189  25.855  -14.209 0.0000000000
124613  -58.684  25.768  -14.432 0.0000000000
124614  -59.216  25.645  -14.507 0.0000000000
124615  -59.473  25.474  -14.518 0.0000000000
125450  -33.676  27.353  7.354 0.0000000000
125455  -34.489  27.431  6.672 0.0000000000
125456  -35.487  27.458  6.270 0.0000000000
125457  -36.642  27.386  5.924 0.0000000000
125458  -37.695  27.614  5.814 0.0000000000
125459  -38.383  27.562  5.730 0.0000000000
125466  -37.386  26.863  5.619 0.0000000000
125467  -38.116  26.919  5.481 0.0000000000
125468  -38.914  27.174  5.436 0.0000000000
125469  -39.740  27.286  5.372 0.0000000000
125470  -40.564  27.284  5.106 0.0000000000
125471  -41.491  27.502  4.895 0.0000000000
125472  -42.155  27.569  4.589 0.0000000000
125473  -54.796  26.717  4.315 0.0000000000
125474  -55.017  27.046  4.167 0.0000000000
125478  -41.138  26.899  4.618 0.0000000000
125479  -41.842  27.015  4.319 0.0000000000
125480  -42.694  27.302  4.008 0.0000000000
125481  -43.360  27.568  3.860 0.0000000000
125482  -50.165  27.016  3.871 0.0000000000
125483  -51.029  27.054  4.106 0.0000000000
125484  -51.806  27.183  4.226 0.0000000000
125485  -52.636  27.534  4.111 0.0000000000
125486  -53.642  27.417  4.141 0.0000000000
125487  -54.626  27.226  4.133 0.0000000000
125488  -55.583  27.410  3.966 0.0000000000
125489  -56.581  27.759  3.791 0.0000000000
125490  -57.674  28.053  3.772 0.0000000000
125491  -58.900  28.141  3.705 0.0000000000
125492  -60.170  28.195  3.892 0.0000000000
125493  -60.659  28.214  3.913 0.0000000000
125495  -43.357  27.086  3.633 0.0000000000
125496  -43.949  27.377  3.571 0.0000000000
125497  -44.854  27.555  3.429 0.0000000000
125498  -45.841  27.642  3.242 0.0000000000
125499  -46.882  27.603  3.126 0.0000000000
125500  -47.909  27.637  3.120 0.0000000000
125501  -48.864  27.757  3.186 0.0000000000
125502  -49.761  27.798  3.339 0.0000000000
125503  -50.637  27.778  3.583 0.0000000000
125504  -51.472  27.754  3.804 0.0000000000
125505  -52.026  27.687  3.937 0.0000000000
125506  -59.063  28.098  3.178 0.0000000000
125507  -59.928  28.118  3.353 0.0000000000
125508  -60.699  28.172  3.536 0.0000000000
125509  -60.931  28.231  3.342 0.0000000000
125512  -57.107  27.758  2.245 0.0000000000
125513  -58.112  28.003  2.485 0.0000000000
125514  -59.017  28.131  2.738 0.0000000000
125515  -59.798  28.138  2.895 0.0000000000
125516  -60.552  28.181  2.919 0.0000000000
125517  -60.843  28.134  3.157 0.0000000000
125519  -56.801  28.033  1.574 0.0000000000
125520  -57.721  28.311  1.650 0.0000000000
125521  -58.811  28.298  2.096 0.0000000000
125522  -59.688  28.285  2.422 0.0000000000
125523  -60.177  28.230  2.636 0.0000000000
125525  -56.333  28.184  0.752 0.0000000000
125526  -56.999  28.377  1.236 0.0000000000
125528  -55.660  27.901  -0.313 0.0000000000
125530  -55.602  27.548  -1.376 0.0000000000
125539  -55.892  27.274  -2.332 0.0000000000
125551  -56.335  26.926  -3.228 0.0000000000
125552  -56.900  26.549  -3.356 0.0000000000
125560  -55.759  27.796  -4.912 0.0000000000
125561  -56.235  27.334  -4.271 0.0000000000
125562  -57.074  26.691  -3.870 0.0000000000
125570  -55.587  27.770  -5.651 0.0000000000
125571  -56.436  27.303  -5.398 0.0000000000
125572  -57.622  26.756  -4.990 0.0000000000
125573  -58.619  26.604  -5.199 0.0000000000
125580  -55.358  27.704  -6.529 0.0000000000
125581  -56.322  27.381  -6.402 0.0000000000
125582  -57.464  27.063  -6.240 0.0000000000
125583  -58.946  26.791  -6.052 0.0000000000
125584  -60.303  26.902  -6.492 0.0000000000
125585  -61.223  26.843  -6.606 0.0000000000
125586  -61.654  26.623  -6.623 0.0000000000
125594  -55.194  27.593  -7.441 0.0000000000
125595  -56.114  27.403  -7.381 0.0000000000
125596  -57.210  27.307  -7.291 0.0000000000
125597  -58.451  27.220  -7.243 0.0000000000
125598  -59.721  27.244  -7.274 0.0000000000
125599  -60.826  27.255  -7.337 0.0000000000
125600  -61.681  26.854  -7.254 0.0000000000
125601  -61.963  26.600  -7.490 0.0000000000
125608  -55.073  27.576  -8.046 0.0000000000
125609  -55.835  27.534  -8.402 0.0000000000
125610  -56.940  27.471  -8.251 0.0000000000
125611  -58.059  27.469  -8.208 0.0000000000
125612  -59.314  27.628  -8.292 0.0000000000
125613  -60.351  27.680  -8.119 0.0000000000
125614  -61.333  27.589  -8.340 0.0000000000
125615  -61.937  26.900  -8.039 0.0000000000
125621  -56.133  27.644  -9.121 0.0000000000
125622  -56.722  27.635  -9.103 0.0000000000
125623  -57.723  27.688  -9.061 0.0000000000
125624  -58.679  27.798  -8.971 0.0000000000
125625  -61.555  27.882  -9.025 0.0000000000
125626  -61.965  27.457  -9.094 0.0000000000
125632  -61.818  27.646  -10.539 0.0000000000
125633  -62.075  27.395  -10.025 0.0000000000
125639  -61.604  27.494  -11.242 0.0000000000
125640  -62.014  27.242  -10.639 0.0000000000
125646  -61.091  27.421  -12.201 0.0000000000
125656  -60.177  27.298  -13.245 0.0000000000
125657  -60.586  27.262  -12.864 0.0000000000
125671  -58.609  27.394  -13.663 0.0000000000
125672  -59.304  27.194  -13.558 0.0000000000
125673  -59.777  27.233  -13.425 0.0000000000
126458  -34.911  28.515  6.501 0.0000000000
126459  -36.021  28.579  6.224 0.0000000000
126460  -37.218  28.530  6.091 0.0000000000
126461  -38.456  28.364  6.019 0.0000000000
126462  -39.551  28.605  6.143 0.0000000000
126463  -40.535  28.622  6.196 0.0000000000
126464  -41.535  28.594  6.191 0.0000000000
126465  -42.490  28.727  6.183 0.0000000000
126466  -43.068  28.894  6.288 0.0000000000
126472  -38.749  27.727  5.786 0.0000000000
126473  -39.254  27.831  5.804 0.0000000000
126474  -40.126  27.898  5.776 0.0000000000
126475  -41.086  27.979  5.602 0.0000000000
126476  -42.253  28.097  5.270 0.0000000000
126477  -43.404  28.673  5.601 0.0000000000
126478  -44.137  28.836  5.450 0.0000000000
126479  -60.267  28.689  4.981 0.0000000000
126480  -60.886  28.860  5.184 0.0000000000
126481  -61.339  29.085  5.309 0.0000000000
126485  -42.583  27.777  4.562 0.0000000000
126486  -43.291  28.036  4.451 0.0000000000
126487  -44.360  28.679  4.721 0.0000000000
126488  -45.054  28.876  4.413 0.0000000000
126489  -52.762  28.197  3.838 0.0000000000
126490  -53.307  28.147  3.860 0.0000000000
126491  -54.230  28.320  3.751 0.0000000000
126492  -55.316  28.275  3.847 0.0000000000
126493  -56.320  28.383  3.955 0.0000000000
126494  -57.387  28.550  4.054 0.0000000000
126495  -58.521  28.537  4.283 0.0000000000
126496  -59.695  28.468  4.477 0.0000000000
126497  -60.699  28.415  4.369 0.0000000000
126498  -61.516  28.895  4.763 0.0000000000
126499  -62.006  29.120  4.646 0.0000000000
126501  -43.667  27.806  3.896 0.0000000000
126502  -44.188  28.065  3.905 0.0000000000
126503  -45.226  28.525  3.786 0.0000000000
126504  -46.298  28.474  3.273 0.0000000000
126505  -47.271  28.505  3.051 0.0000000000
126506  -48.244  28.582  3.004 0.0000000000
126507  -49.203  28.642  3.122 0.0000000000
126508  -50.146  28.639  3.318 0.0000000000
126509  -51.093  28.583  3.490 0.0000000000
126510  -52.131  28.402  3.674 0.0000000000
126511  -52.923  28.737  3.688 0.0000000000
126512  -53.561  28.800  3.653 0.0000000000
126513  -60.824  28.251  3.888 0.0000000000
126514  -61.222  28.433  3.794 0.0000000000
126515  -61.963  28.967  4.126 0.0000000000
126518  -60.856  28.420  2.538 0.0000000000
126519  -61.150  28.418  2.946 0.0000000000
126520  -61.752  28.930  3.251 0.0000000000
126522  -57.995  28.708  1.190 0.0000000000
126523  -58.622  28.678  1.415 0.0000000000
126524  -59.550  28.622  1.710 0.0000000000
126525  -60.432  28.525  2.148 0.0000000000
126526  -61.126  28.846  2.048 0.0000000000
126527  -61.531  29.060  2.459 0.0000000000
126529  -56.694  28.698  0.327 0.0000000000
126530  -57.342  28.764  0.784 0.0000000000
126531  -58.319  29.013  0.818 0.0000000000
126532  -59.250  29.088  0.879 0.0000000000
126533  -60.199  29.054  1.191 0.0000000000
126534  -60.815  29.056  1.480 0.0000000000
126536  -56.296  28.611  -0.177 0.0000000000
126537  -56.989  29.086  -0.121 0.0000000000
126538  -57.965  29.260  0.131 0.0000000000
126539  -58.747  29.288  0.334 0.0000000000
126545  -55.966  28.539  -1.094 0.0000000000
126546  -56.518  28.990  -0.701 0.0000000000
126556  -55.776  28.218  -2.015 0.0000000000
126563  -55.781  28.067  -3.150 0.0000000000
126568  -55.395  28.317  -5.120 0.0000000000
126569  -55.729  28.509  -4.340 0.0000000000
126575  -54.499  28.808  -5.991 0.0000000000
126576  -54.802  28.527  -5.776 0.0000000000
126581  -54.293  28.805  -6.303 0.0000000000
126582  -54.569  28.125  -6.755 0.0000000000
126588  -53.317  28.988  -7.354 0.0000000000
126589  -53.731  28.711  -7.104 0.0000000000
126590  -54.491  27.857  -7.676 0.0000000000
126595  -53.277  28.725  -7.804 0.0000000000
126596  -53.913  28.091  -8.213 0.0000000000
126597  -54.901  27.719  -8.663 0.0000000000
126598  -55.681  27.692  -9.150 0.0000000000
126599  -60.033  27.970  -8.645 0.0000000000
126600  -60.621  28.111  -8.813 0.0000000000
126601  -61.216  28.117  -9.051 0.0000000000
126608  -53.357  28.366  -8.820 0.0000000000
126609  -54.240  27.997  -9.340 0.0000000000
126610  -55.267  27.921  -9.719 0.0000000000
126611  -56.297  27.854  -9.778 0.0000000000
126612  -57.389  27.955  -9.870 0.0000000000
126613  -58.479  28.131  -9.774 0.0000000000
126614  -59.704  28.204  -9.372 0.0000000000
126615  -60.763  28.427  -9.524 0.0000000000
126616  -61.453  28.130  -9.621 0.0000000000
126617  -61.774  27.815  -9.907 0.0000000000
126624  -53.654  28.343  -9.815 0.0000000000
126625  -54.647  28.377  -10.617 0.0000000000
126626  -55.902  28.259  -10.608 0.0000000000
126627  -56.978  28.270  -10.650 0.0000000000
126628  -58.051  28.426  -10.625 0.0000000000
126629  -59.209  28.672  -10.607 0.0000000000
126630  -60.246  28.667  -10.232 0.0000000000
126631  -61.000  28.566  -10.207 0.0000000000
126632  -61.424  28.141  -10.568 0.0000000000
126633  -61.785  27.769  -10.248 0.0000000000
126640  -55.642  28.619  -11.348 0.0000000000
126641  -56.575  28.647  -11.395 0.0000000000
126642  -57.590  28.720  -11.370 0.0000000000
126643  -58.534  28.826  -11.285 0.0000000000
126644  -59.070  28.892  -11.243 0.0000000000
126645  -60.395  28.546  -11.862 0.0000000000
126646  -60.902  28.232  -11.686 0.0000000000
126653  -60.267  28.418  -12.315 0.0000000000
126654  -60.554  27.924  -12.571 0.0000000000
126662  -59.270  28.593  -13.270 0.0000000000
126663  -59.871  28.161  -13.118 0.0000000000
126664  -60.334  27.705  -12.993 0.0000000000
126674  -56.921  28.497  -14.333 0.0000000000
126675  -57.970  28.335  -13.848 0.0000000000
126676  -58.996  28.211  -13.540 0.0000000000
126677  -59.528  27.742  -13.430 0.0000000000
127447  -35.273  29.855  6.471 0.0000000000
127448  -36.658  29.659  6.220 0.0000000000
127449  -37.860  29.527  6.217 0.0000000000
127450  -38.975  29.479  6.314 0.0000000000
127451  -40.003  29.470  6.411 0.0000000000
127452  -40.962  29.377  6.571 0.0000000000
127453  -41.898  29.286  6.680 0.0000000000
127454  -42.761  29.257  6.681 0.0000000000
127455  -43.597  29.166  6.473 0.0000000000
127456  -44.495  29.287  6.343 0.0000000000
127457  -45.320  29.447  6.000 0.0000000000
127458  -45.932  29.589  5.606 0.0000000000
127459  -60.286  29.816  6.434 0.0000000000
127460  -60.826  29.714  6.380 0.0000000000
127461  -61.481  29.848  6.208 0.0000000000
127462  -61.915  29.997  5.957 0.0000000000
127467  -44.079  28.954  5.914 0.0000000000
127468  -44.702  29.073  5.513 0.0000000000
127469  -45.474  29.338  5.212 0.0000000000
127470  -46.241  29.637  4.911 0.0000000000
127471  -46.849  29.824  4.466 0.0000000000
127472  -58.297  30.000  5.185 0.0000000000
127473  -58.871  29.658  5.360 0.0000000000
127474  -60.037  29.351  5.688 0.0000000000
127475  -61.114  29.276  5.769 0.0000000000
127476  -61.675  29.431  5.485 0.0000000000
127477  -62.113  29.852  5.347 0.0000000000
127482  -45.034  29.048  4.839 0.0000000000
127483  -45.602  29.223  4.376 0.0000000000
127484  -46.421  29.551  4.060 0.0000000000
127485  -47.254  29.778  3.849 0.0000000000
127486  -47.942  29.829  3.550 0.0000000000
127487  -54.950  29.340  3.712 0.0000000000
127488  -55.950  29.275  3.957 0.0000000000
127489  -56.929  29.286  4.203 0.0000000000
127490  -58.049  29.433  4.693 0.0000000000
127491  -59.197  28.982  4.939 0.0000000000
127492  -59.826  28.797  5.049 0.0000000000
127493  -61.976  29.316  4.990 0.0000000000
127494  -62.267  29.615  4.558 0.0000000000
127496  -46.024  29.064  3.704 0.0000000000
127497  -46.781  29.201  3.410 0.0000000000
127498  -47.656  29.301  3.234 0.0000000000
127499  -48.553  29.468  3.269 0.0000000000
127500  -49.549  29.470  3.358 0.0000000000
127501  -50.533  29.476  3.463 0.0000000000
127502  -51.529  29.433  3.503 0.0000000000
127503  -52.449  29.426  3.569 0.0000000000
127504  -53.242  29.451  3.603 0.0000000000
127505  -54.016  29.408  3.605 0.0000000000
127506  -62.210  29.604  3.574 0.0000000000
127509  -61.909  29.651  2.573 0.0000000000
127512  -61.122  29.306  1.391 0.0000000000
127513  -61.501  29.715  1.431 0.0000000000
127516  -59.217  29.377  0.267 0.0000000000
127517  -59.837  29.460  0.290 0.0000000000
127518  -60.879  29.648  0.532 0.0000000000
127519  -61.429  30.359  0.098 0.0000000000
127522  -56.911  29.236  -0.729 0.0000000000
127523  -57.569  29.394  -0.693 0.0000000000
127524  -58.897  29.578  -0.459 0.0000000000
127525  -60.221  29.926  -0.696 0.0000000000
127526  -61.216  30.421  -0.839 0.0000000000
127527  -61.514  30.653  -0.572 0.0000000000
127534  -56.065  28.780  -1.728 0.0000000000
127535  -56.721  29.242  -1.423 0.0000000000
127536  -58.014  29.716  -1.578 0.0000000000
127537  -59.380  30.009  -1.704 0.0000000000
127538  -60.611  30.407  -1.861 0.0000000000
127539  -61.188  30.638  -1.553 0.0000000000
127547  -56.179  28.926  -2.383 0.0000000000
127548  -57.130  29.639  -2.540 0.0000000000
127549  -58.468  30.016  -2.675 0.0000000000
127550  -59.734  30.388  -2.804 0.0000000000
127551  -60.413  30.568  -2.526 0.0000000000
127558  -56.307  29.245  -3.474 0.0000000000
127559  -57.566  30.083  -3.803 0.0000000000
127560  -58.879  30.294  -3.514 0.0000000000
127561  -59.489  30.440  -3.489 0.0000000000
127568  -55.312  29.011  -5.032 0.0000000000
127569  -56.321  29.766  -4.799 0.0000000000
127570  -57.221  30.240  -4.601 0.0000000000
127577  -54.524  29.115  -6.008 0.0000000000
127578  -55.242  29.723  -5.798 0.0000000000
127579  -56.024  30.120  -5.525 0.0000000000
127586  -53.629  30.178  -6.831 0.0000000000
127587  -54.106  29.692  -6.527 0.0000000000
127588  -54.819  30.227  -6.273 0.0000000000
127594  -52.649  30.198  -7.571 0.0000000000
127595  -53.150  29.616  -7.263 0.0000000000
127596  -53.589  29.314  -6.885 0.0000000000
127602  -52.327  29.846  -7.960 0.0000000000
127603  -52.701  28.985  -8.307 0.0000000000
127609  -52.084  29.343  -8.909 0.0000000000
127610  -52.836  28.708  -9.458 0.0000000000
127617  -52.263  29.077  -10.123 0.0000000000
127618  -53.405  28.691  -10.702 0.0000000000
127619  -54.200  28.688  -11.295 0.0000000000
127620  -59.417  28.914  -11.252 0.0000000000
127621  -59.969  28.931  -10.974 0.0000000000
127622  -60.626  28.728  -10.746 0.0000000000
127623  -61.024  28.537  -10.631 0.0000000000
127629  -51.567  29.420  -11.804 0.0000000000
127630  -52.595  29.105  -11.551 0.0000000000
127631  -53.829  28.919  -11.884 0.0000000000
127632  -54.940  28.865  -11.892 0.0000000000
127633  -56.115  29.017  -12.101 0.0000000000
127634  -57.159  29.047  -12.102 0.0000000000
127635  -58.141  29.005  -11.994 0.0000000000
127636  -59.016  28.969  -11.754 0.0000000000
127637  -59.704  28.847  -11.614 0.0000000000
127638  -60.386  28.709  -11.425 0.0000000000
127639  -60.914  28.532  -11.017 0.0000000000
127648  -52.351  29.402  -12.791 0.0000000000
127649  -53.387  29.279  -12.769 0.0000000000
127650  -54.491  29.311  -12.841 0.0000000000
127651  -55.594  29.390  -12.865 0.0000000000
127652  -56.679  29.382  -12.849 0.0000000000
127653  -57.729  29.271  -12.730 0.0000000000
127654  -58.678  29.110  -12.507 0.0000000000
127655  -59.412  28.890  -12.249 0.0000000000
127656  -59.993  28.702  -12.008 0.0000000000
127666  -53.029  29.585  -13.670 0.0000000000
127667  -53.997  29.556  -13.669 0.0000000000
127668  -55.076  29.633  -13.820 0.0000000000
127669  -56.106  29.598  -13.574 0.0000000000
127670  -57.182  29.404  -13.551 0.0000000000
127671  -58.350  29.176  -13.185 0.0000000000
127672  -59.257  28.934  -12.962 0.0000000000
127673  -59.781  28.674  -12.551 0.0000000000
127687  -54.322  29.717  -14.310 0.0000000000
127688  -56.561  29.293  -14.427 0.0000000000
127689  -57.246  29.096  -14.164 0.0000000000
127690  -58.164  28.944  -13.703 0.0000000000
127691  -58.853  28.849  -13.381 0.0000000000
127702  -56.145  29.142  -14.716 0.0000000000
127703  -56.710  29.003  -14.551 0.0000000000
127715  -54.911  29.116  -15.352 0.0000000000
128495  -47.010  30.974  7.984 0.0000000000
128496  -47.872  30.942  7.984 0.0000000000
128497  -48.342  30.911  7.970 0.0000000000
128498  -60.985  31.210  8.161 0.0000000000
128499  -61.300  31.406  8.008 0.0000000000
128506  -42.815  30.650  7.301 0.0000000000
128507  -43.712  30.466  7.417 0.0000000000
128508  -44.623  30.374  7.407 0.0000000000
128509  -45.599  30.383  7.313 0.0000000000
128510  -46.622  30.501  7.233 0.0000000000
128511  -47.599  30.663  7.265 0.0000000000
128512  -48.493  30.800  7.409 0.0000000000
128513  -49.027  30.776  7.191 0.0000000000
128514  -58.987  30.820  7.304 0.0000000000
128515  -59.929  30.617  7.501 0.0000000000
128516  -60.776  30.684  7.590 0.0000000000
128517  -61.443  31.030  7.534 0.0000000000
128518  -61.821  31.088  7.171 0.0000000000
128521  -35.393  30.996  6.631 0.0000000000
128522  -36.260  30.775  6.399 0.0000000000
128523  -37.392  30.580  6.318 0.0000000000
128524  -38.492  30.461  6.377 0.0000000000
128525  -39.537  30.387  6.490 0.0000000000
128526  -40.507  30.274  6.657 0.0000000000
128527  -41.417  30.112  6.869 0.0000000000
128528  -42.320  29.963  7.013 0.0000000000
128529  -43.214  29.817  7.058 0.0000000000
128530  -44.121  29.715  7.023 0.0000000000
128531  -45.069  29.762  6.811 0.0000000000
128532  -46.170  29.930  6.288 0.0000000000
128533  -47.316  30.348  6.326 0.0000000000
128534  -48.299  30.604  6.472 0.0000000000
128535  -49.015  30.750  6.674 0.0000000000
128536  -57.910  30.792  5.915 0.0000000000
128537  -58.527  30.673  6.442 0.0000000000
128538  -59.649  30.198  6.617 0.0000000000
128539  -60.488  30.150  6.961 0.0000000000
128540  -61.208  30.295  6.921 0.0000000000
128541  -61.779  30.571  6.649 0.0000000000
128545  -46.360  29.782  5.511 0.0000000000
128546  -47.045  30.035  5.191 0.0000000000
128547  -48.154  30.409  5.410 0.0000000000
128548  -49.184  30.726  5.695 0.0000000000
128549  -49.881  30.855  5.686 0.0000000000
128550  -56.000  30.725  4.603 0.0000000000
128551  -56.679  30.717  4.877 0.0000000000
128552  -57.658  30.496  5.230 0.0000000000
128553  -58.414  30.285  5.670 0.0000000000
128554  -59.103  30.004  5.973 0.0000000000
128555  -62.133  30.563  5.906 0.0000000000
128562  -47.286  29.980  4.417 0.0000000000
128563  -47.992  30.141  4.253 0.0000000000
128564  -49.053  30.477  4.583 0.0000000000
128565  -50.225  30.769  4.853 0.0000000000
128566  -51.404  30.835  4.409 0.0000000000
128567  -52.382  30.869  4.208 0.0000000000
128568  -53.332  30.771  4.082 0.0000000000
128569  -54.355  30.419  3.915 0.0000000000
128570  -55.494  30.322  4.146 0.0000000000
128571  -56.418  30.095  4.317 0.0000000000
128572  -57.195  30.036  4.593 0.0000000000
128573  -62.357  30.488  5.017 0.0000000000
128576  -48.341  29.974  3.610 0.0000000000
128577  -48.896  30.085  3.707 0.0000000000
128578  -49.870  30.217  3.844 0.0000000000
128579  -50.918  30.293  3.811 0.0000000000
128580  -51.931  30.250  3.745 0.0000000000
128581  -52.833  30.195  3.703 0.0000000000
128582  -53.578  30.089  3.678 0.0000000000
128583  -62.461  30.416  3.991 0.0000000000
128585  -62.166  30.393  2.922 0.0000000000
128587  -61.845  30.432  1.800 0.0000000000
128589  -61.627  30.624  0.623 0.0000000000
128592  -61.567  30.796  -0.911 0.0000000000
128593  -61.576  30.863  -0.452 0.0000000000
128601  -61.107  30.718  -1.882 0.0000000000
128602  -61.426  30.870  -1.407 0.0000000000
128603  -61.617  30.996  -1.031 0.0000000000
128612  -60.266  30.673  -2.867 0.0000000000
128613  -60.695  30.783  -2.374 0.0000000000
128614  -61.023  30.943  -1.950 0.0000000000
128621  -58.548  30.429  -4.166 0.0000000000
128622  -59.282  30.515  -3.984 0.0000000000
128623  -59.877  30.679  -3.492 0.0000000000
128624  -60.304  30.954  -3.000 0.0000000000
128625  -60.847  30.871  -2.336 0.0000000000
128632  -57.152  30.444  -5.089 0.0000000000
128633  -57.980  30.515  -4.793 0.0000000000
128634  -58.959  30.641  -4.678 0.0000000000
128635  -59.671  30.922  -4.291 0.0000000000
128636  -60.043  31.043  -3.679 0.0000000000
128643  -55.947  30.458  -5.900 0.0000000000
128644  -56.685  30.527  -5.666 0.0000000000
128645  -57.686  30.881  -5.696 0.0000000000
128646  -58.619  30.973  -5.375 0.0000000000
128647  -59.308  31.053  -5.000 0.0000000000
128655  -53.993  30.504  -6.750 0.0000000000
128656  -54.595  30.702  -6.596 0.0000000000
128657  -55.465  30.703  -6.374 0.0000000000
128658  -56.461  30.943  -6.368 0.0000000000
128659  -57.184  31.038  -6.224 0.0000000000
128666  -52.902  30.533  -7.404 0.0000000000
128667  -53.533  30.837  -7.082 0.0000000000
128668  -54.217  31.005  -6.883 0.0000000000
128675  -52.381  30.768  -7.749 0.0000000000
128676  -52.968  31.136  -7.499 0.0000000000
128686  -51.627  30.358  -8.387 0.0000000000
128695  -50.831  29.852  -9.844 0.0000000000
128696  -51.454  29.650  -9.437 0.0000000000
128706  -51.551  29.411  -10.614 0.0000000000
128723  -55.070  29.815  -13.944 0.0000000000
128724  -55.620  29.657  -14.146 0.0000000000
128725  -56.265  29.603  -13.905 0.0000000000
128736  -53.899  29.790  -14.877 0.0000000000
128737  -54.930  29.644  -14.578 0.0000000000
128738  -55.888  29.458  -14.498 0.0000000000
128739  -56.655  29.504  -13.966 0.0000000000
128748  -53.295  29.752  -15.504 0.0000000000
128749  -54.079  29.652  -15.265 0.0000000000
128750  -55.010  29.371  -15.120 0.0000000000
128751  -55.900  29.111  -15.138 0.0000000000
129506  -50.086  32.241  9.570 0.0000000000
129507  -50.828  32.447  9.599 0.0000000000
129508  -51.854  32.587  9.678 0.0000000000
129509  -52.800  32.696  9.783 0.0000000000
129510  -53.369  32.826  9.893 0.0000000000
129513  -47.094  31.929  9.043 0.0000000000
129514  -47.801  31.838  9.175 0.0000000000
129515  -48.750  31.723  9.266 0.0000000000
129516  -49.694  31.857  9.330 0.0000000000
129517  -50.619  31.920  9.262 0.0000000000
129518  -51.574  32.039  9.290 0.0000000000
129519  -52.596  32.235  9.320 0.0000000000
129520  -53.750  32.516  9.470 0.0000000000
129521  -54.990  32.465  9.238 0.0000000000
129522  -56.053  32.416  9.177 0.0000000000
129523  -57.076  32.270  9.212 0.0000000000
129524  -58.041  32.021  9.344 0.0000000000
129525  -58.995  31.915  9.409 0.0000000000
129526  -59.874  31.927  9.398 0.0000000000
129527  -60.535  32.102  9.194 0.0000000000
129528  -60.774  32.257  9.017 0.0000000000
129531  -43.836  31.686  8.078 0.0000000000
129532  -44.533  31.749  8.312 0.0000000000
129533  -45.527  31.714  8.495 0.0000000000
129534  -46.549  31.629  8.615 0.0000000000
129535  -47.441  31.393  8.574 0.0000000000
129536  -48.413  31.171  8.452 0.0000000000
129537  -49.414  31.314  8.580 0.0000000000
129538  -50.360  31.507  8.593 0.0000000000
129539  -51.316  31.677  8.570 0.0000000000
129540  -52.320  31.855  8.555 0.0000000000
129541  -53.393  32.021  8.549 0.0000000000
129542  -54.530  32.098  8.490 0.0000000000
129543  -55.658  32.060  8.415 0.0000000000
129544  -56.717  31.943  8.443 0.0000000000
129545  -57.707  31.743  8.572 0.0000000000
129546  -58.669  31.558  8.722 0.0000000000
129547  -59.611  31.454  8.832 0.0000000000
129548  -60.472  31.542  8.786 0.0000000000
129549  -61.138  31.844  8.420 0.0000000000
129550  -61.474  31.989  8.040 0.0000000000
129556  -40.714  31.635  7.060 0.0000000000
129557  -41.444  31.653  7.296 0.0000000000
129558  -42.405  31.522  7.498 0.0000000000
129559  -43.341  31.351  7.699 0.0000000000
129560  -44.189  31.102  7.792 0.0000000000
129561  -45.087  31.059  7.856 0.0000000000
129562  -46.059  31.028  7.931 0.0000000000
129563  -48.606  30.901  7.905 0.0000000000
129564  -49.182  30.913  7.677 0.0000000000
129565  -50.128  31.152  7.752 0.0000000000
129566  -51.056  31.387  7.725 0.0000000000
129567  -52.020  31.635  7.670 0.0000000000
129568  -53.052  31.821  7.608 0.0000000000
129569  -54.153  31.909  7.538 0.0000000000
129570  -55.293  31.867  7.486 0.0000000000
129571  -56.433  31.760  7.500 0.0000000000
129572  -57.454  31.545  7.687 0.0000000000
129573  -58.372  31.309  7.929 0.0000000000
129574  -59.301  31.082  8.116 0.0000000000
129575  -60.223  31.004  8.244 0.0000000000
129576  -61.410  31.475  7.904 0.0000000000
129577  -61.656  31.611  7.621 0.0000000000
129580  -35.164  31.486  6.910 0.0000000000
129581  -35.933  31.841  6.838 0.0000000000
129582  -37.034  31.545  6.520 0.0000000000
129583  -38.087  31.387  6.486 0.0000000000
129584  -39.128  31.285  6.552 0.0000000000
129585  -40.146  31.227  6.722 0.0000000000
129586  -41.021  30.973  6.924 0.0000000000
129587  -41.902  30.821  7.132 0.0000000000
129588  -49.378  30.804  6.958 0.0000000000
129589  -49.933  30.968  6.917 0.0000000000
129590  -50.774  31.201  6.840 0.0000000000
129591  -51.697  31.478  6.769 0.0000000000
129592  -52.692  31.664  6.677 0.0000000000
129593  -53.760  31.781  6.568 0.0000000000
129594  -54.913  31.746  6.466 0.0000000000
129595  -56.101  31.583  6.478 0.0000000000
129596  -57.378  31.281  6.556 0.0000000000
129597  -58.148  31.155  7.168 0.0000000000
129598  -62.050  31.318  6.676 0.0000000000
129600  -49.650  30.838  6.308 0.0000000000
129601  -50.415  31.038  5.945 0.0000000000
129602  -51.353  31.324  5.910 0.0000000000
129603  -52.303  31.498  5.798 0.0000000000
129604  -53.325  31.576  5.664 0.0000000000
129605  -54.432  31.548  5.518 0.0000000000
129606  -55.704  31.283  5.313 0.0000000000
129607  -56.851  31.145  5.670 0.0000000000
129608  -57.467  30.988  5.810 0.0000000000
129609  -62.257  31.335  5.629 0.0000000000
129615  -51.062  31.094  5.196 0.0000000000
129616  -51.889  31.269  5.008 0.0000000000
129617  -52.861  31.271  4.871 0.0000000000
129618  -53.887  31.262  4.683 0.0000000000
129619  -54.936  31.101  4.596 0.0000000000
129620  -55.565  30.937  4.602 0.0000000000
129621  -62.324  31.306  4.520 0.0000000000
129626  -62.194  31.186  3.354 0.0000000000
129628  -61.902  31.087  2.209 0.0000000000
129630  -61.656  31.081  1.051 0.0000000000
129632  -61.528  31.146  -0.038 0.0000000000
129635  -61.300  31.251  -1.171 0.0000000000
129636  -61.433  31.184  -0.935 0.0000000000
129643  -61.181  31.171  -1.455 0.0000000000
129644  -61.480  31.055  -1.218 0.0000000000
129652  -60.726  31.232  -2.153 0.0000000000
129660  -60.138  31.281  -3.373 0.0000000000
129661  -60.330  31.299  -2.789 0.0000000000
129668  -59.635  31.478  -4.674 0.0000000000
129669  -59.993  31.426  -3.964 0.0000000000
129677  -57.650  31.293  -6.273 0.0000000000
129678  -58.252  31.649  -6.060 0.0000000000
129679  -59.067  31.585  -5.307 0.0000000000
129686  -54.591  31.183  -6.890 0.0000000000
129687  -55.108  31.292  -6.848 0.0000000000
129688  -56.042  31.457  -6.818 0.0000000000
129689  -57.196  31.781  -6.706 0.0000000000
129690  -57.905  32.157  -6.501 0.0000000000
129697  -53.365  31.711  -7.405 0.0000000000
129698  -54.358  31.659  -7.069 0.0000000000
129699  -55.439  31.951  -7.066 0.0000000000
129700  -56.341  32.110  -7.047 0.0000000000
129701  -56.823  32.256  -7.001 0.0000000000
129708  -51.914  31.429  -8.049 0.0000000000
129709  -52.634  31.642  -7.724 0.0000000000
130471  -51.589  33.365  9.809 0.0000000000
130472  -52.001  33.392  9.843 0.0000000000
130473  -52.810  33.446  9.943 0.0000000000
130474  -53.649  33.512  10.032 0.0000000000
130475  -54.490  33.609  10.170 0.0000000000
130476  -55.264  33.685  10.305 0.0000000000
130483  -47.445  32.950  9.876 0.0000000000
130484  -47.804  32.931  9.933 0.0000000000
130485  -48.686  32.853  9.981 0.0000000000
130486  -49.846  32.738  9.819 0.0000000000
130487  -51.220  33.144  9.803 0.0000000000
130488  -52.278  33.032  9.870 0.0000000000
130489  -53.120  33.080  9.974 0.0000000000
130490  -53.946  33.081  10.023 0.0000000000
130491  -54.918  33.280  10.102 0.0000000000
130492  -55.954  33.408  10.208 0.0000000000
130493  -56.996  33.241  10.211 0.0000000000
130494  -57.912  33.053  10.282 0.0000000000
130495  -58.764  32.964  10.233 0.0000000000
130496  -59.466  32.938  10.026 0.0000000000
130497  -59.930  32.905  9.770 0.0000000000
130500  -45.135  32.946  9.478 0.0000000000
130501  -45.685  32.919  9.490 0.0000000000
130502  -47.050  32.707  9.613 0.0000000000
130503  -48.188  32.377  9.665 0.0000000000
130504  -49.115  32.248  9.721 0.0000000000
130505  -49.655  32.260  9.644 0.0000000000
130506  -54.586  32.843  9.795 0.0000000000
130507  -55.473  32.883  9.780 0.0000000000
130508  -56.490  32.845  9.777 0.0000000000
130509  -57.485  32.659  9.831 0.0000000000
130510  -58.423  32.494  9.889 0.0000000000
130511  -59.294  32.454  9.844 0.0000000000
130512  -59.993  32.502  9.673 0.0000000000
130513  -60.425  32.614  9.385 0.0000000000
130514  -60.853  32.482  8.911 0.0000000000
130518  -42.179  32.785  8.235 0.0000000000
130519  -42.646  32.693  8.306 0.0000000000
130520  -43.694  32.362  8.495 0.0000000000
130521  -44.909  32.592  9.094 0.0000000000
130522  -46.049  32.267  9.116 0.0000000000
130523  -46.680  32.129  9.118 0.0000000000
130524  -61.286  32.422  8.270 0.0000000000
130525  -61.632  32.145  7.779 0.0000000000
130533  -40.659  32.384  7.493 0.0000000000
130534  -41.953  32.425  7.878 0.0000000000
130535  -42.929  32.083  7.938 0.0000000000
130536  -43.454  31.887  8.039 0.0000000000
130537  -61.593  32.591  7.649 0.0000000000
130538  -61.908  32.170  7.145 0.0000000000
130544  -38.751  32.097  6.785 0.0000000000
130545  -39.745  31.962  6.901 0.0000000000
130546  -40.315  31.827  7.010 0.0000000000
130547  -62.107  32.075  6.283 0.0000000000
130549  -61.563  32.752  5.173 0.0000000000
130550  -61.965  32.269  5.230 0.0000000000
130554  -60.650  32.939  4.298 0.0000000000
130555  -61.267  32.698  4.402 0.0000000000
130556  -61.926  32.001  3.853 0.0000000000
130563  -58.563  33.121  3.341 0.0000000000
130564  -59.128  33.000  3.376 0.0000000000
130565  -60.246  32.794  3.547 0.0000000000
130566  -61.156  32.271  3.099 0.0000000000
130567  -61.677  31.700  2.651 0.0000000000
130571  -58.510  33.018  2.817 0.0000000000
130572  -59.321  32.787  2.518 0.0000000000
130573  -60.332  32.444  2.238 0.0000000000
130574  -61.062  31.979  1.868 0.0000000000
130575  -61.455  31.523  1.469 0.0000000000
130577  -57.272  33.095  1.570 0.0000000000
130578  -58.132  32.992  1.785 0.0000000000
130579  -59.405  32.648  1.368 0.0000000000
130580  -60.412  32.285  1.030 0.0000000000
130581  -61.030  31.835  0.692 0.0000000000
130582  -61.330  31.446  0.342 0.0000000000
130584  -53.078  33.002  0.257 0.0000000000
130585  -53.472  32.959  0.198 0.0000000000
130586  -55.231  33.079  0.282 0.0000000000
130587  -55.813  33.075  0.378 0.0000000000
130588  -57.031  33.023  0.747 0.0000000000
130589  -58.408  32.839  0.476 0.0000000000
130590  -59.588  32.555  0.186 0.0000000000
130591  -60.514  32.191  -0.092 0.0000000000
130592  -61.052  31.708  -0.334 0.0000000000
130593  -61.314  31.368  -0.551 0.0000000000
130598  -51.708  32.727  -0.506 0.0000000000
130599  -52.831  32.727  -0.275 0.0000000000
130600  -53.992  32.744  -0.330 0.0000000000
130601  -55.086  32.892  -0.324 0.0000000000
130602  -56.269  32.947  -0.440 0.0000000000
130603  -57.486  32.915  -0.505 0.0000000000
130604  -58.688  32.761  -0.695 0.0000000000
130605  -59.764  32.506  -0.911 0.0000000000
130606  -60.582  32.089  -1.086 0.0000000000
130607  -61.101  31.459  -1.142 0.0000000000
130608  -61.307  31.378  -0.855 0.0000000000
130616  -51.113  32.378  -1.316 0.0000000000
130617  -52.205  32.307  -1.304 0.0000000000
130618  -53.340  32.337  -1.289 0.0000000000
130619  -54.451  32.524  -1.333 0.0000000000
130620  -55.548  32.735  -1.396 0.0000000000
130621  -56.679  32.859  -1.485 0.0000000000
130622  -57.825  32.886  -1.608 0.0000000000
130623  -58.918  32.723  -1.766 0.0000000000
130624  -59.849  32.411  -1.902 0.0000000000
130625  -60.479  31.977  -1.972 0.0000000000
130626  -60.696  31.555  -1.985 0.0000000000
130637  -51.593  32.041  -2.276 0.0000000000
130638  -52.721  32.082  -2.301 0.0000000000
130639  -53.833  32.237  -2.325 0.0000000000
130640  -54.900  32.511  -2.364 0.0000000000
130641  -55.963  32.746  -2.426 0.0000000000
130642  -57.043  32.883  -2.523 0.0000000000
130643  -58.108  32.887  -2.643 0.0000000000
130644  -59.073  32.647  -2.746 0.0000000000
130645  -59.816  32.269  -2.778 0.0000000000
130646  -60.143  31.993  -2.751 0.0000000000
130647  -60.349  31.559  -2.596 0.0000000000
130659  -52.155  32.062  -3.325 0.0000000000
130660  -53.249  32.216  -3.331 0.0000000000
130661  -54.303  32.464  -3.331 0.0000000000
130662  -55.332  32.725  -3.353 0.0000000000
130663  -56.358  32.923  -3.416 0.0000000000
130664  -57.375  33.004  -3.518 0.0000000000
130665  -58.339  32.852  -3.617 0.0000000000
130666  -59.180  32.522  -3.630 0.0000000000
130667  -59.798  32.123  -3.537 0.0000000000
130668  -60.085  31.642  -3.330 0.0000000000
130669  -60.205  31.526  -2.877 0.0000000000
130678  -51.671  32.277  -4.314 0.0000000000
130679  -52.735  32.441  -4.284 0.0000000000
130680  -53.769  32.652  -4.250 0.0000000000
130681  -54.783  32.854  -4.242 0.0000000000
130682  -55.780  33.030  -4.271 0.0000000000
130683  -56.744  33.171  -4.339 0.0000000000
130684  -57.665  33.090  -4.479 0.0000000000
130685  -58.530  32.724  -4.534 0.0000000000
130686  -59.309  32.315  -4.389 0.0000000000
130687  -59.844  31.854  -4.149 0.0000000000
130688  -59.990  31.663  -3.842 0.0000000000
130700  -52.301  32.774  -5.150 0.0000000000
130701  -53.315  32.962  -5.089 0.0000000000
130702  -54.320  33.100  -5.060 0.0000000000
130703  -55.299  33.235  -5.055 0.0000000000
130704  -56.233  33.328  -5.083 0.0000000000
130705  -57.074  33.331  -5.170 0.0000000000
130706  -57.794  32.969  -5.539 0.0000000000
130707  -58.740  32.319  -5.346 0.0000000000
130708  -59.439  31.982  -4.879 0.0000000000
130716  -56.048  33.001  -6.743 0.0000000000
130717  -56.810  32.953  -6.677 0.0000000000
130718  -57.523  32.654  -6.487 0.0000000000
130719  -58.113  32.399  -6.057 0.0000000000
130727  -53.657  32.452  -7.243 0.0000000000
130728  -54.792  32.479  -7.045 0.0000000000
130729  -55.753  32.551  -6.982 0.0000000000
130730  -56.503  32.575  -6.920 0.0000000000
130731  -57.035  32.481  -6.873 0.0000000000
130742  -52.919  32.212  -7.576 0.0000000000
131495  -51.685  33.663  9.847 0.0000000000
131496  -52.521  33.785  9.935 0.0000000000
131497  -53.364  33.860  10.045 0.0000000000
131498  -54.206  33.943  10.213 0.0000000000
131499  -55.045  34.022  10.436 0.0000000000
131500  -56.025  33.969  10.582 0.0000000000
131501  -57.047  34.002  10.698 0.0000000000
131502  -57.887  33.928  10.753 0.0000000000
131503  -58.589  33.845  10.600 0.0000000000
131504  -59.117  33.737  10.305 0.0000000000
131505  -59.513  33.603  9.970 0.0000000000
131514  -47.527  33.168  9.957 0.0000000000
131515  -48.146  33.542  10.056 0.0000000000
131516  -49.234  33.462  10.045 0.0000000000
131517  -50.275  33.527  9.914 0.0000000000
131518  -51.042  33.692  9.839 0.0000000000
131519  -56.689  33.657  10.452 0.0000000000
131520  -57.475  33.556  10.517 0.0000000000
131521  -58.293  33.453  10.512 0.0000000000
131522  -58.989  33.380  10.325 0.0000000000
131523  -59.512  33.283  9.995 0.0000000000
131524  -60.042  33.160  9.611 0.0000000000
131525  -60.414  33.110  9.304 0.0000000000
131533  -42.824  33.854  9.051 0.0000000000
131534  -43.858  33.724  9.311 0.0000000000
131535  -44.944  33.396  9.529 0.0000000000
131536  -46.184  33.588  9.793 0.0000000000
131537  -47.292  33.687  9.959 0.0000000000
131538  -47.832  33.936  10.040 0.0000000000
131539  -60.541  32.859  9.256 0.0000000000
131540  -60.843  32.980  8.874 0.0000000000
131549  -43.192  33.174  8.800 0.0000000000
131550  -44.174  33.033  9.168 0.0000000000
131551  -44.634  32.980  9.379 0.0000000000
131552  -61.206  33.030  8.145 0.0000000000
131559  -41.369  32.770  8.029 0.0000000000
131560  -61.420  33.047  7.449 0.0000000000
131561  -61.772  32.694  7.122 0.0000000000
131565  -61.015  33.393  6.437 0.0000000000
131566  -61.611  32.978  6.699 0.0000000000
131567  -61.920  32.539  6.697 0.0000000000
131570  -59.279  33.796  5.489 0.0000000000
131571  -60.129  33.597  5.563 0.0000000000
131572  -60.901  33.337  5.689 0.0000000000
131573  -61.561  32.967  5.788 0.0000000000
131574  -61.889  32.599  6.162 0.0000000000
131576  -57.123  33.980  4.487 0.0000000000
131577  -58.005  33.728  4.649 0.0000000000
131578  -58.930  33.518  4.760 0.0000000000
131579  -59.821  33.397  4.859 0.0000000000
131580  -60.673  33.190  4.893 0.0000000000
131581  -61.266  33.001  5.195 0.0000000000
131586  -55.991  33.981  3.434 0.0000000000
131587  -56.772  33.698  3.705 0.0000000000
131588  -57.619  33.496  3.873 0.0000000000
131589  -58.538  33.276  3.924 0.0000000000
131590  -59.500  33.162  4.133 0.0000000000
131591  -60.217  33.092  4.343 0.0000000000
131597  -54.891  33.893  2.352 0.0000000000
131598  -55.694  33.697  2.631 0.0000000000
131599  -56.513  33.490  2.870 0.0000000000
131600  -57.311  33.328  3.105 0.0000000000
131601  -58.059  33.216  3.278 0.0000000000
131603  -53.732  33.680  1.406 0.0000000000
131604  -54.588  33.552  1.524 0.0000000000
131605  -55.443  33.453  1.778 0.0000000000
131606  -56.270  33.346  2.046 0.0000000000
131607  -57.153  33.200  2.221 0.0000000000
131608  -57.834  33.147  2.634 0.0000000000
131610  -51.816  33.881  0.524 0.0000000000
131611  -52.534  33.625  0.711 0.0000000000
131612  -53.246  33.327  0.704 0.0000000000
131613  -54.199  33.138  0.601 0.0000000000
131614  -55.172  33.208  0.861 0.0000000000
131615  -56.079  33.180  1.226 0.0000000000
131616  -56.760  33.152  1.558 0.0000000000
131621  -51.280  33.351  0.008 0.0000000000
131622  -52.126  33.154  0.215 0.0000000000
131623  -52.757  33.123  0.353 0.0000000000
131624  -54.538  32.946  0.052 0.0000000000
131625  -54.849  33.055  0.282 0.0000000000
131687  -53.929  33.291  -5.813 0.0000000000
131688  -54.907  33.358  -5.781 0.0000000000
131689  -55.834  33.446  -5.760 0.0000000000
131690  -56.659  33.464  -5.735 0.0000000000
131691  -57.196  33.343  -5.690 0.0000000000
131705  -53.566  33.253  -6.489 0.0000000000
131706  -54.559  33.247  -6.409 0.0000000000
131707  -55.500  33.282  -6.351 0.0000000000
131708  -56.355  33.327  -6.305 0.0000000000
131709  -57.115  33.237  -6.151 0.0000000000
131722  -54.181  32.996  -6.921 0.0000000000
131723  -55.168  32.972  -6.791 0.0000000000
132501  -51.472  34.008  9.875 0.0000000000
132502  -52.215  34.075  9.937 0.0000000000
132503  -53.100  34.151  10.052 0.0000000000
132504  -53.952  34.273  10.223 0.0000000000
132505  -54.737  34.400  10.443 0.0000000000
132506  -55.635  34.665  10.703 0.0000000000
132507  -56.669  34.582  10.806 0.0000000000
132508  -57.539  34.500  10.835 0.0000000000
132509  -58.259  34.420  10.777 0.0000000000
132510  -58.805  34.285  10.520 0.0000000000
132511  -59.224  34.174  10.193 0.0000000000
132521  -48.215  34.070  10.021 0.0000000000
132522  -48.889  34.023  10.063 0.0000000000
132523  -49.818  34.000  9.968 0.0000000000
132524  -50.812  34.079  9.864 0.0000000000
132525  -51.787  34.468  9.839 0.0000000000
132526  -52.824  34.508  9.985 0.0000000000
132527  -53.713  34.645  10.218 0.0000000000
132528  -54.534  34.742  10.462 0.0000000000
132529  -55.049  34.736  10.619 0.0000000000
132530  -59.758  33.926  9.626 0.0000000000
132531  -60.133  33.330  9.423 0.0000000000
132544  -43.597  34.482  9.239 0.0000000000
132545  -44.614  34.383  9.415 0.0000000000
132546  -45.667  34.357  9.621 0.0000000000
132547  -46.740  34.382  9.761 0.0000000000
132548  -47.757  34.350  9.824 0.0000000000
132549  -48.644  34.461  9.806 0.0000000000
132550  -49.532  34.458  9.780 0.0000000000
132551  -50.455  34.446  9.746 0.0000000000
132552  -51.080  34.455  9.777 0.0000000000
132553  -60.058  34.077  8.969 0.0000000000
132554  -60.325  33.434  9.148 0.0000000000
132561  -60.254  34.141  8.349 0.0000000000
132562  -60.646  33.509  8.582 0.0000000000
132564  -60.276  34.132  7.685 0.0000000000
132565  -60.887  33.553  7.914 0.0000000000
132568  -58.914  34.824  6.513 0.0000000000
132569  -59.521  34.430  6.753 0.0000000000
132570  -60.268  33.951  6.986 0.0000000000
132571  -60.997  33.485  7.204 0.0000000000
132576  -58.114  34.719  5.754 0.0000000000
132577  -58.749  34.425  6.003 0.0000000000
132578  -59.509  34.096  6.147 0.0000000000
132579  -60.273  33.755  6.282 0.0000000000
132582  -56.850  34.645  4.768 0.0000000000
132583  -57.544  34.481  5.198 0.0000000000
132584  -58.423  34.050  5.371 0.0000000000
132588  -55.740  34.615  3.726 0.0000000000
132589  -56.345  34.426  4.181 0.0000000000
132596  -53.922  34.689  2.356 0.0000000000
132597  -54.481  34.574  2.661 0.0000000000
132598  -55.230  34.408  3.134 0.0000000000
132602  -52.874  34.660  1.491 0.0000000000
132603  -53.430  34.470  1.882 0.0000000000
132604  -54.130  34.077  2.098 0.0000000000
132606  -51.746  34.593  0.598 0.0000000000
132607  -52.356  34.440  0.995 0.0000000000
132608  -52.982  33.983  1.269 0.0000000000
133437  -55.862  35.163  10.810 0.0000000000
133438  -56.462  35.342  10.821 0.0000000000
133439  -57.299  35.130  10.861 0.0000000000
133440  -57.981  35.018  10.832 0.0000000000
133441  -58.544  35.013  10.494 0.0000000000
133442  -58.931  34.611  10.348 0.0000000000
133448  -52.053  35.009  9.699 0.0000000000
133449  -52.639  35.025  9.831 0.0000000000
133450  -53.445  35.109  10.042 0.0000000000
133451  -54.366  35.440  10.205 0.0000000000
133452  -55.359  35.258  10.611 0.0000000000
133453  -55.984  35.449  10.743 0.0000000000
133454  -58.623  35.443  10.144 0.0000000000
133455  -59.063  34.985  9.962 0.0000000000
133467  -44.387  35.081  9.046 0.0000000000
133468  -45.384  35.030  9.157 0.0000000000
133469  -46.389  35.030  9.290 0.0000000000
133470  -47.392  34.976  9.342 0.0000000000
133471  -48.356  34.963  9.363 0.0000000000
133472  -49.303  35.013  9.367 0.0000000000
133473  -50.272  34.984  9.372 0.0000000000
133474  -51.354  34.988  9.499 0.0000000000
133475  -52.484  35.562  9.282 0.0000000000
133476  -53.330  35.578  9.645 0.0000000000
133477  -53.827  35.597  9.920 0.0000000000
133478  -59.458  34.865  9.233 0.0000000000
133488  -46.175  35.434  8.549 0.0000000000
133489  -47.157  35.411  8.599 0.0000000000
133490  -48.125  35.393  8.648 0.0000000000
133491  -49.049  35.441  8.710 0.0000000000
133492  -50.076  35.567  8.638 0.0000000000
133493  -51.003  35.500  8.843 0.0000000000
133494  -51.789  35.638  8.907 0.0000000000
133495  -59.696  34.712  8.680 0.0000000000
133503  -46.945  35.665  7.772 0.0000000000
133505  -48.862  35.776  7.960 0.0000000000
133506  -49.600  35.816  8.062 0.0000000000
133507  -59.620  34.913  8.119 0.0000000000
133517  -58.691  35.411  6.527 0.0000000000
133518  -58.870  35.446  6.811 0.0000000000
133519  -59.372  34.929  7.389 0.0000000000
133529  -57.645  35.352  5.570 0.0000000000
133530  -58.323  35.429  6.138 0.0000000000
133531  -58.572  35.881  6.419 0.0000000000
133534  -56.412  35.172  4.597 0.0000000000
133535  -57.014  35.264  5.066 0.0000000000
133538  -55.342  35.145  3.639 0.0000000000
133539  -55.882  35.145  4.125 0.0000000000
133545  -53.623  35.090  2.232 0.0000000000
133546  -54.142  35.299  2.619 0.0000000000
133547  -54.761  35.178  3.150 0.0000000000
133553  -52.629  35.081  1.279 0.0000000000
133554  -53.188  35.342  1.751 0.0000000000
133555  -53.731  35.585  2.200 0.0000000000
133559  -52.170  35.302  0.725 0.0000000000
133560  -52.771  35.560  1.199 0.0000000000
134360  -56.761  35.873  10.647 0.0000000000
134361  -57.199  35.747  10.705 0.0000000000
134362  -57.795  35.585  10.688 0.0000000000
134363  -58.164  35.379  10.604 0.0000000000
134368  -54.711  36.027  9.938 0.0000000000
134369  -55.240  35.970  10.154 0.0000000000
134370  -56.230  36.082  10.381 0.0000000000
134371  -57.047  36.262  10.417 0.0000000000
134372  -57.618  36.190  10.358 0.0000000000
134373  -58.214  35.884  10.221 0.0000000000
134374  -58.619  35.885  9.774 0.0000000000
134383  -52.891  36.113  8.853 0.0000000000
134385  -54.223  36.173  9.470 0.0000000000
134386  -55.059  36.426  9.644 0.0000000000
134387  -55.712  36.574  9.824 0.0000000000
134388  -58.949  35.796  9.325 0.0000000000
134398  -51.644  36.016  8.277 0.0000000000
134399  -52.477  36.160  8.475 0.0000000000
134401  -53.878  36.535  8.767 0.0000000000
134402  -59.204  35.722  8.621 0.0000000000
134414  -59.097  36.008  7.790 0.0000000000
134426  -58.642  36.428  6.389 0.0000000000
134427  -58.843  36.256  7.002 0.0000000000
134442  -57.337  35.899  5.077 0.0000000000
134443  -57.837  36.199  5.466 0.0000000000
134444  -58.357  36.496  5.861 0.0000000000
134455  -56.173  35.560  4.274 0.0000000000
134456  -56.688  35.909  4.489 0.0000000000
134457  -57.485  36.570  4.553 0.0000000000
134458  -58.093  36.941  4.949 0.0000000000
134461  -55.148  35.576  3.362 0.0000000000
134462  -55.796  35.876  3.713 0.0000000000
134463  -56.765  36.618  3.694 0.0000000000
134464  -57.511  37.016  3.806 0.0000000000
134468  -54.080  35.804  2.397 0.0000000000
134469  -54.763  35.979  2.819 0.0000000000
134470  -55.868  36.605  2.835 0.0000000000
134471  -56.730  36.907  2.911 0.0000000000
134477  -53.132  35.821  1.391 0.0000000000
134478  -53.834  36.141  1.758 0.0000000000
134479  -54.953  36.629  2.064 0.0000000000
134480  -55.744  36.926  2.043 0.0000000000
134485  -52.162  35.818  0.325 0.0000000000
134486  -52.840  36.073  0.733 0.0000000000
134487  -53.755  36.606  0.721 0.0000000000
134495  -53.892  36.865  0.024 0.0000000000
135399  -56.881  36.733  10.052 0.0000000000
135400  -57.366  36.765  9.967 0.0000000000
135401  -57.840  36.746  9.830 0.0000000000
135402  -58.275  36.718  9.553 0.0000000000
135403  -58.609  36.468  9.346 0.0000000000
135409  -54.866  36.715  9.203 0.0000000000
135411  -56.437  37.165  9.576 0.0000000000
135412  -58.459  37.066  9.148 0.0000000000
135413  -58.748  36.774  8.839 0.0000000000
135423  -58.875  36.859  8.142 0.0000000000
135434  -58.821  37.242  7.254 0.0000000000
135443  -58.576  36.907  5.918 0.0000000000
135444  -58.619  37.335  6.070 0.0000000000
135456  -58.428  37.246  5.305 0.0000000000
135457  -58.536  37.907  4.737 0.0000000000
135471  -57.910  37.170  4.163 0.0000000000
135472  -58.327  37.603  4.119 0.0000000000
135473  -58.646  38.210  3.513 0.0000000000
135477  -57.273  37.056  3.222 0.0000000000
135478  -57.923  37.404  3.232 0.0000000000
135479  -58.546  37.935  2.832 0.0000000000
135480  -58.828  38.419  2.441 0.0000000000
135483  -56.398  36.953  2.336 0.0000000000
135484  -57.250  37.130  2.350 0.0000000000
135485  -58.151  37.609  2.044 0.0000000000
135486  -58.801  38.234  1.649 0.0000000000
135487  -58.947  38.517  1.897 0.0000000000
135491  -54.445  36.715  1.320 0.0000000000
135492  -55.232  36.975  1.350 0.0000000000
135493  -56.312  37.129  1.464 0.0000000000
135494  -57.420  37.333  1.227 0.0000000000
135495  -58.280  37.741  0.913 0.0000000000
135496  -58.761  38.215  0.471 0.0000000000
135502  -54.535  36.958  0.597 0.0000000000
135503  -55.448  37.210  0.497 0.0000000000
135504  -56.519  37.336  0.384 0.0000000000
135505  -57.541  37.490  0.163 0.0000000000
135506  -58.315  37.812  -0.145 0.0000000000
135514  -54.476  37.194  -0.376 0.0000000000
135515  -55.597  37.405  -0.474 0.0000000000
135516  -56.661  37.461  -0.618 0.0000000000
136467  -57.105  37.252  9.669 0.0000000000
136468  -57.527  37.414  9.502 0.0000000000
136469  -57.949  37.436  9.359 0.0000000000
136470  -58.219  37.424  9.153 0.0000000000
136477  -56.242  38.192  8.613 0.0000000000
136478  -57.060  38.049  9.077 0.0000000000
136479  -57.642  38.076  9.006 0.0000000000
136480  -58.026  37.986  8.927 0.0000000000
136481  -58.344  37.757  8.689 0.0000000000
136482  -58.620  37.475  8.335 0.0000000000
136491  -58.463  38.130  8.074 0.0000000000
136492  -58.685  37.710  7.821 0.0000000000
136504  -58.525  38.235  7.655 0.0000000000
136505  -58.638  38.092  7.288 0.0000000000
136515  -58.602  38.135  6.478 0.0000000000
136526  -58.539  38.343  5.316 0.0000000000
136540  -58.659  38.554  4.095 0.0000000000
136544  -58.834  38.696  2.975 0.0000000000
136547  -59.019  38.619  1.555 0.0000000000
136548  -58.992  38.764  1.987 0.0000000000
136550  -59.002  38.617  0.903 0.0000000000
136551  -59.128  38.923  1.221 0.0000000000
137538  -56.289  39.139  7.933 0.0000000000
137539  -56.789  39.179  8.214 0.0000000000
137540  -57.338  38.743  8.528 0.0000000000
137541  -57.750  38.635  8.437 0.0000000000
137542  -58.064  38.289  8.605 0.0000000000
137550  -57.812  38.910  8.173 0.0000000000
137551  -58.059  38.648  8.180 0.0000000000
137559  -58.280  38.723  7.541 0.0000000000
137560  -58.467  38.418  7.388 0.0000000000
137570  -58.194  39.176  6.787 0.0000000000
137571  -58.428  38.605  6.924 0.0000000000
137585  -58.114  39.492  6.272 0.0000000000
137586  -58.361  39.047  5.895 0.0000000000
137602  -58.567  39.031  4.627 0.0000000000
137610  -58.766  39.108  3.518 0.0000000000
137613  -58.921  39.163  2.481 0.0000000000
137616  -59.053  39.224  1.584 0.0000000000
137620  -59.060  39.378  0.805 0.0000000000
138533  -56.894  39.780  7.994 0.0000000000
138534  -57.181  39.410  8.109 0.0000000000
138535  -57.464  39.062  8.236 0.0000000000
138544  -57.003  40.120  7.793 0.0000000000
138545  -57.561  39.450  7.803 0.0000000000
138546  -57.985  39.069  7.745 0.0000000000
138554  -57.653  39.992  7.105 0.0000000000
138555  -57.945  39.372  7.301 0.0000000000
138564  -57.657  40.301  6.471 0.0000000000
138565  -57.927  39.734  6.633 0.0000000000
138577  -57.631  40.500  6.004 0.0000000000
138578  -57.969  39.994  5.708 0.0000000000
138579  -58.328  39.530  4.958 0.0000000000
138592  -58.177  40.027  4.573 0.0000000000
138593  -58.513  39.572  4.021 0.0000000000
138605  -58.341  40.097  3.553 0.0000000000
138606  -58.674  39.623  2.981 0.0000000000
138608  -58.323  40.353  2.277 0.0000000000
138609  -58.440  40.177  2.485 0.0000000000
138610  -58.823  39.591  1.990 0.0000000000
138613  -58.380  40.306  1.891 0.0000000000
138614  -58.745  39.931  1.519 0.0000000000
138615  -58.996  39.546  1.167 0.0000000000
138617  -58.506  40.284  1.028 0.0000000000
138619  -59.049  39.596  0.798 0.0000000000
139469  -56.534  40.849  7.307 0.0000000000
139470  -57.082  40.615  7.326 0.0000000000
139471  -57.399  40.211  7.305 0.0000000000
139480  -57.065  40.995  7.043 0.0000000000
139481  -57.322  40.711  6.897 0.0000000000
139489  -57.400  40.793  6.290 0.0000000000
139499  -57.010  41.594  5.180 0.0000000000
139500  -57.466  40.890  5.438 0.0000000000
139501  -57.865  40.360  4.990 0.0000000000
139512  -56.825  41.882  4.770 0.0000000000
139513  -57.272  41.321  4.541 0.0000000000
139514  -57.834  40.587  4.241 0.0000000000
139530  -56.528  42.197  3.868 0.0000000000
139531  -56.807  41.897  4.029 0.0000000000
139532  -57.572  41.045  3.574 0.0000000000
139533  -58.111  40.480  3.144 0.0000000000
139541  -56.534  42.013  3.455 0.0000000000
139542  -57.159  41.389  3.030 0.0000000000
139543  -58.017  40.636  2.520 0.0000000000
139544  -58.259  40.407  2.718 0.0000000000
139547  -56.519  41.710  2.550 0.0000000000
139548  -57.228  41.091  2.029 0.0000000000
139549  -57.960  40.690  1.492 0.0000000000
139551  -56.455  41.538  1.557 0.0000000000
139552  -57.178  41.059  1.001 0.0000000000
139553  -57.959  40.763  0.506 0.0000000000
139555  -56.407  41.565  0.636 0.0000000000
139556  -57.037  41.313  -0.109 0.0000000000
139557  -58.040  40.881  -0.448 0.0000000000
139561  -57.397  41.467  -1.078 0.0000000000
140410  -56.729  41.128  7.059 0.0000000000
140411  -56.874  41.109  7.077 0.0000000000
140419  -56.233  41.517  6.755 0.0000000000
140420  -56.816  41.343  6.663 0.0000000000
140421  -57.189  41.055  6.554 0.0000000000
140431  -56.702  41.708  6.034 0.0000000000
140432  -57.116  41.248  6.152 0.0000000000
140440  -56.174  42.558  5.271 0.0000000000
140441  -56.454  42.183  5.383 0.0000000000
140442  -56.961  41.547  5.665 0.0000000000
140451  -56.209  42.645  4.957 0.0000000000
140452  -56.506  42.282  4.608 0.0000000000
140467  -55.786  43.033  3.938 0.0000000000
140468  -56.150  42.618  4.096 0.0000000000
140469  -56.517  42.283  4.258 0.0000000000
140484  -55.638  42.991  3.537 0.0000000000
140485  -55.993  42.381  3.079 0.0000000000
140488  -55.394  42.916  2.643 0.0000000000
140489  -55.815  42.171  2.101 0.0000000000
140491  -55.282  42.881  1.650 0.0000000000
140492  -55.734  42.113  1.068 0.0000000000
140494  -55.302  42.888  0.754 0.0000000000
140495  -55.873  42.342  -0.122 0.0000000000
140496  -56.659  41.998  -0.841 0.0000000000
140498  -56.240  42.735  -1.028 0.0000000000
140499  -56.825  42.339  -1.627 0.0000000000
141352  -56.256  41.875  6.323 0.0000000000
141353  -56.507  41.753  6.250 0.0000000000
141363  -56.343  42.098  5.966 0.0000000000
141372  -56.144  42.383  5.709 0.0000000000
141380  -55.833  43.027  4.669 0.0000000000
141391  -55.840  43.056  4.322 0.0000000000
141419  -55.105  43.746  1.181 0.0000000000
141422  -55.300  43.633  0.200 0.0000000000
141423  -55.752  43.568  -0.701 0.0000000000
141425  -56.294  43.538  -1.537 0.0000000000
141426  -56.745  43.072  -2.134 0.0000000000
141429  -56.547  43.794  -2.127 0.0000000000
141430  -56.847  43.361  -2.686 0.0000000000
142319  -55.243  44.665  0.705 0.0000000000
142322  -55.580  44.595  -0.186 0.0000000000
142323  -56.032  44.562  -0.932 0.0000000000
142329  -56.408  44.621  -1.702 0.0000000000
142330  -56.610  44.854  -2.196 0.0000000000
142345  -56.577  44.231  -2.342 0.0000000000
143325  -55.629  45.605  0.266 0.0000000000
143326  -56.073  45.901  -0.258 0.0000000000
143328  -55.937  45.276  -0.404 0.0000000000
143329  -56.265  45.564  -0.944 0.0000000000
143347  -56.546  45.537  -1.727 0.0000000000
143348  -56.605  45.367  -2.412 0.0000000000
144379  -56.397  46.393  -1.199 0.0000000000
144398  -56.535  46.249  -2.064 0.0000000000
145409  -56.200  47.062  -1.536 0.0000000000
