#!ascii label  , from subject COLIN27_FS vox2ras=TkReg
1213
128393  -49.366  31.247  21.063 0.0000000000
128394  -49.846  31.444  20.601 0.0000000000
128406  -49.144  31.197  20.169 0.0000000000
128407  -49.736  31.604  19.976 0.0000000000
128419  -48.286  30.983  19.579 0.0000000000
128420  -48.951  31.386  19.465 0.0000000000
128421  -49.558  31.900  19.424 0.0000000000
128432  -48.146  31.096  18.869 0.0000000000
128433  -48.836  31.721  18.811 0.0000000000
128434  -49.456  32.096  19.122 0.0000000000
128441  -47.877  31.044  17.951 0.0000000000
128442  -48.505  31.707  18.305 0.0000000000
128447  -47.638  31.210  17.408 0.0000000000
129354  -50.976  32.576  23.649 0.0000000000
129377  -51.006  32.267  23.307 0.0000000000
129378  -51.224  32.517  23.214 0.0000000000
129396  -50.807  31.868  22.495 0.0000000000
129397  -51.494  32.391  22.580 0.0000000000
129398  -51.875  32.670  22.191 0.0000000000
129413  -49.719  31.339  21.636 0.0000000000
129414  -50.379  31.567  21.391 0.0000000000
129415  -51.381  32.045  21.694 0.0000000000
129416  -51.935  32.517  21.738 0.0000000000
129428  -50.527  31.751  20.412 0.0000000000
129429  -51.252  31.999  20.826 0.0000000000
129430  -51.856  32.369  20.986 0.0000000000
129432  -50.363  32.050  19.778 0.0000000000
129433  -51.287  32.310  20.015 0.0000000000
129434  -51.693  32.323  20.483 0.0000000000
129438  -49.406  32.246  18.914 0.0000000000
129439  -50.154  32.475  19.246 0.0000000000
129440  -50.787  32.440  19.627 0.0000000000
129447  -48.403  31.786  18.067 0.0000000000
129448  -49.074  32.337  18.450 0.0000000000
129449  -49.682  32.551  18.862 0.0000000000
129456  -48.103  31.821  17.716 0.0000000000
129457  -48.595  32.122  18.017 0.0000000000
130362  -50.762  32.849  24.074 0.0000000000
130378  -51.210  32.814  23.389 0.0000000000
130379  -51.457  33.024  23.050 0.0000000000
130387  -51.391  32.610  22.980 0.0000000000
130388  -51.675  32.868  22.612 0.0000000000
130391  -52.192  33.044  21.717 0.0000000000
130392  -52.424  33.305  21.204 0.0000000000
130400  -52.244  32.896  21.017 0.0000000000
130401  -52.426  33.433  20.958 0.0000000000
130408  -51.713  32.773  19.758 0.0000000000
130409  -52.108  32.879  20.135 0.0000000000
130410  -52.499  33.401  20.412 0.0000000000
130412  -50.660  32.972  19.146 0.0000000000
130413  -51.278  32.968  19.397 0.0000000000
130414  -51.956  33.151  19.566 0.0000000000
130419  -49.595  33.125  18.333 0.0000000000
130420  -50.208  33.085  18.772 0.0000000000
130421  -51.003  33.309  19.009 0.0000000000
130429  -45.878  32.665  16.281 0.0000000000
130430  -46.685  32.559  16.586 0.0000000000
130431  -47.422  32.496  17.009 0.0000000000
130432  -48.106  32.554  17.530 0.0000000000
130433  -48.846  32.702  17.975 0.0000000000
131402  -50.881  33.178  23.872 0.0000000000
131417  -51.247  33.223  23.290 0.0000000000
131418  -51.567  33.277  22.719 0.0000000000
131423  -51.971  33.428  22.048 0.0000000000
131424  -52.202  33.798  21.514 0.0000000000
131426  -52.225  33.490  21.504 0.0000000000
131427  -52.519  33.935  20.981 0.0000000000
131430  -52.794  33.988  20.288 0.0000000000
131438  -52.263  33.431  19.566 0.0000000000
131439  -52.652  33.938  19.579 0.0000000000
131446  -51.484  33.502  18.997 0.0000000000
131447  -52.173  33.876  19.000 0.0000000000
131448  -52.714  34.396  19.014 0.0000000000
131451  -49.681  33.637  18.014 0.0000000000
131452  -50.396  33.734  18.275 0.0000000000
131453  -51.330  33.880  18.555 0.0000000000
131454  -52.080  34.313  18.441 0.0000000000
131462  -44.591  33.592  16.350 0.0000000000
131463  -45.480  33.558  16.549 0.0000000000
131464  -46.361  33.514  16.779 0.0000000000
131465  -47.239  33.476  17.032 0.0000000000
131466  -48.068  33.474  17.406 0.0000000000
131467  -48.918  33.538  17.723 0.0000000000
132375  -50.255  33.633  24.788 0.0000000000
132391  -49.938  34.164  24.488 0.0000000000
132392  -50.594  33.670  24.103 0.0000000000
132393  -50.986  33.488  23.539 0.0000000000
132405  -47.656  34.799  23.384 0.0000000000
132407  -49.289  34.548  23.798 0.0000000000
132408  -50.183  34.228  23.624 0.0000000000
132409  -50.857  33.923  23.308 0.0000000000
132410  -51.331  33.649  22.866 0.0000000000
132411  -51.715  33.657  22.315 0.0000000000
132416  -47.923  34.697  23.100 0.0000000000
132417  -48.628  34.658  22.897 0.0000000000
132418  -49.634  34.558  22.929 0.0000000000
132419  -50.478  34.380  22.784 0.0000000000
132420  -51.176  34.196  22.520 0.0000000000
132421  -51.671  34.065  22.133 0.0000000000
132422  -51.917  34.101  21.760 0.0000000000
132423  -52.350  34.162  21.255 0.0000000000
132425  -49.193  34.780  22.228 0.0000000000
132426  -50.016  34.768  22.132 0.0000000000
132427  -50.857  34.699  22.000 0.0000000000
132428  -51.565  34.602  21.790 0.0000000000
132429  -52.058  34.515  21.500 0.0000000000
132430  -52.363  34.491  21.179 0.0000000000
132431  -52.619  34.559  20.788 0.0000000000
132433  -52.962  34.739  20.152 0.0000000000
132434  -53.223  35.228  19.447 0.0000000000
132437  -53.036  34.707  19.521 0.0000000000
132438  -53.313  35.337  18.960 0.0000000000
132446  -52.752  34.668  18.724 0.0000000000
132447  -53.121  35.086  18.754 0.0000000000
132448  -53.323  35.434  18.694 0.0000000000
132455  -50.449  34.180  17.900 0.0000000000
132456  -51.142  34.315  17.957 0.0000000000
132457  -52.027  34.706  17.898 0.0000000000
132458  -52.630  34.828  18.334 0.0000000000
132459  -52.972  35.109  18.451 0.0000000000
132463  -43.455  34.241  16.250 0.0000000000
132464  -44.112  34.555  16.395 0.0000000000
132465  -45.100  34.456  16.574 0.0000000000
132466  -46.008  34.497  16.767 0.0000000000
132467  -46.956  34.515  17.000 0.0000000000
132468  -47.930  34.469  17.215 0.0000000000
132469  -48.907  34.460  17.413 0.0000000000
132470  -49.957  34.470  17.586 0.0000000000
132471  -50.996  34.717  17.577 0.0000000000
132472  -51.535  34.757  17.675 0.0000000000
132481  -42.961  34.552  16.126 0.0000000000
132482  -43.534  34.700  16.249 0.0000000000
133337  -45.292  35.550  23.007 0.0000000000
133348  -45.129  35.552  21.896 0.0000000000
133349  -46.090  35.178  22.302 0.0000000000
133350  -47.259  34.821  22.741 0.0000000000
133351  -47.988  34.711  22.610 0.0000000000
133354  -45.075  35.838  20.893 0.0000000000
133355  -45.934  35.529  21.212 0.0000000000
133356  -46.988  35.209  21.471 0.0000000000
133357  -48.274  34.950  21.781 0.0000000000
133358  -49.487  35.153  21.473 0.0000000000
133359  -50.455  35.235  21.413 0.0000000000
133360  -51.317  35.214  21.334 0.0000000000
133361  -52.031  35.139  21.203 0.0000000000
133362  -52.467  34.962  20.948 0.0000000000
133363  -52.600  34.806  20.808 0.0000000000
133367  -46.733  35.890  20.529 0.0000000000
133368  -47.848  35.715  20.685 0.0000000000
133369  -48.986  35.676  20.732 0.0000000000
133370  -50.025  35.829  20.809 0.0000000000
133371  -50.965  35.869  20.816 0.0000000000
133372  -51.808  35.822  20.749 0.0000000000
133373  -52.472  35.642  20.512 0.0000000000
133374  -52.860  35.294  20.285 0.0000000000
133375  -53.245  35.563  19.635 0.0000000000
133377  -53.532  35.780  19.028 0.0000000000
133380  -53.464  35.660  18.302 0.0000000000
133381  -53.558  35.762  18.477 0.0000000000
133389  -52.434  35.245  17.532 0.0000000000
133390  -52.801  35.322  17.734 0.0000000000
133391  -53.421  35.644  17.923 0.0000000000
133392  -53.692  35.857  18.112 0.0000000000
133395  -44.285  35.285  16.309 0.0000000000
133396  -44.845  35.245  16.432 0.0000000000
133397  -45.653  35.279  16.536 0.0000000000
133398  -46.617  35.625  16.608 0.0000000000
133399  -47.706  35.454  16.876 0.0000000000
133400  -48.737  35.393  17.011 0.0000000000
133401  -49.789  35.339  17.043 0.0000000000
133402  -50.852  35.345  17.110 0.0000000000
133403  -51.917  35.315  17.288 0.0000000000
133404  -52.854  35.642  17.248 0.0000000000
133405  -53.259  35.709  17.432 0.0000000000
133411  -40.184  35.398  15.053 0.0000000000
133412  -40.671  35.355  15.287 0.0000000000
133413  -41.515  35.619  15.448 0.0000000000
133414  -42.593  35.461  15.793 0.0000000000
133415  -43.660  35.408  16.088 0.0000000000
133416  -44.572  35.846  16.127 0.0000000000
133417  -45.401  35.934  16.264 0.0000000000
133418  -45.978  35.863  16.397 0.0000000000
133423  -39.549  35.598  14.665 0.0000000000
133424  -40.450  35.805  14.914 0.0000000000
133425  -40.923  35.821  15.155 0.0000000000
133431  -38.939  35.848  14.239 0.0000000000
134246  -43.807  36.385  23.209 0.0000000000
134258  -44.407  35.885  22.575 0.0000000000
134276  -48.597  36.562  20.220 0.0000000000
134277  -49.620  36.573  20.304 0.0000000000
134278  -50.577  36.613  20.382 0.0000000000
134279  -51.477  36.582  20.359 0.0000000000
134280  -52.309  36.468  20.181 0.0000000000
134281  -53.084  36.315  19.742 0.0000000000
134282  -53.232  35.890  19.719 0.0000000000
134287  -53.521  36.669  19.262 0.0000000000
134288  -53.591  36.348  19.203 0.0000000000
134290  -53.901  36.415  18.488 0.0000000000
134298  -53.891  36.185  17.467 0.0000000000
134299  -54.024  36.283  17.805 0.0000000000
134307  -46.925  36.335  16.272 0.0000000000
134308  -47.543  36.266  16.408 0.0000000000
134309  -48.509  36.240  16.539 0.0000000000
134310  -49.561  36.192  16.564 0.0000000000
134311  -50.644  36.134  16.563 0.0000000000
134312  -51.719  36.086  16.643 0.0000000000
134313  -52.700  36.097  16.754 0.0000000000
134314  -53.676  36.288  16.931 0.0000000000
134315  -54.136  36.410  17.267 0.0000000000
134320  -41.731  36.257  15.115 0.0000000000
134321  -42.318  36.205  15.293 0.0000000000
134322  -43.213  36.235  15.515 0.0000000000
134323  -44.133  36.400  15.702 0.0000000000
134324  -45.125  36.670  15.758 0.0000000000
134325  -46.260  36.529  16.037 0.0000000000
134326  -47.285  36.865  15.964 0.0000000000
134327  -48.239  36.942  16.008 0.0000000000
134328  -49.280  36.922  15.992 0.0000000000
134329  -50.388  36.890  15.957 0.0000000000
134330  -51.522  36.813  15.981 0.0000000000
134331  -52.575  36.679  16.143 0.0000000000
134332  -53.204  36.543  16.393 0.0000000000
134337  -39.755  36.221  14.282 0.0000000000
134338  -40.263  36.226  14.497 0.0000000000
134339  -41.103  36.367  14.779 0.0000000000
134340  -41.991  36.664  14.771 0.0000000000
134341  -42.848  36.775  14.873 0.0000000000
134342  -43.740  36.968  15.101 0.0000000000
134343  -44.506  37.062  15.318 0.0000000000
134348  -38.545  36.381  13.577 0.0000000000
134349  -39.155  36.377  13.908 0.0000000000
134350  -40.032  36.610  14.011 0.0000000000
134351  -40.633  36.634  14.239 0.0000000000
134354  -37.544  36.519  12.680 0.0000000000
134355  -38.058  36.565  13.100 0.0000000000
134356  -38.732  36.697  13.340 0.0000000000
134359  -37.659  36.844  12.342 0.0000000000
134405  -38.754  37.081  7.775 0.0000000000
134406  -39.452  36.415  7.120 0.0000000000
134431  -39.976  36.650  5.302 0.0000000000
135309  -49.239  37.428  20.044 0.0000000000
135310  -50.189  37.402  20.078 0.0000000000
135311  -51.094  37.367  20.061 0.0000000000
135312  -51.950  37.247  19.913 0.0000000000
135313  -52.732  37.100  19.629 0.0000000000
135326  -53.464  37.157  19.163 0.0000000000
135327  -53.721  36.842  19.068 0.0000000000
135330  -53.713  37.557  18.699 0.0000000000
135331  -53.972  37.161  18.612 0.0000000000
135334  -54.345  37.092  17.878 0.0000000000
135343  -54.112  36.982  16.507 0.0000000000
135344  -54.392  37.031  17.031 0.0000000000
135349  -45.093  37.353  15.179 0.0000000000
135350  -45.878  37.335  15.352 0.0000000000
135351  -46.857  37.448  15.452 0.0000000000
135352  -47.878  37.593  15.484 0.0000000000
135353  -48.936  37.620  15.460 0.0000000000
135354  -50.039  37.599  15.385 0.0000000000
135355  -51.260  37.636  15.278 0.0000000000
135356  -52.447  37.460  15.458 0.0000000000
135357  -53.576  37.211  15.982 0.0000000000
135358  -54.274  37.484  16.331 0.0000000000
135363  -40.998  36.781  14.222 0.0000000000
135364  -41.503  36.958  14.196 0.0000000000
135365  -42.385  37.188  14.230 0.0000000000
135366  -43.330  37.382  14.362 0.0000000000
135367  -44.432  37.650  14.555 0.0000000000
135368  -45.473  37.851  14.692 0.0000000000
135369  -46.413  37.996  14.760 0.0000000000
135370  -47.436  38.145  14.803 0.0000000000
135371  -48.517  38.209  14.802 0.0000000000
135372  -49.620  38.198  14.769 0.0000000000
135373  -50.713  38.191  14.707 0.0000000000
135377  -39.081  36.846  13.365 0.0000000000
135378  -39.608  37.006  13.460 0.0000000000
135379  -40.676  37.139  13.684 0.0000000000
135380  -41.753  37.557  13.493 0.0000000000
135381  -42.772  37.716  13.644 0.0000000000
135382  -43.695  37.940  13.730 0.0000000000
135383  -44.477  38.176  13.731 0.0000000000
135387  -38.103  37.037  12.568 0.0000000000
135388  -38.792  37.264  12.782 0.0000000000
135389  -39.885  37.620  12.924 0.0000000000
135390  -40.861  37.825  12.878 0.0000000000
135391  -41.639  38.009  12.748 0.0000000000
135394  -37.972  37.313  11.993 0.0000000000
135395  -38.560  37.813  11.718 0.0000000000
135397  -37.861  37.479  10.958 0.0000000000
135398  -38.476  38.017  10.650 0.0000000000
135408  -38.509  37.782  9.372 0.0000000000
135419  -38.763  37.754  8.451 0.0000000000
135429  -38.759  37.549  7.464 0.0000000000
135430  -39.071  36.824  6.444 0.0000000000
135437  -38.702  37.641  6.312 0.0000000000
135438  -39.353  36.878  5.600 0.0000000000
135446  -39.112  37.397  5.287 0.0000000000
135461  -40.561  37.442  4.197 0.0000000000
136354  -50.715  38.097  19.862 0.0000000000
136355  -51.583  38.062  19.647 0.0000000000
136356  -52.366  37.746  19.465 0.0000000000
136357  -52.961  37.609  19.245 0.0000000000
136373  -52.174  38.289  19.237 0.0000000000
136374  -52.737  38.071  19.065 0.0000000000
136375  -53.320  37.893  18.806 0.0000000000
136382  -53.886  38.035  18.254 0.0000000000
136383  -54.301  37.716  17.947 0.0000000000
136388  -54.226  38.226  17.638 0.0000000000
136389  -54.509  37.913  17.315 0.0000000000
136398  -54.484  38.006  16.560 0.0000000000
136406  -51.441  38.215  14.695 0.0000000000
136407  -52.148  38.219  14.780 0.0000000000
136408  -53.270  38.393  15.029 0.0000000000
136409  -54.101  38.163  15.859 0.0000000000
136414  -45.081  38.171  14.067 0.0000000000
136415  -45.888  38.369  13.991 0.0000000000
136416  -46.921  38.533  13.972 0.0000000000
136417  -48.030  38.654  13.970 0.0000000000
136418  -49.164  38.706  14.026 0.0000000000
136419  -50.287  38.687  14.065 0.0000000000
136420  -51.542  38.852  14.116 0.0000000000
136421  -52.634  38.830  14.380 0.0000000000
136422  -53.117  38.972  14.500 0.0000000000
136426  -42.293  37.977  13.021 0.0000000000
136427  -43.049  38.199  12.975 0.0000000000
136428  -44.020  38.387  12.983 0.0000000000
136429  -45.121  38.515  13.152 0.0000000000
136430  -46.291  38.790  13.055 0.0000000000
136431  -47.434  38.968  13.061 0.0000000000
136432  -48.657  39.228  13.066 0.0000000000
136433  -49.800  39.164  13.433 0.0000000000
136434  -50.754  39.219  13.576 0.0000000000
136435  -51.335  39.361  13.609 0.0000000000
136439  -39.306  37.894  12.252 0.0000000000
136440  -40.090  38.145  12.200 0.0000000000
136441  -41.037  38.295  12.126 0.0000000000
136442  -42.146  38.395  12.219 0.0000000000
136443  -43.284  38.598  12.099 0.0000000000
136444  -44.418  38.752  12.068 0.0000000000
136445  -45.577  38.933  12.074 0.0000000000
136446  -46.767  39.286  11.991 0.0000000000
136447  -47.861  39.371  12.349 0.0000000000
136448  -48.435  39.514  12.423 0.0000000000
136451  -39.274  38.266  11.472 0.0000000000
136452  -40.176  38.549  11.350 0.0000000000
136453  -41.233  38.664  11.257 0.0000000000
136454  -42.394  38.818  11.150 0.0000000000
136455  -43.597  38.978  11.086 0.0000000000
136456  -44.819  39.267  10.985 0.0000000000
136457  -45.924  39.339  11.277 0.0000000000
136458  -46.475  39.511  11.292 0.0000000000
136461  -39.235  38.508  10.456 0.0000000000
136462  -40.233  38.785  10.373 0.0000000000
136463  -41.350  38.982  10.234 0.0000000000
136464  -42.672  39.298  9.959 0.0000000000
136465  -43.891  39.410  10.308 0.0000000000
136466  -44.484  39.538  10.310 0.0000000000
136473  -39.252  38.534  9.434 0.0000000000
136474  -40.209  38.982  9.423 0.0000000000
136475  -41.281  39.307  9.258 0.0000000000
136476  -42.130  39.642  8.945 0.0000000000
136485  -39.165  38.593  8.555 0.0000000000
136486  -40.096  39.230  8.642 0.0000000000
136487  -41.124  39.679  8.475 0.0000000000
136488  -41.915  39.840  8.482 0.0000000000
136498  -38.931  38.814  7.752 0.0000000000
136499  -40.061  39.570  8.229 0.0000000000
136500  -40.641  39.766  8.179 0.0000000000
136511  -38.498  38.546  6.599 0.0000000000
136519  -38.676  38.174  5.290 0.0000000000
136520  -39.301  37.621  4.814 0.0000000000
136529  -38.873  38.630  4.516 0.0000000000
136530  -39.675  38.051  4.191 0.0000000000
136531  -40.975  38.026  3.719 0.0000000000
137435  -51.101  38.512  19.602 0.0000000000
137448  -50.890  39.138  19.269 0.0000000000
137449  -51.622  38.918  19.103 0.0000000000
137450  -52.566  38.542  18.804 0.0000000000
137451  -52.975  38.260  18.769 0.0000000000
137459  -51.982  39.271  18.482 0.0000000000
137460  -52.644  39.148  18.214 0.0000000000
137461  -53.235  38.504  18.410 0.0000000000
137468  -53.046  39.365  17.587 0.0000000000
137469  -53.693  38.916  17.454 0.0000000000
137470  -54.278  38.427  17.290 0.0000000000
137478  -53.908  39.178  16.362 0.0000000000
137479  -54.324  38.569  16.850 0.0000000000
137488  -53.791  39.101  15.476 0.0000000000
137489  -54.193  38.630  16.211 0.0000000000
137496  -52.386  39.257  13.986 0.0000000000
137497  -52.923  39.280  14.228 0.0000000000
137498  -53.271  39.322  14.630 0.0000000000
137502  -49.520  39.565  12.893 0.0000000000
137503  -50.312  39.604  13.101 0.0000000000
137504  -51.077  39.639  13.339 0.0000000000
137505  -51.839  39.685  13.574 0.0000000000
137506  -52.626  39.656  14.004 0.0000000000
137507  -52.992  39.550  14.270 0.0000000000
137511  -47.543  39.629  11.735 0.0000000000
137512  -48.248  39.703  11.963 0.0000000000
137513  -48.960  39.744  12.389 0.0000000000
137514  -49.840  40.058  12.531 0.0000000000
137515  -50.764  40.001  12.986 0.0000000000
137516  -51.299  39.901  13.292 0.0000000000
137519  -45.573  39.567  10.669 0.0000000000
137520  -46.225  39.685  10.820 0.0000000000
137521  -46.940  39.783  11.196 0.0000000000
137522  -47.801  40.166  11.388 0.0000000000
137523  -48.724  40.127  11.855 0.0000000000
137524  -49.232  40.121  12.201 0.0000000000
137526  -43.515  39.653  9.726 0.0000000000
137527  -44.178  39.766  9.890 0.0000000000
137528  -44.980  39.755  10.176 0.0000000000
137529  -45.806  39.882  10.282 0.0000000000
137530  -46.478  40.224  10.562 0.0000000000
137531  -47.108  40.231  11.028 0.0000000000
137533  -43.027  39.780  9.232 0.0000000000
137534  -43.678  39.890  9.552 0.0000000000
137535  -44.389  40.238  9.661 0.0000000000
137536  -45.368  40.226  9.981 0.0000000000
137537  -45.934  40.188  10.107 0.0000000000
137544  -41.682  40.119  8.181 0.0000000000
137545  -42.560  40.072  8.638 0.0000000000
137546  -43.335  40.201  9.140 0.0000000000
137547  -43.781  40.225  9.415 0.0000000000
137554  -39.476  39.554  7.889 0.0000000000
137555  -40.271  39.915  7.979 0.0000000000
137556  -40.970  39.928  8.107 0.0000000000
137565  -38.287  39.646  6.815 0.0000000000
137566  -38.761  39.431  7.336 0.0000000000
137567  -39.564  39.889  7.763 0.0000000000
137577  -37.900  39.602  6.141 0.0000000000
137578  -38.213  39.013  6.219 0.0000000000
137590  -37.796  39.759  5.602 0.0000000000
137591  -38.229  39.275  5.067 0.0000000000
137592  -39.202  39.267  3.891 0.0000000000
137593  -40.431  38.881  3.507 0.0000000000
137594  -41.608  38.796  3.319 0.0000000000
137605  -39.453  39.850  3.529 0.0000000000
137606  -40.041  39.732  3.354 0.0000000000
137607  -41.080  39.611  3.114 0.0000000000
137608  -42.174  39.537  3.008 0.0000000000
137609  -43.123  39.493  3.076 0.0000000000
138455  -51.093  39.281  19.021 0.0000000000
138462  -49.606  40.397  18.269 0.0000000000
138463  -50.502  40.124  18.085 0.0000000000
138464  -51.473  39.547  18.389 0.0000000000
138465  -52.157  39.441  18.137 0.0000000000
138473  -51.000  40.366  17.408 0.0000000000
138474  -51.507  40.098  17.561 0.0000000000
138475  -52.467  39.773  17.406 0.0000000000
138476  -53.169  39.485  17.267 0.0000000000
138484  -52.763  40.039  16.705 0.0000000000
138485  -53.222  39.741  16.636 0.0000000000
138493  -53.432  39.801  15.700 0.0000000000
138500  -52.760  40.382  14.408 0.0000000000
138501  -53.328  39.873  14.880 0.0000000000
138505  -51.928  40.123  13.519 0.0000000000
138506  -52.344  40.207  13.785 0.0000000000
138507  -52.959  39.852  14.289 0.0000000000
138511  -49.902  40.476  12.380 0.0000000000
138512  -50.463  40.601  12.618 0.0000000000
138513  -51.430  40.292  13.264 0.0000000000
138514  -51.927  40.364  13.516 0.0000000000
138518  -47.913  40.606  11.215 0.0000000000
138519  -48.519  40.675  11.489 0.0000000000
138520  -49.425  40.532  12.061 0.0000000000
138521  -49.933  40.697  12.285 0.0000000000
138524  -46.608  40.788  10.453 0.0000000000
138525  -47.329  40.674  10.945 0.0000000000
138526  -48.015  40.875  11.113 0.0000000000
138529  -43.759  40.964  9.171 0.0000000000
138530  -44.328  40.723  9.484 0.0000000000
138531  -45.076  40.632  9.743 0.0000000000
138532  -45.936  40.581  9.990 0.0000000000
138537  -40.827  40.901  8.045 0.0000000000
138538  -41.551  40.779  8.110 0.0000000000
138539  -42.325  40.634  8.397 0.0000000000
138540  -43.149  40.627  8.848 0.0000000000
138541  -43.762  40.472  9.303 0.0000000000
138548  -38.561  40.638  7.619 0.0000000000
138549  -39.181  40.569  7.781 0.0000000000
138550  -40.023  40.514  7.882 0.0000000000
138551  -40.925  40.331  8.002 0.0000000000
138558  -38.036  40.274  6.982 0.0000000000
138559  -38.672  40.078  7.377 0.0000000000
138560  -39.252  40.076  7.635 0.0000000000
138570  -37.587  40.172  6.112 0.0000000000
138584  -37.700  40.185  5.225 0.0000000000
138585  -38.326  40.158  4.259 0.0000000000
138586  -39.019  40.014  3.659 0.0000000000
138589  -46.050  39.781  3.443 0.0000000000
138597  -38.739  40.524  3.670 0.0000000000
138598  -39.502  40.441  3.393 0.0000000000
138599  -40.508  40.429  3.040 0.0000000000
138600  -41.588  40.357  2.812 0.0000000000
138601  -42.713  40.231  2.787 0.0000000000
138602  -43.976  39.962  3.057 0.0000000000
138603  -45.085  40.250  3.032 0.0000000000
138604  -45.897  40.422  2.994 0.0000000000
139380  -51.979  40.238  17.098 0.0000000000
139392  -52.854  40.142  16.407 0.0000000000
139404  -52.904  40.301  15.931 0.0000000000
139413  -52.389  40.996  14.597 0.0000000000
139414  -52.959  40.464  15.117 0.0000000000
139422  -52.230  40.869  13.947 0.0000000000
139428  -50.555  41.344  12.542 0.0000000000
139429  -51.248  40.999  13.004 0.0000000000
139430  -51.843  40.670  13.498 0.0000000000
139435  -47.790  41.578  11.135 0.0000000000
139436  -48.412  41.337  11.336 0.0000000000
139437  -49.258  41.161  11.742 0.0000000000
139438  -49.957  40.973  12.157 0.0000000000
139443  -43.791  41.764  9.811 0.0000000000
139444  -44.600  41.672  9.885 0.0000000000
139445  -45.390  41.534  9.998 0.0000000000
139446  -46.178  41.254  10.254 0.0000000000
139447  -47.101  41.298  10.777 0.0000000000
139448  -47.759  41.147  10.981 0.0000000000
139452  -39.978  41.871  9.241 0.0000000000
139453  -40.716  41.896  9.129 0.0000000000
139454  -41.548  41.851  9.127 0.0000000000
139455  -42.433  41.753  9.277 0.0000000000
139456  -43.352  41.333  9.149 0.0000000000
139457  -44.167  41.225  9.409 0.0000000000
139458  -44.892  41.113  9.604 0.0000000000
139459  -45.543  41.016  9.780 0.0000000000
139462  -38.575  41.643  8.582 0.0000000000
139463  -39.337  41.625  8.796 0.0000000000
139464  -40.256  41.350  8.473 0.0000000000
139465  -41.182  41.380  8.484 0.0000000000
139466  -42.009  41.296  8.546 0.0000000000
139467  -42.731  41.155  8.657 0.0000000000
139473  -37.217  41.484  7.492 0.0000000000
139474  -37.984  41.227  7.869 0.0000000000
139475  -38.885  41.131  8.109 0.0000000000
139476  -39.569  41.080  8.126 0.0000000000
139483  -36.847  41.441  6.721 0.0000000000
139484  -37.400  40.817  6.879 0.0000000000
139492  -36.706  41.534  5.751 0.0000000000
139493  -37.153  40.795  5.875 0.0000000000
139504  -36.701  41.785  5.147 0.0000000000
139505  -37.370  41.183  4.705 0.0000000000
139506  -38.174  40.874  3.915 0.0000000000
139507  -46.591  40.330  3.285 0.0000000000
139519  -37.842  41.426  3.825 0.0000000000
139520  -38.718  41.263  3.427 0.0000000000
139521  -39.816  41.254  3.018 0.0000000000
139522  -40.882  41.193  2.712 0.0000000000
139523  -42.019  41.181  2.527 0.0000000000
139524  -43.178  40.918  2.563 0.0000000000
139525  -44.222  40.898  2.630 0.0000000000
139526  -45.235  40.946  2.609 0.0000000000
139527  -46.395  40.983  2.731 0.0000000000
139528  -47.474  41.137  2.978 0.0000000000
139529  -48.172  41.361  3.096 0.0000000000
139536  -42.598  41.640  2.295 0.0000000000
139537  -43.395  41.673  2.237 0.0000000000
139538  -44.381  41.668  2.193 0.0000000000
139539  -45.376  41.634  2.146 0.0000000000
139540  -46.174  41.674  2.137 0.0000000000
140348  -51.911  41.533  14.121 0.0000000000
140365  -51.103  41.748  13.055 0.0000000000
140366  -51.687  41.328  13.516 0.0000000000
140380  -47.261  42.008  11.422 0.0000000000
140381  -48.233  42.031  11.643 0.0000000000
140394  -45.835  41.861  10.666 0.0000000000
140395  -46.560  41.710  10.836 0.0000000000
140414  -36.416  42.802  7.021 0.0000000000
140416  -37.382  41.927  8.126 0.0000000000
140424  -36.179  42.842  6.408 0.0000000000
140425  -36.440  42.156  6.547 0.0000000000
140435  -35.971  43.000  5.848 0.0000000000
140436  -36.306  42.302  5.637 0.0000000000
140444  -36.067  42.851  5.229 0.0000000000
140445  -36.598  42.292  4.611 0.0000000000
140446  -37.272  41.853  4.005 0.0000000000
140447  -48.790  41.342  3.428 0.0000000000
140456  -36.943  42.433  3.773 0.0000000000
140457  -37.810  42.176  3.380 0.0000000000
140458  -38.983  42.164  2.828 0.0000000000
140459  -40.137  42.004  2.640 0.0000000000
140460  -41.121  41.975  2.442 0.0000000000
140461  -41.907  41.992  2.262 0.0000000000
140462  -46.870  41.497  2.453 0.0000000000
140463  -47.592  41.692  2.538 0.0000000000
140464  -48.608  41.874  2.841 0.0000000000
140465  -49.671  42.388  3.064 0.0000000000
140473  -39.547  42.675  2.456 0.0000000000
140474  -40.350  42.746  2.301 0.0000000000
140475  -41.324  42.721  2.129 0.0000000000
140476  -42.430  42.505  2.014 0.0000000000
140477  -43.526  42.555  1.937 0.0000000000
140478  -44.550  42.521  1.879 0.0000000000
140479  -45.541  42.411  1.840 0.0000000000
140480  -46.635  42.219  1.944 0.0000000000
140481  -47.683  42.415  2.040 0.0000000000
140482  -48.674  42.718  2.203 0.0000000000
140483  -49.463  43.063  2.328 0.0000000000
141365  -35.981  43.557  5.538 0.0000000000
141374  -36.065  43.344  4.659 0.0000000000
141375  -36.462  42.920  3.984 0.0000000000
141383  -36.265  43.550  3.927 0.0000000000
141384  -36.915  43.240  3.259 0.0000000000
141385  -38.030  42.980  2.765 0.0000000000
141386  -38.840  42.989  2.455 0.0000000000
141387  -50.152  43.044  2.802 0.0000000000
141394  -37.467  43.750  2.636 0.0000000000
141395  -38.282  43.704  2.295 0.0000000000
141396  -39.400  43.535  2.146 0.0000000000
141397  -40.530  43.614  2.011 0.0000000000
141398  -41.605  43.583  1.894 0.0000000000
141399  -42.688  43.553  1.837 0.0000000000
141400  -43.762  43.546  1.807 0.0000000000
141401  -44.803  43.469  1.751 0.0000000000
141402  -45.788  43.175  1.717 0.0000000000
141403  -46.738  43.175  1.665 0.0000000000
141404  -47.713  43.375  1.710 0.0000000000
141405  -48.690  43.773  1.854 0.0000000000
141406  -49.872  43.866  2.266 0.0000000000
141407  -50.596  44.370  2.506 0.0000000000
141411  -45.236  43.904  1.702 0.0000000000
141412  -45.907  43.995  1.666 0.0000000000
141413  -46.798  44.132  1.627 0.0000000000
141414  -47.671  44.357  1.678 0.0000000000
141415  -48.288  44.666  1.789 0.0000000000
142267  -36.224  44.162  5.914 0.0000000000
142272  -36.120  44.295  5.208 0.0000000000
142280  -36.088  44.167  4.391 0.0000000000
142288  -36.337  44.197  3.639 0.0000000000
142289  -36.833  44.385  2.942 0.0000000000
142295  -37.592  44.597  2.361 0.0000000000
142296  -38.616  44.587  2.017 0.0000000000
142297  -39.723  44.584  1.919 0.0000000000
142298  -40.823  44.604  1.870 0.0000000000
142299  -41.903  44.600  1.865 0.0000000000
142300  -42.975  44.602  1.870 0.0000000000
142301  -44.128  44.631  1.875 0.0000000000
142302  -44.778  44.178  1.780 0.0000000000
142303  -49.008  44.711  1.941 0.0000000000
142304  -49.894  44.954  2.126 0.0000000000
142305  -50.765  45.168  2.453 0.0000000000
142310  -44.475  45.138  1.980 0.0000000000
142311  -45.045  44.736  1.857 0.0000000000
142312  -46.008  44.899  1.832 0.0000000000
142313  -46.899  45.062  1.796 0.0000000000
142314  -47.725  45.228  1.873 0.0000000000
142315  -48.397  45.337  1.974 0.0000000000
142326  -42.273  44.810  -2.030 0.0000000000
142327  -42.659  44.810  -2.000 0.0000000000
142328  -43.384  44.824  -1.971 0.0000000000
142332  -40.803  44.571  -2.905 0.0000000000
142333  -41.330  44.589  -2.709 0.0000000000
142334  -42.115  44.664  -2.398 0.0000000000
142335  -43.038  44.567  -2.527 0.0000000000
142336  -44.036  44.578  -2.419 0.0000000000
142337  -45.014  44.571  -2.630 0.0000000000
142338  -45.922  44.581  -2.703 0.0000000000
142339  -46.836  44.627  -2.741 0.0000000000
142340  -47.752  44.669  -2.766 0.0000000000
142341  -48.672  44.606  -2.758 0.0000000000
142342  -49.610  44.514  -2.739 0.0000000000
142343  -50.561  44.511  -2.747 0.0000000000
142344  -51.417  44.648  -2.803 0.0000000000
142351  -41.108  44.556  -3.027 0.0000000000
142352  -41.666  44.591  -3.153 0.0000000000
142353  -42.559  44.514  -3.286 0.0000000000
142354  -43.507  44.409  -3.210 0.0000000000
142355  -44.433  44.391  -3.275 0.0000000000
142356  -45.368  44.435  -3.380 0.0000000000
142357  -46.297  44.492  -3.436 0.0000000000
142358  -47.214  44.571  -3.469 0.0000000000
142359  -48.120  44.555  -3.506 0.0000000000
142360  -49.027  44.424  -3.554 0.0000000000
142361  -49.960  44.303  -3.571 0.0000000000
142362  -50.928  44.263  -3.550 0.0000000000
142363  -52.004  44.521  -3.477 0.0000000000
142364  -52.770  44.808  -3.843 0.0000000000
142373  -43.157  44.494  -3.826 0.0000000000
142374  -43.893  44.460  -3.969 0.0000000000
142375  -44.804  44.497  -4.097 0.0000000000
142376  -45.747  44.568  -4.176 0.0000000000
142377  -46.678  44.671  -4.183 0.0000000000
142378  -47.575  44.697  -4.225 0.0000000000
142379  -48.445  44.618  -4.321 0.0000000000
142380  -49.340  44.481  -4.508 0.0000000000
142381  -50.276  44.274  -4.448 0.0000000000
142382  -51.228  44.174  -4.470 0.0000000000
142383  -52.198  44.337  -4.524 0.0000000000
142384  -53.202  44.683  -4.543 0.0000000000
142385  -53.978  44.786  -4.805 0.0000000000
142391  -49.766  44.556  -5.174 0.0000000000
142392  -50.440  44.409  -5.472 0.0000000000
142393  -51.413  44.227  -5.450 0.0000000000
142394  -52.356  44.200  -5.500 0.0000000000
142403  -50.779  44.498  -6.228 0.0000000000
142404  -51.445  44.353  -6.546 0.0000000000
142405  -52.433  44.106  -6.538 0.0000000000
143279  -36.225  44.667  4.783 0.0000000000
143283  -36.311  44.851  4.270 0.0000000000
143284  -36.708  45.616  4.126 0.0000000000
143290  -36.535  44.959  3.547 0.0000000000
143291  -37.043  45.584  3.014 0.0000000000
143298  -37.985  45.601  2.256 0.0000000000
143299  -39.010  45.589  2.000 0.0000000000
143300  -40.092  45.642  1.961 0.0000000000
143301  -41.186  45.646  1.973 0.0000000000
143302  -42.235  45.636  2.039 0.0000000000
143303  -43.242  45.648  2.085 0.0000000000
143304  -44.123  45.757  2.080 0.0000000000
143305  -44.678  46.078  2.097 0.0000000000
143306  -48.527  46.137  2.153 0.0000000000
143307  -48.932  45.795  2.092 0.0000000000
143308  -50.117  45.954  2.196 0.0000000000
143309  -51.131  46.022  2.443 0.0000000000
143316  -44.705  45.475  2.031 0.0000000000
143317  -45.325  45.730  2.017 0.0000000000
143318  -46.225  45.815  2.005 0.0000000000
143319  -47.115  45.976  2.049 0.0000000000
143320  -48.119  46.054  2.122 0.0000000000
143321  -48.455  45.701  2.082 0.0000000000
143332  -38.495  45.332  -2.264 0.0000000000
143333  -38.947  45.222  -2.124 0.0000000000
143334  -39.965  45.088  -1.894 0.0000000000
143335  -41.037  45.115  -1.746 0.0000000000
143336  -42.083  45.129  -1.832 0.0000000000
143337  -43.061  45.365  -1.664 0.0000000000
143338  -44.083  45.345  -1.727 0.0000000000
143339  -45.091  45.537  -1.725 0.0000000000
143340  -45.980  45.561  -1.727 0.0000000000
143341  -46.878  45.597  -1.707 0.0000000000
143342  -47.801  45.648  -1.695 0.0000000000
143343  -48.743  45.645  -1.589 0.0000000000
143344  -49.721  45.653  -1.514 0.0000000000
143345  -50.710  45.716  -1.541 0.0000000000
143346  -51.579  45.831  -1.724 0.0000000000
143351  -38.573  45.314  -2.822 0.0000000000
143352  -39.525  44.956  -2.804 0.0000000000
143353  -40.696  44.717  -2.693 0.0000000000
143354  -41.526  44.767  -2.200 0.0000000000
143355  -42.118  44.847  -1.934 0.0000000000
143356  -44.763  44.891  -2.036 0.0000000000
143357  -45.545  44.909  -2.074 0.0000000000
143358  -46.432  44.925  -2.090 0.0000000000
143359  -47.344  44.967  -2.103 0.0000000000
143360  -48.265  45.002  -2.103 0.0000000000
143361  -49.210  44.973  -2.053 0.0000000000
143362  -50.181  44.989  -2.050 0.0000000000
143363  -51.149  45.099  -2.141 0.0000000000
143364  -52.235  45.387  -2.423 0.0000000000
143365  -53.075  45.757  -2.830 0.0000000000
143368  -39.198  45.360  -3.737 0.0000000000
143369  -40.107  44.988  -3.616 0.0000000000
143370  -41.065  44.832  -3.596 0.0000000000
143371  -41.949  44.790  -3.843 0.0000000000
143372  -42.642  44.686  -4.030 0.0000000000
143373  -52.758  45.161  -3.199 0.0000000000
143374  -53.539  45.513  -3.557 0.0000000000
143375  -54.252  45.815  -3.870 0.0000000000
143382  -39.828  45.517  -4.307 0.0000000000
143383  -40.642  45.390  -4.292 0.0000000000
143384  -41.540  45.289  -4.368 0.0000000000
143385  -42.410  45.155  -4.498 0.0000000000
143386  -43.319  44.915  -4.498 0.0000000000
143387  -44.272  44.892  -4.648 0.0000000000
143388  -45.179  44.994  -4.921 0.0000000000
143389  -46.179  44.988  -4.874 0.0000000000
143390  -47.073  45.056  -4.887 0.0000000000
143391  -47.919  45.019  -4.995 0.0000000000
143392  -48.691  44.933  -5.137 0.0000000000
143393  -49.256  44.852  -5.352 0.0000000000
143394  -53.964  45.261  -4.244 0.0000000000
143395  -54.711  45.378  -4.413 0.0000000000
143406  -45.814  45.510  -5.379 0.0000000000
143407  -46.630  45.601  -5.436 0.0000000000
143408  -47.489  45.626  -5.557 0.0000000000
143409  -48.279  45.549  -5.742 0.0000000000
143410  -48.931  45.372  -5.876 0.0000000000
143411  -49.584  45.120  -6.085 0.0000000000
143412  -50.228  44.897  -6.370 0.0000000000
143421  -49.938  45.547  -6.815 0.0000000000
143422  -50.575  45.215  -7.175 0.0000000000
144328  -37.238  46.707  3.981 0.0000000000
144332  -37.808  46.689  2.844 0.0000000000
144333  -38.579  47.046  2.528 0.0000000000
144339  -38.499  46.350  2.303 0.0000000000
144340  -39.390  46.689  2.248 0.0000000000
144341  -40.557  46.682  2.181 0.0000000000
144342  -41.614  46.665  2.228 0.0000000000
144343  -42.609  46.650  2.253 0.0000000000
144344  -43.513  46.654  2.224 0.0000000000
144345  -44.291  46.731  2.166 0.0000000000
144346  -45.063  46.746  2.091 0.0000000000
144347  -45.669  47.098  2.053 0.0000000000
144348  -48.612  46.636  2.195 0.0000000000
144349  -49.472  46.834  2.221 0.0000000000
144350  -50.528  46.994  2.306 0.0000000000
144352  -52.412  46.846  2.566 0.0000000000
144359  -45.719  46.446  2.063 0.0000000000
144360  -46.424  46.875  2.088 0.0000000000
144361  -47.453  46.951  2.156 0.0000000000
144362  -48.112  46.954  2.223 0.0000000000
144371  -36.770  46.542  -1.179 0.0000000000
144372  -37.409  46.277  -0.974 0.0000000000
144373  -38.567  46.217  -0.678 0.0000000000
144374  -39.810  46.493  -0.645 0.0000000000
144375  -40.952  46.725  -0.814 0.0000000000
144376  -42.020  46.904  -0.970 0.0000000000
144377  -43.034  47.035  -1.115 0.0000000000
144378  -43.920  47.092  -1.255 0.0000000000
144381  -36.869  46.315  -1.821 0.0000000000
144382  -38.015  45.573  -1.916 0.0000000000
144383  -39.277  45.601  -1.299 0.0000000000
144384  -40.440  45.763  -1.195 0.0000000000
144385  -41.531  45.923  -1.266 0.0000000000
144386  -42.558  46.089  -1.369 0.0000000000
144387  -43.555  46.215  -1.419 0.0000000000
144388  -44.603  46.432  -1.453 0.0000000000
144389  -45.508  46.289  -1.496 0.0000000000
144390  -46.358  46.348  -1.481 0.0000000000
144391  -47.274  46.422  -1.454 0.0000000000
144392  -48.221  46.473  -1.404 0.0000000000
144393  -49.194  46.497  -1.284 0.0000000000
144394  -50.201  46.549  -1.231 0.0000000000
144395  -51.236  46.641  -1.303 0.0000000000
144396  -52.320  46.625  -1.695 0.0000000000
144397  -53.178  46.981  -2.099 0.0000000000
144402  -37.123  46.222  -2.880 0.0000000000
144403  -37.841  45.703  -3.087 0.0000000000
144404  -52.944  46.251  -2.333 0.0000000000
144405  -53.711  46.565  -2.774 0.0000000000
144406  -54.353  46.812  -3.102 0.0000000000
144411  -37.608  46.288  -3.884 0.0000000000
144412  -38.347  45.754  -3.861 0.0000000000
144413  -54.152  46.265  -3.401 0.0000000000
144414  -54.766  46.388  -3.598 0.0000000000
144415  -55.287  46.325  -3.642 0.0000000000
144420  -38.153  46.295  -4.573 0.0000000000
144421  -39.095  46.111  -4.887 0.0000000000
144422  -40.272  45.971  -4.900 0.0000000000
144423  -41.220  45.927  -4.886 0.0000000000
144424  -42.140  45.825  -4.978 0.0000000000
144425  -43.067  45.663  -5.078 0.0000000000
144426  -43.989  45.475  -5.126 0.0000000000
144427  -44.583  45.290  -5.111 0.0000000000
144437  -39.396  46.651  -5.618 0.0000000000
144438  -40.040  46.511  -5.513 0.0000000000
144439  -40.964  46.497  -5.446 0.0000000000
144440  -41.891  46.466  -5.472 0.0000000000
144441  -42.850  46.432  -5.569 0.0000000000
144442  -43.868  46.321  -5.596 0.0000000000
144443  -44.993  45.948  -5.589 0.0000000000
144444  -46.172  46.242  -5.833 0.0000000000
144445  -47.119  46.374  -5.946 0.0000000000
144446  -47.979  46.386  -6.180 0.0000000000
144447  -48.777  46.299  -6.443 0.0000000000
144448  -49.144  45.747  -6.354 0.0000000000
144454  -49.120  46.800  -6.781 0.0000000000
144455  -49.447  46.331  -6.863 0.0000000000
144456  -50.176  46.387  -7.382 0.0000000000
145332  -37.525  47.655  4.161 0.0000000000
145336  -37.744  47.557  3.469 0.0000000000
145337  -38.315  47.630  2.891 0.0000000000
145340  -39.112  47.685  2.546 0.0000000000
145341  -40.077  47.658  2.399 0.0000000000
145342  -41.101  47.647  2.414 0.0000000000
145343  -42.105  47.658  2.395 0.0000000000
145344  -43.061  47.606  2.336 0.0000000000
145345  -43.867  47.516  2.198 0.0000000000
145346  -44.617  47.638  2.081 0.0000000000
145347  -45.280  47.508  1.995 0.0000000000
145348  -48.408  47.259  2.226 0.0000000000
145349  -48.902  47.548  2.201 0.0000000000
145350  -49.877  48.123  2.315 0.0000000000
145351  -51.037  48.003  2.315 0.0000000000
145352  -51.978  47.858  2.337 0.0000000000
145353  -52.741  47.624  2.224 0.0000000000
145359  -45.190  48.109  1.887 0.0000000000
145360  -45.953  47.894  1.931 0.0000000000
145361  -46.994  47.935  2.058 0.0000000000
145362  -48.113  47.925  2.155 0.0000000000
145363  -49.078  48.503  2.156 0.0000000000
145364  -49.571  48.784  2.270 0.0000000000
145369  -37.183  47.395  0.093 0.0000000000
145370  -38.062  47.667  0.330 0.0000000000
145371  -38.830  48.014  0.445 0.0000000000
145372  -55.572  47.289  0.130 0.0000000000
145377  -35.987  47.639  -1.029 0.0000000000
145378  -36.749  46.951  -0.611 0.0000000000
145379  -37.839  46.904  -0.216 0.0000000000
145380  -39.116  47.363  -0.004 0.0000000000
145381  -40.370  47.516  -0.315 0.0000000000
145382  -41.451  47.729  -0.562 0.0000000000
145383  -42.505  47.886  -0.739 0.0000000000
145384  -43.565  47.969  -0.906 0.0000000000
145385  -44.804  47.716  -1.131 0.0000000000
145386  -45.974  48.047  -1.067 0.0000000000
145387  -46.983  48.201  -1.092 0.0000000000
145388  -47.975  48.288  -1.078 0.0000000000
145389  -48.978  48.349  -1.025 0.0000000000
145390  -50.003  48.408  -0.969 0.0000000000
145391  -51.006  48.448  -0.917 0.0000000000
145392  -51.559  48.496  -0.978 0.0000000000
145393  -55.676  47.552  -0.383 0.0000000000
145394  -56.026  47.195  -0.638 0.0000000000
145396  -35.989  47.735  -1.914 0.0000000000
145397  -36.364  46.993  -1.509 0.0000000000
145398  -45.181  46.884  -1.371 0.0000000000
145399  -45.761  47.098  -1.347 0.0000000000
145400  -46.675  47.250  -1.314 0.0000000000
145401  -47.635  47.347  -1.305 0.0000000000
145402  -48.613  47.399  -1.223 0.0000000000
145403  -49.613  47.448  -1.119 0.0000000000
145404  -50.647  47.540  -1.063 0.0000000000
145405  -51.758  47.813  -1.127 0.0000000000
145406  -52.845  47.723  -1.541 0.0000000000
145407  -53.918  47.612  -2.138 0.0000000000
145408  -54.535  47.816  -2.183 0.0000000000
145412  -36.070  47.906  -2.440 0.0000000000
145413  -36.420  47.266  -2.621 0.0000000000
145414  -54.228  47.140  -2.729 0.0000000000
145415  -54.809  47.318  -2.765 0.0000000000
145416  -55.587  47.280  -2.652 0.0000000000
145417  -56.212  46.825  -2.475 0.0000000000
145422  -36.894  47.037  -3.822 0.0000000000
145423  -55.091  46.795  -3.353 0.0000000000
145424  -55.411  46.820  -3.228 0.0000000000
145428  -37.612  46.981  -5.025 0.0000000000
145429  -38.344  46.574  -5.123 0.0000000000
145433  -37.871  47.381  -5.778 0.0000000000
145434  -38.699  47.081  -5.919 0.0000000000
145435  -39.867  47.033  -6.061 0.0000000000
145436  -40.786  47.019  -5.998 0.0000000000
145437  -41.698  47.004  -5.983 0.0000000000
145438  -42.590  47.042  -6.007 0.0000000000
145439  -43.671  47.311  -6.154 0.0000000000
145440  -44.757  47.032  -6.081 0.0000000000
145441  -45.787  46.996  -6.138 0.0000000000
145442  -46.788  47.164  -6.213 0.0000000000
145443  -47.714  47.273  -6.378 0.0000000000
145444  -48.641  47.376  -6.643 0.0000000000
145452  -39.106  47.755  -6.580 0.0000000000
145453  -39.741  47.617  -6.575 0.0000000000
145454  -40.669  47.536  -6.533 0.0000000000
145455  -41.576  47.496  -6.484 0.0000000000
145456  -42.462  47.527  -6.437 0.0000000000
145457  -43.049  47.525  -6.350 0.0000000000
145458  -48.958  47.007  -6.747 0.0000000000
146320  -37.608  48.316  3.701 0.0000000000
146321  -37.992  48.252  3.113 0.0000000000
146323  -38.719  48.333  2.652 0.0000000000
146324  -39.701  48.438  2.462 0.0000000000
146325  -40.693  48.492  2.446 0.0000000000
146326  -41.640  48.503  2.391 0.0000000000
146327  -42.661  48.688  2.239 0.0000000000
146328  -43.643  48.306  2.137 0.0000000000
146329  -44.156  48.054  2.074 0.0000000000
146330  -49.925  49.018  2.308 0.0000000000
146331  -50.675  49.109  2.207 0.0000000000
146332  -51.586  48.750  2.188 0.0000000000
146333  -52.421  48.671  1.984 0.0000000000
146334  -53.224  48.173  1.869 0.0000000000
146338  -42.964  49.287  1.895 0.0000000000
146339  -43.583  49.051  1.856 0.0000000000
146340  -44.543  48.627  1.810 0.0000000000
146341  -45.627  48.733  1.646 0.0000000000
146342  -46.586  48.816  1.769 0.0000000000
146343  -47.588  48.932  1.906 0.0000000000
146344  -48.593  49.138  1.986 0.0000000000
146345  -49.533  49.337  2.104 0.0000000000
146346  -50.125  49.448  2.171 0.0000000000
146347  -52.635  49.139  1.658 0.0000000000
146348  -53.106  48.840  1.597 0.0000000000
146349  -53.970  48.317  1.313 0.0000000000
146350  -54.518  47.831  1.081 0.0000000000
146353  -35.925  48.609  0.291 0.0000000000
146354  -37.068  48.103  0.631 0.0000000000
146355  -38.247  48.297  0.823 0.0000000000
146356  -39.284  48.545  0.688 0.0000000000
146357  -40.288  48.923  0.541 0.0000000000
146358  -41.329  49.132  0.411 0.0000000000
146359  -42.376  49.284  0.265 0.0000000000
146360  -43.362  49.427  0.100 0.0000000000
146361  -43.901  49.557  -0.010 0.0000000000
146362  -54.332  48.521  0.270 0.0000000000
146363  -54.786  47.917  0.581 0.0000000000
146367  -35.745  48.541  -0.682 0.0000000000
146368  -36.337  47.770  -0.133 0.0000000000
146369  -39.312  48.063  0.339 0.0000000000
146370  -39.901  48.187  0.201 0.0000000000
146371  -40.881  48.439  -0.049 0.0000000000
146372  -41.923  48.637  -0.243 0.0000000000
146373  -42.983  48.771  -0.363 0.0000000000
146374  -44.104  49.003  -0.441 0.0000000000
146375  -45.262  48.870  -0.644 0.0000000000
146376  -46.303  48.929  -0.634 0.0000000000
146377  -47.300  49.022  -0.637 0.0000000000
146378  -48.298  49.099  -0.609 0.0000000000
146379  -49.333  49.190  -0.583 0.0000000000
146380  -50.428  49.234  -0.575 0.0000000000
146381  -51.604  49.059  -0.713 0.0000000000
146382  -52.613  49.056  -0.651 0.0000000000
146383  -53.122  48.997  -0.661 0.0000000000
146384  -54.478  48.471  -0.625 0.0000000000
146385  -55.233  47.927  -0.374 0.0000000000
146386  -55.699  47.616  -0.626 0.0000000000
146389  -35.759  48.472  -1.565 0.0000000000
146390  -51.833  48.516  -1.008 0.0000000000
146391  -52.360  48.510  -1.049 0.0000000000
146392  -53.339  48.546  -1.128 0.0000000000
146393  -54.430  48.151  -1.541 0.0000000000
146394  -55.172  47.984  -1.264 0.0000000000
146395  -55.731  47.625  -1.043 0.0000000000
146398  -35.949  48.462  -2.286 0.0000000000
146399  -36.199  48.290  -2.879 0.0000000000
146400  -54.792  47.858  -2.169 0.0000000000
146401  -55.133  47.791  -2.075 0.0000000000
146402  -55.743  47.543  -1.861 0.0000000000
146406  -36.445  48.009  -3.658 0.0000000000
146409  -36.548  48.608  -5.357 0.0000000000
146410  -36.749  47.838  -4.733 0.0000000000
146413  -36.757  48.610  -5.907 0.0000000000
146414  -37.329  48.036  -5.972 0.0000000000
146415  -38.037  47.584  -6.116 0.0000000000
146417  -44.714  47.822  -6.457 0.0000000000
146419  -46.499  47.857  -6.403 0.0000000000
146426  -37.824  48.398  -6.675 0.0000000000
146427  -38.453  48.031  -6.631 0.0000000000
146428  -39.609  48.351  -7.150 0.0000000000
146429  -40.603  48.087  -7.069 0.0000000000
146430  -41.508  47.969  -6.999 0.0000000000
146431  -42.383  47.962  -6.902 0.0000000000
146446  -40.058  48.842  -7.675 0.0000000000
147282  -37.122  49.054  3.512 0.0000000000
147283  -37.617  48.603  3.214 0.0000000000
147286  -36.246  49.792  2.162 0.0000000000
147287  -36.994  49.221  2.499 0.0000000000
147288  -37.992  48.723  2.566 0.0000000000
147289  -39.284  48.862  2.233 0.0000000000
147290  -40.343  49.073  2.206 0.0000000000
147291  -41.327  49.107  2.195 0.0000000000
147292  -41.972  49.009  2.194 0.0000000000
147293  -50.981  49.632  1.947 0.0000000000
147294  -51.441  49.372  2.000 0.0000000000
147295  -51.895  49.109  1.993 0.0000000000
147297  -35.985  49.598  1.413 0.0000000000
147298  -36.785  49.163  1.743 0.0000000000
147299  -37.790  48.963  1.882 0.0000000000
147300  -38.897  49.036  1.827 0.0000000000
147301  -39.992  49.279  1.726 0.0000000000
147302  -41.064  49.401  1.680 0.0000000000
147303  -42.244  49.370  1.718 0.0000000000
147304  -43.324  49.490  1.387 0.0000000000
147305  -44.288  49.384  1.293 0.0000000000
147306  -45.274  49.312  1.263 0.0000000000
147307  -46.255  49.391  1.283 0.0000000000
147308  -47.228  49.503  1.354 0.0000000000
147309  -48.235  49.636  1.405 0.0000000000
147310  -49.289  49.870  1.521 0.0000000000
147311  -50.462  49.911  1.670 0.0000000000
147312  -51.327  49.744  1.648 0.0000000000
147313  -52.098  49.417  1.669 0.0000000000
147314  -52.851  49.388  1.250 0.0000000000
147315  -53.398  48.960  1.255 0.0000000000
147319  -35.688  49.474  0.639 0.0000000000
147320  -36.436  48.882  1.051 0.0000000000
147321  -37.484  48.669  1.287 0.0000000000
147322  -38.588  48.791  1.307 0.0000000000
147323  -39.632  49.118  1.182 0.0000000000
147324  -40.679  49.391  1.081 0.0000000000
147325  -41.762  49.514  1.001 0.0000000000
147326  -42.846  49.571  0.842 0.0000000000
147327  -43.962  49.627  0.534 0.0000000000
147328  -44.979  49.531  0.620 0.0000000000
147329  -45.949  49.602  0.646 0.0000000000
147330  -46.926  49.656  0.670 0.0000000000
147331  -47.921  49.738  0.697 0.0000000000
147332  -48.966  49.986  0.738 0.0000000000
147333  -50.200  50.205  0.821 0.0000000000
147334  -50.795  50.190  0.566 0.0000000000
147335  -52.278  49.802  0.362 0.0000000000
147336  -53.006  49.497  0.496 0.0000000000
147337  -53.581  49.035  0.770 0.0000000000
147341  -35.504  49.697  -0.388 0.0000000000
147342  -44.190  49.553  -0.032 0.0000000000
147343  -44.707  49.470  -0.035 0.0000000000
147344  -45.642  49.457  -0.048 0.0000000000
147345  -46.622  49.505  -0.032 0.0000000000
147346  -47.606  49.576  -0.014 0.0000000000
147347  -48.617  49.729  -0.015 0.0000000000
147348  -49.721  49.900  -0.008 0.0000000000
147349  -50.918  49.943  0.057 0.0000000000
147350  -52.011  49.644  -0.171 0.0000000000
147351  -53.008  49.299  -0.283 0.0000000000
147352  -53.722  49.017  -0.031 0.0000000000
147356  -35.708  49.383  -1.347 0.0000000000
147357  -53.317  48.929  -0.666 0.0000000000
147358  -53.728  48.761  -0.703 0.0000000000
147362  -35.923  49.272  -2.049 0.0000000000
147363  -36.261  49.199  -2.710 0.0000000000
147366  -36.318  49.001  -3.496 0.0000000000
147369  -36.129  49.452  -5.007 0.0000000000
147370  -36.360  48.758  -4.387 0.0000000000
147373  -36.383  49.211  -6.088 0.0000000000
147374  -36.910  48.674  -6.206 0.0000000000
147379  -36.622  49.729  -7.046 0.0000000000
147380  -37.329  48.939  -6.818 0.0000000000
147381  -38.343  48.755  -7.143 0.0000000000
147382  -38.946  48.609  -7.186 0.0000000000
147396  -36.835  50.049  -7.547 0.0000000000
147397  -37.366  49.700  -7.531 0.0000000000
147398  -38.194  49.378  -7.617 0.0000000000
147399  -39.401  49.273  -7.888 0.0000000000
148250  -36.463  49.911  3.023 0.0000000000
148255  -50.808  50.164  1.238 0.0000000000
148256  -51.176  50.044  1.262 0.0000000000
148257  -51.825  49.820  1.283 0.0000000000
148258  -52.289  49.637  1.289 0.0000000000
148262  -35.537  50.180  0.995 0.0000000000
148263  -50.617  50.198  1.150 0.0000000000
148264  -50.979  50.207  0.851 0.0000000000
148265  -51.687  50.022  0.852 0.0000000000
148266  -52.346  49.775  0.932 0.0000000000
148270  -51.048  50.160  0.484 0.0000000000
148271  -51.491  50.042  0.408 0.0000000000
148274  -35.974  50.508  -1.410 0.0000000000
148275  -36.579  50.902  -1.874 0.0000000000
148279  -35.988  49.848  -1.801 0.0000000000
148280  -36.460  50.237  -2.292 0.0000000000
148283  -36.625  50.027  -3.244 0.0000000000
148285  -36.157  50.470  -4.678 0.0000000000
148286  -36.315  49.799  -4.091 0.0000000000
148288  -35.348  50.800  -5.957 0.0000000000
148289  -35.832  50.170  -5.543 0.0000000000
148291  -35.316  50.792  -6.841 0.0000000000
148292  -35.880  50.158  -6.529 0.0000000000
148302  -35.410  50.907  -7.381 0.0000000000
148303  -36.173  50.576  -7.625 0.0000000000
148304  -37.206  50.254  -7.975 0.0000000000
148305  -38.087  50.008  -8.098 0.0000000000
148306  -38.714  49.761  -8.103 0.0000000000
148318  -36.426  51.001  -8.257 0.0000000000
148319  -36.962  50.782  -8.362 0.0000000000
148320  -37.866  50.604  -8.545 0.0000000000
149127  -36.067  51.326  -0.927 0.0000000000
149128  -36.754  51.644  -1.498 0.0000000000
149129  -37.687  51.893  -1.913 0.0000000000
149130  -38.375  52.101  -2.182 0.0000000000
149133  -37.118  51.211  -2.186 0.0000000000
149134  -37.871  51.668  -2.541 0.0000000000
149135  -38.674  52.043  -2.702 0.0000000000
149139  -37.220  50.969  -2.914 0.0000000000
149140  -38.010  51.767  -3.242 0.0000000000
149141  -38.882  52.134  -3.210 0.0000000000
149144  -36.361  51.101  -4.592 0.0000000000
149145  -36.917  51.122  -3.934 0.0000000000
149146  -37.862  52.049  -3.822 0.0000000000
149148  -35.232  51.419  -5.719 0.0000000000
149149  -35.827  51.258  -5.186 0.0000000000
149151  -34.581  51.798  -6.327 0.0000000000
149152  -34.812  51.512  -6.228 0.0000000000
149158  -34.550  51.761  -6.616 0.0000000000
149159  -34.871  51.373  -7.232 0.0000000000
149160  -35.464  51.114  -7.730 0.0000000000
149169  -35.143  51.525  -7.957 0.0000000000
149170  -35.880  51.410  -8.328 0.0000000000
149171  -36.684  51.302  -8.673 0.0000000000
149172  -37.454  51.174  -8.913 0.0000000000
149173  -38.280  51.065  -9.077 0.0000000000
149185  -36.337  51.765  -8.899 0.0000000000
149186  -36.999  51.758  -9.219 0.0000000000
149187  -37.903  51.682  -9.470 0.0000000000
149932  -37.101  52.575  -0.810 0.0000000000
149936  -37.532  52.308  -1.429 0.0000000000
149938  -39.157  52.550  -2.130 0.0000000000
149941  -39.464  52.341  -2.854 0.0000000000
149947  -38.596  52.189  -3.613 0.0000000000
149948  -39.477  52.495  -3.558 0.0000000000
149949  -40.512  52.830  -3.734 0.0000000000
149954  -36.536  51.622  -4.614 0.0000000000
149955  -37.277  52.299  -4.428 0.0000000000
149956  -38.557  52.671  -4.150 0.0000000000
149957  -39.736  53.039  -4.155 0.0000000000
149958  -40.678  53.267  -4.252 0.0000000000
149962  -34.716  52.523  -5.823 0.0000000000
149963  -35.154  52.192  -5.671 0.0000000000
149964  -36.291  52.403  -4.991 0.0000000000
149965  -37.009  52.918  -4.851 0.0000000000
149967  -34.537  52.200  -6.193 0.0000000000
149968  -34.772  51.938  -5.969 0.0000000000
149970  -34.304  52.149  -7.142 0.0000000000
149971  -34.680  51.864  -7.795 0.0000000000
149977  -34.358  52.413  -7.978 0.0000000000
149978  -35.080  52.196  -8.459 0.0000000000
149979  -35.815  52.030  -8.840 0.0000000000
149991  -37.349  52.441  -9.727 0.0000000000
149992  -38.368  52.385  -9.985 0.0000000000
149993  -39.273  52.341  -10.113 0.0000000000
150727  -37.720  53.395  -4.731 0.0000000000
150728  -38.991  53.581  -4.472 0.0000000000
150729  -40.042  53.747  -4.451 0.0000000000
150736  -34.608  53.239  -5.754 0.0000000000
150737  -35.718  53.298  -5.294 0.0000000000
150738  -36.582  53.279  -5.035 0.0000000000
150739  -37.091  53.316  -4.921 0.0000000000
150743  -33.976  52.945  -6.592 0.0000000000
150746  -33.840  52.952  -7.581 0.0000000000
151487  -37.209  54.496  -4.792 0.0000000000
151488  -38.367  54.407  -4.626 0.0000000000
151489  -39.420  54.427  -4.506 0.0000000000
151490  -40.396  54.532  -4.526 0.0000000000
151500  -35.353  54.628  -5.179 0.0000000000
151501  -36.353  54.061  -5.079 0.0000000000
151502  -37.007  53.707  -4.964 0.0000000000
