#!ascii label  , from subject COLIN27_FS vox2ras=TkReg
301
133745  -45.840  35.235  -30.011 0.0000000000
133752  -45.000  35.373  -30.850 0.0000000000
133753  -45.547  35.614  -30.697 0.0000000000
133763  -44.215  35.660  -31.083 0.0000000000
133764  -44.585  35.825  -31.415 0.0000000000
134816  -43.022  36.593  -31.177 0.0000000000
134817  -43.478  35.957  -30.705 0.0000000000
134818  -45.483  35.825  -31.115 0.0000000000
134819  -45.854  36.090  -30.684 0.0000000000
134828  -43.276  36.740  -31.762 0.0000000000
134829  -43.957  36.345  -31.857 0.0000000000
134830  -45.084  36.161  -31.636 0.0000000000
134831  -45.604  36.236  -31.299 0.0000000000
134841  -44.286  36.888  -32.436 0.0000000000
134842  -44.707  36.723  -32.160 0.0000000000
135874  -45.998  37.074  -29.049 0.0000000000
135887  -45.496  37.516  -30.441 0.0000000000
135888  -45.634  37.116  -30.184 0.0000000000
135896  -42.311  37.146  -30.768 0.0000000000
135897  -45.531  37.458  -30.884 0.0000000000
135898  -45.707  36.764  -31.130 0.0000000000
135908  -41.971  37.744  -31.315 0.0000000000
135909  -42.744  37.200  -31.703 0.0000000000
135910  -43.342  36.990  -32.142 0.0000000000
135911  -45.304  37.146  -31.805 0.0000000000
135912  -45.493  36.548  -31.538 0.0000000000
135919  -42.202  37.799  -32.168 0.0000000000
135920  -42.891  37.437  -32.485 0.0000000000
135921  -43.726  37.369  -32.725 0.0000000000
135922  -44.576  37.410  -32.573 0.0000000000
135929  -42.400  37.898  -32.778 0.0000000000
135930  -42.953  37.786  -33.035 0.0000000000
135931  -43.388  37.864  -33.160 0.0000000000
136890  -44.965  38.761  -28.516 0.0000000000
136903  -44.932  38.404  -29.133 0.0000000000
136904  -45.423  37.678  -29.468 0.0000000000
136914  -45.229  37.975  -30.214 0.0000000000
136915  -45.423  37.582  -29.952 0.0000000000
136923  -41.377  38.254  -31.024 0.0000000000
136924  -45.222  38.128  -31.327 0.0000000000
136936  -40.346  39.082  -30.615 0.0000000000
136937  -40.736  38.850  -31.359 0.0000000000
136938  -41.488  38.362  -31.845 0.0000000000
136939  -44.893  38.104  -32.245 0.0000000000
136948  -39.945  39.229  -32.638 0.0000000000
136949  -40.642  38.922  -32.452 0.0000000000
136950  -41.674  38.327  -32.701 0.0000000000
136951  -44.169  37.749  -32.999 0.0000000000
136952  -44.400  38.184  -32.960 0.0000000000
136965  -39.675  39.231  -33.320 0.0000000000
136966  -40.992  38.791  -33.450 0.0000000000
136967  -42.219  38.304  -33.317 0.0000000000
136968  -43.032  38.180  -33.379 0.0000000000
136969  -43.738  38.247  -33.311 0.0000000000
136970  -44.151  38.360  -33.220 0.0000000000
136983  -40.004  39.135  -33.942 0.0000000000
136984  -40.872  39.173  -34.177 0.0000000000
136985  -41.788  38.842  -33.929 0.0000000000
136986  -42.633  38.629  -33.630 0.0000000000
136987  -43.150  38.463  -33.508 0.0000000000
137000  -39.685  39.430  -34.407 0.0000000000
137001  -40.275  39.308  -34.270 0.0000000000
137873  -45.046  39.279  -28.017 0.0000000000
137885  -44.053  39.701  -29.417 0.0000000000
137886  -44.480  39.337  -28.739 0.0000000000
137896  -44.107  39.618  -30.283 0.0000000000
137897  -44.543  38.969  -29.743 0.0000000000
137906  -38.938  39.824  -30.656 0.0000000000
137908  -44.237  39.615  -31.267 0.0000000000
137909  -44.748  38.910  -30.772 0.0000000000
137923  -37.768  40.198  -31.914 0.0000000000
137924  -38.725  39.862  -31.675 0.0000000000
137925  -39.799  39.414  -31.390 0.0000000000
137926  -40.325  39.135  -31.864 0.0000000000
137927  -44.247  39.582  -32.195 0.0000000000
137928  -44.759  38.912  -31.780 0.0000000000
137948  -38.331  39.800  -32.590 0.0000000000
137949  -39.344  39.490  -32.451 0.0000000000
137950  -40.032  39.260  -32.184 0.0000000000
137951  -44.001  39.404  -32.919 0.0000000000
137952  -44.525  38.843  -32.621 0.0000000000
137972  -38.751  39.494  -33.165 0.0000000000
137973  -43.618  39.121  -33.389 0.0000000000
137974  -44.134  38.694  -33.137 0.0000000000
137987  -40.989  39.490  -34.379 0.0000000000
137988  -41.523  39.598  -34.299 0.0000000000
137989  -42.410  39.236  -33.922 0.0000000000
137990  -43.114  38.865  -33.616 0.0000000000
138006  -40.477  39.638  -34.499 0.0000000000
138007  -41.096  39.748  -34.451 0.0000000000
138869  -43.870  40.400  -28.715 0.0000000000
138870  -44.501  40.054  -28.050 0.0000000000
138889  -43.565  40.292  -29.761 0.0000000000
138907  -43.582  40.227  -30.771 0.0000000000
138923  -43.704  40.237  -31.734 0.0000000000
138939  -36.835  40.434  -32.108 0.0000000000
138940  -43.658  40.135  -32.583 0.0000000000
138947  -42.787  40.403  -33.616 0.0000000000
138948  -43.391  39.900  -33.228 0.0000000000
138953  -41.613  40.479  -34.399 0.0000000000
138954  -42.300  40.033  -34.074 0.0000000000
138955  -42.965  39.592  -33.672 0.0000000000
138963  -39.507  40.569  -35.145 0.0000000000
138964  -40.294  40.351  -34.815 0.0000000000
138965  -41.001  40.088  -34.569 0.0000000000
139800  -44.112  42.078  -27.721 0.0000000000
139821  -42.883  42.004  -28.886 0.0000000000
139822  -43.555  41.489  -28.361 0.0000000000
139823  -44.306  41.003  -27.840 0.0000000000
139837  -42.629  41.703  -29.821 0.0000000000
139838  -43.209  41.120  -29.270 0.0000000000
139844  -42.561  41.534  -30.819 0.0000000000
139845  -43.033  40.916  -30.272 0.0000000000
139852  -42.621  41.455  -31.789 0.0000000000
139853  -43.067  40.833  -31.277 0.0000000000
139862  -42.673  41.389  -32.680 0.0000000000
139863  -43.164  40.809  -32.201 0.0000000000
139870  -42.553  41.212  -33.453 0.0000000000
139871  -43.109  40.687  -33.008 0.0000000000
139877  -41.547  41.361  -34.410 0.0000000000
139878  -42.212  40.902  -34.066 0.0000000000
139888  -39.475  41.463  -35.437 0.0000000000
139889  -40.222  41.236  -35.066 0.0000000000
139890  -40.936  40.894  -34.681 0.0000000000
140744  -43.933  43.057  -27.677 0.0000000000
140761  -42.641  42.882  -28.588 0.0000000000
140762  -43.324  42.457  -28.125 0.0000000000
140770  -41.849  43.053  -29.996 0.0000000000
140771  -42.338  42.535  -29.446 0.0000000000
140777  -41.779  42.853  -30.938 0.0000000000
140778  -42.194  42.300  -30.395 0.0000000000
140785  -41.716  42.669  -31.871 0.0000000000
140786  -42.165  42.145  -31.361 0.0000000000
140797  -41.729  42.565  -32.785 0.0000000000
140798  -42.182  42.035  -32.296 0.0000000000
140808  -41.693  42.453  -33.637 0.0000000000
140809  -42.183  41.935  -33.163 0.0000000000
140819  -41.428  42.207  -34.345 0.0000000000
140820  -42.025  41.736  -33.923 0.0000000000
140835  -40.099  42.308  -35.345 0.0000000000
140836  -40.887  41.808  -34.824 0.0000000000
141669  -43.791  43.945  -27.710 0.0000000000
141679  -41.918  44.191  -28.841 0.0000000000
141680  -42.519  43.761  -28.400 0.0000000000
141681  -43.150  43.363  -27.961 0.0000000000
141688  -41.643  43.856  -29.661 0.0000000000
141689  -42.113  43.366  -29.130 0.0000000000
141695  -41.456  43.574  -30.532 0.0000000000
141702  -40.837  43.731  -31.859 0.0000000000
141703  -41.341  43.338  -31.433 0.0000000000
141712  -40.748  43.543  -32.766 0.0000000000
141713  -41.267  43.149  -32.342 0.0000000000
141728  -40.692  43.411  -33.678 0.0000000000
141729  -41.262  43.051  -33.249 0.0000000000
141742  -40.638  43.251  -34.426 0.0000000000
141743  -41.205  42.943  -34.099 0.0000000000
141757  -40.165  43.247  -35.081 0.0000000000
141758  -40.834  42.688  -34.793 0.0000000000
142631  -42.995  44.980  -27.833 0.0000000000
142643  -41.711  45.044  -28.583 0.0000000000
142644  -42.416  44.630  -28.225 0.0000000000
142645  -43.054  44.213  -27.897 0.0000000000
142652  -40.791  45.023  -29.766 0.0000000000
142653  -41.376  44.633  -29.329 0.0000000000
142659  -39.912  44.843  -30.823 0.0000000000
142660  -40.578  44.631  -30.530 0.0000000000
142661  -41.158  44.302  -30.144 0.0000000000
142668  -39.182  44.668  -31.873 0.0000000000
142669  -39.776  44.521  -31.647 0.0000000000
142670  -40.407  44.304  -31.351 0.0000000000
142671  -41.005  44.020  -30.999 0.0000000000
142685  -38.737  44.523  -32.568 0.0000000000
142686  -39.594  44.296  -32.487 0.0000000000
142687  -40.260  44.047  -32.217 0.0000000000
142708  -39.359  44.061  -33.409 0.0000000000
142709  -40.141  43.875  -33.151 0.0000000000
142728  -39.987  43.652  -34.189 0.0000000000
143643  -43.058  45.461  -27.845 0.0000000000
143655  -40.671  46.080  -28.834 0.0000000000
143656  -41.388  45.930  -28.483 0.0000000000
143657  -42.409  45.667  -28.086 0.0000000000
143665  -39.720  45.846  -29.752 0.0000000000
143666  -40.283  45.767  -29.390 0.0000000000
143667  -41.036  45.403  -29.036 0.0000000000
143674  -38.749  45.536  -30.763 0.0000000000
143675  -39.379  45.535  -30.320 0.0000000000
143676  -40.121  45.268  -30.087 0.0000000000
143686  -38.527  45.084  -31.571 0.0000000000
143687  -39.261  45.022  -31.156 0.0000000000
144692  -39.245  46.768  -29.082 0.0000000000
144693  -39.823  46.581  -28.950 0.0000000000
144694  -40.773  46.732  -28.470 0.0000000000
144695  -41.732  46.716  -28.218 0.0000000000
144707  -38.988  46.442  -29.552 0.0000000000
144708  -39.730  46.178  -29.414 0.0000000000
144720  -38.315  46.070  -30.370 0.0000000000
144721  -38.859  45.877  -30.226 0.0000000000
145683  -37.824  47.745  -28.927 0.0000000000
145684  -38.897  47.292  -28.844 0.0000000000
145685  -39.984  47.510  -28.460 0.0000000000
145686  -41.005  47.608  -28.253 0.0000000000
145687  -42.031  47.647  -28.224 0.0000000000
145702  -38.246  47.115  -29.266 0.0000000000
145703  -38.715  46.934  -29.177 0.0000000000
146651  -38.131  48.382  -28.595 0.0000000000
146652  -39.172  48.382  -28.432 0.0000000000
146653  -40.210  48.480  -28.322 0.0000000000
146654  -41.245  48.532  -28.354 0.0000000000
147621  -36.398  49.364  -28.632 0.0000000000
147622  -37.411  49.267  -28.567 0.0000000000
147623  -38.402  49.264  -28.499 0.0000000000
147624  -39.384  49.309  -28.487 0.0000000000
147625  -40.403  49.425  -28.617 0.0000000000
147626  -41.425  49.309  -28.760 0.0000000000
147647  -40.808  49.863  -29.086 0.0000000000
148530  -35.831  50.293  -28.688 0.0000000000
148531  -36.771  50.113  -28.634 0.0000000000
148532  -37.681  50.057  -28.674 0.0000000000
148533  -38.586  50.027  -28.785 0.0000000000
148534  -39.461  50.050  -28.917 0.0000000000
148535  -40.149  50.115  -29.115 0.0000000000
148543  -36.302  50.735  -28.872 0.0000000000
148544  -36.989  50.736  -29.011 0.0000000000
148545  -37.866  50.628  -29.162 0.0000000000
148546  -38.655  50.558  -29.434 0.0000000000
148547  -39.494  50.452  -29.614 0.0000000000
148548  -40.425  50.315  -29.806 0.0000000000
148559  -38.745  50.742  -30.145 0.0000000000
148560  -39.442  50.580  -30.511 0.0000000000
148571  -37.650  50.781  -31.496 0.0000000000
148572  -38.252  50.740  -31.170 0.0000000000
148581  -36.888  50.702  -32.401 0.0000000000
148582  -37.360  50.690  -32.086 0.0000000000
148596  -36.910  50.624  -32.736 0.0000000000
149388  -35.312  50.989  -28.921 0.0000000000
149389  -35.872  50.912  -28.904 0.0000000000
149397  -34.951  51.616  -29.288 0.0000000000
149398  -36.022  51.360  -29.538 0.0000000000
149399  -37.221  51.087  -29.676 0.0000000000
149400  -37.986  50.923  -29.776 0.0000000000
149401  -38.393  50.837  -29.899 0.0000000000
149409  -36.037  51.633  -30.793 0.0000000000
149410  -36.830  51.331  -30.478 0.0000000000
149411  -37.579  51.112  -30.362 0.0000000000
149412  -38.138  50.924  -30.345 0.0000000000
149422  -36.032  51.506  -31.657 0.0000000000
149423  -36.613  51.233  -31.376 0.0000000000
149424  -37.372  50.965  -31.192 0.0000000000
149425  -37.830  50.941  -30.765 0.0000000000
149432  -35.723  51.589  -32.268 0.0000000000
149433  -36.473  50.974  -32.333 0.0000000000
149434  -36.924  50.903  -31.748 0.0000000000
149443  -35.742  51.416  -33.140 0.0000000000
149444  -36.553  50.915  -33.525 0.0000000000
149452  -35.846  51.570  -34.135 0.0000000000
149453  -36.629  51.581  -34.569 0.0000000000
149464  -35.916  51.932  -34.791 0.0000000000
149465  -36.164  52.070  -34.992 0.0000000000
150181  -34.671  52.161  -29.779 0.0000000000
150182  -35.229  51.786  -29.706 0.0000000000
150190  -34.461  52.501  -30.694 0.0000000000
150191  -35.306  51.969  -30.302 0.0000000000
150201  -34.181  52.758  -32.035 0.0000000000
150202  -35.290  52.049  -31.482 0.0000000000
150211  -34.431  52.568  -33.359 0.0000000000
150212  -35.095  52.062  -32.678 0.0000000000
150223  -34.614  52.540  -34.402 0.0000000000
150224  -35.139  51.986  -33.752 0.0000000000
150235  -34.882  52.677  -35.258 0.0000000000
150236  -35.355  52.203  -34.626 0.0000000000
150250  -35.111  52.854  -35.781 0.0000000000
150251  -35.688  52.581  -35.274 0.0000000000
150969  -33.648  53.071  -33.124 0.0000000000
150985  -33.822  52.961  -34.149 0.0000000000
151000  -34.064  53.005  -35.140 0.0000000000
151014  -34.463  53.132  -36.054 0.0000000000
151015  -35.359  53.339  -36.148 0.0000000000
151025  -33.884  53.627  -36.616 0.0000000000
151026  -34.589  53.580  -36.899 0.0000000000
151027  -35.301  53.868  -36.939 0.0000000000
151740  -35.773  54.346  -36.171 0.0000000000
151751  -33.808  54.424  -37.095 0.0000000000
151752  -34.737  54.118  -37.420 0.0000000000
151753  -35.276  54.529  -37.189 0.0000000000
151769  -34.210  54.787  -37.520 0.0000000000
151770  -34.505  54.612  -37.556 0.0000000000
151771  -34.929  54.490  -37.629 0.0000000000
152434  -35.755  55.507  -35.636 0.0000000000
152444  -34.306  55.776  -37.183 0.0000000000
152445  -35.218  55.551  -36.839 0.0000000000
152463  -34.036  55.127  -37.451 0.0000000000
152464  -34.578  55.156  -37.501 0.0000000000
152465  -34.978  54.903  -37.504 0.0000000000
153198  -35.625  56.477  -34.908 0.0000000000
153208  -35.357  56.428  -35.916 0.0000000000
153222  -34.614  56.436  -36.613 0.0000000000
153223  -35.043  56.392  -36.411 0.0000000000
154008  -35.462  57.442  -34.235 0.0000000000
154019  -35.300  57.422  -35.247 0.0000000000
154036  -34.898  57.141  -35.999 0.0000000000
154835  -35.310  58.459  -34.605 0.0000000000
