#!ascii label  , from subject COLIN27_FS vox2ras=TkReg
211
147676  -41.888  50.075  -31.085 0.0000000000
148562  -41.125  50.218  -31.033 0.0000000000
148573  -39.347  50.485  -31.541 0.0000000000
148574  -40.304  50.328  -31.763 0.0000000000
148575  -41.338  50.222  -31.907 0.0000000000
148576  -41.978  50.180  -32.356 0.0000000000
148583  -38.391  50.460  -32.328 0.0000000000
148584  -39.391  50.365  -32.518 0.0000000000
148585  -40.345  50.383  -32.641 0.0000000000
148586  -41.236  50.383  -32.810 0.0000000000
148587  -42.079  50.289  -33.009 0.0000000000
148597  -37.527  50.476  -33.188 0.0000000000
148598  -38.558  50.390  -33.275 0.0000000000
148599  -39.486  50.490  -33.326 0.0000000000
148600  -40.406  50.637  -33.345 0.0000000000
148601  -41.353  50.668  -33.484 0.0000000000
148612  -37.943  50.539  -33.938 0.0000000000
148613  -38.715  50.688  -33.996 0.0000000000
148614  -39.610  50.904  -33.858 0.0000000000
148615  -40.545  51.054  -33.836 0.0000000000
148616  -41.510  51.023  -34.139 0.0000000000
148626  -42.964  50.918  -35.369 0.0000000000
149445  -37.252  50.831  -34.049 0.0000000000
149454  -37.819  51.284  -34.426 0.0000000000
149455  -38.862  51.377  -34.258 0.0000000000
149456  -39.778  51.516  -34.038 0.0000000000
149457  -40.734  51.652  -34.153 0.0000000000
149458  -41.699  51.679  -34.716 0.0000000000
149459  -42.441  51.378  -35.216 0.0000000000
149466  -42.226  51.936  -35.324 0.0000000000
149467  -42.911  51.595  -35.922 0.0000000000
149478  -43.450  51.955  -36.513 0.0000000000
150225  -38.459  52.786  -33.985 0.0000000000
150226  -39.326  52.805  -33.821 0.0000000000
150227  -40.135  52.946  -33.842 0.0000000000
150228  -40.561  53.099  -33.988 0.0000000000
150237  -37.156  52.389  -34.659 0.0000000000
150238  -38.188  52.101  -34.387 0.0000000000
150239  -39.095  52.106  -34.183 0.0000000000
150240  -39.986  52.219  -34.012 0.0000000000
150241  -40.907  52.597  -34.281 0.0000000000
150242  -41.808  52.595  -34.970 0.0000000000
150252  -36.393  52.361  -35.017 0.0000000000
150253  -42.369  52.564  -35.691 0.0000000000
150254  -42.952  52.597  -36.309 0.0000000000
150970  -37.912  53.944  -33.099 0.0000000000
150971  -38.286  53.911  -33.006 0.0000000000
150972  -39.009  53.923  -32.945 0.0000000000
150986  -37.243  53.711  -33.950 0.0000000000
150987  -37.723  53.626  -33.581 0.0000000000
150988  -38.724  53.378  -33.410 0.0000000000
150989  -39.626  53.579  -33.375 0.0000000000
150990  -40.418  53.610  -33.665 0.0000000000
150991  -40.970  53.906  -33.938 0.0000000000
151001  -37.097  53.427  -34.392 0.0000000000
151002  -37.744  52.861  -34.293 0.0000000000
151003  -40.862  53.324  -34.078 0.0000000000
151004  -41.462  53.537  -34.542 0.0000000000
151016  -36.271  53.305  -35.276 0.0000000000
151017  -42.095  53.406  -35.334 0.0000000000
151018  -42.574  53.403  -35.944 0.0000000000
151697  -36.945  54.702  -32.896 0.0000000000
151698  -37.770  54.372  -32.775 0.0000000000
151699  -38.676  54.527  -32.544 0.0000000000
151700  -39.682  54.579  -32.850 0.0000000000
151701  -40.218  55.093  -32.962 0.0000000000
151709  -36.929  54.148  -33.834 0.0000000000
151710  -37.334  54.193  -33.263 0.0000000000
151711  -40.089  54.064  -33.289 0.0000000000
151712  -40.590  54.608  -33.418 0.0000000000
151713  -41.387  54.596  -34.167 0.0000000000
151725  -36.098  54.672  -35.162 0.0000000000
151726  -36.500  54.029  -34.776 0.0000000000
151727  -42.139  54.503  -35.070 0.0000000000
151728  -42.530  55.045  -35.502 0.0000000000
151741  -36.215  54.077  -35.425 0.0000000000
151742  -42.376  53.931  -35.598 0.0000000000
151743  -42.747  54.453  -35.938 0.0000000000
152379  -36.519  55.959  -31.739 0.0000000000
152380  -36.881  55.887  -31.589 0.0000000000
152381  -37.694  55.873  -31.541 0.0000000000
152382  -38.437  55.926  -31.684 0.0000000000
152394  -35.959  55.938  -32.623 0.0000000000
152395  -36.356  55.710  -32.307 0.0000000000
152396  -37.276  55.220  -32.116 0.0000000000
152397  -38.166  55.180  -32.053 0.0000000000
152398  -39.117  55.519  -32.153 0.0000000000
152399  -39.957  55.632  -32.640 0.0000000000
152407  -35.943  55.811  -33.166 0.0000000000
152408  -36.351  55.037  -33.462 0.0000000000
152409  -40.530  55.658  -33.153 0.0000000000
152410  -41.151  55.578  -33.748 0.0000000000
152423  -35.944  55.502  -34.363 0.0000000000
152424  -36.345  54.652  -34.332 0.0000000000
152425  -41.798  55.564  -34.471 0.0000000000
152426  -42.347  55.637  -35.159 0.0000000000
152435  -42.806  55.607  -35.800 0.0000000000
153135  -36.501  57.025  -30.739 0.0000000000
153136  -36.910  57.143  -30.572 0.0000000000
153154  -35.778  56.783  -31.653 0.0000000000
153155  -36.388  56.378  -31.445 0.0000000000
153156  -37.213  56.648  -30.930 0.0000000000
153157  -38.166  56.650  -31.262 0.0000000000
153158  -38.942  56.587  -31.723 0.0000000000
153169  -35.751  56.430  -32.561 0.0000000000
153170  -36.010  56.266  -31.939 0.0000000000
153171  -39.653  56.536  -32.278 0.0000000000
153172  -40.265  56.555  -32.888 0.0000000000
153184  -35.649  56.487  -33.741 0.0000000000
153185  -40.852  56.554  -33.478 0.0000000000
153186  -41.465  56.547  -34.089 0.0000000000
153199  -42.061  56.559  -34.727 0.0000000000
153200  -42.612  56.559  -35.347 0.0000000000
153954  -35.665  57.822  -30.830 0.0000000000
153955  -35.975  57.668  -30.658 0.0000000000
153956  -36.714  57.726  -30.451 0.0000000000
153957  -37.294  57.941  -30.454 0.0000000000
153969  -35.587  57.576  -31.194 0.0000000000
153970  -35.975  57.010  -31.034 0.0000000000
153971  -37.218  57.371  -30.554 0.0000000000
153972  -37.850  57.568  -30.792 0.0000000000
153973  -38.639  57.538  -31.411 0.0000000000
153984  -35.449  57.406  -32.119 0.0000000000
153985  -39.334  57.514  -32.034 0.0000000000
153986  -39.922  57.490  -32.698 0.0000000000
153998  -35.442  57.369  -33.141 0.0000000000
153999  -40.490  57.483  -33.300 0.0000000000
154000  -41.097  57.499  -33.832 0.0000000000
154009  -41.700  57.512  -34.386 0.0000000000
154010  -42.337  57.518  -34.917 0.0000000000
154783  -35.532  58.339  -30.807 0.0000000000
154784  -36.165  58.516  -30.313 0.0000000000
154785  -36.948  58.594  -30.252 0.0000000000
154786  -37.674  58.577  -30.540 0.0000000000
154797  -35.224  58.305  -31.715 0.0000000000
154798  -38.359  58.507  -31.100 0.0000000000
154799  -38.987  58.486  -31.816 0.0000000000
154812  -35.289  58.157  -32.615 0.0000000000
154813  -39.582  58.473  -32.558 0.0000000000
154814  -40.136  58.390  -33.201 0.0000000000
154825  -35.369  58.384  -33.548 0.0000000000
154826  -40.690  58.407  -33.703 0.0000000000
154827  -41.284  58.437  -34.169 0.0000000000
154836  -41.899  58.458  -34.617 0.0000000000
155549  -34.876  60.023  -30.746 0.0000000000
155550  -35.509  59.502  -30.295 0.0000000000
155551  -36.459  59.483  -30.009 0.0000000000
155552  -37.328  59.487  -30.251 0.0000000000
155553  -38.076  59.480  -30.794 0.0000000000
155562  -34.795  60.131  -31.656 0.0000000000
155563  -34.992  59.212  -31.221 0.0000000000
155564  -38.687  59.460  -31.525 0.0000000000
155565  -39.266  59.465  -32.296 0.0000000000
155579  -34.941  60.105  -32.303 0.0000000000
155580  -35.116  59.377  -32.586 0.0000000000
155581  -39.890  59.527  -33.247 0.0000000000
155582  -40.359  58.984  -33.590 0.0000000000
155590  -35.380  59.437  -33.963 0.0000000000
155591  -40.208  60.173  -33.709 0.0000000000
155592  -40.834  59.622  -34.089 0.0000000000
155593  -41.477  59.052  -34.425 0.0000000000
155603  -41.386  60.273  -34.491 0.0000000000
156258  -35.173  61.193  -29.771 0.0000000000
156259  -35.431  61.084  -29.709 0.0000000000
156270  -34.575  60.789  -30.909 0.0000000000
156271  -35.058  60.726  -30.067 0.0000000000
156272  -35.927  60.552  -29.740 0.0000000000
156273  -36.912  60.453  -29.937 0.0000000000
156274  -37.718  60.448  -30.486 0.0000000000
156287  -34.563  60.907  -31.698 0.0000000000
156288  -38.410  60.461  -31.213 0.0000000000
156289  -39.001  60.403  -31.942 0.0000000000
156302  -34.768  60.621  -32.287 0.0000000000
156303  -35.022  60.287  -32.723 0.0000000000
156304  -39.442  60.463  -32.657 0.0000000000
156310  -34.936  60.880  -32.918 0.0000000000
156313  -40.400  60.828  -33.955 0.0000000000
156995  -35.325  61.592  -29.701 0.0000000000
156996  -35.773  61.483  -29.624 0.0000000000
157006  -34.656  61.618  -30.382 0.0000000000
157007  -35.001  61.450  -29.876 0.0000000000
157008  -36.493  61.457  -29.765 0.0000000000
157009  -37.330  61.412  -30.196 0.0000000000
157010  -38.042  61.442  -30.864 0.0000000000
157025  -34.415  61.595  -31.312 0.0000000000
157026  -38.749  61.560  -31.834 0.0000000000
157027  -39.176  61.019  -32.293 0.0000000000
157038  -34.567  61.491  -32.390 0.0000000000
157837  -35.307  61.889  -29.715 0.0000000000
157838  -35.538  61.906  -29.668 0.0000000000
157850  -34.684  62.298  -30.325 0.0000000000
157851  -35.128  62.174  -29.891 0.0000000000
157852  -35.929  62.358  -29.725 0.0000000000
157853  -36.933  62.506  -30.075 0.0000000000
157854  -37.627  62.178  -30.541 0.0000000000
157867  -34.411  62.393  -30.847 0.0000000000
157868  -37.537  62.925  -30.600 0.0000000000
157869  -38.134  62.599  -31.207 0.0000000000
157878  -34.289  62.472  -31.818 0.0000000000
158743  -34.706  63.012  -30.404 0.0000000000
158744  -35.362  63.348  -30.008 0.0000000000
158745  -36.268  63.497  -30.026 0.0000000000
158746  -37.071  63.631  -30.436 0.0000000000
158756  -34.255  63.382  -31.196 0.0000000000
158757  -37.729  63.672  -31.021 0.0000000000
159637  -34.703  64.425  -30.614 0.0000000000
159638  -35.695  64.490  -30.217 0.0000000000
159639  -36.556  64.550  -30.382 0.0000000000
159640  -37.303  64.599  -30.824 0.0000000000
160462  -35.261  65.523  -30.451 0.0000000000
160463  -36.102  65.519  -30.371 0.0000000000
