#!ascii label  , from subject COLIN27_FS vox2ras=TkReg
375
144732  -33.776  46.537  -31.732 0.0000000000
144749  -33.702  46.429  -32.200 0.0000000000
144762  -33.553  46.331  -33.241 0.0000000000
144763  -34.106  45.888  -33.768 0.0000000000
144778  -33.486  46.402  -34.347 0.0000000000
144794  -33.603  46.547  -35.417 0.0000000000
144806  -33.851  46.720  -36.432 0.0000000000
145697  -33.404  47.879  -30.264 0.0000000000
145711  -32.720  47.586  -30.944 0.0000000000
145712  -33.181  47.575  -30.668 0.0000000000
145728  -32.678  47.364  -31.379 0.0000000000
145729  -33.451  46.824  -31.582 0.0000000000
145730  -33.967  46.741  -31.244 0.0000000000
145741  -32.555  47.107  -32.367 0.0000000000
145742  -33.060  46.764  -32.768 0.0000000000
145753  -30.310  47.360  -33.717 0.0000000000
145754  -32.462  47.163  -33.429 0.0000000000
145755  -32.945  46.837  -33.869 0.0000000000
145767  -30.063  47.017  -34.053 0.0000000000
145768  -30.674  47.185  -34.463 0.0000000000
145770  -32.416  47.306  -34.459 0.0000000000
145771  -32.953  46.935  -34.948 0.0000000000
146663  -30.527  49.027  -30.112 0.0000000000
146664  -30.966  48.895  -30.100 0.0000000000
146665  -31.952  48.615  -30.082 0.0000000000
146666  -33.113  48.206  -30.001 0.0000000000
146683  -28.121  48.766  -30.780 0.0000000000
146684  -29.125  48.865  -30.829 0.0000000000
146685  -30.229  48.891  -30.573 0.0000000000
146686  -31.220  48.440  -30.838 0.0000000000
146687  -32.334  47.889  -30.883 0.0000000000
146688  -32.881  47.897  -30.496 0.0000000000
146703  -29.535  48.441  -31.596 0.0000000000
146704  -30.472  48.296  -31.655 0.0000000000
146705  -31.329  47.917  -31.780 0.0000000000
146706  -31.997  47.482  -32.023 0.0000000000
146715  -29.069  47.992  -32.228 0.0000000000
146716  -29.825  47.930  -32.503 0.0000000000
146717  -30.674  47.819  -32.565 0.0000000000
146718  -31.371  47.595  -32.784 0.0000000000
146719  -31.970  47.390  -33.064 0.0000000000
146729  -30.263  47.620  -33.147 0.0000000000
146730  -30.856  47.578  -33.535 0.0000000000
146731  -31.513  47.513  -33.700 0.0000000000
146732  -32.019  47.472  -33.973 0.0000000000
146745  -32.063  47.528  -34.565 0.0000000000
147613  -27.931  49.979  -28.722 0.0000000000
147614  -28.949  49.966  -28.809 0.0000000000
147615  -29.970  49.911  -28.918 0.0000000000
147616  -31.018  49.858  -28.959 0.0000000000
147617  -32.080  49.802  -28.922 0.0000000000
147640  -28.343  49.502  -29.349 0.0000000000
147641  -29.338  49.492  -29.473 0.0000000000
147642  -30.366  49.262  -29.719 0.0000000000
147643  -31.497  49.244  -29.492 0.0000000000
147644  -32.555  49.032  -29.349 0.0000000000
147662  -27.746  49.077  -29.977 0.0000000000
147663  -28.725  49.143  -30.073 0.0000000000
147664  -29.650  49.148  -30.118 0.0000000000
147665  -30.087  49.120  -30.121 0.0000000000
148522  -27.492  50.655  -28.390 0.0000000000
148523  -28.519  50.644  -28.454 0.0000000000
148524  -29.540  50.620  -28.526 0.0000000000
148525  -30.567  50.592  -28.576 0.0000000000
148526  -31.600  50.582  -28.627 0.0000000000
148527  -32.650  50.585  -28.681 0.0000000000
149380  -27.043  51.401  -28.338 0.0000000000
149381  -28.068  51.390  -28.347 0.0000000000
149382  -29.086  51.371  -28.434 0.0000000000
149383  -30.104  51.361  -28.486 0.0000000000
149384  -31.127  51.367  -28.512 0.0000000000
150162  -28.608  52.125  -28.587 0.0000000000
150163  -29.614  52.110  -28.657 0.0000000000
150164  -30.635  52.121  -28.713 0.0000000000
150165  -31.670  52.135  -28.801 0.0000000000
150166  -32.391  52.039  -28.848 0.0000000000
150175  -28.106  52.784  -29.059 0.0000000000
150176  -29.083  52.739  -29.142 0.0000000000
150177  -30.078  52.742  -29.205 0.0000000000
150178  -31.126  52.734  -29.327 0.0000000000
150179  -32.498  52.771  -29.613 0.0000000000
150180  -33.789  52.599  -29.837 0.0000000000
150188  -32.570  53.247  -30.578 0.0000000000
150189  -33.344  53.099  -30.913 0.0000000000
150200  -33.465  53.135  -31.795 0.0000000000
150913  -27.602  53.285  -29.746 0.0000000000
150914  -28.536  53.258  -29.794 0.0000000000
150915  -29.481  53.254  -29.858 0.0000000000
150916  -30.441  53.234  -29.938 0.0000000000
150917  -31.338  53.182  -30.047 0.0000000000
150927  -27.141  53.817  -30.478 0.0000000000
150928  -28.009  53.600  -30.532 0.0000000000
150929  -28.877  53.510  -30.653 0.0000000000
150930  -29.786  53.427  -30.754 0.0000000000
150931  -30.733  53.400  -30.823 0.0000000000
150932  -31.806  53.409  -30.794 0.0000000000
150933  -32.508  53.379  -31.194 0.0000000000
150944  -27.633  53.961  -31.002 0.0000000000
150945  -28.291  53.856  -31.367 0.0000000000
150946  -29.163  53.620  -31.519 0.0000000000
150947  -30.032  53.526  -31.681 0.0000000000
150948  -30.976  53.550  -31.756 0.0000000000
150949  -31.896  53.531  -31.853 0.0000000000
150950  -32.813  53.365  -31.963 0.0000000000
150951  -33.417  53.174  -32.360 0.0000000000
150963  -28.758  53.940  -32.022 0.0000000000
150964  -29.396  53.792  -32.361 0.0000000000
150965  -30.259  53.725  -32.664 0.0000000000
150966  -31.172  53.645  -32.678 0.0000000000
150967  -32.039  53.549  -32.796 0.0000000000
150968  -32.869  53.388  -32.969 0.0000000000
150981  -30.657  53.824  -33.294 0.0000000000
150982  -31.311  53.753  -33.594 0.0000000000
150983  -32.196  53.599  -33.709 0.0000000000
150984  -33.028  53.390  -33.918 0.0000000000
150997  -31.693  53.872  -34.243 0.0000000000
150998  -32.351  53.745  -34.651 0.0000000000
150999  -33.221  53.383  -34.887 0.0000000000
151012  -32.726  53.776  -35.420 0.0000000000
151013  -33.432  53.538  -35.885 0.0000000000
151665  -27.261  54.211  -30.969 0.0000000000
151681  -27.121  54.920  -31.220 0.0000000000
151682  -27.609  54.543  -31.324 0.0000000000
151683  -28.395  54.444  -31.876 0.0000000000
151694  -28.947  54.379  -32.476 0.0000000000
151695  -29.686  54.313  -33.143 0.0000000000
151696  -30.206  53.957  -33.348 0.0000000000
151706  -29.951  54.671  -33.590 0.0000000000
151707  -30.588  54.376  -33.878 0.0000000000
151708  -31.235  54.057  -34.200 0.0000000000
151722  -30.977  54.779  -34.382 0.0000000000
151723  -31.649  54.472  -34.800 0.0000000000
151724  -32.299  54.090  -35.278 0.0000000000
151737  -31.978  54.871  -35.481 0.0000000000
151738  -32.664  54.466  -36.035 0.0000000000
151739  -33.397  53.970  -36.494 0.0000000000
151750  -33.128  54.944  -36.789 0.0000000000
152376  -27.454  55.325  -31.201 0.0000000000
152377  -28.106  55.109  -31.710 0.0000000000
152378  -28.737  55.310  -32.018 0.0000000000
152391  -28.621  54.854  -32.236 0.0000000000
152392  -29.170  55.093  -32.748 0.0000000000
152393  -29.753  55.299  -33.101 0.0000000000
152404  -29.644  54.903  -33.354 0.0000000000
152405  -30.166  55.183  -33.685 0.0000000000
152406  -30.764  55.462  -33.973 0.0000000000
152420  -30.614  55.008  -34.217 0.0000000000
152421  -31.209  55.324  -34.550 0.0000000000
152422  -31.763  55.608  -34.955 0.0000000000
152432  -31.692  55.131  -35.147 0.0000000000
152433  -32.195  55.499  -35.655 0.0000000000
152442  -32.847  55.490  -36.474 0.0000000000
152443  -33.498  55.498  -37.087 0.0000000000
153131  -27.733  56.131  -30.609 0.0000000000
153132  -28.922  56.289  -30.605 0.0000000000
153133  -29.933  56.658  -30.674 0.0000000000
153134  -30.496  57.002  -30.658 0.0000000000
153149  -27.939  55.516  -31.216 0.0000000000
153150  -28.498  55.627  -31.308 0.0000000000
153151  -29.512  55.802  -31.771 0.0000000000
153152  -30.685  56.674  -31.435 0.0000000000
153153  -31.302  57.021  -31.685 0.0000000000
153166  -29.672  55.486  -32.640 0.0000000000
153167  -30.377  55.831  -32.790 0.0000000000
153168  -31.213  56.666  -32.370 0.0000000000
153181  -30.644  55.658  -33.562 0.0000000000
153182  -31.413  56.234  -33.675 0.0000000000
153183  -32.185  56.863  -34.019 0.0000000000
153196  -31.593  55.883  -34.539 0.0000000000
153197  -32.180  56.409  -34.811 0.0000000000
153206  -32.973  56.494  -35.931 0.0000000000
153207  -33.544  57.016  -36.050 0.0000000000
153220  -33.208  56.032  -36.640 0.0000000000
153221  -33.762  56.553  -36.629 0.0000000000
153933  -27.547  57.986  -29.681 0.0000000000
153934  -27.938  57.907  -29.568 0.0000000000
153935  -28.793  57.855  -29.495 0.0000000000
153936  -29.576  57.927  -29.546 0.0000000000
153950  -28.314  57.072  -29.901 0.0000000000
153951  -29.352  57.144  -29.927 0.0000000000
153952  -30.330  57.582  -30.053 0.0000000000
153953  -31.047  57.908  -30.378 0.0000000000
153966  -30.856  57.309  -30.679 0.0000000000
153967  -31.441  57.626  -31.125 0.0000000000
153968  -31.910  57.993  -31.689 0.0000000000
153982  -31.671  57.326  -31.963 0.0000000000
153983  -32.113  57.816  -32.367 0.0000000000
153996  -31.755  57.078  -32.727 0.0000000000
153997  -32.274  57.469  -33.323 0.0000000000
154006  -32.641  57.573  -34.323 0.0000000000
154007  -33.037  57.986  -34.918 0.0000000000
154017  -32.833  57.238  -35.149 0.0000000000
154018  -33.448  57.709  -35.533 0.0000000000
154034  -33.912  57.416  -36.021 0.0000000000
154035  -34.366  57.168  -36.165 0.0000000000
154767  -28.315  58.636  -29.292 0.0000000000
154768  -29.188  58.651  -29.245 0.0000000000
154769  -30.040  58.608  -29.473 0.0000000000
154781  -30.812  58.608  -29.909 0.0000000000
154782  -31.409  58.632  -30.520 0.0000000000
154795  -31.841  58.658  -31.230 0.0000000000
154796  -32.151  58.676  -31.962 0.0000000000
154811  -32.443  58.574  -32.752 0.0000000000
154824  -32.696  58.549  -33.626 0.0000000000
154833  -32.944  58.672  -34.423 0.0000000000
154834  -33.321  58.736  -35.019 0.0000000000
154846  -33.781  58.775  -35.390 0.0000000000
154847  -34.285  58.754  -35.493 0.0000000000
154848  -34.872  58.456  -35.433 0.0000000000
154862  -33.961  58.130  -35.702 0.0000000000
154863  -34.350  57.919  -35.775 0.0000000000
154864  -34.630  57.662  -35.854 0.0000000000
155535  -28.686  59.495  -28.961 0.0000000000
155536  -29.593  59.516  -29.165 0.0000000000
155537  -30.421  59.530  -29.553 0.0000000000
155547  -31.137  59.549  -30.096 0.0000000000
155548  -31.638  59.560  -30.815 0.0000000000
155560  -32.021  59.546  -31.566 0.0000000000
155561  -32.316  59.514  -32.322 0.0000000000
155578  -32.557  59.513  -33.118 0.0000000000
155589  -32.793  59.564  -33.932 0.0000000000
155600  -33.090  59.611  -34.644 0.0000000000
155601  -33.533  59.636  -35.118 0.0000000000
155602  -35.247  59.479  -34.886 0.0000000000
155618  -34.037  59.650  -35.392 0.0000000000
155619  -34.601  59.582  -35.362 0.0000000000
155620  -34.974  59.521  -35.267 0.0000000000
156256  -29.078  60.424  -28.889 0.0000000000
156257  -29.947  60.449  -29.299 0.0000000000
156268  -30.696  60.474  -29.823 0.0000000000
156269  -31.294  60.487  -30.490 0.0000000000
156285  -31.760  60.478  -31.260 0.0000000000
156286  -32.142  60.386  -31.981 0.0000000000
156301  -32.336  60.372  -32.674 0.0000000000
156309  -32.545  60.480  -33.457 0.0000000000
156311  -35.208  60.422  -33.497 0.0000000000
156323  -32.855  60.527  -34.273 0.0000000000
156324  -33.242  60.478  -34.887 0.0000000000
156325  -35.313  60.375  -34.422 0.0000000000
156341  -33.690  60.500  -35.250 0.0000000000
156342  -34.290  60.553  -35.363 0.0000000000
156343  -35.029  60.476  -35.193 0.0000000000
157004  -30.826  61.393  -30.262 0.0000000000
157005  -31.388  61.407  -30.956 0.0000000000
157023  -31.868  61.443  -31.909 0.0000000000
157024  -32.165  60.909  -32.343 0.0000000000
157036  -31.941  61.900  -32.442 0.0000000000
157037  -32.208  61.408  -32.853 0.0000000000
157048  -32.550  61.470  -33.834 0.0000000000
157049  -34.987  61.545  -33.619 0.0000000000
157050  -35.290  60.952  -34.072 0.0000000000
157062  -32.973  61.524  -34.754 0.0000000000
157063  -33.382  61.031  -35.098 0.0000000000
157064  -35.075  61.962  -34.270 0.0000000000
157065  -35.218  61.359  -34.613 0.0000000000
157079  -33.148  62.107  -35.161 0.0000000000
157080  -33.700  61.588  -35.296 0.0000000000
157081  -34.574  61.441  -35.331 0.0000000000
157082  -35.033  61.309  -35.161 0.0000000000
157866  -31.290  62.433  -31.382 0.0000000000
157876  -31.669  62.504  -32.258 0.0000000000
157877  -31.976  62.219  -32.766 0.0000000000
157889  -31.829  62.825  -32.876 0.0000000000
157890  -32.177  62.420  -33.402 0.0000000000
157891  -34.472  62.533  -32.948 0.0000000000
157905  -32.518  62.424  -34.200 0.0000000000
157906  -34.664  62.616  -34.045 0.0000000000
157907  -34.941  62.157  -34.657 0.0000000000
157922  -32.840  62.613  -34.820 0.0000000000
157923  -33.394  62.714  -35.147 0.0000000000
157924  -34.334  62.724  -35.026 0.0000000000
157925  -34.931  61.856  -35.072 0.0000000000
158754  -30.821  63.470  -31.356 0.0000000000
158755  -31.284  63.163  -31.890 0.0000000000
158764  -31.031  63.823  -31.983 0.0000000000
158765  -31.447  63.503  -32.567 0.0000000000
158766  -34.164  63.496  -32.289 0.0000000000
158776  -31.805  63.429  -33.381 0.0000000000
158777  -32.172  63.080  -33.894 0.0000000000
158778  -34.304  63.598  -33.365 0.0000000000
158793  -31.955  63.680  -33.975 0.0000000000
158794  -32.384  63.415  -34.422 0.0000000000
158795  -34.282  63.735  -34.259 0.0000000000
158809  -32.876  63.501  -34.928 0.0000000000
158810  -33.470  63.661  -35.055 0.0000000000
158811  -33.892  64.052  -34.797 0.0000000000
159635  -29.851  64.481  -30.925 0.0000000000
159636  -30.398  63.998  -31.149 0.0000000000
159648  -30.494  64.486  -31.697 0.0000000000
159649  -34.089  64.471  -31.652 0.0000000000
159657  -31.007  64.419  -32.471 0.0000000000
159658  -31.401  64.278  -33.124 0.0000000000
159659  -34.016  64.540  -32.754 0.0000000000
159668  -31.688  64.192  -33.692 0.0000000000
159669  -34.049  64.614  -33.722 0.0000000000
159685  -31.955  64.337  -34.222 0.0000000000
159686  -32.449  64.276  -34.706 0.0000000000
159687  -33.890  64.664  -34.384 0.0000000000
159701  -32.900  64.351  -34.993 0.0000000000
159702  -33.340  64.581  -34.904 0.0000000000
159703  -33.600  64.769  -34.676 0.0000000000
160461  -34.684  65.607  -30.769 0.0000000000
160472  -30.178  65.158  -31.789 0.0000000000
160473  -34.282  65.446  -31.239 0.0000000000
160481  -29.870  66.056  -32.218 0.0000000000
160482  -30.493  65.486  -32.539 0.0000000000
160483  -31.091  64.867  -32.934 0.0000000000
160484  -33.920  65.519  -32.168 0.0000000000
160493  -30.805  65.890  -33.299 0.0000000000
160494  -31.345  65.216  -33.613 0.0000000000
160495  -33.759  65.530  -33.229 0.0000000000
160510  -32.077  65.239  -34.587 0.0000000000
160511  -32.544  64.794  -34.853 0.0000000000
160512  -33.361  65.780  -34.452 0.0000000000
160513  -33.667  65.488  -34.086 0.0000000000
160524  -32.345  65.658  -34.807 0.0000000000
160525  -32.765  65.273  -34.886 0.0000000000
160526  -33.273  65.289  -34.700 0.0000000000
160527  -33.559  65.205  -34.488 0.0000000000
161183  -34.453  66.050  -31.029 0.0000000000
161184  -34.838  66.544  -30.813 0.0000000000
161196  -34.242  66.534  -31.589 0.0000000000
161197  -34.564  67.059  -31.231 0.0000000000
161207  -30.005  66.388  -32.598 0.0000000000
161208  -33.785  66.557  -32.714 0.0000000000
161216  -29.801  66.998  -32.804 0.0000000000
161217  -30.389  66.634  -33.253 0.0000000000
161218  -30.972  66.200  -33.698 0.0000000000
161219  -33.343  66.926  -34.129 0.0000000000
161220  -33.521  66.506  -33.779 0.0000000000
161236  -30.808  66.872  -33.911 0.0000000000
161237  -31.439  66.341  -34.255 0.0000000000
161238  -33.268  66.528  -34.331 0.0000000000
161239  -33.443  66.073  -34.211 0.0000000000
161250  -32.009  66.056  -34.665 0.0000000000
161251  -32.514  66.051  -34.789 0.0000000000
161252  -33.008  66.096  -34.698 0.0000000000
161886  -34.440  67.423  -31.586 0.0000000000
161887  -34.883  67.667  -31.131 0.0000000000
161897  -34.092  67.548  -32.268 0.0000000000
161906  -29.818  67.601  -33.246 0.0000000000
161907  -30.334  67.587  -33.772 0.0000000000
161908  -33.395  67.298  -33.911 0.0000000000
161909  -33.656  67.651  -33.270 0.0000000000
161925  -30.951  67.622  -34.268 0.0000000000
161926  -31.936  67.209  -34.582 0.0000000000
161927  -32.635  67.521  -34.451 0.0000000000
161928  -33.129  67.382  -34.235 0.0000000000
161938  -32.278  66.499  -34.726 0.0000000000
161939  -32.589  66.716  -34.661 0.0000000000
161940  -33.044  66.942  -34.467 0.0000000000
162550  -35.575  68.079  -30.829 0.0000000000
162560  -34.521  68.232  -31.831 0.0000000000
162561  -35.178  68.859  -31.443 0.0000000000
162573  -34.228  68.769  -32.709 0.0000000000
162574  -34.632  68.934  -32.085 0.0000000000
162585  -30.340  68.143  -34.063 0.0000000000
162586  -33.360  68.043  -33.905 0.0000000000
162587  -33.699  68.746  -33.551 0.0000000000
162601  -30.443  68.753  -34.322 0.0000000000
162602  -31.356  68.497  -34.483 0.0000000000
162603  -32.177  68.489  -34.492 0.0000000000
162604  -32.927  68.490  -34.231 0.0000000000
162605  -33.321  68.707  -33.927 0.0000000000
163222  -34.414  69.424  -32.845 0.0000000000
163223  -34.805  69.713  -32.469 0.0000000000
163234  -34.262  69.719  -33.302 0.0000000000
163235  -34.679  70.226  -33.067 0.0000000000
163251  -30.880  69.466  -34.607 0.0000000000
163252  -31.660  69.462  -34.628 0.0000000000
163253  -32.531  69.815  -34.504 0.0000000000
163254  -33.443  69.542  -34.013 0.0000000000
163267  -31.841  70.352  -34.757 0.0000000000
163833  -33.318  70.682  -34.414 0.0000000000
163847  -32.646  70.946  -34.737 0.0000000000
