#!ascii label  , from subject COLIN27_FS vox2ras=TkReg
56
94084  -47.657  2.190  -0.092 0.0000000000
94085  -48.316  2.648  -0.366 0.0000000000
94094  -47.487  2.445  -1.280 0.0000000000
94095  -48.199  2.960  -1.506 0.0000000000
94106  -48.187  3.267  -2.377 0.0000000000
95346  -48.836  3.333  -1.773 0.0000000000
95347  -49.548  3.418  -1.179 0.0000000000
95362  -48.623  3.655  -2.683 0.0000000000
95363  -49.391  3.747  -2.181 0.0000000000
95364  -49.839  3.675  -1.523 0.0000000000
95377  -48.606  3.936  -3.624 0.0000000000
95378  -48.963  3.948  -2.887 0.0000000000
96681  -52.961  4.579  -0.626 0.0000000000
96682  -53.826  4.606  -0.805 0.0000000000
96683  -54.704  4.595  -0.907 0.0000000000
96684  -55.506  4.579  -0.990 0.0000000000
96697  -52.238  4.154  -1.267 0.0000000000
96698  -53.126  4.200  -1.452 0.0000000000
96699  -54.031  4.208  -1.574 0.0000000000
96700  -54.957  4.171  -1.619 0.0000000000
96701  -55.989  4.227  -1.554 0.0000000000
96719  -49.679  3.920  -2.393 0.0000000000
96720  -50.268  3.891  -1.887 0.0000000000
96721  -51.351  4.110  -2.152 0.0000000000
96722  -52.313  4.215  -2.331 0.0000000000
96723  -53.263  4.178  -2.472 0.0000000000
96724  -54.224  4.090  -2.557 0.0000000000
96725  -55.212  4.006  -2.579 0.0000000000
96739  -49.406  4.075  -3.115 0.0000000000
96740  -50.414  4.302  -3.165 0.0000000000
96741  -51.433  4.457  -3.287 0.0000000000
97992  -54.426  5.273  -0.579 0.0000000000
97993  -55.353  5.214  -0.656 0.0000000000
97994  -56.429  4.984  -0.760 0.0000000000
97995  -57.566  5.298  -0.722 0.0000000000
98004  -56.642  4.496  -1.231 0.0000000000
99263  -54.987  5.972  -0.592 0.0000000000
99264  -55.976  5.929  -0.597 0.0000000000
99265  -57.010  5.956  -0.546 0.0000000000
99266  -58.010  6.030  -0.560 0.0000000000
99267  -58.941  6.009  -0.529 0.0000000000
99289  -55.505  6.691  -0.825 0.0000000000
99290  -56.508  6.712  -0.787 0.0000000000
99291  -57.519  6.740  -0.775 0.0000000000
99292  -58.506  6.748  -0.778 0.0000000000
99293  -59.473  6.716  -0.778 0.0000000000
99294  -60.422  6.591  -0.856 0.0000000000
100637  -55.996  7.371  -1.266 0.0000000000
100638  -57.012  7.395  -1.242 0.0000000000
100639  -58.026  7.412  -1.222 0.0000000000
100640  -59.033  7.404  -1.218 0.0000000000
100641  -60.044  7.350  -1.246 0.0000000000
100667  -57.521  7.970  -1.849 0.0000000000
100668  -58.550  7.977  -1.822 0.0000000000
100669  -59.580  7.970  -1.816 0.0000000000
101978  -60.133  8.428  -2.509 0.0000000000
