#!ascii label  , from subject COLIN27_FS vox2ras=TkReg
214
135939  -36.552  38.627  -34.952 0.0000000000
135940  -36.861  38.745  -35.119 0.0000000000
135941  -37.143  38.880  -35.293 0.0000000000
135948  -36.368  38.515  -35.241 0.0000000000
135949  -36.687  38.606  -35.599 0.0000000000
135950  -37.061  38.822  -35.526 0.0000000000
135957  -36.191  38.442  -35.637 0.0000000000
135958  -36.327  38.479  -35.890 0.0000000000
136960  -34.952  39.417  -34.008 0.0000000000
136961  -35.671  39.261  -34.127 0.0000000000
136962  -36.511  39.256  -34.178 0.0000000000
136963  -37.392  39.355  -34.138 0.0000000000
136964  -38.428  39.361  -33.876 0.0000000000
136977  -34.230  39.049  -34.935 0.0000000000
136978  -35.138  38.889  -34.668 0.0000000000
136979  -36.123  38.727  -34.720 0.0000000000
136980  -36.837  38.960  -34.702 0.0000000000
136981  -37.714  39.188  -34.725 0.0000000000
136982  -39.043  39.281  -34.202 0.0000000000
136994  -34.157  38.904  -35.761 0.0000000000
136995  -34.966  38.587  -35.497 0.0000000000
136996  -35.762  38.494  -35.307 0.0000000000
136997  -36.946  38.796  -35.751 0.0000000000
136998  -37.556  39.259  -35.376 0.0000000000
136999  -38.684  39.496  -34.753 0.0000000000
137009  -34.177  38.971  -36.547 0.0000000000
137010  -34.872  38.623  -36.278 0.0000000000
137011  -35.779  38.456  -36.029 0.0000000000
137012  -36.585  38.809  -36.127 0.0000000000
137013  -37.095  38.984  -35.822 0.0000000000
137024  -34.788  38.882  -36.936 0.0000000000
137025  -35.492  38.792  -36.648 0.0000000000
137026  -35.993  38.733  -36.406 0.0000000000
137945  -35.560  40.284  -32.919 0.0000000000
137946  -36.473  40.225  -32.927 0.0000000000
137947  -37.405  40.067  -32.795 0.0000000000
137967  -34.413  39.862  -33.484 0.0000000000
137968  -35.215  39.839  -33.517 0.0000000000
137969  -36.069  39.766  -33.583 0.0000000000
137970  -36.967  39.733  -33.562 0.0000000000
137971  -37.896  39.637  -33.399 0.0000000000
137986  -34.305  39.418  -34.175 0.0000000000
138003  -37.925  40.078  -35.559 0.0000000000
138004  -38.663  39.947  -35.181 0.0000000000
138005  -39.561  39.852  -34.812 0.0000000000
138020  -36.699  39.691  -36.299 0.0000000000
138021  -37.218  39.452  -35.884 0.0000000000
138033  -35.354  39.503  -37.132 0.0000000000
138034  -36.063  39.194  -36.616 0.0000000000
138961  -38.084  40.977  -35.683 0.0000000000
138962  -38.737  40.761  -35.453 0.0000000000
138970  -36.128  40.936  -36.647 0.0000000000
138971  -36.777  40.666  -36.322 0.0000000000
138972  -37.382  40.354  -35.940 0.0000000000
138981  -35.631  40.415  -37.019 0.0000000000
138982  -36.114  40.025  -36.704 0.0000000000
138996  -35.034  40.294  -37.531 0.0000000000
139886  -38.196  41.499  -35.822 0.0000000000
139887  -38.719  41.700  -35.714 0.0000000000
139901  -36.168  41.503  -36.686 0.0000000000
139902  -36.772  41.665  -36.469 0.0000000000
139903  -37.687  41.499  -36.036 0.0000000000
139904  -38.289  41.800  -35.909 0.0000000000
139919  -35.598  41.461  -37.074 0.0000000000
139920  -36.286  41.968  -36.714 0.0000000000
140833  -38.994  42.302  -35.814 0.0000000000
140834  -39.393  42.210  -35.653 0.0000000000
140852  -36.833  42.567  -36.653 0.0000000000
140853  -37.582  42.511  -36.409 0.0000000000
140854  -38.507  42.444  -36.059 0.0000000000
140855  -39.264  42.692  -35.854 0.0000000000
140856  -39.643  42.594  -35.646 0.0000000000
140870  -35.487  42.617  -37.415 0.0000000000
140871  -36.193  42.589  -36.957 0.0000000000
141756  -39.521  43.471  -35.451 0.0000000000
141770  -36.765  43.218  -36.884 0.0000000000
141771  -37.376  43.296  -36.705 0.0000000000
141772  -38.153  43.453  -36.488 0.0000000000
141773  -39.071  43.373  -36.017 0.0000000000
141774  -39.698  42.996  -35.643 0.0000000000
141786  -36.299  43.548  -37.305 0.0000000000
141787  -37.089  43.841  -37.067 0.0000000000
141788  -37.629  43.912  -36.831 0.0000000000
142683  -37.225  44.640  -33.044 0.0000000000
142684  -37.923  44.590  -32.910 0.0000000000
142704  -36.008  44.792  -33.890 0.0000000000
142705  -36.695  44.619  -33.700 0.0000000000
142706  -37.647  44.419  -33.767 0.0000000000
142707  -38.507  44.228  -33.613 0.0000000000
142723  -35.754  44.887  -34.224 0.0000000000
142724  -36.287  44.802  -34.674 0.0000000000
142725  -37.271  44.536  -34.697 0.0000000000
142726  -38.234  44.233  -34.638 0.0000000000
142727  -39.112  43.923  -34.390 0.0000000000
142740  -36.346  44.981  -35.353 0.0000000000
142741  -36.847  44.848  -35.490 0.0000000000
142742  -37.818  44.533  -35.785 0.0000000000
142743  -38.910  43.959  -35.394 0.0000000000
142744  -39.576  43.661  -34.942 0.0000000000
142756  -37.821  44.338  -36.626 0.0000000000
142757  -38.498  44.048  -36.171 0.0000000000
142769  -36.060  44.305  -37.747 0.0000000000
142770  -36.768  44.454  -37.433 0.0000000000
142771  -37.349  44.397  -37.081 0.0000000000
142784  -36.390  44.933  -37.913 0.0000000000
143673  -38.103  45.643  -31.000 0.0000000000
143683  -36.182  45.524  -32.041 0.0000000000
143684  -36.877  45.424  -31.890 0.0000000000
143685  -37.611  45.409  -31.582 0.0000000000
143700  -35.036  45.492  -32.925 0.0000000000
143701  -35.649  45.350  -32.640 0.0000000000
143702  -36.555  45.000  -32.660 0.0000000000
143703  -37.372  44.988  -32.362 0.0000000000
143704  -38.036  44.908  -32.184 0.0000000000
143722  -34.692  45.531  -33.417 0.0000000000
143723  -35.360  45.093  -33.638 0.0000000000
143724  -36.038  44.930  -33.280 0.0000000000
143741  -34.674  45.426  -34.257 0.0000000000
143742  -35.439  45.104  -34.713 0.0000000000
143743  -35.958  45.077  -35.271 0.0000000000
143755  -34.776  45.570  -35.236 0.0000000000
143756  -35.476  45.399  -35.628 0.0000000000
143757  -36.230  45.262  -35.934 0.0000000000
143758  -36.966  45.067  -36.331 0.0000000000
143759  -37.419  44.816  -36.614 0.0000000000
143770  -34.934  45.801  -36.045 0.0000000000
143771  -35.529  45.756  -36.470 0.0000000000
143772  -36.254  45.621  -36.901 0.0000000000
143773  -36.912  45.227  -37.045 0.0000000000
143774  -37.288  44.811  -37.070 0.0000000000
143785  -36.322  45.604  -37.554 0.0000000000
143786  -36.710  45.100  -37.559 0.0000000000
143787  -37.085  44.735  -37.292 0.0000000000
143800  -36.009  45.513  -38.097 0.0000000000
143801  -36.438  45.227  -37.888 0.0000000000
143814  -34.801  45.912  -38.870 0.0000000000
144704  -36.294  46.947  -30.203 0.0000000000
144705  -36.780  46.876  -30.107 0.0000000000
144706  -37.801  46.682  -29.873 0.0000000000
144716  -34.487  46.672  -31.044 0.0000000000
144717  -34.958  46.599  -30.961 0.0000000000
144718  -36.034  46.607  -30.596 0.0000000000
144719  -37.281  46.119  -30.779 0.0000000000
144733  -34.245  46.478  -31.498 0.0000000000
144734  -35.371  45.953  -31.721 0.0000000000
144735  -36.469  45.887  -31.384 0.0000000000
144736  -37.063  45.714  -31.396 0.0000000000
144750  -34.424  45.898  -32.604 0.0000000000
144751  -35.111  45.658  -32.444 0.0000000000
144779  -34.077  45.926  -34.824 0.0000000000
144795  -34.300  46.149  -35.825 0.0000000000
144807  -34.714  46.393  -36.859 0.0000000000
144808  -35.507  46.154  -37.242 0.0000000000
144809  -35.917  45.994  -37.554 0.0000000000
144820  -34.987  46.499  -37.599 0.0000000000
144821  -35.398  46.378  -37.890 0.0000000000
144822  -35.866  46.025  -38.027 0.0000000000
144832  -34.711  46.461  -38.705 0.0000000000
144833  -35.183  46.155  -38.490 0.0000000000
144834  -35.728  45.932  -38.225 0.0000000000
144846  -34.496  46.216  -39.065 0.0000000000
144847  -34.760  46.156  -38.887 0.0000000000
145682  -37.367  47.885  -29.021 0.0000000000
145698  -33.863  47.793  -30.142 0.0000000000
145699  -34.876  47.625  -29.959 0.0000000000
145700  -36.029  47.316  -29.924 0.0000000000
145701  -37.179  47.565  -29.361 0.0000000000
145713  -34.263  47.015  -30.782 0.0000000000
145714  -35.340  47.040  -30.410 0.0000000000
145715  -35.813  47.005  -30.305 0.0000000000
145769  -31.307  47.308  -34.763 0.0000000000
145788  -31.715  47.299  -35.365 0.0000000000
145789  -32.389  47.343  -35.496 0.0000000000
145790  -33.183  47.117  -36.018 0.0000000000
145802  -31.494  46.943  -35.971 0.0000000000
145803  -31.943  47.148  -36.490 0.0000000000
145804  -32.715  47.227  -36.749 0.0000000000
145805  -33.422  47.134  -37.035 0.0000000000
145806  -34.040  46.923  -37.230 0.0000000000
145814  -32.360  47.010  -37.554 0.0000000000
145815  -33.022  47.224  -37.730 0.0000000000
145816  -33.730  47.202  -37.864 0.0000000000
145817  -34.473  46.891  -37.804 0.0000000000
145818  -34.872  46.634  -37.868 0.0000000000
145828  -33.269  47.195  -38.628 0.0000000000
145829  -34.078  47.118  -38.533 0.0000000000
145830  -34.661  46.706  -38.453 0.0000000000
145831  -35.037  46.516  -38.200 0.0000000000
145841  -34.334  46.812  -39.003 0.0000000000
145842  -34.581  46.625  -38.842 0.0000000000
146647  -34.531  48.915  -29.102 0.0000000000
146648  -34.984  48.858  -29.040 0.0000000000
146649  -35.944  48.682  -28.877 0.0000000000
146650  -37.073  48.326  -28.878 0.0000000000
146667  -34.307  48.522  -29.394 0.0000000000
146668  -35.436  48.167  -29.364 0.0000000000
146669  -36.437  48.006  -29.218 0.0000000000
146670  -36.912  47.985  -29.140 0.0000000000
146743  -31.205  47.491  -34.213 0.0000000000
146744  -31.691  47.487  -34.514 0.0000000000
146759  -31.995  47.510  -34.976 0.0000000000
146760  -32.210  47.466  -34.868 0.0000000000
147618  -33.149  49.673  -28.893 0.0000000000
147619  -34.285  49.343  -28.952 0.0000000000
147620  -35.373  49.478  -28.750 0.0000000000
147645  -33.581  48.933  -29.230 0.0000000000
147646  -34.067  48.944  -29.175 0.0000000000
148528  -33.739  50.461  -28.714 0.0000000000
148529  -34.812  50.305  -28.733 0.0000000000
149385  -32.112  51.393  -28.642 0.0000000000
149386  -33.175  51.642  -28.841 0.0000000000
149387  -34.355  51.200  -28.860 0.0000000000
149395  -33.396  52.284  -29.326 0.0000000000
149396  -34.084  51.997  -29.216 0.0000000000
