#!ascii label  , from subject COLIN27_FS vox2ras=TkReg
634
119965  -13.910  22.232  -32.947 0.0000000000
119974  -13.595  22.807  -33.005 0.0000000000
121230  -12.418  23.278  -32.728 0.0000000000
121231  -13.050  23.176  -32.929 0.0000000000
121238  -11.949  23.913  -32.823 0.0000000000
121239  -12.563  23.827  -33.003 0.0000000000
121240  -13.423  23.588  -33.209 0.0000000000
121241  -14.242  23.625  -33.529 0.0000000000
122451  -11.891  24.470  -33.033 0.0000000000
122452  -12.590  24.521  -33.252 0.0000000000
122453  -13.465  24.498  -33.488 0.0000000000
122454  -14.254  24.493  -33.773 0.0000000000
123583  -11.553  25.312  -33.265 0.0000000000
123584  -12.639  25.353  -33.528 0.0000000000
123585  -13.536  25.327  -33.736 0.0000000000
124713  -11.853  26.168  -33.711 0.0000000000
124714  -12.817  26.088  -33.856 0.0000000000
124715  -13.632  25.999  -34.020 0.0000000000
124716  -14.249  25.929  -34.331 0.0000000000
124726  -13.341  26.713  -35.834 0.0000000000
125789  -11.175  26.939  -34.041 0.0000000000
125790  -12.130  26.767  -34.157 0.0000000000
125791  -13.034  26.579  -34.250 0.0000000000
125792  -13.685  26.394  -34.306 0.0000000000
125802  -10.564  27.713  -34.477 0.0000000000
125803  -11.481  27.407  -34.578 0.0000000000
125804  -12.389  27.386  -36.044 0.0000000000
125805  -13.002  27.059  -35.762 0.0000000000
125806  -13.916  26.377  -34.492 0.0000000000
125815  -11.135  28.383  -36.136 0.0000000000
125816  -11.693  27.924  -36.229 0.0000000000
125817  -12.579  27.310  -36.231 0.0000000000
125818  -13.070  26.978  -35.960 0.0000000000
125825  -11.924  27.874  -36.479 0.0000000000
125826  -12.526  27.695  -36.828 0.0000000000
126804  -10.823  28.569  -36.081 0.0000000000
126812  -10.434  29.021  -36.107 0.0000000000
126813  -10.939  28.689  -36.257 0.0000000000
126814  -11.512  28.228  -36.389 0.0000000000
126827  -11.170  28.999  -36.447 0.0000000000
126828  -11.677  28.585  -36.648 0.0000000000
126829  -12.454  28.476  -37.162 0.0000000000
127845  -10.311  29.256  -36.161 0.0000000000
127862  -10.500  29.514  -36.317 0.0000000000
127863  -11.176  29.503  -36.568 0.0000000000
127864  -12.083  29.457  -36.961 0.0000000000
127865  -13.085  29.719  -37.159 0.0000000000
127875  -12.785  29.012  -37.382 0.0000000000
128881  -12.580  31.128  -36.220 0.0000000000
128882  -13.168  30.965  -36.134 0.0000000000
128895  -9.819  30.280  -36.256 0.0000000000
128896  -10.500  30.253  -36.429 0.0000000000
128897  -11.353  30.323  -36.578 0.0000000000
128898  -12.423  30.575  -36.616 0.0000000000
129842  -12.768  31.769  -34.085 0.0000000000
129843  -13.289  31.613  -34.091 0.0000000000
129857  -11.884  31.849  -34.929 0.0000000000
129858  -12.713  31.663  -34.747 0.0000000000
129859  -13.518  31.499  -34.450 0.0000000000
129872  -9.936  31.593  -35.711 0.0000000000
129873  -10.814  31.610  -35.742 0.0000000000
129874  -11.650  31.573  -35.669 0.0000000000
129875  -12.524  31.444  -35.637 0.0000000000
129876  -13.409  31.285  -35.337 0.0000000000
129889  -9.337  30.801  -36.151 0.0000000000
129890  -9.794  30.954  -36.238 0.0000000000
129891  -10.615  31.022  -36.289 0.0000000000
129892  -11.485  31.109  -36.273 0.0000000000
129893  -12.136  31.239  -36.165 0.0000000000
130841  -13.671  33.278  -31.714 0.0000000000
130846  -7.516  32.538  -32.425 0.0000000000
130847  -11.858  32.755  -32.814 0.0000000000
130848  -12.472  32.717  -32.582 0.0000000000
130849  -13.048  32.951  -32.097 0.0000000000
130859  -10.751  32.734  -33.752 0.0000000000
130860  -11.407  32.599  -33.426 0.0000000000
130861  -12.175  32.334  -33.397 0.0000000000
130862  -13.251  31.991  -33.356 0.0000000000
130863  -13.896  32.094  -33.109 0.0000000000
130872  -9.767  32.634  -34.592 0.0000000000
130873  -10.397  32.580  -34.362 0.0000000000
130874  -11.257  32.289  -34.274 0.0000000000
130875  -12.047  32.026  -34.115 0.0000000000
130876  -13.548  31.549  -34.100 0.0000000000
130877  -13.826  31.445  -34.223 0.0000000000
130887  -9.393  32.284  -35.011 0.0000000000
130888  -10.217  32.154  -35.135 0.0000000000
130889  -11.046  32.051  -35.059 0.0000000000
130942  -5.690  32.869  -39.468 0.0000000000
130944  -6.478  33.407  -40.024 0.0000000000
131829  -11.370  33.865  -32.104 0.0000000000
131830  -11.816  33.745  -31.943 0.0000000000
131831  -12.881  33.474  -31.726 0.0000000000
131838  -10.325  33.727  -32.997 0.0000000000
131839  -11.014  33.527  -32.607 0.0000000000
131840  -12.144  33.109  -32.274 0.0000000000
131841  -12.705  32.934  -32.172 0.0000000000
131848  -7.685  33.466  -32.946 0.0000000000
131849  -9.518  33.714  -33.808 0.0000000000
131850  -10.064  33.460  -33.551 0.0000000000
131851  -10.784  33.035  -33.298 0.0000000000
131858  -9.154  33.405  -34.284 0.0000000000
131859  -9.822  32.991  -34.201 0.0000000000
131869  -9.016  32.715  -34.799 0.0000000000
131899  -5.381  32.995  -38.408 0.0000000000
131912  -5.326  33.279  -39.261 0.0000000000
131927  -5.624  33.709  -40.033 0.0000000000
131928  -6.193  33.942  -40.561 0.0000000000
131929  -6.665  33.927  -40.462 0.0000000000
131946  -5.801  34.315  -40.695 0.0000000000
131947  -6.025  34.449  -41.021 0.0000000000
132791  -11.327  34.397  -31.897 0.0000000000
132792  -12.256  34.443  -31.525 0.0000000000
132793  -13.256  34.509  -31.381 0.0000000000
132800  -7.299  34.409  -32.531 0.0000000000
132801  -9.671  34.790  -33.227 0.0000000000
132802  -10.015  34.296  -32.962 0.0000000000
132803  -10.597  34.607  -32.336 0.0000000000
132809  -7.108  34.979  -33.760 0.0000000000
132810  -7.455  34.497  -33.563 0.0000000000
132811  -9.437  34.340  -33.613 0.0000000000
132812  -9.775  33.992  -33.329 0.0000000000
132817  -7.068  34.996  -34.244 0.0000000000
132820  -8.747  34.650  -34.247 0.0000000000
132825  -6.060  34.915  -35.813 0.0000000000
132826  -6.703  34.815  -35.441 0.0000000000
132833  -5.973  34.150  -36.623 0.0000000000
132842  -5.365  33.975  -37.707 0.0000000000
132851  -5.086  34.052  -38.732 0.0000000000
132862  -5.236  34.283  -39.669 0.0000000000
132875  -5.474  34.617  -40.498 0.0000000000
132876  -6.600  34.232  -40.849 0.0000000000
132877  -7.108  34.466  -40.888 0.0000000000
132893  -5.813  34.970  -41.262 0.0000000000
132894  -6.449  34.760  -41.341 0.0000000000
132895  -7.016  34.910  -41.431 0.0000000000
132915  -6.132  35.159  -41.689 0.0000000000
132916  -6.346  35.102  -41.701 0.0000000000
133755  -11.739  35.386  -31.590 0.0000000000
133756  -12.638  35.388  -31.391 0.0000000000
133757  -13.565  35.498  -31.359 0.0000000000
133766  -7.159  34.990  -33.128 0.0000000000
133767  -9.791  35.029  -33.022 0.0000000000
133768  -10.177  35.495  -32.765 0.0000000000
133769  -10.914  35.456  -32.051 0.0000000000
133775  -7.135  34.986  -33.515 0.0000000000
133776  -9.633  35.512  -33.439 0.0000000000
133777  -9.980  36.020  -33.220 0.0000000000
133782  -6.497  35.574  -34.564 0.0000000000
133783  -8.586  35.449  -34.828 0.0000000000
133784  -9.094  35.437  -34.149 0.0000000000
133789  -5.693  35.391  -36.040 0.0000000000
133790  -6.081  35.467  -35.330 0.0000000000
133791  -8.257  35.530  -35.720 0.0000000000
133795  -5.374  35.066  -37.047 0.0000000000
133801  -5.008  35.029  -38.109 0.0000000000
133807  -5.061  35.082  -39.207 0.0000000000
133808  -7.839  34.933  -39.014 0.0000000000
133809  -8.394  35.622  -38.680 0.0000000000
133818  -5.292  35.204  -40.151 0.0000000000
133819  -7.927  34.915  -39.938 0.0000000000
133820  -8.420  35.599  -39.646 0.0000000000
133832  -5.535  35.432  -40.935 0.0000000000
133833  -7.803  34.987  -40.743 0.0000000000
133834  -8.317  35.538  -40.520 0.0000000000
133849  -5.707  35.716  -41.518 0.0000000000
133850  -6.911  35.177  -41.704 0.0000000000
133851  -7.545  35.421  -41.568 0.0000000000
133852  -8.088  35.487  -41.071 0.0000000000
133867  -5.943  35.640  -41.907 0.0000000000
133868  -6.505  35.445  -41.976 0.0000000000
133869  -7.046  35.505  -41.995 0.0000000000
134821  -12.161  36.105  -31.533 0.0000000000
134822  -12.897  36.410  -31.425 0.0000000000
134833  -10.718  36.236  -32.505 0.0000000000
134834  -11.481  36.495  -32.045 0.0000000000
134835  -12.217  36.768  -31.693 0.0000000000
134844  -9.910  36.324  -33.607 0.0000000000
134845  -10.435  36.581  -33.290 0.0000000000
134846  -11.006  36.879  -32.804 0.0000000000
134851  -5.772  36.433  -35.271 0.0000000000
134853  -9.044  36.056  -34.766 0.0000000000
134854  -9.620  36.450  -34.317 0.0000000000
134855  -10.181  36.799  -33.972 0.0000000000
134859  -5.614  36.271  -35.766 0.0000000000
134860  -5.766  35.959  -35.419 0.0000000000
134861  -8.802  36.155  -35.465 0.0000000000
134862  -9.358  36.631  -35.170 0.0000000000
134866  -5.454  36.050  -36.543 0.0000000000
134867  -8.690  36.229  -36.376 0.0000000000
134868  -9.249  36.787  -36.005 0.0000000000
134872  -5.308  35.947  -37.508 0.0000000000
134873  -8.744  36.268  -37.345 0.0000000000
134874  -9.239  36.919  -36.949 0.0000000000
134878  -5.403  36.105  -38.704 0.0000000000
134879  -5.847  36.625  -39.074 0.0000000000
134880  -8.876  36.287  -38.304 0.0000000000
134881  -9.280  36.974  -37.915 0.0000000000
134887  -5.415  35.866  -39.776 0.0000000000
134888  -5.781  36.464  -39.624 0.0000000000
134889  -9.018  36.389  -39.354 0.0000000000
134890  -9.324  36.935  -38.765 0.0000000000
134897  -5.595  36.061  -40.674 0.0000000000
134898  -5.726  36.371  -40.263 0.0000000000
134899  -8.855  36.263  -40.302 0.0000000000
134907  -5.646  36.125  -41.341 0.0000000000
134908  -7.917  36.348  -41.995 0.0000000000
134909  -8.436  36.179  -41.258 0.0000000000
134920  -5.738  36.454  -42.023 0.0000000000
134921  -6.228  36.336  -42.524 0.0000000000
134922  -7.196  36.199  -42.436 0.0000000000
134937  -5.828  36.977  -42.673 0.0000000000
134938  -6.158  37.086  -43.016 0.0000000000
135901  -12.614  37.218  -31.639 0.0000000000
135902  -13.294  37.373  -31.472 0.0000000000
135914  -11.441  37.339  -32.667 0.0000000000
135915  -12.077  37.528  -32.144 0.0000000000
135924  -10.527  37.130  -33.911 0.0000000000
135925  -11.081  37.634  -33.643 0.0000000000
135932  -5.900  36.728  -35.018 0.0000000000
135934  -9.767  36.976  -34.935 0.0000000000
135935  -10.370  37.510  -34.717 0.0000000000
135936  -10.903  37.996  -34.419 0.0000000000
135944  -9.775  37.224  -35.555 0.0000000000
135945  -10.221  37.899  -35.989 0.0000000000
135951  -5.642  36.874  -36.103 0.0000000000
135952  -6.129  37.477  -36.511 0.0000000000
135953  -9.711  37.454  -36.492 0.0000000000
135954  -10.008  38.099  -36.876 0.0000000000
135959  -5.671  36.722  -36.977 0.0000000000
135960  -6.204  37.277  -37.475 0.0000000000
135961  -9.732  37.779  -37.504 0.0000000000
135962  -9.934  38.213  -37.335 0.0000000000
135967  -5.667  36.624  -37.825 0.0000000000
135968  -6.092  36.999  -38.526 0.0000000000
135969  -9.660  37.673  -38.545 0.0000000000
135976  -6.242  37.002  -39.457 0.0000000000
135977  -9.189  36.841  -40.042 0.0000000000
135978  -9.509  37.452  -39.636 0.0000000000
135985  -5.821  36.584  -40.730 0.0000000000
135986  -6.148  37.035  -40.462 0.0000000000
135987  -9.175  37.315  -40.785 0.0000000000
135988  -9.536  37.902  -40.281 0.0000000000
135998  -5.827  37.053  -41.402 0.0000000000
135999  -6.099  37.551  -41.080 0.0000000000
136000  -7.807  36.810  -42.396 0.0000000000
136001  -8.455  37.266  -42.067 0.0000000000
136011  -5.689  37.502  -42.372 0.0000000000
136012  -6.723  36.920  -42.957 0.0000000000
136013  -7.583  37.511  -42.879 0.0000000000
136014  -8.286  37.821  -42.600 0.0000000000
136030  -5.885  37.717  -42.989 0.0000000000
136031  -6.587  37.782  -43.207 0.0000000000
136032  -7.136  38.127  -43.255 0.0000000000
136929  -12.735  37.939  -31.790 0.0000000000
136930  -13.474  38.641  -31.582 0.0000000000
136942  -11.732  38.046  -32.865 0.0000000000
136943  -12.403  38.857  -32.428 0.0000000000
136944  -13.020  39.337  -31.981 0.0000000000
136954  -11.713  38.856  -33.484 0.0000000000
136955  -12.110  39.351  -33.118 0.0000000000
136972  -10.843  38.295  -34.822 0.0000000000
136973  -11.195  38.607  -34.402 0.0000000000
136988  -6.549  38.200  -36.027 0.0000000000
136989  -10.726  38.675  -35.553 0.0000000000
136990  -10.962  38.712  -34.954 0.0000000000
137002  -6.878  38.217  -37.017 0.0000000000
137003  -7.302  38.879  -37.310 0.0000000000
137004  -10.360  38.645  -36.565 0.0000000000
137014  -6.760  37.817  -38.123 0.0000000000
137015  -7.275  38.640  -37.917 0.0000000000
137016  -9.949  38.358  -37.618 0.0000000000
137017  -10.099  38.599  -37.290 0.0000000000
137027  -6.663  37.665  -39.088 0.0000000000
137028  -7.122  38.443  -38.819 0.0000000000
137029  -9.973  38.561  -38.168 0.0000000000
137030  -10.034  38.633  -37.711 0.0000000000
137037  -6.561  37.709  -39.964 0.0000000000
137038  -6.860  38.338  -39.638 0.0000000000
137039  -9.869  38.418  -39.169 0.0000000000
137050  -6.416  38.218  -40.800 0.0000000000
137051  -6.668  38.276  -40.175 0.0000000000
137052  -9.489  38.580  -40.624 0.0000000000
137053  -9.750  38.308  -39.941 0.0000000000
137066  -5.649  38.420  -42.045 0.0000000000
137067  -5.991  38.018  -41.435 0.0000000000
137068  -9.104  38.299  -41.629 0.0000000000
137079  -5.653  38.534  -42.774 0.0000000000
137080  -8.218  38.438  -42.780 0.0000000000
137081  -8.664  38.179  -42.347 0.0000000000
137097  -6.087  38.652  -43.228 0.0000000000
137098  -6.819  38.721  -43.320 0.0000000000
137099  -7.546  38.620  -43.157 0.0000000000
137914  -14.335  39.666  -31.546 0.0000000000
137933  -12.935  40.068  -32.384 0.0000000000
137934  -13.507  39.707  -31.830 0.0000000000
137954  -7.592  39.962  -33.858 0.0000000000
137956  -11.992  39.929  -33.587 0.0000000000
137957  -12.366  39.780  -32.955 0.0000000000
137977  -11.521  39.592  -34.307 0.0000000000
137991  -7.043  38.830  -35.775 0.0000000000
137992  -7.337  39.676  -35.712 0.0000000000
137993  -10.943  39.787  -35.719 0.0000000000
137994  -11.143  39.255  -35.023 0.0000000000
138008  -7.013  38.583  -36.341 0.0000000000
138009  -7.374  39.286  -36.684 0.0000000000
138010  -10.607  39.442  -36.421 0.0000000000
138022  -7.436  39.484  -37.712 0.0000000000
138023  -10.330  39.224  -37.128 0.0000000000
138035  -6.964  40.088  -39.194 0.0000000000
138036  -7.332  39.351  -38.601 0.0000000000
138037  -10.134  39.353  -38.132 0.0000000000
138038  -10.166  39.002  -37.701 0.0000000000
138051  -6.634  39.830  -39.986 0.0000000000
138052  -7.090  39.164  -39.463 0.0000000000
138053  -9.972  39.341  -38.785 0.0000000000
138065  -5.669  39.829  -41.364 0.0000000000
138066  -6.235  39.547  -40.799 0.0000000000
138067  -6.763  38.898  -40.214 0.0000000000
138068  -9.497  39.581  -40.481 0.0000000000
138069  -9.766  39.259  -39.756 0.0000000000
138081  -5.144  39.946  -42.433 0.0000000000
138082  -5.387  39.620  -41.962 0.0000000000
138083  -5.933  38.951  -41.485 0.0000000000
138084  -9.230  39.403  -41.247 0.0000000000
138095  -5.170  40.009  -42.818 0.0000000000
138096  -5.413  39.366  -42.563 0.0000000000
138097  -8.052  39.409  -42.821 0.0000000000
138098  -8.745  39.174  -42.194 0.0000000000
138111  -5.201  40.214  -43.085 0.0000000000
138112  -5.566  39.684  -43.164 0.0000000000
138113  -6.401  39.670  -43.402 0.0000000000
138114  -7.274  39.623  -43.229 0.0000000000
138910  -14.560  40.385  -31.627 0.0000000000
138926  -13.145  41.251  -32.583 0.0000000000
138927  -13.923  40.772  -31.887 0.0000000000
138941  -7.985  41.115  -34.072 0.0000000000
138942  -8.172  40.553  -33.344 0.0000000000
138943  -12.032  40.551  -33.689 0.0000000000
138944  -12.396  40.733  -33.207 0.0000000000
138949  -7.672  40.792  -34.769 0.0000000000
138950  -11.775  40.711  -34.224 0.0000000000
138951  -12.063  40.853  -33.726 0.0000000000
138956  -7.505  40.591  -35.562 0.0000000000
138957  -11.009  40.794  -35.728 0.0000000000
138958  -11.326  40.229  -35.045 0.0000000000
138966  -7.477  40.429  -36.405 0.0000000000
138967  -10.691  40.363  -36.389 0.0000000000
138973  -6.981  41.062  -38.183 0.0000000000
138974  -7.419  40.519  -37.428 0.0000000000
138975  -10.289  40.356  -37.536 0.0000000000
138976  -10.445  39.984  -37.039 0.0000000000
138983  -6.741  40.939  -38.889 0.0000000000
138984  -7.248  40.274  -38.360 0.0000000000
138985  -10.098  40.187  -38.220 0.0000000000
138986  -10.266  39.685  -37.648 0.0000000000
138997  -5.856  40.970  -40.270 0.0000000000
138998  -6.376  40.788  -39.705 0.0000000000
138999  -9.810  40.258  -39.114 0.0000000000
139011  -5.644  40.536  -40.875 0.0000000000
139012  -6.147  40.352  -40.346 0.0000000000
139013  -9.263  40.349  -40.697 0.0000000000
139014  -9.534  40.284  -39.939 0.0000000000
139025  -5.038  40.449  -42.138 0.0000000000
139026  -5.258  40.467  -41.553 0.0000000000
139027  -8.328  40.782  -42.073 0.0000000000
139028  -8.822  40.381  -41.569 0.0000000000
139040  -5.019  40.397  -42.577 0.0000000000
139041  -7.814  40.562  -42.727 0.0000000000
139042  -8.422  40.070  -42.350 0.0000000000
139051  -5.011  40.615  -42.923 0.0000000000
139052  -5.293  40.684  -43.281 0.0000000000
139053  -5.929  40.661  -43.544 0.0000000000
139054  -6.877  40.859  -43.349 0.0000000000
139857  -13.276  41.849  -32.734 0.0000000000
139858  -13.806  42.008  -32.478 0.0000000000
139864  -8.195  42.141  -34.180 0.0000000000
139865  -8.479  41.510  -33.521 0.0000000000
139866  -12.884  41.957  -33.174 0.0000000000
139867  -13.367  42.153  -32.797 0.0000000000
139872  -7.816  41.796  -34.795 0.0000000000
139873  -11.837  41.852  -34.489 0.0000000000
139874  -12.191  41.425  -33.793 0.0000000000
139879  -7.560  41.528  -35.480 0.0000000000
139880  -11.013  41.765  -35.703 0.0000000000
139881  -11.412  41.289  -35.100 0.0000000000
139891  -6.992  41.959  -36.798 0.0000000000
139892  -7.395  41.328  -36.209 0.0000000000
139893  -10.685  41.334  -36.331 0.0000000000
139905  -6.876  41.654  -37.615 0.0000000000
139906  -7.318  41.208  -36.902 0.0000000000
139907  -10.150  41.078  -37.675 0.0000000000
139908  -10.449  40.825  -37.012 0.0000000000
139921  -5.895  41.968  -39.126 0.0000000000
139922  -6.368  41.731  -38.521 0.0000000000
139923  -9.850  41.190  -38.479 0.0000000000
139935  -5.767  41.595  -39.778 0.0000000000
139936  -6.246  41.442  -39.223 0.0000000000
139937  -9.157  41.612  -39.862 0.0000000000
139938  -9.506  41.240  -39.373 0.0000000000
139948  -4.981  41.693  -41.098 0.0000000000
139949  -5.357  41.467  -40.557 0.0000000000
139950  -8.873  41.369  -40.626 0.0000000000
139951  -9.303  40.986  -40.122 0.0000000000
139961  -4.896  41.316  -41.749 0.0000000000
139962  -5.206  41.100  -41.180 0.0000000000
139963  -8.002  41.497  -42.084 0.0000000000
139964  -8.399  41.396  -41.456 0.0000000000
139978  -4.901  41.068  -42.488 0.0000000000
139979  -7.479  41.747  -42.749 0.0000000000
139988  -4.880  41.523  -43.090 0.0000000000
139989  -5.441  41.611  -43.563 0.0000000000
139990  -6.174  41.717  -43.662 0.0000000000
139991  -6.797  42.183  -43.301 0.0000000000
139995  -4.964  42.183  -43.477 0.0000000000
139996  -5.258  42.406  -43.715 0.0000000000
140802  -12.927  43.011  -33.533 0.0000000000
140803  -13.580  42.774  -32.880 0.0000000000
140810  -7.757  42.771  -34.771 0.0000000000
140811  -11.982  42.839  -34.581 0.0000000000
140812  -12.375  42.439  -33.962 0.0000000000
140821  -6.940  43.091  -35.941 0.0000000000
140822  -7.455  42.467  -35.410 0.0000000000
140823  -11.025  42.310  -35.692 0.0000000000
140824  -11.413  42.413  -35.260 0.0000000000
140837  -6.110  43.278  -37.116 0.0000000000
140838  -6.659  42.797  -36.622 0.0000000000
140839  -7.190  42.204  -36.087 0.0000000000
140840  -10.710  42.439  -36.143 0.0000000000
140841  -11.053  42.607  -35.689 0.0000000000
140857  -5.920  42.980  -37.795 0.0000000000
140858  -6.459  42.506  -37.328 0.0000000000
140859  -9.920  42.076  -37.757 0.0000000000
140860  -10.338  41.799  -36.986 0.0000000000
140872  -5.212  42.963  -39.241 0.0000000000
140873  -5.679  42.643  -38.609 0.0000000000
140874  -6.255  42.318  -37.984 0.0000000000
140875  -9.121  42.656  -39.081 0.0000000000
140876  -9.503  42.235  -38.630 0.0000000000
140886  -5.034  42.743  -39.919 0.0000000000
140887  -5.457  42.336  -39.458 0.0000000000
140888  -8.802  42.384  -39.790 0.0000000000
140889  -9.252  42.044  -39.365 0.0000000000
140900  -4.940  42.259  -40.599 0.0000000000
140901  -5.282  42.081  -40.062 0.0000000000
140902  -7.814  42.992  -41.041 0.0000000000
140903  -8.183  42.405  -40.780 0.0000000000
140914  -4.666  42.340  -41.373 0.0000000000
140915  -7.721  42.564  -41.785 0.0000000000
140916  -8.062  41.947  -41.523 0.0000000000
140926  -4.577  42.188  -42.344 0.0000000000
140927  -7.149  42.816  -42.690 0.0000000000
140932  -4.605  42.608  -43.101 0.0000000000
140933  -5.696  42.314  -43.795 0.0000000000
140934  -6.174  42.867  -43.673 0.0000000000
140935  -6.634  43.191  -43.196 0.0000000000
140941  -4.862  42.946  -43.568 0.0000000000
140942  -5.419  43.148  -43.777 0.0000000000
140943  -5.809  43.709  -43.719 0.0000000000
141719  -12.941  43.537  -33.713 0.0000000000
141720  -13.451  43.741  -33.434 0.0000000000
141732  -12.094  43.354  -34.608 0.0000000000
141733  -12.511  43.547  -34.188 0.0000000000
141734  -12.963  43.799  -33.785 0.0000000000
141745  -7.239  43.362  -35.280 0.0000000000
141746  -11.769  43.404  -34.991 0.0000000000
141747  -12.129  43.616  -34.647 0.0000000000
141759  -5.813  43.915  -36.945 0.0000000000
141760  -6.295  43.714  -36.421 0.0000000000
141761  -10.637  43.406  -36.277 0.0000000000
141762  -11.133  43.242  -35.674 0.0000000000
141775  -5.288  43.891  -38.058 0.0000000000
141776  -5.594  43.739  -37.545 0.0000000000
141777  -9.654  43.124  -37.835 0.0000000000
141778  -10.165  43.005  -36.966 0.0000000000
141789  -5.187  43.581  -38.691 0.0000000000
141790  -5.515  43.366  -38.144 0.0000000000
141791  -8.822  43.328  -39.129 0.0000000000
141792  -9.223  43.263  -38.509 0.0000000000
141800  -4.927  43.568  -39.567 0.0000000000
141801  -8.376  43.344  -39.822 0.0000000000
141809  -4.649  43.305  -40.617 0.0000000000
141810  -7.568  43.570  -41.189 0.0000000000
141811  -7.930  43.520  -40.492 0.0000000000
141821  -4.135  43.858  -42.394 0.0000000000
141822  -4.321  43.369  -41.796 0.0000000000
141823  -7.216  43.579  -42.024 0.0000000000
141832  -4.109  43.951  -42.858 0.0000000000
141833  -4.303  43.265  -42.650 0.0000000000
141834  -6.504  44.038  -43.036 0.0000000000
141835  -6.769  43.722  -42.773 0.0000000000
141839  -4.092  43.959  -43.070 0.0000000000
141840  -4.355  43.667  -43.226 0.0000000000
141841  -6.271  43.955  -43.383 0.0000000000
141842  -6.540  43.704  -43.131 0.0000000000
141848  -4.808  43.848  -43.679 0.0000000000
141849  -5.291  44.187  -43.778 0.0000000000
141850  -5.709  44.544  -43.644 0.0000000000
142695  -13.647  44.468  -33.636 0.0000000000
142714  -12.597  44.373  -34.382 0.0000000000
142715  -13.052  44.299  -33.922 0.0000000000
142731  -11.556  44.176  -35.399 0.0000000000
142732  -12.145  44.144  -34.774 0.0000000000
142748  -10.396  44.102  -36.674 0.0000000000
142749  -10.955  44.182  -36.056 0.0000000000
142759  -5.521  44.304  -37.142 0.0000000000
142760  -9.447  44.096  -37.979 0.0000000000
142761  -9.904  44.050  -37.320 0.0000000000
142772  -5.049  44.298  -38.282 0.0000000000
142773  -8.592  44.200  -39.177 0.0000000000
142774  -9.011  44.148  -38.577 0.0000000000
142785  -4.862  44.393  -38.951 0.0000000000
142786  -8.191  44.303  -39.792 0.0000000000
142796  -4.670  44.433  -39.942 0.0000000000
142797  -7.267  44.312  -41.410 0.0000000000
142798  -7.701  44.593  -40.539 0.0000000000
142808  -4.132  44.246  -41.983 0.0000000000
142809  -4.372  44.513  -41.120 0.0000000000
142810  -6.604  44.910  -42.641 0.0000000000
142811  -6.808  44.649  -42.251 0.0000000000
142815  -4.016  44.485  -42.526 0.0000000000
142816  -6.459  44.736  -42.955 0.0000000000
142817  -6.622  44.269  -42.815 0.0000000000
142821  -4.040  44.510  -43.112 0.0000000000
142822  -4.383  44.372  -43.498 0.0000000000
142823  -6.005  45.037  -43.451 0.0000000000
142829  -4.198  44.984  -43.489 0.0000000000
142830  -4.730  44.955  -43.759 0.0000000000
142831  -5.173  45.126  -43.779 0.0000000000
142832  -5.524  45.428  -43.701 0.0000000000
143731  -12.428  44.700  -34.678 0.0000000000
143732  -12.891  45.111  -34.404 0.0000000000
143747  -12.089  45.120  -35.179 0.0000000000
143762  -10.227  44.655  -37.060 0.0000000000
143776  -9.300  44.698  -38.211 0.0000000000
143777  -9.843  45.223  -37.666 0.0000000000
143789  -8.469  44.793  -39.292 0.0000000000
143790  -8.962  45.266  -38.729 0.0000000000
143791  -9.547  46.117  -38.294 0.0000000000
143803  -8.272  45.366  -39.643 0.0000000000
143804  -8.710  46.131  -39.247 0.0000000000
143816  -7.235  45.283  -41.191 0.0000000000
143817  -7.788  45.849  -40.403 0.0000000000
143825  -4.052  45.067  -41.939 0.0000000000
143827  -6.567  45.390  -42.578 0.0000000000
143828  -6.873  45.847  -41.842 0.0000000000
143834  -3.820  45.319  -42.652 0.0000000000
143835  -6.194  45.816  -43.146 0.0000000000
143841  -3.813  45.493  -43.294 0.0000000000
143842  -5.736  45.912  -43.634 0.0000000000
143849  -4.115  45.665  -43.729 0.0000000000
143850  -4.582  45.804  -43.929 0.0000000000
143851  -5.051  45.951  -44.005 0.0000000000
143852  -5.375  46.112  -43.909 0.0000000000
144811  -10.131  46.628  -37.907 0.0000000000
144824  -9.227  46.550  -38.860 0.0000000000
144825  -9.689  46.807  -38.485 0.0000000000
144836  -8.344  46.544  -39.824 0.0000000000
144837  -8.866  46.833  -39.378 0.0000000000
144849  -7.376  46.509  -41.044 0.0000000000
144850  -7.924  46.770  -40.421 0.0000000000
144856  -3.891  46.189  -41.973 0.0000000000
144858  -6.542  46.523  -42.460 0.0000000000
144859  -6.951  46.793  -41.698 0.0000000000
144865  -3.535  46.309  -42.864 0.0000000000
144866  -6.175  46.736  -43.122 0.0000000000
144872  -3.599  46.382  -43.622 0.0000000000
144873  -5.878  46.588  -43.590 0.0000000000
144879  -3.922  46.495  -44.142 0.0000000000
144880  -4.477  46.596  -44.365 0.0000000000
144881  -5.048  46.652  -44.340 0.0000000000
144882  -5.506  46.640  -44.028 0.0000000000
145808  -10.599  47.554  -37.836 0.0000000000
145820  -9.542  47.114  -38.787 0.0000000000
145821  -9.912  47.591  -38.567 0.0000000000
145833  -8.713  47.418  -39.758 0.0000000000
145834  -9.262  47.487  -39.218 0.0000000000
145835  -9.559  48.014  -39.087 0.0000000000
145845  -7.833  47.585  -40.766 0.0000000000
145846  -8.278  47.338  -40.196 0.0000000000
145854  -6.867  47.671  -41.996 0.0000000000
145855  -7.293  47.404  -41.358 0.0000000000
145861  -3.241  47.259  -43.310 0.0000000000
145862  -6.354  47.522  -42.822 0.0000000000
145869  -3.297  47.241  -44.118 0.0000000000
145870  -5.728  47.932  -44.071 0.0000000000
145871  -5.983  47.358  -43.520 0.0000000000
145879  -3.754  47.481  -44.749 0.0000000000
145880  -4.569  47.261  -44.771 0.0000000000
145881  -5.208  47.483  -44.560 0.0000000000
145882  -5.696  47.186  -43.992 0.0000000000
145890  -4.263  47.874  -45.124 0.0000000000
145891  -4.715  47.667  -44.974 0.0000000000
146779  -10.574  48.561  -38.185 0.0000000000
146780  -10.984  49.091  -37.915 0.0000000000
146786  -8.937  47.922  -39.707 0.0000000000
146787  -9.221  48.413  -39.601 0.0000000000
146788  -9.837  48.548  -38.978 0.0000000000
146796  -7.967  48.237  -40.817 0.0000000000
146797  -8.530  48.351  -40.291 0.0000000000
146798  -8.946  48.610  -39.976 0.0000000000
146805  -7.028  48.347  -41.965 0.0000000000
146806  -7.491  48.446  -41.416 0.0000000000
146807  -8.031  48.545  -40.873 0.0000000000
146815  -6.695  48.603  -42.534 0.0000000000
146816  -7.086  48.658  -41.976 0.0000000000
146825  -5.833  48.846  -44.064 0.0000000000
146826  -6.099  48.277  -43.406 0.0000000000
146834  -5.356  48.507  -44.636 0.0000000000
146842  -4.197  48.613  -45.271 0.0000000000
146843  -4.779  48.182  -45.051 0.0000000000
147741  -10.717  49.560  -38.331 0.0000000000
147742  -11.232  49.605  -37.840 0.0000000000
147747  -9.558  49.298  -39.503 0.0000000000
147748  -10.151  49.417  -38.878 0.0000000000
147756  -8.645  49.563  -40.554 0.0000000000
147757  -9.045  49.076  -40.024 0.0000000000
147765  -7.674  49.599  -41.596 0.0000000000
147766  -8.115  49.130  -41.000 0.0000000000
147773  -6.821  49.682  -42.684 0.0000000000
147774  -7.160  49.217  -42.048 0.0000000000
147783  -5.911  49.383  -44.061 0.0000000000
147784  -6.236  49.407  -43.491 0.0000000000
147793  -5.532  49.606  -44.535 0.0000000000
147794  -5.955  49.699  -44.047 0.0000000000
148655  -10.969  50.244  -38.265 0.0000000000
148656  -11.544  50.495  -37.808 0.0000000000
148661  -9.833  50.089  -39.390 0.0000000000
148662  -10.417  50.442  -38.870 0.0000000000
148671  -8.722  50.278  -40.682 0.0000000000
148672  -9.237  50.241  -40.121 0.0000000000
148680  -7.751  50.234  -41.715 0.0000000000
148681  -8.213  50.277  -41.220 0.0000000000
149506  -9.903  51.017  -39.639 0.0000000000
