#!ascii label  , from subject COLIN27_FS vox2ras=TkReg
418
46425  -9.410  -33.795  46.801 0.0000000000
47624  -9.573  -33.260  46.294 0.0000000000
48815  -6.912  -32.760  48.359 0.0000000000
48826  -7.520  -32.469  47.971 0.0000000000
48837  -8.488  -32.340  46.883 0.0000000000
48838  -9.100  -32.313  46.305 0.0000000000
49967  -6.610  -31.609  48.193 0.0000000000
49968  -7.189  -31.606  48.067 0.0000000000
49979  -7.696  -31.550  47.678 0.0000000000
49980  -8.191  -31.517  47.179 0.0000000000
49991  -8.744  -31.474  46.620 0.0000000000
50131  -4.547  -30.985  35.463 0.0000000000
51083  -9.323  -30.167  55.957 0.0000000000
51088  -9.053  -30.127  54.983 0.0000000000
51094  -8.967  -30.062  54.465 0.0000000000
51150  -6.399  -30.608  48.048 0.0000000000
51151  -6.989  -30.613  48.071 0.0000000000
51152  -7.489  -30.693  47.815 0.0000000000
51164  -7.950  -30.699  47.431 0.0000000000
51165  -8.472  -30.695  47.010 0.0000000000
51183  -9.039  -30.657  46.615 0.0000000000
51259  -9.243  -30.149  39.845 0.0000000000
51260  -10.051  -30.197  39.981 0.0000000000
51261  -10.565  -30.157  40.046 0.0000000000
51269  -4.644  -30.499  38.825 0.0000000000
51270  -8.807  -30.291  39.114 0.0000000000
51271  -9.812  -30.365  39.235 0.0000000000
51272  -10.734  -30.236  39.460 0.0000000000
51273  -11.270  -30.168  39.164 0.0000000000
51286  -4.474  -30.488  37.904 0.0000000000
51287  -7.748  -30.359  37.633 0.0000000000
51288  -8.440  -30.462  38.090 0.0000000000
51289  -9.509  -30.526  38.336 0.0000000000
51290  -10.505  -30.374  38.543 0.0000000000
51291  -11.059  -30.233  38.852 0.0000000000
51306  -4.432  -30.503  36.966 0.0000000000
51307  -6.602  -30.181  36.535 0.0000000000
51308  -7.332  -30.371  36.899 0.0000000000
51309  -8.319  -30.531  37.086 0.0000000000
51310  -9.237  -30.558  37.374 0.0000000000
51323  -4.671  -30.473  35.978 0.0000000000
51324  -5.313  -30.212  35.688 0.0000000000
51325  -6.124  -30.193  35.863 0.0000000000
51342  -4.675  -30.704  35.456 0.0000000000
51343  -5.015  -30.757  35.043 0.0000000000
52359  -9.172  -29.329  56.337 0.0000000000
52366  -8.972  -29.672  55.410 0.0000000000
52370  -8.453  -29.051  54.830 0.0000000000
52371  -8.685  -29.540  54.412 0.0000000000
52372  -9.015  -30.043  54.157 0.0000000000
52376  -8.645  -29.300  53.170 0.0000000000
52377  -9.330  -29.994  53.514 0.0000000000
52381  -8.643  -29.070  52.535 0.0000000000
52382  -9.292  -29.355  52.226 0.0000000000
52427  -5.702  -29.627  47.597 0.0000000000
52428  -6.230  -29.596  47.956 0.0000000000
52429  -6.815  -29.607  48.103 0.0000000000
52430  -7.536  -29.591  47.969 0.0000000000
52431  -8.075  -29.061  48.048 0.0000000000
52443  -7.804  -30.152  47.653 0.0000000000
52444  -8.426  -29.678  47.457 0.0000000000
52456  -8.770  -30.241  46.994 0.0000000000
52457  -9.211  -29.976  46.941 0.0000000000
52487  -5.385  -29.176  44.410 0.0000000000
52510  -5.542  -29.747  42.344 0.0000000000
52516  -5.270  -29.383  41.206 0.0000000000
52517  -5.381  -29.844  41.508 0.0000000000
52518  -8.434  -29.142  40.867 0.0000000000
52519  -8.993  -29.345  41.029 0.0000000000
52520  -9.984  -29.488  41.205 0.0000000000
52521  -10.977  -29.469  41.217 0.0000000000
52522  -11.848  -29.323  41.096 0.0000000000
52530  -5.300  -30.248  40.914 0.0000000000
52531  -7.297  -29.080  39.947 0.0000000000
52532  -8.190  -29.548  40.116 0.0000000000
52533  -9.476  -29.842  40.505 0.0000000000
52534  -10.488  -29.897  40.543 0.0000000000
52535  -11.383  -29.766  40.540 0.0000000000
52536  -12.379  -29.550  40.432 0.0000000000
52537  -13.146  -29.451  40.029 0.0000000000
52544  -5.037  -29.790  39.474 0.0000000000
52545  -6.172  -28.997  39.037 0.0000000000
52546  -6.895  -29.286  39.211 0.0000000000
52547  -7.820  -29.987  38.781 0.0000000000
52548  -10.965  -30.081  40.088 0.0000000000
52549  -11.576  -30.000  39.689 0.0000000000
52550  -12.547  -29.819  39.411 0.0000000000
52551  -13.585  -29.521  39.257 0.0000000000
52552  -14.268  -29.314  38.941 0.0000000000
52563  -4.889  -29.811  38.526 0.0000000000
52564  -5.151  -29.529  38.214 0.0000000000
52565  -5.882  -29.367  38.319 0.0000000000
52566  -6.963  -29.978  37.896 0.0000000000
52567  -7.729  -30.231  38.124 0.0000000000
52568  -11.072  -30.212  38.469 0.0000000000
52569  -11.664  -30.051  38.644 0.0000000000
52572  -14.501  -29.204  38.567 0.0000000000
52586  -4.742  -29.952  37.614 0.0000000000
52587  -5.187  -29.713  37.380 0.0000000000
52588  -5.961  -29.867  36.945 0.0000000000
52589  -6.680  -30.109  37.073 0.0000000000
52606  -4.749  -30.038  36.846 0.0000000000
52607  -5.145  -29.922  36.456 0.0000000000
52608  -5.563  -29.974  36.203 0.0000000000
53670  -8.969  -28.679  55.553 0.0000000000
53677  -8.489  -28.598  54.944 0.0000000000
53678  -8.286  -28.874  54.444 0.0000000000
53683  -8.052  -28.320  54.220 0.0000000000
53684  -8.198  -28.826  53.712 0.0000000000
53688  -7.804  -28.133  53.280 0.0000000000
53689  -8.201  -28.660  52.693 0.0000000000
53690  -8.620  -28.826  52.087 0.0000000000
53694  -7.747  -28.011  52.377 0.0000000000
53695  -8.160  -28.294  51.651 0.0000000000
53696  -8.897  -28.730  51.300 0.0000000000
53703  -8.439  -28.241  50.616 0.0000000000
53704  -9.148  -28.589  50.228 0.0000000000
53714  -7.999  -28.068  49.248 0.0000000000
53715  -8.458  -28.215  49.467 0.0000000000
53716  -9.298  -28.577  49.155 0.0000000000
53728  -6.130  -28.562  47.905 0.0000000000
53729  -6.685  -28.594  48.230 0.0000000000
53730  -7.218  -28.686  48.377 0.0000000000
53731  -7.866  -28.427  48.610 0.0000000000
53732  -8.642  -28.673  48.314 0.0000000000
53733  -9.390  -28.790  48.312 0.0000000000
53741  -5.576  -28.634  47.425 0.0000000000
53742  -9.036  -28.986  47.788 0.0000000000
53770  -5.328  -28.408  44.707 0.0000000000
53771  -5.397  -28.905  43.919 0.0000000000
53785  -5.374  -28.084  43.542 0.0000000000
53786  -5.439  -29.173  43.006 0.0000000000
53798  -5.333  -28.559  42.242 0.0000000000
53799  -5.349  -29.273  42.143 0.0000000000
53802  -11.037  -28.294  42.331 0.0000000000
53803  -12.084  -28.183  42.124 0.0000000000
53804  -12.685  -28.126  41.956 0.0000000000
53816  -5.307  -28.896  41.171 0.0000000000
53817  -5.260  -29.159  41.645 0.0000000000
53818  -7.738  -28.325  41.212 0.0000000000
53819  -8.539  -28.717  41.412 0.0000000000
53820  -9.498  -28.899  41.704 0.0000000000
53821  -10.514  -28.953  41.807 0.0000000000
53822  -11.563  -28.856  41.695 0.0000000000
53823  -12.835  -28.668  41.345 0.0000000000
53824  -13.660  -28.350  41.113 0.0000000000
53833  -5.427  -29.000  40.219 0.0000000000
53834  -5.700  -28.710  40.203 0.0000000000
53835  -6.619  -28.378  40.325 0.0000000000
53836  -7.368  -28.709  40.483 0.0000000000
53837  -8.037  -28.902  40.838 0.0000000000
53838  -13.099  -29.163  40.564 0.0000000000
53839  -13.942  -28.789  40.314 0.0000000000
53840  -14.728  -28.406  40.087 0.0000000000
53848  -5.316  -29.370  39.210 0.0000000000
53849  -5.714  -28.882  39.699 0.0000000000
53850  -6.261  -28.734  39.616 0.0000000000
53851  -6.863  -28.790  39.908 0.0000000000
53852  -14.202  -29.131  39.445 0.0000000000
53853  -14.935  -28.734  39.225 0.0000000000
53854  -15.673  -28.121  38.848 0.0000000000
53861  -5.217  -29.485  38.671 0.0000000000
53862  -5.465  -29.251  38.866 0.0000000000
53863  -5.830  -28.978  39.096 0.0000000000
54875  -7.877  -27.578  53.885 0.0000000000
54879  -7.351  -27.007  52.211 0.0000000000
54880  -7.477  -27.254  52.651 0.0000000000
54884  -7.348  -27.023  51.817 0.0000000000
54885  -7.609  -27.564  51.546 0.0000000000
54886  -7.903  -27.933  50.873 0.0000000000
54889  -7.320  -27.014  50.859 0.0000000000
54890  -7.642  -27.488  50.419 0.0000000000
54891  -8.045  -27.875  50.066 0.0000000000
54894  -6.817  -26.897  49.351 0.0000000000
54895  -7.178  -27.120  49.643 0.0000000000
54896  -7.672  -27.813  49.378 0.0000000000
54897  -8.017  -27.988  49.555 0.0000000000
54907  -5.951  -27.651  47.867 0.0000000000
54908  -6.630  -27.424  48.640 0.0000000000
54909  -7.134  -27.910  48.800 0.0000000000
54910  -7.439  -28.181  48.786 0.0000000000
54920  -5.483  -27.742  47.260 0.0000000000
54926  -5.315  -27.658  46.503 0.0000000000
54931  -5.328  -27.482  45.591 0.0000000000
54939  -5.437  -27.185  44.587 0.0000000000
54946  -5.462  -27.151  43.688 0.0000000000
54957  -5.509  -27.417  42.678 0.0000000000
54958  -5.686  -26.975  42.357 0.0000000000
54959  -7.110  -27.063  42.093 0.0000000000
54960  -7.809  -27.316  42.289 0.0000000000
54978  -5.478  -28.139  41.543 0.0000000000
54979  -5.915  -27.391  41.662 0.0000000000
54980  -6.710  -27.435  41.488 0.0000000000
54981  -7.426  -27.653  41.630 0.0000000000
54982  -8.170  -27.969  41.875 0.0000000000
54983  -13.025  -28.023  41.877 0.0000000000
54984  -13.694  -27.616  41.649 0.0000000000
54985  -14.390  -27.152  41.413 0.0000000000
54999  -5.498  -28.568  40.902 0.0000000000
55000  -5.771  -28.328  40.721 0.0000000000
55001  -6.321  -27.923  40.862 0.0000000000
55002  -7.033  -27.992  40.951 0.0000000000
55003  -14.054  -28.152  40.985 0.0000000000
55004  -14.768  -27.670  40.698 0.0000000000
55005  -15.489  -27.071  40.318 0.0000000000
55018  -5.847  -28.569  40.206 0.0000000000
55019  -6.041  -28.411  40.213 0.0000000000
55020  -15.097  -28.185  39.955 0.0000000000
55021  -15.671  -27.640  39.616 0.0000000000
55033  -16.187  -27.457  38.336 0.0000000000
55971  -7.910  -26.718  53.679 0.0000000000
55980  -7.379  -26.776  52.107 0.0000000000
55981  -7.496  -26.445  52.634 0.0000000000
55988  -7.347  -26.596  51.346 0.0000000000
55991  -6.874  -26.324  49.774 0.0000000000
55992  -7.070  -26.435  50.186 0.0000000000
55995  -6.743  -26.505  49.369 0.0000000000
55996  -6.901  -26.701  49.660 0.0000000000
56003  -5.764  -27.070  47.677 0.0000000000
56004  -6.191  -26.643  48.368 0.0000000000
56013  -5.515  -26.948  47.136 0.0000000000
56021  -5.487  -26.764  46.382 0.0000000000
56029  -5.587  -26.577  45.552 0.0000000000
56037  -5.736  -26.358  44.905 0.0000000000
56038  -5.934  -26.157  44.557 0.0000000000
56044  -5.667  -26.579  44.188 0.0000000000
56045  -5.972  -26.181  43.913 0.0000000000
56046  -6.433  -26.065  43.438 0.0000000000
56047  -7.158  -26.124  43.351 0.0000000000
56048  -8.120  -26.317  43.593 0.0000000000
56056  -5.649  -26.730  43.475 0.0000000000
56057  -5.879  -26.544  42.919 0.0000000000
56058  -6.649  -26.552  42.642 0.0000000000
56059  -7.484  -26.717  42.793 0.0000000000
56060  -8.153  -26.992  42.876 0.0000000000
56067  -6.055  -26.752  42.231 0.0000000000
56068  -6.483  -26.974  41.972 0.0000000000
56079  -15.329  -26.427  40.845 0.0000000000
56088  -16.018  -26.419  39.984 0.0000000000
56089  -16.547  -26.023  39.245 0.0000000000
56104  -16.326  -26.825  39.116 0.0000000000
56105  -16.731  -26.313  38.242 0.0000000000
57112  -7.981  -25.936  53.104 0.0000000000
57127  -7.431  -26.344  51.875 0.0000000000
57128  -7.616  -25.864  52.079 0.0000000000
57129  -8.206  -25.488  52.436 0.0000000000
57144  -7.313  -26.025  51.127 0.0000000000
57145  -7.572  -25.633  51.358 0.0000000000
57159  -6.820  -26.114  49.741 0.0000000000
57160  -7.023  -25.781  50.133 0.0000000000
57174  -6.589  -25.781  49.184 0.0000000000
57175  -6.846  -25.391  49.726 0.0000000000
57189  -5.806  -26.495  47.696 0.0000000000
57190  -6.027  -25.782  48.089 0.0000000000
57201  -5.656  -26.177  47.151 0.0000000000
57202  -5.915  -25.407  47.168 0.0000000000
57211  -5.748  -25.994  46.335 0.0000000000
57212  -6.026  -25.351  46.228 0.0000000000
57220  -5.899  -25.933  45.571 0.0000000000
57221  -6.203  -25.498  45.432 0.0000000000
57222  -6.451  -25.379  45.120 0.0000000000
57232  -6.013  -25.937  45.033 0.0000000000
57233  -6.240  -25.778  44.703 0.0000000000
57244  -6.398  -25.811  44.133 0.0000000000
57245  -6.851  -25.692  43.964 0.0000000000
57246  -7.536  -25.758  43.982 0.0000000000
57247  -7.964  -25.818  44.050 0.0000000000
57263  -15.843  -25.402  40.595 0.0000000000
57269  -16.388  -25.286  39.811 0.0000000000
57270  -16.877  -25.106  38.906 0.0000000000
57281  -17.140  -25.238  37.973 0.0000000000
58360  -7.844  -25.456  51.749 0.0000000000
58361  -8.236  -25.132  51.751 0.0000000000
58371  -7.370  -25.582  50.764 0.0000000000
58372  -7.674  -25.212  51.028 0.0000000000
58384  -7.153  -25.231  50.220 0.0000000000
58399  -6.385  -25.319  48.688 0.0000000000
58416  -6.299  -24.958  48.125 0.0000000000
58434  -6.421  -24.667  47.045 0.0000000000
58456  -6.389  -24.974  45.935 0.0000000000
58538  -16.171  -24.384  40.358 0.0000000000
58543  -16.621  -24.287  39.607 0.0000000000
58544  -16.981  -24.103  38.985 0.0000000000
58550  -17.188  -24.321  38.246 0.0000000000
59790  -15.917  -23.433  40.788 0.0000000000
59797  -16.338  -23.425  40.052 0.0000000000
59798  -16.751  -23.377  39.356 0.0000000000
59805  -17.081  -23.383  38.601 0.0000000000
59811  -17.353  -23.481  37.710 0.0000000000
61023  -16.029  -22.517  40.387 0.0000000000
61039  -16.417  -22.551  39.693 0.0000000000
61040  -16.810  -22.526  39.000 0.0000000000
61053  -17.086  -22.498  38.138 0.0000000000
61068  -17.417  -22.524  37.053 0.0000000000
62298  -16.040  -21.608  39.932 0.0000000000
62299  -16.457  -21.881  39.330 0.0000000000
62312  -16.232  -21.225  39.273 0.0000000000
62313  -16.642  -21.560  38.632 0.0000000000
62331  -16.964  -21.555  37.684 0.0000000000
63470  -15.789  -20.647  39.628 0.0000000000
63493  -16.123  -20.502  38.753 0.0000000000
63494  -16.563  -20.852  38.078 0.0000000000
63512  -16.283  -20.167  37.936 0.0000000000
63513  -16.689  -20.553  37.297 0.0000000000
64727  -15.409  -20.166  39.944 0.0000000000
64736  -15.418  -19.662  39.345 0.0000000000
64752  -15.818  -19.504  38.292 0.0000000000
64768  -16.225  -19.452  37.228 0.0000000000
64778  -16.249  -19.027  36.637 0.0000000000
66108  -7.215  -18.084  42.285 0.0000000000
66109  -7.821  -18.071  41.944 0.0000000000
66110  -8.385  -17.952  41.719 0.0000000000
66126  -15.272  -18.799  38.721 0.0000000000
66137  -14.970  -18.059  38.379 0.0000000000
66138  -15.547  -18.499  37.739 0.0000000000
66147  -15.904  -18.460  36.809 0.0000000000
66148  -16.279  -18.708  36.281 0.0000000000
67381  -6.013  -17.011  43.185 0.0000000000
67389  -5.946  -16.873  41.911 0.0000000000
67390  -6.390  -17.560  42.498 0.0000000000
67391  -6.817  -17.926  42.313 0.0000000000
67399  -5.891  -16.746  41.288 0.0000000000
67400  -6.109  -17.084  41.201 0.0000000000
67401  -6.992  -17.742  41.508 0.0000000000
67402  -8.073  -17.771  41.237 0.0000000000
67403  -8.989  -17.700  41.438 0.0000000000
67404  -9.925  -17.422  41.524 0.0000000000
67411  -6.068  -17.034  40.556 0.0000000000
67412  -6.561  -17.212  40.425 0.0000000000
67413  -7.628  -17.356  40.359 0.0000000000
67414  -8.733  -17.381  40.599 0.0000000000
67415  -9.691  -17.234  40.753 0.0000000000
67416  -10.620  -17.073  40.855 0.0000000000
67423  -6.751  -17.145  39.887 0.0000000000
67424  -7.030  -17.230  40.037 0.0000000000
67425  -12.815  -16.902  39.806 0.0000000000
67426  -13.440  -17.154  39.600 0.0000000000
67430  -13.701  -17.014  38.938 0.0000000000
67431  -14.246  -17.416  38.742 0.0000000000
67439  -14.919  -17.439  37.492 0.0000000000
67440  -15.495  -17.950  37.150 0.0000000000
67451  -14.992  -17.054  36.770 0.0000000000
67452  -15.478  -17.510  36.500 0.0000000000
68573  -5.769  -16.380  42.263 0.0000000000
68582  -5.694  -16.395  41.114 0.0000000000
68583  -5.850  -16.733  41.002 0.0000000000
68592  -5.396  -16.096  39.997 0.0000000000
68593  -5.825  -16.716  40.389 0.0000000000
68594  -6.098  -17.024  40.238 0.0000000000
68595  -7.939  -17.047  39.773 0.0000000000
68596  -8.543  -17.037  39.891 0.0000000000
68597  -9.460  -16.955  40.001 0.0000000000
68598  -10.410  -16.837  40.097 0.0000000000
68599  -11.326  -16.787  40.200 0.0000000000
68600  -11.929  -16.823  40.325 0.0000000000
68607  -5.251  -15.842  39.041 0.0000000000
68608  -5.602  -16.360  39.338 0.0000000000
68609  -6.288  -16.899  39.621 0.0000000000
68610  -7.305  -16.965  39.541 0.0000000000
68611  -8.268  -16.720  39.340 0.0000000000
68612  -9.172  -16.592  39.347 0.0000000000
68613  -10.138  -16.512  39.367 0.0000000000
68614  -11.170  -16.488  39.383 0.0000000000
68615  -12.258  -16.693  39.603 0.0000000000
68616  -12.938  -16.844  39.442 0.0000000000
68618  -5.263  -15.678  38.531 0.0000000000
68619  -5.405  -15.986  38.357 0.0000000000
68620  -5.987  -16.461  38.654 0.0000000000
68621  -6.823  -16.576  38.669 0.0000000000
68622  -7.807  -16.442  38.731 0.0000000000
68623  -8.783  -16.282  38.697 0.0000000000
68624  -9.763  -16.226  38.655 0.0000000000
68625  -10.774  -16.196  38.592 0.0000000000
68626  -12.015  -16.223  38.308 0.0000000000
68627  -13.192  -16.693  38.748 0.0000000000
68628  -13.822  -16.931  38.614 0.0000000000
68631  -5.516  -15.943  37.766 0.0000000000
68632  -5.860  -16.199  37.909 0.0000000000
68633  -6.376  -16.376  38.132 0.0000000000
68634  -12.414  -15.982  37.517 0.0000000000
68635  -13.212  -16.121  37.457 0.0000000000
68636  -14.009  -16.790  37.962 0.0000000000
68645  -13.651  -15.988  36.711 0.0000000000
68646  -14.430  -16.431  36.616 0.0000000000
69908  -5.716  -15.749  42.494 0.0000000000
69921  -5.575  -15.879  41.561 0.0000000000
69933  -5.383  -15.673  40.600 0.0000000000
69946  -5.185  -15.471  39.544 0.0000000000
69958  -5.211  -15.344  38.565 0.0000000000
69959  -5.296  -15.540  38.174 0.0000000000
69960  -6.775  -16.333  38.063 0.0000000000
69961  -7.334  -16.198  38.040 0.0000000000
69962  -8.292  -16.000  38.015 0.0000000000
69963  -9.301  -15.930  37.957 0.0000000000
69964  -10.285  -15.949  37.898 0.0000000000
69965  -11.154  -15.960  37.850 0.0000000000
69979  -6.595  -16.037  37.453 0.0000000000
69980  -7.686  -15.749  37.302 0.0000000000
69981  -8.750  -15.613  37.226 0.0000000000
69982  -9.796  -15.633  37.159 0.0000000000
69983  -10.796  -15.693  37.155 0.0000000000
69984  -11.801  -15.810  37.247 0.0000000000
69985  -12.571  -15.788  37.044 0.0000000000
70002  -11.325  -15.450  36.411 0.0000000000
70004  -13.106  -15.684  36.481 0.0000000000
70005  -13.789  -15.817  36.251 0.0000000000
71305  -6.251  -14.645  43.369 0.0000000000
71319  -5.865  -15.151  42.824 0.0000000000
71320  -5.980  -14.630  42.171 0.0000000000
71332  -5.546  -15.144  41.387 0.0000000000
71333  -5.791  -14.448  41.084 0.0000000000
71344  -5.189  -15.034  40.088 0.0000000000
71345  -5.425  -14.601  40.273 0.0000000000
71356  -5.185  -14.770  38.989 0.0000000000
71357  -5.228  -14.653  39.659 0.0000000000
72635  -6.269  -14.166  41.625 0.0000000000
72653  -6.143  -14.063  40.805 0.0000000000
72672  -5.833  -14.138  40.142 0.0000000000
