#!ascii label  , from subject COLIN27_FS vox2ras=TkReg
202
54815  -12.187  -27.288  62.405 0.0000000000
55911  -11.412  -26.372  62.664 0.0000000000
55912  -12.388  -26.374  62.342 0.0000000000
57032  -10.191  -24.900  62.900 0.0000000000
57033  -10.706  -24.796  62.861 0.0000000000
57034  -11.012  -24.649  62.774 0.0000000000
57039  -11.464  -25.241  62.598 0.0000000000
57040  -12.495  -25.489  62.012 0.0000000000
58275  -10.165  -24.195  62.901 0.0000000000
58276  -10.701  -24.247  62.815 0.0000000000
58277  -11.140  -24.318  62.610 0.0000000000
58278  -8.261  -24.344  61.846 0.0000000000
58279  -9.054  -24.476  62.436 0.0000000000
58280  -9.717  -24.514  62.760 0.0000000000
58281  -11.756  -24.424  62.211 0.0000000000
58282  -12.409  -24.574  61.438 0.0000000000
58290  -12.592  -24.271  60.879 0.0000000000
59577  -10.011  -23.662  62.857 0.0000000000
59578  -10.379  -23.692  62.788 0.0000000000
59579  -10.787  -23.836  62.686 0.0000000000
59581  -8.624  -23.466  62.182 0.0000000000
59582  -9.500  -23.574  62.626 0.0000000000
59583  -10.607  -23.402  62.627 0.0000000000
59584  -11.117  -23.508  62.422 0.0000000000
59585  -11.762  -23.453  61.828 0.0000000000
59592  -12.231  -23.370  60.999 0.0000000000
59593  -12.546  -23.898  60.600 0.0000000000
59600  -12.285  -22.790  60.574 0.0000000000
59601  -12.573  -23.379  60.142 0.0000000000
60823  -10.045  -23.223  62.719 0.0000000000
60824  -10.359  -23.258  62.669 0.0000000000
60826  -8.892  -22.542  62.282 0.0000000000
60827  -9.635  -22.520  62.494 0.0000000000
60828  -10.438  -22.675  62.492 0.0000000000
60829  -11.207  -22.465  62.121 0.0000000000
60830  -11.729  -22.391  61.518 0.0000000000
60836  -12.077  -22.112  60.896 0.0000000000
60844  -12.350  -22.248  60.237 0.0000000000
60845  -12.672  -22.420  59.568 0.0000000000
62080  -9.137  -21.566  62.273 0.0000000000
62081  -9.893  -21.547  62.366 0.0000000000
62082  -10.654  -21.485  62.231 0.0000000000
62083  -11.338  -21.352  61.809 0.0000000000
62084  -11.749  -21.572  61.344 0.0000000000
62089  -11.650  -20.897  61.416 0.0000000000
62090  -11.997  -21.080  61.051 0.0000000000
62099  -12.237  -21.286  60.475 0.0000000000
62100  -12.527  -21.422  59.840 0.0000000000
62107  -12.868  -21.516  59.183 0.0000000000
62112  -13.184  -21.570  58.473 0.0000000000
63261  -9.394  -20.569  62.233 0.0000000000
63262  -10.153  -20.506  62.273 0.0000000000
63263  -10.867  -20.406  62.124 0.0000000000
63268  -11.424  -20.249  61.695 0.0000000000
63269  -11.901  -20.217  61.281 0.0000000000
63278  -12.216  -20.355  60.748 0.0000000000
63279  -12.463  -20.475  60.144 0.0000000000
63285  -12.750  -20.559  59.513 0.0000000000
63291  -13.056  -20.608  58.859 0.0000000000
63292  -13.329  -20.614  58.131 0.0000000000
64521  -9.681  -19.577  62.193 0.0000000000
64522  -10.414  -19.503  62.201 0.0000000000
64523  -11.110  -19.385  62.025 0.0000000000
64526  -11.708  -19.222  61.521 0.0000000000
64527  -12.198  -19.454  61.036 0.0000000000
64536  -12.449  -19.595  60.462 0.0000000000
64537  -12.752  -19.644  59.887 0.0000000000
64544  -13.012  -19.709  59.265 0.0000000000
64550  -13.199  -19.684  58.604 0.0000000000
64551  -13.479  -19.607  57.864 0.0000000000
64555  -13.874  -19.590  57.071 0.0000000000
65844  -9.981  -18.630  62.158 0.0000000000
65845  -10.680  -18.534  62.117 0.0000000000
65846  -11.382  -18.371  61.850 0.0000000000
65847  -11.813  -18.004  61.615 0.0000000000
65850  -11.775  -18.494  61.558 0.0000000000
65851  -12.181  -18.391  61.231 0.0000000000
65852  -12.628  -18.231  60.710 0.0000000000
65860  -12.442  -18.888  60.742 0.0000000000
65861  -12.747  -18.790  60.283 0.0000000000
65867  -13.090  -18.756  59.668 0.0000000000
65868  -13.295  -18.391  59.242 0.0000000000
65874  -13.189  -19.020  59.060 0.0000000000
65875  -13.416  -18.617  58.557 0.0000000000
65881  -13.723  -18.605  57.638 0.0000000000
65887  -14.047  -18.626  56.828 0.0000000000
67175  -10.933  -17.574  62.083 0.0000000000
67176  -11.590  -17.396  61.889 0.0000000000
67180  -12.143  -17.400  61.555 0.0000000000
67181  -12.656  -17.449  61.071 0.0000000000
67189  -13.148  -17.661  60.246 0.0000000000
67190  -13.533  -17.098  59.959 0.0000000000
67197  -13.276  -18.080  59.622 0.0000000000
67198  -13.569  -17.554  59.338 0.0000000000
67205  -13.844  -17.629  58.291 0.0000000000
67210  -14.067  -17.710  57.378 0.0000000000
68391  -12.051  -16.476  62.001 0.0000000000
68392  -12.731  -16.084  61.823 0.0000000000
68395  -12.566  -16.733  61.521 0.0000000000
68396  -13.265  -16.339  61.165 0.0000000000
68397  -13.830  -16.141  60.628 0.0000000000
68404  -13.520  -16.725  60.369 0.0000000000
68405  -13.919  -16.519  59.902 0.0000000000
68413  -14.196  -16.578  58.936 0.0000000000
68414  -14.562  -16.156  58.351 0.0000000000
68421  -14.259  -16.856  57.957 0.0000000000
68486  -5.886  -15.969  49.930 0.0000000000
68503  -5.974  -16.025  49.530 0.0000000000
68504  -6.247  -16.542  49.173 0.0000000000
68520  -6.209  -16.250  48.622 0.0000000000
69700  -12.400  -15.447  62.230 0.0000000000
69701  -13.233  -15.379  61.956 0.0000000000
69702  -13.789  -15.152  61.796 0.0000000000
69706  -13.565  -15.533  61.523 0.0000000000
69707  -14.032  -15.403  61.233 0.0000000000
69708  -14.632  -15.057  60.826 0.0000000000
69715  -14.274  -15.688  60.384 0.0000000000
69716  -14.840  -15.217  60.058 0.0000000000
69725  -14.398  -15.886  59.663 0.0000000000
69726  -14.792  -15.532  59.048 0.0000000000
69777  -6.489  -15.554  53.271 0.0000000000
69786  -6.318  -15.545  52.181 0.0000000000
69795  -5.940  -15.347  50.613 0.0000000000
69796  -6.074  -15.561  51.098 0.0000000000
69807  -5.896  -15.506  49.995 0.0000000000
69808  -5.926  -15.724  50.372 0.0000000000
69823  -6.013  -15.567  49.191 0.0000000000
69834  -6.187  -15.611  48.285 0.0000000000
71102  -10.424  -14.668  61.863 0.0000000000
71103  -11.081  -14.701  62.247 0.0000000000
71104  -11.927  -14.601  62.463 0.0000000000
71105  -12.835  -14.526  62.473 0.0000000000
71106  -13.807  -14.423  62.226 0.0000000000
71107  -14.337  -13.910  62.221 0.0000000000
71108  -9.426  -14.756  60.862 0.0000000000
71109  -9.931  -14.708  61.371 0.0000000000
71110  -14.096  -14.864  61.765 0.0000000000
71111  -14.566  -14.375  61.601 0.0000000000
71113  -8.903  -14.794  60.370 0.0000000000
71114  -15.127  -14.415  60.663 0.0000000000
71121  -7.855  -14.879  59.540 0.0000000000
71122  -15.364  -14.486  59.626 0.0000000000
71123  -15.712  -13.988  59.536 0.0000000000
71138  -6.834  -14.496  57.886 0.0000000000
71149  -6.462  -14.645  56.478 0.0000000000
71161  -6.453  -14.881  55.384 0.0000000000
71162  -6.494  -14.645  55.839 0.0000000000
71172  -6.471  -15.091  54.770 0.0000000000
71182  -6.574  -15.013  54.009 0.0000000000
71191  -6.545  -14.938  52.955 0.0000000000
71197  -6.042  -14.976  51.117 0.0000000000
71198  -6.303  -14.859  51.787 0.0000000000
71207  -5.965  -14.985  50.517 0.0000000000
71218  -5.986  -14.939  49.776 0.0000000000
71227  -6.064  -15.049  48.879 0.0000000000
72418  -10.774  -14.034  62.047 0.0000000000
72419  -11.439  -13.705  62.286 0.0000000000
72420  -12.314  -13.642  62.602 0.0000000000
72421  -13.206  -13.545  62.684 0.0000000000
72422  -14.047  -13.376  62.596 0.0000000000
72423  -14.772  -13.357  62.211 0.0000000000
72424  -9.774  -14.160  60.975 0.0000000000
72425  -10.340  -13.822  61.400 0.0000000000
72426  -10.903  -13.475  61.856 0.0000000000
72427  -15.386  -13.400  61.357 0.0000000000
72428  -15.760  -12.876  61.307 0.0000000000
72429  -8.680  -14.298  59.960 0.0000000000
72430  -9.312  -13.962  60.359 0.0000000000
72431  -9.925  -13.662  60.738 0.0000000000
72432  -15.596  -13.782  60.335 0.0000000000
72438  -7.764  -14.556  59.245 0.0000000000
72439  -8.144  -14.289  59.442 0.0000000000
72440  -8.766  -13.750  59.565 0.0000000000
72441  -15.680  -13.917  59.809 0.0000000000
72448  -7.606  -14.292  58.862 0.0000000000
72449  -8.149  -13.691  58.774 0.0000000000
72450  -8.850  -13.288  59.029 0.0000000000
72457  -6.843  -14.321  57.535 0.0000000000
72458  -7.316  -13.981  57.884 0.0000000000
72459  -8.030  -13.447  58.014 0.0000000000
72468  -6.827  -14.235  56.987 0.0000000000
72469  -7.288  -13.818  56.798 0.0000000000
72480  -6.638  -14.598  55.502 0.0000000000
72481  -6.825  -14.228  55.861 0.0000000000
72482  -7.377  -13.758  56.059 0.0000000000
72489  -6.726  -14.665  54.898 0.0000000000
72490  -7.090  -14.308  54.812 0.0000000000
72496  -6.892  -14.531  53.840 0.0000000000
72511  -6.159  -14.681  51.081 0.0000000000
73739  -11.913  -12.781  62.373 0.0000000000
73740  -12.648  -12.719  62.678 0.0000000000
73741  -13.519  -12.498  62.915 0.0000000000
73745  -10.785  -13.097  61.422 0.0000000000
73746  -11.290  -12.847  61.876 0.0000000000
73747  -15.651  -12.753  61.580 0.0000000000
73749  -9.791  -13.445  60.351 0.0000000000
73750  -10.333  -12.954  60.620 0.0000000000
73755  -9.512  -13.202  59.721 0.0000000000
73763  -8.586  -13.267  58.390 0.0000000000
73774  -7.791  -13.552  57.375 0.0000000000
73785  -7.888  -13.473  56.647 0.0000000000
75115  -14.037  -11.569  63.109 0.0000000000
