#!ascii label  , from subject COLIN27_FS vox2ras=TkReg
69
91597  -53.942  0.652  -4.753 0.0000000000
91598  -54.437  0.828  -5.185 0.0000000000
92935  -50.554  2.087  -4.674 0.0000000000
92937  -52.479  2.058  -4.286 0.0000000000
92938  -53.407  1.743  -4.352 0.0000000000
92949  -49.550  2.262  -5.371 0.0000000000
92950  -50.126  2.402  -5.515 0.0000000000
92951  -54.067  1.701  -4.806 0.0000000000
92952  -54.683  1.700  -5.179 0.0000000000
92953  -55.259  1.526  -5.584 0.0000000000
92961  -55.845  1.458  -5.950 0.0000000000
92962  -56.539  1.607  -6.262 0.0000000000
94131  -51.161  2.304  -4.901 0.0000000000
94132  -51.742  2.429  -4.961 0.0000000000
94133  -52.626  2.501  -4.896 0.0000000000
94134  -53.410  2.404  -4.867 0.0000000000
94143  -49.724  2.899  -5.989 0.0000000000
94144  -50.791  2.641  -5.627 0.0000000000
94145  -51.865  2.972  -5.705 0.0000000000
94146  -52.909  2.954  -5.440 0.0000000000
94147  -53.945  2.705  -5.193 0.0000000000
94148  -55.011  2.516  -5.450 0.0000000000
94149  -55.607  2.081  -5.695 0.0000000000
94157  -50.306  3.268  -6.252 0.0000000000
94158  -51.010  3.323  -6.264 0.0000000000
94159  -51.687  3.560  -6.300 0.0000000000
94160  -55.646  2.603  -5.738 0.0000000000
94161  -56.094  2.270  -5.983 0.0000000000
94162  -56.785  2.351  -6.255 0.0000000000
94163  -57.543  2.382  -6.378 0.0000000000
95398  -49.898  4.041  -5.936 0.0000000000
95399  -50.668  4.454  -5.975 0.0000000000
95400  -52.448  3.491  -6.046 0.0000000000
95401  -53.266  3.471  -5.748 0.0000000000
95402  -54.148  3.552  -5.549 0.0000000000
95403  -55.600  3.228  -5.595 0.0000000000
95404  -56.615  3.431  -5.698 0.0000000000
95405  -57.494  3.454  -5.758 0.0000000000
95415  -50.501  3.701  -6.373 0.0000000000
95416  -51.075  4.123  -6.358 0.0000000000
95417  -52.149  4.053  -6.399 0.0000000000
95418  -52.931  3.890  -6.207 0.0000000000
95419  -53.422  3.777  -5.961 0.0000000000
95420  -55.917  2.780  -5.849 0.0000000000
95421  -56.341  2.883  -5.965 0.0000000000
95422  -57.097  2.996  -6.159 0.0000000000
95423  -57.938  2.970  -6.188 0.0000000000
96742  -52.435  4.483  -3.426 0.0000000000
96743  -53.432  4.361  -3.548 0.0000000000
96744  -54.440  4.207  -3.607 0.0000000000
96745  -55.454  4.097  -3.610 0.0000000000
96757  -51.574  4.779  -4.378 0.0000000000
96758  -52.609  4.747  -4.492 0.0000000000
96759  -53.635  4.539  -4.576 0.0000000000
96760  -54.690  4.305  -4.559 0.0000000000
96761  -55.747  4.139  -4.504 0.0000000000
96762  -56.739  4.017  -4.478 0.0000000000
96772  -50.743  4.712  -5.337 0.0000000000
96773  -51.784  4.981  -5.360 0.0000000000
96774  -52.799  4.795  -5.451 0.0000000000
96775  -53.813  4.336  -5.462 0.0000000000
96776  -55.010  3.956  -5.209 0.0000000000
96777  -56.128  3.865  -5.201 0.0000000000
96778  -57.091  3.824  -5.201 0.0000000000
96779  -57.957  3.715  -5.211 0.0000000000
96787  -51.185  4.713  -5.946 0.0000000000
96788  -51.959  4.680  -6.125 0.0000000000
96789  -52.856  4.400  -6.091 0.0000000000
96790  -53.443  4.053  -5.998 0.0000000000
