#!ascii label  , from subject COLIN27_FS vox2ras=TkReg
488
46427  -10.980  -34.287  46.584 0.0000000000
46428  -12.073  -34.309  46.374 0.0000000000
46429  -13.337  -34.264  46.038 0.0000000000
46441  -13.747  -33.629  45.438 0.0000000000
46442  -14.408  -33.936  45.568 0.0000000000
47618  -24.833  -32.800  47.308 0.0000000000
47625  -10.523  -33.592  46.103 0.0000000000
47626  -11.468  -33.685  45.938 0.0000000000
47627  -12.428  -33.666  45.729 0.0000000000
47628  -13.150  -33.540  45.492 0.0000000000
47633  -24.761  -32.602  46.720 0.0000000000
47639  -10.272  -32.948  45.804 0.0000000000
47640  -10.993  -33.032  45.594 0.0000000000
47641  -11.866  -33.015  45.461 0.0000000000
47642  -12.732  -32.964  45.318 0.0000000000
47643  -13.558  -32.999  45.163 0.0000000000
47644  -14.318  -33.245  45.093 0.0000000000
47645  -15.216  -33.448  45.101 0.0000000000
47646  -16.511  -33.726  45.446 0.0000000000
47655  -15.809  -33.242  44.870 0.0000000000
47656  -16.162  -32.989  44.709 0.0000000000
48807  -26.615  -32.483  49.584 0.0000000000
48808  -27.154  -32.201  50.101 0.0000000000
48809  -27.500  -31.824  50.636 0.0000000000
48818  -25.719  -32.529  48.364 0.0000000000
48819  -26.346  -32.233  48.824 0.0000000000
48820  -26.973  -31.974  49.336 0.0000000000
48831  -25.440  -32.394  47.688 0.0000000000
48832  -26.087  -32.031  47.927 0.0000000000
48842  -25.218  -32.062  46.739 0.0000000000
48843  -25.825  -31.804  47.247 0.0000000000
48850  -9.827  -32.338  45.851 0.0000000000
48851  -10.589  -32.324  45.576 0.0000000000
48852  -11.398  -32.290  45.414 0.0000000000
48853  -12.274  -32.240  45.297 0.0000000000
48854  -13.199  -32.186  45.158 0.0000000000
48855  -14.293  -32.291  44.884 0.0000000000
48856  -14.786  -32.905  44.852 0.0000000000
48857  -16.740  -32.855  44.739 0.0000000000
48858  -17.430  -32.830  44.992 0.0000000000
48861  -24.922  -31.897  45.989 0.0000000000
48866  -14.880  -31.949  44.699 0.0000000000
48867  -15.384  -32.502  44.659 0.0000000000
48868  -16.346  -32.276  44.484 0.0000000000
48869  -17.154  -32.203  44.503 0.0000000000
48871  -24.006  -31.976  44.819 0.0000000000
48872  -24.609  -31.710  45.384 0.0000000000
48877  -23.164  -32.418  43.667 0.0000000000
48878  -23.606  -31.841  44.109 0.0000000000
48884  -22.785  -32.175  42.755 0.0000000000
48885  -23.287  -31.701  43.447 0.0000000000
48893  -22.410  -32.404  41.587 0.0000000000
49922  -9.543  -30.459  56.592 0.0000000000
49928  -9.553  -30.436  56.128 0.0000000000
49929  -9.803  -30.714  55.996 0.0000000000
49930  -10.422  -31.080  56.293 0.0000000000
49931  -11.208  -31.251  56.572 0.0000000000
49932  -12.035  -31.195  56.865 0.0000000000
49934  -9.906  -30.807  55.462 0.0000000000
49935  -10.381  -30.994  55.374 0.0000000000
49936  -11.157  -31.127  55.724 0.0000000000
49937  -12.052  -31.076  55.902 0.0000000000
49938  -12.716  -30.941  56.363 0.0000000000
49939  -10.682  -31.006  54.806 0.0000000000
49940  -11.160  -31.045  54.983 0.0000000000
49941  -11.737  -31.017  55.240 0.0000000000
49960  -27.501  -31.312  50.671 0.0000000000
49963  -27.354  -31.543  49.488 0.0000000000
49964  -27.643  -31.282  49.977 0.0000000000
49971  -26.610  -31.621  48.135 0.0000000000
49972  -27.189  -31.337  48.676 0.0000000000
49973  -27.687  -31.023  49.201 0.0000000000
49983  -26.381  -31.399  47.441 0.0000000000
49984  -27.018  -31.103  47.806 0.0000000000
49992  -9.523  -31.366  46.089 0.0000000000
49993  -10.416  -30.905  45.983 0.0000000000
49994  -11.354  -30.818  46.038 0.0000000000
49995  -12.264  -30.855  45.983 0.0000000000
49996  -13.023  -30.835  45.881 0.0000000000
50000  -25.356  -31.552  46.211 0.0000000000
50001  -25.964  -31.124  46.476 0.0000000000
50002  -26.785  -30.741  47.044 0.0000000000
50009  -10.227  -31.689  45.714 0.0000000000
50010  -10.950  -31.567  45.602 0.0000000000
50011  -11.813  -31.511  45.532 0.0000000000
50012  -12.711  -31.461  45.478 0.0000000000
50013  -13.748  -31.184  45.398 0.0000000000
50014  -14.756  -31.329  44.970 0.0000000000
50015  -15.374  -31.143  44.716 0.0000000000
50018  -25.285  -31.118  45.690 0.0000000000
50019  -25.794  -30.723  45.890 0.0000000000
50027  -15.228  -31.685  44.623 0.0000000000
50028  -15.876  -31.523  44.464 0.0000000000
50029  -16.774  -31.466  44.319 0.0000000000
50030  -17.680  -31.425  44.395 0.0000000000
50031  -18.478  -31.600  44.772 0.0000000000
50032  -23.928  -31.456  44.441 0.0000000000
50033  -24.466  -31.030  44.781 0.0000000000
50040  -23.753  -31.002  43.965 0.0000000000
50041  -24.197  -30.620  44.317 0.0000000000
50048  -22.707  -31.677  42.156 0.0000000000
50049  -23.113  -31.030  42.756 0.0000000000
50056  -22.714  -31.123  41.459 0.0000000000
50057  -22.918  -30.551  42.112 0.0000000000
50066  -22.670  -31.094  40.214 0.0000000000
51079  -13.617  -30.609  57.418 0.0000000000
51084  -9.558  -30.472  55.861 0.0000000000
51085  -13.443  -30.517  56.481 0.0000000000
51086  -14.444  -30.044  56.821 0.0000000000
51089  -9.589  -30.595  55.293 0.0000000000
51090  -9.973  -30.863  55.173 0.0000000000
51091  -12.314  -30.841  55.143 0.0000000000
51092  -13.025  -30.623  55.502 0.0000000000
51093  -14.045  -30.059  55.683 0.0000000000
51095  -9.392  -30.359  54.311 0.0000000000
51096  -10.176  -30.807  54.571 0.0000000000
51097  -11.049  -30.906  54.333 0.0000000000
51098  -11.915  -30.796  54.494 0.0000000000
51099  -12.740  -30.580  54.619 0.0000000000
51100  -13.667  -30.132  54.414 0.0000000000
51101  -9.504  -30.311  53.841 0.0000000000
51102  -9.879  -30.463  53.727 0.0000000000
51103  -10.703  -30.663  53.682 0.0000000000
51104  -11.606  -30.670  53.590 0.0000000000
51105  -12.705  -30.484  53.580 0.0000000000
51106  -13.775  -30.056  53.045 0.0000000000
51110  -10.375  -30.376  53.087 0.0000000000
51111  -11.134  -30.469  52.879 0.0000000000
51112  -12.034  -30.479  52.643 0.0000000000
51113  -12.997  -30.301  52.331 0.0000000000
51114  -13.871  -29.993  51.863 0.0000000000
51121  -10.673  -30.208  52.413 0.0000000000
51122  -11.355  -30.275  51.914 0.0000000000
51123  -12.295  -30.282  51.645 0.0000000000
51124  -13.136  -30.150  51.260 0.0000000000
51125  -13.880  -29.869  50.796 0.0000000000
51130  -27.336  -30.736  50.634 0.0000000000
51131  -27.486  -30.271  50.002 0.0000000000
51132  -11.705  -30.127  51.069 0.0000000000
51133  -12.449  -30.114  50.692 0.0000000000
51134  -13.194  -30.029  50.262 0.0000000000
51135  -13.881  -29.823  49.804 0.0000000000
51139  -27.612  -30.655  50.046 0.0000000000
51140  -27.796  -29.962  49.412 0.0000000000
51141  -11.802  -29.931  50.196 0.0000000000
51142  -12.500  -30.028  49.722 0.0000000000
51143  -13.234  -30.018  49.287 0.0000000000
51144  -13.919  -29.864  48.904 0.0000000000
51147  -27.839  -30.473  49.340 0.0000000000
51148  -28.169  -29.706  48.698 0.0000000000
51153  -11.773  -29.895  49.184 0.0000000000
51154  -12.504  -30.065  48.683 0.0000000000
51155  -13.322  -30.059  48.313 0.0000000000
51156  -14.148  -29.919  48.033 0.0000000000
51157  -14.658  -29.750  47.488 0.0000000000
51160  -27.447  -30.853  48.103 0.0000000000
51161  -27.897  -30.401  48.385 0.0000000000
51162  -28.473  -29.513  47.965 0.0000000000
51166  -10.950  -29.708  47.577 0.0000000000
51167  -11.586  -29.896  47.933 0.0000000000
51168  -12.602  -30.195  47.619 0.0000000000
51169  -13.461  -30.212  47.323 0.0000000000
51170  -14.190  -30.106  47.014 0.0000000000
51171  -14.816  -29.917  46.697 0.0000000000
51174  -27.465  -30.463  47.535 0.0000000000
51175  -28.155  -29.700  47.312 0.0000000000
51176  -28.605  -29.335  47.511 0.0000000000
51184  -9.791  -30.386  46.464 0.0000000000
51185  -10.805  -30.088  46.852 0.0000000000
51186  -11.908  -30.351  46.811 0.0000000000
51187  -12.818  -30.497  46.643 0.0000000000
51188  -13.646  -30.462  46.282 0.0000000000
51189  -14.361  -30.299  46.201 0.0000000000
51190  -14.976  -30.125  45.906 0.0000000000
51193  -26.561  -30.455  46.465 0.0000000000
51194  -27.258  -29.866  46.554 0.0000000000
51195  -27.941  -29.494  46.707 0.0000000000
51204  -14.064  -30.636  45.834 0.0000000000
51205  -14.539  -30.672  45.564 0.0000000000
51206  -15.358  -30.425  45.154 0.0000000000
51207  -16.017  -30.230  44.732 0.0000000000
51210  -20.317  -30.058  45.764 0.0000000000
51211  -25.669  -30.555  45.651 0.0000000000
51212  -26.234  -30.083  45.788 0.0000000000
51213  -26.886  -29.560  45.944 0.0000000000
51220  -15.769  -30.801  44.623 0.0000000000
51221  -16.365  -30.752  44.407 0.0000000000
51222  -17.233  -30.544  44.267 0.0000000000
51223  -18.503  -30.473  44.397 0.0000000000
51224  -19.181  -29.810  44.625 0.0000000000
51225  -25.344  -30.291  45.202 0.0000000000
51226  -25.798  -29.736  45.209 0.0000000000
51233  -24.048  -30.405  44.074 0.0000000000
51234  -24.558  -30.036  44.352 0.0000000000
51241  -23.778  -29.984  43.525 0.0000000000
51242  -24.320  -29.474  43.904 0.0000000000
51250  -22.904  -30.053  41.646 0.0000000000
51251  -23.212  -29.981  42.484 0.0000000000
51262  -22.788  -30.209  40.704 0.0000000000
51274  -22.813  -30.301  39.691 0.0000000000
51292  -22.837  -30.399  38.700 0.0000000000
51330  -23.052  -30.694  36.574 0.0000000000
52373  -14.656  -29.476  54.882 0.0000000000
52374  -15.593  -29.000  55.248 0.0000000000
52378  -9.873  -30.262  53.227 0.0000000000
52379  -14.570  -29.507  53.672 0.0000000000
52380  -15.338  -29.046  54.232 0.0000000000
52383  -9.994  -30.028  52.660 0.0000000000
52384  -14.578  -29.506  52.463 0.0000000000
52385  -15.431  -28.898  53.075 0.0000000000
52386  -15.955  -28.549  52.875 0.0000000000
52391  -9.710  -29.147  50.921 0.0000000000
52392  -10.486  -29.808  51.562 0.0000000000
52393  -11.158  -30.094  51.296 0.0000000000
52394  -14.571  -29.548  51.329 0.0000000000
52395  -15.284  -29.113  51.856 0.0000000000
52396  -15.938  -28.668  52.288 0.0000000000
52402  -27.136  -30.125  50.697 0.0000000000
52403  -27.307  -30.223  50.255 0.0000000000
52404  -9.873  -28.988  49.812 0.0000000000
52405  -10.503  -29.447  50.355 0.0000000000
52406  -11.128  -29.895  50.696 0.0000000000
52407  -14.538  -29.560  50.273 0.0000000000
52408  -15.240  -29.229  50.763 0.0000000000
52409  -15.910  -28.788  51.280 0.0000000000
52414  -27.358  -29.594  50.023 0.0000000000
52415  -27.511  -29.647  49.684 0.0000000000
52416  -9.957  -28.922  48.842 0.0000000000
52417  -10.555  -29.263  49.335 0.0000000000
52418  -11.177  -29.621  49.767 0.0000000000
52419  -14.476  -29.615  49.292 0.0000000000
52420  -15.154  -29.299  49.673 0.0000000000
52421  -15.851  -28.851  50.205 0.0000000000
52425  -28.154  -29.034  48.698 0.0000000000
52426  -28.332  -28.388  48.173 0.0000000000
52432  -9.908  -28.993  48.020 0.0000000000
52433  -10.531  -29.217  48.418 0.0000000000
52434  -11.101  -29.586  48.782 0.0000000000
52435  -14.375  -29.702  48.668 0.0000000000
52436  -14.959  -29.470  48.432 0.0000000000
52437  -15.776  -28.912  49.077 0.0000000000
52440  -28.561  -28.996  48.130 0.0000000000
52441  -28.529  -28.423  47.999 0.0000000000
52445  -9.464  -29.290  47.397 0.0000000000
52446  -10.395  -29.436  47.561 0.0000000000
52447  -10.936  -29.542  48.046 0.0000000000
52448  -15.226  -29.433  47.252 0.0000000000
52449  -15.756  -28.925  47.913 0.0000000000
52452  -28.634  -29.170  47.192 0.0000000000
52453  -28.812  -28.835  47.489 0.0000000000
52454  -28.729  -28.393  47.655 0.0000000000
52458  -9.929  -29.776  46.975 0.0000000000
52459  -15.377  -29.579  46.241 0.0000000000
52460  -15.868  -28.990  46.728 0.0000000000
52462  -21.229  -29.330  46.672 0.0000000000
52463  -27.807  -29.252  46.367 0.0000000000
52465  -28.825  -28.765  46.964 0.0000000000
52473  -15.452  -29.860  45.642 0.0000000000
52474  -16.139  -29.311  45.326 0.0000000000
52475  -16.896  -28.747  44.995 0.0000000000
52476  -19.651  -29.380  44.869 0.0000000000
52477  -20.279  -29.439  45.446 0.0000000000
52478  -26.692  -29.304  45.622 0.0000000000
52480  -28.004  -28.833  46.118 0.0000000000
52489  -16.610  -29.974  44.513 0.0000000000
52490  -17.493  -29.201  44.434 0.0000000000
52491  -18.708  -29.329  44.407 0.0000000000
52492  -19.218  -29.294  44.567 0.0000000000
52493  -25.370  -29.489  44.798 0.0000000000
52494  -26.142  -28.992  45.115 0.0000000000
52495  -26.806  -28.880  45.462 0.0000000000
52504  -24.845  -28.907  44.162 0.0000000000
52505  -25.483  -28.903  44.636 0.0000000000
52511  -23.594  -29.081  42.777 0.0000000000
52512  -24.159  -28.958  43.475 0.0000000000
52523  -22.855  -29.257  41.082 0.0000000000
52524  -23.107  -29.146  41.975 0.0000000000
52538  -22.896  -29.390  40.143 0.0000000000
52553  -22.964  -29.467  39.166 0.0000000000
52573  -23.029  -29.577  38.158 0.0000000000
52594  -23.054  -29.689  37.124 0.0000000000
53679  -15.793  -28.721  54.612 0.0000000000
53685  -15.904  -28.576  54.013 0.0000000000
53686  -16.543  -28.139  53.903 0.0000000000
53691  -16.046  -28.464  53.331 0.0000000000
53692  -16.443  -28.205  52.871 0.0000000000
53693  -17.097  -27.764  52.461 0.0000000000
53697  -16.505  -28.289  51.836 0.0000000000
53698  -17.095  -27.827  51.402 0.0000000000
53699  -25.941  -29.303  51.313 0.0000000000
53700  -26.422  -29.233  51.094 0.0000000000
53701  -26.983  -29.376  50.659 0.0000000000
53702  -27.260  -29.435  50.188 0.0000000000
53705  -16.488  -28.348  50.778 0.0000000000
53706  -17.070  -27.836  50.311 0.0000000000
53709  -25.619  -28.964  50.713 0.0000000000
53710  -26.599  -28.807  50.378 0.0000000000
53711  -27.205  -28.901  49.960 0.0000000000
53712  -27.524  -29.034  49.548 0.0000000000
53713  -27.869  -28.843  49.010 0.0000000000
53717  -16.428  -28.357  49.681 0.0000000000
53718  -17.010  -27.775  49.186 0.0000000000
53721  -25.003  -28.459  49.657 0.0000000000
53722  -26.069  -28.326  49.826 0.0000000000
53723  -26.916  -28.298  49.548 0.0000000000
53724  -27.475  -28.282  49.152 0.0000000000
53725  -27.826  -28.190  48.757 0.0000000000
53726  -28.179  -28.107  48.329 0.0000000000
53734  -16.370  -28.348  48.552 0.0000000000
53735  -16.929  -27.726  48.048 0.0000000000
53738  -24.323  -28.321  48.972 0.0000000000
53739  -24.884  -28.160  49.066 0.0000000000
53743  -9.447  -28.940  47.837 0.0000000000
53744  -16.364  -28.350  47.407 0.0000000000
53745  -16.913  -27.740  46.943 0.0000000000
53747  -23.029  -28.294  48.048 0.0000000000
53751  -16.472  -28.412  46.278 0.0000000000
53752  -17.081  -27.813  45.937 0.0000000000
53753  -21.135  -28.989  46.342 0.0000000000
53754  -21.620  -28.536  46.706 0.0000000000
53759  -16.783  -28.482  45.492 0.0000000000
53760  -17.385  -28.143  45.051 0.0000000000
53761  -20.113  -28.524  45.065 0.0000000000
53762  -20.923  -28.527  45.874 0.0000000000
53763  -21.419  -28.033  46.213 0.0000000000
53764  -27.452  -28.461  45.600 0.0000000000
53772  -17.988  -28.260  44.626 0.0000000000
53773  -18.515  -28.562  44.482 0.0000000000
53774  -19.275  -28.672  44.605 0.0000000000
53775  -26.256  -28.029  44.762 0.0000000000
53776  -27.021  -28.222  45.276 0.0000000000
53787  -24.960  -28.015  43.870 0.0000000000
53788  -25.572  -28.225  44.385 0.0000000000
53805  -23.939  -28.046  42.898 0.0000000000
53806  -24.512  -28.232  43.528 0.0000000000
53825  -23.102  -28.203  41.386 0.0000000000
53826  -23.471  -28.350  42.208 0.0000000000
53841  -22.914  -28.556  40.549 0.0000000000
53855  -22.947  -28.506  39.673 0.0000000000
53867  -23.053  -28.605  38.634 0.0000000000
53884  -23.108  -28.738  37.633 0.0000000000
53900  -23.134  -28.820  36.648 0.0000000000
54887  -17.699  -27.304  52.080 0.0000000000
54888  -18.260  -26.829  51.735 0.0000000000
54892  -17.654  -27.281  50.998 0.0000000000
54893  -18.221  -26.606  50.635 0.0000000000
54898  -17.588  -27.194  49.872 0.0000000000
54899  -18.034  -26.592  49.453 0.0000000000
54900  -25.156  -28.082  49.106 0.0000000000
54901  -25.656  -27.940  49.174 0.0000000000
54902  -26.513  -27.771  49.122 0.0000000000
54903  -27.317  -27.395  48.787 0.0000000000
54904  -27.764  -27.256  48.551 0.0000000000
54911  -17.591  -27.020  48.686 0.0000000000
54912  -17.976  -26.569  48.858 0.0000000000
54913  -23.323  -28.118  48.107 0.0000000000
54914  -23.944  -27.699  48.155 0.0000000000
54915  -25.082  -27.650  48.619 0.0000000000
54916  -26.103  -27.321  48.711 0.0000000000
54917  -26.830  -27.167  48.704 0.0000000000
54918  -27.192  -26.969  48.626 0.0000000000
54921  -17.388  -27.096  47.540 0.0000000000
54922  -22.338  -27.656  47.028 0.0000000000
54923  -23.162  -27.601  47.667 0.0000000000
54924  -23.733  -27.252  47.726 0.0000000000
54927  -17.409  -27.105  46.519 0.0000000000
54928  -21.776  -27.547  46.434 0.0000000000
54932  -17.801  -27.180  45.564 0.0000000000
54933  -18.637  -27.075  45.023 0.0000000000
54934  -19.561  -27.560  44.904 0.0000000000
54935  -20.620  -27.590  45.406 0.0000000000
54936  -21.262  -27.523  45.952 0.0000000000
54940  -18.053  -27.662  44.904 0.0000000000
54941  -18.622  -27.844  44.664 0.0000000000
54942  -19.008  -28.132  44.549 0.0000000000
54943  -26.563  -27.518  44.794 0.0000000000
54951  -25.275  -27.533  43.918 0.0000000000
54952  -25.922  -27.160  44.262 0.0000000000
54953  -26.533  -27.061  44.622 0.0000000000
54967  -24.022  -27.365  42.717 0.0000000000
54968  -24.607  -27.207  43.256 0.0000000000
54969  -25.280  -27.068  43.766 0.0000000000
54986  -23.164  -27.489  41.286 0.0000000000
54987  -23.599  -27.249  41.966 0.0000000000
54988  -24.065  -27.019  42.622 0.0000000000
55006  -22.989  -27.416  40.453 0.0000000000
55007  -23.196  -27.123  41.217 0.0000000000
55022  -22.984  -27.591  39.117 0.0000000000
55035  -23.081  -27.755  38.042 0.0000000000
55052  -23.146  -28.010  37.180 0.0000000000
55989  -18.786  -26.300  51.604 0.0000000000
55990  -19.282  -25.803  51.571 0.0000000000
55993  -18.850  -26.002  50.844 0.0000000000
55994  -19.273  -25.542  50.950 0.0000000000
55997  -18.516  -26.032  49.954 0.0000000000
55998  -26.946  -26.161  48.718 0.0000000000
55999  -27.279  -26.407  48.738 0.0000000000
56005  -17.936  -26.552  48.573 0.0000000000
56006  -18.314  -26.027  48.766 0.0000000000
56007  -24.070  -27.068  47.758 0.0000000000
56008  -24.739  -26.646  47.939 0.0000000000
56009  -25.791  -26.712  48.327 0.0000000000
56010  -26.672  -26.540  48.553 0.0000000000
56011  -27.029  -26.783  48.611 0.0000000000
56014  -17.865  -26.530  48.027 0.0000000000
56015  -18.253  -25.961  47.589 0.0000000000
56016  -22.136  -27.054  46.673 0.0000000000
56017  -22.728  -26.550  47.014 0.0000000000
56018  -23.823  -26.574  47.586 0.0000000000
56019  -24.408  -26.098  47.706 0.0000000000
56022  -17.811  -26.521  47.076 0.0000000000
56023  -18.304  -26.027  46.646 0.0000000000
56024  -21.087  -25.880  46.057 0.0000000000
56025  -21.672  -26.504  46.280 0.0000000000
56026  -22.269  -26.061  46.691 0.0000000000
56030  -17.909  -26.567  46.263 0.0000000000
56031  -18.559  -26.292  45.757 0.0000000000
56032  -19.437  -26.441  45.313 0.0000000000
56033  -20.514  -26.489  45.564 0.0000000000
56034  -21.036  -27.000  45.749 0.0000000000
56072  -23.748  -26.188  41.678 0.0000000000
56073  -24.145  -26.361  42.427 0.0000000000
56081  -23.350  -26.473  41.026 0.0000000000
56090  -23.026  -26.582  39.492 0.0000000000
56106  -23.077  -26.702  38.446 0.0000000000
57152  -20.316  -24.724  51.370 0.0000000000
57165  -19.000  -25.594  50.381 0.0000000000
57166  -19.567  -24.957  50.508 0.0000000000
57167  -20.079  -24.592  50.776 0.0000000000
57180  -18.909  -25.441  49.640 0.0000000000
57181  -19.355  -24.821  49.394 0.0000000000
57182  -24.935  -24.934  48.893 0.0000000000
57183  -25.562  -25.051  49.281 0.0000000000
57194  -18.910  -25.293  48.839 0.0000000000
57195  -19.289  -24.804  48.427 0.0000000000
57196  -24.051  -25.065  47.986 0.0000000000
57197  -24.649  -25.385  48.172 0.0000000000
57198  -25.696  -25.846  48.380 0.0000000000
57199  -26.289  -26.155  48.458 0.0000000000
57203  -18.713  -25.346  48.026 0.0000000000
57204  -19.271  -24.944  47.529 0.0000000000
57205  -22.182  -24.899  47.103 0.0000000000
57206  -22.558  -25.453  47.031 0.0000000000
57207  -23.619  -25.539  47.567 0.0000000000
57208  -24.157  -25.866  47.647 0.0000000000
57213  -18.757  -25.454  47.097 0.0000000000
57214  -19.475  -25.135  46.677 0.0000000000
57215  -20.419  -25.391  46.170 0.0000000000
57216  -21.620  -25.319  46.606 0.0000000000
57217  -22.039  -25.818  46.619 0.0000000000
57227  -18.855  -25.656  46.340 0.0000000000
57228  -19.424  -25.714  45.866 0.0000000000
57229  -19.969  -25.932  45.599 0.0000000000
57261  -24.016  -25.447  41.828 0.0000000000
58377  -20.754  -24.360  51.304 0.0000000000
58390  -19.998  -24.523  50.491 0.0000000000
58391  -20.527  -24.243  50.670 0.0000000000
58392  -21.525  -23.750  50.246 0.0000000000
58393  -22.551  -23.693  50.311 0.0000000000
58394  -23.427  -23.891  50.213 0.0000000000
58396  -24.974  -24.605  49.806 0.0000000000
58408  -19.922  -24.393  49.961 0.0000000000
58409  -20.591  -23.991  49.622 0.0000000000
58410  -21.263  -23.735  49.226 0.0000000000
58411  -22.835  -23.748  49.561 0.0000000000
58412  -23.564  -24.079  49.207 0.0000000000
58413  -24.442  -24.621  48.940 0.0000000000
58414  -24.982  -24.814  49.242 0.0000000000
58426  -19.891  -24.318  48.974 0.0000000000
58427  -20.633  -23.988  48.613 0.0000000000
58428  -21.519  -23.850  48.449 0.0000000000
58429  -22.564  -23.971  48.530 0.0000000000
58430  -23.587  -24.629  48.131 0.0000000000
58431  -24.213  -24.890  48.290 0.0000000000
58444  -19.908  -24.410  47.878 0.0000000000
58445  -20.820  -24.224  47.654 0.0000000000
58446  -21.784  -24.407  47.462 0.0000000000
58447  -22.665  -24.655  47.567 0.0000000000
58448  -23.150  -25.017  47.505 0.0000000000
58466  -19.699  -24.769  47.248 0.0000000000
58467  -20.194  -24.684  47.016 0.0000000000
58468  -20.972  -24.732  46.913 0.0000000000
59664  -22.128  -23.578  49.829 0.0000000000
59665  -22.461  -23.634  49.769 0.0000000000
59672  -21.802  -23.619  49.435 0.0000000000
59673  -22.301  -23.655  49.343 0.0000000000
59684  -21.635  -23.680  49.006 0.0000000000
59685  -21.973  -23.664  48.932 0.0000000000
