#!ascii label  , from subject COLIN27_FS vox2ras=TkReg
1248
68750  -43.561  -16.319  28.114 0.0000000000
68751  -44.588  -15.804  28.099 0.0000000000
68752  -45.159  -15.493  28.522 0.0000000000
68772  -43.669  -16.049  26.988 0.0000000000
68773  -44.268  -15.682  27.453 0.0000000000
68793  -42.625  -16.401  26.047 0.0000000000
68794  -43.108  -15.878  25.971 0.0000000000
68815  -40.799  -17.058  25.287 0.0000000000
68816  -41.724  -16.593  25.159 0.0000000000
68817  -42.408  -15.985  25.205 0.0000000000
68818  -42.791  -15.731  25.608 0.0000000000
68833  -39.848  -17.118  24.405 0.0000000000
68834  -40.855  -16.791  24.240 0.0000000000
68835  -41.616  -16.139  24.256 0.0000000000
68836  -42.049  -15.844  24.679 0.0000000000
68848  -38.865  -16.996  23.547 0.0000000000
68849  -39.939  -16.851  23.347 0.0000000000
68850  -40.788  -16.289  23.359 0.0000000000
68851  -41.259  -15.959  23.620 0.0000000000
68868  -38.985  -16.667  22.520 0.0000000000
68869  -39.911  -16.259  22.503 0.0000000000
68870  -40.517  -15.879  22.745 0.0000000000
68884  -36.996  -16.249  21.822 0.0000000000
68885  -38.031  -16.290  21.667 0.0000000000
68886  -39.030  -16.074  21.852 0.0000000000
68887  -39.590  -15.853  22.028 0.0000000000
68902  -36.362  -15.742  20.901 0.0000000000
68903  -37.234  -15.965  21.181 0.0000000000
68914  -35.690  -15.556  20.003 0.0000000000
70119  -44.999  -15.350  28.251 0.0000000000
70120  -45.553  -15.156  28.693 0.0000000000
70139  -44.087  -15.535  27.140 0.0000000000
70140  -44.592  -15.269  27.690 0.0000000000
70141  -45.084  -15.045  28.229 0.0000000000
70158  -43.602  -15.433  26.561 0.0000000000
70159  -44.127  -15.175  27.124 0.0000000000
70179  -42.601  -15.541  25.413 0.0000000000
70180  -43.030  -15.475  25.867 0.0000000000
70204  -41.814  -15.628  24.422 0.0000000000
70205  -42.216  -15.590  24.927 0.0000000000
70227  -40.949  -15.650  23.248 0.0000000000
70228  -41.396  -15.645  23.878 0.0000000000
70248  -39.948  -15.568  22.338 0.0000000000
70249  -40.486  -15.441  22.779 0.0000000000
70263  -37.621  -15.822  21.154 0.0000000000
70264  -38.078  -15.511  21.285 0.0000000000
70265  -39.096  -15.396  21.839 0.0000000000
70277  -36.293  -15.475  20.290 0.0000000000
70278  -36.947  -15.377  20.589 0.0000000000
70279  -37.291  -14.747  20.500 0.0000000000
70287  -36.103  -15.301  19.649 0.0000000000
70288  -36.570  -14.696  19.416 0.0000000000
70289  -36.920  -14.423  19.924 0.0000000000
70297  -36.037  -15.442  18.560 0.0000000000
71472  -44.957  -14.396  28.071 0.0000000000
71473  -45.373  -14.645  28.484 0.0000000000
71474  -45.956  -14.642  28.926 0.0000000000
71486  -42.979  -14.337  26.776 0.0000000000
71487  -43.682  -14.513  27.008 0.0000000000
71488  -44.363  -14.647  27.501 0.0000000000
71489  -44.890  -14.800  27.991 0.0000000000
71504  -40.514  -13.928  25.848 0.0000000000
71505  -40.980  -14.104  25.924 0.0000000000
71506  -42.058  -14.405  26.233 0.0000000000
71507  -43.117  -14.901  26.195 0.0000000000
71508  -43.834  -14.934  26.836 0.0000000000
71521  -39.635  -13.821  25.105 0.0000000000
71522  -40.196  -13.981  25.367 0.0000000000
71523  -41.221  -14.566  25.235 0.0000000000
71524  -42.248  -15.074  25.266 0.0000000000
71525  -42.792  -15.267  25.651 0.0000000000
71543  -39.498  -13.983  24.524 0.0000000000
71544  -40.356  -14.527  24.332 0.0000000000
71545  -41.377  -15.123  24.298 0.0000000000
71546  -41.956  -15.370  24.702 0.0000000000
71563  -38.531  -14.112  22.732 0.0000000000
71564  -39.277  -14.356  23.307 0.0000000000
71565  -40.461  -15.017  23.267 0.0000000000
71566  -41.087  -15.350  23.640 0.0000000000
71579  -38.577  -14.361  22.209 0.0000000000
71580  -39.427  -14.926  22.297 0.0000000000
71581  -40.152  -15.209  22.611 0.0000000000
71590  -38.260  -14.739  21.429 0.0000000000
71591  -39.008  -15.022  21.800 0.0000000000
71599  -37.071  -13.771  19.954 0.0000000000
71600  -37.329  -14.194  20.431 0.0000000000
71608  -36.936  -13.988  19.516 0.0000000000
71609  -37.069  -14.322  20.134 0.0000000000
71615  -36.869  -14.102  18.380 0.0000000000
72794  -45.613  -12.910  29.610 0.0000000000
72795  -46.155  -13.174  29.756 0.0000000000
72806  -43.488  -13.066  28.882 0.0000000000
72807  -44.111  -13.146  28.873 0.0000000000
72808  -45.296  -13.294  29.096 0.0000000000
72809  -46.220  -13.998  29.226 0.0000000000
72821  -40.318  -12.721  27.889 0.0000000000
72822  -40.829  -12.998  28.025 0.0000000000
72823  -41.892  -13.333  28.137 0.0000000000
72824  -43.195  -13.438  28.310 0.0000000000
72825  -44.437  -13.837  28.069 0.0000000000
72826  -45.402  -14.083  28.570 0.0000000000
72827  -45.762  -14.355  28.792 0.0000000000
72838  -39.508  -12.689  26.987 0.0000000000
72839  -40.117  -13.005  27.314 0.0000000000
72840  -41.135  -13.570  27.298 0.0000000000
72841  -42.299  -13.903  27.177 0.0000000000
72842  -43.499  -13.988  27.401 0.0000000000
72843  -44.054  -14.228  27.445 0.0000000000
72856  -39.491  -13.030  26.460 0.0000000000
72857  -40.325  -13.681  26.235 0.0000000000
72858  -41.472  -13.983  26.600 0.0000000000
72859  -41.966  -14.103  26.668 0.0000000000
72871  -38.217  -13.045  25.184 0.0000000000
72872  -39.171  -13.467  25.403 0.0000000000
72873  -39.905  -13.723  25.680 0.0000000000
72886  -37.044  -13.016  23.927 0.0000000000
72887  -37.858  -13.283  24.392 0.0000000000
72888  -38.739  -13.738  24.305 0.0000000000
72901  -37.113  -13.205  23.250 0.0000000000
72902  -38.188  -13.805  23.289 0.0000000000
72903  -38.948  -13.984  23.856 0.0000000000
72914  -37.197  -13.311  22.196 0.0000000000
72915  -37.920  -13.895  22.180 0.0000000000
72923  -37.267  -13.368  21.243 0.0000000000
72924  -37.784  -14.070  21.409 0.0000000000
72932  -37.200  -13.546  20.391 0.0000000000
72933  -37.626  -14.175  20.928 0.0000000000
72940  -37.093  -13.348  19.406 0.0000000000
72947  -37.261  -13.293  18.382 0.0000000000
74173  -46.279  -11.858  31.906 0.0000000000
74174  -46.842  -12.150  32.044 0.0000000000
74182  -44.322  -11.820  30.963 0.0000000000
74183  -44.937  -11.929  31.041 0.0000000000
74184  -46.122  -12.185  31.322 0.0000000000
74185  -47.330  -12.957  31.180 0.0000000000
74190  -42.378  -11.879  30.230 0.0000000000
74191  -42.973  -12.072  30.286 0.0000000000
74192  -44.160  -12.177  30.433 0.0000000000
74193  -45.469  -12.604  30.223 0.0000000000
74194  -46.640  -12.904  30.507 0.0000000000
74195  -47.138  -13.150  30.606 0.0000000000
74202  -40.552  -11.777  28.931 0.0000000000
74203  -41.040  -12.037  29.263 0.0000000000
74204  -42.129  -12.277  29.715 0.0000000000
74205  -43.405  -12.718  29.478 0.0000000000
74206  -44.651  -12.749  29.586 0.0000000000
74207  -45.295  -12.838  29.589 0.0000000000
74215  -39.675  -11.847  27.872 0.0000000000
74216  -40.291  -12.227  28.352 0.0000000000
74217  -41.420  -12.709  28.801 0.0000000000
74218  -42.532  -12.954  28.922 0.0000000000
74219  -43.165  -13.033  28.898 0.0000000000
74230  -39.560  -12.277  27.463 0.0000000000
74231  -40.064  -12.574  27.774 0.0000000000
74241  -38.310  -12.099  26.385 0.0000000000
74242  -38.898  -12.366  26.635 0.0000000000
74253  -37.296  -12.296  25.270 0.0000000000
74254  -38.183  -12.528  25.821 0.0000000000
74255  -38.939  -12.858  26.089 0.0000000000
74267  -36.138  -11.941  23.936 0.0000000000
74268  -36.940  -12.607  24.470 0.0000000000
74269  -37.674  -12.798  25.057 0.0000000000
74283  -36.064  -11.874  22.915 0.0000000000
74284  -36.518  -12.595  23.455 0.0000000000
74297  -36.213  -11.660  22.296 0.0000000000
74298  -36.504  -12.312  22.160 0.0000000000
74306  -36.914  -12.483  21.120 0.0000000000
74314  -37.122  -12.535  20.209 0.0000000000
74315  -37.369  -11.863  19.882 0.0000000000
74323  -37.228  -12.728  19.390 0.0000000000
74324  -37.537  -11.981  19.355 0.0000000000
74332  -37.300  -12.895  18.850 0.0000000000
74333  -37.780  -12.338  18.303 0.0000000000
75493  -47.581  -11.195  33.201 0.0000000000
75494  -48.058  -11.469  33.254 0.0000000000
75502  -45.580  -10.975  32.242 0.0000000000
75503  -46.173  -11.313  32.326 0.0000000000
75504  -47.278  -11.444  32.879 0.0000000000
75505  -47.872  -11.956  32.857 0.0000000000
75509  -42.713  -10.811  30.990 0.0000000000
75510  -43.194  -11.033  31.144 0.0000000000
75511  -44.178  -11.321  31.349 0.0000000000
75512  -45.352  -11.347  31.842 0.0000000000
75513  -45.989  -11.683  31.855 0.0000000000
75517  -41.752  -10.967  30.310 0.0000000000
75518  -42.402  -11.292  30.594 0.0000000000
75519  -43.475  -11.647  30.834 0.0000000000
75520  -44.028  -11.765  30.924 0.0000000000
75528  -40.744  -11.363  29.263 0.0000000000
75529  -41.502  -11.413  29.931 0.0000000000
75530  -42.078  -11.752  30.164 0.0000000000
75539  -39.781  -11.403  28.117 0.0000000000
75540  -40.250  -11.392  28.703 0.0000000000
75553  -38.696  -11.009  27.117 0.0000000000
75554  -39.173  -11.406  27.434 0.0000000000
75567  -37.653  -10.971  26.246 0.0000000000
75568  -38.312  -11.423  26.662 0.0000000000
75569  -38.959  -11.887  27.079 0.0000000000
75582  -37.383  -11.533  25.838 0.0000000000
75583  -37.998  -11.931  26.225 0.0000000000
75596  -36.027  -11.048  24.230 0.0000000000
75597  -36.608  -11.727  24.874 0.0000000000
75614  -35.820  -11.188  23.312 0.0000000000
75632  -36.008  -11.149  22.446 0.0000000000
75661  -37.187  -11.861  20.328 0.0000000000
76813  -47.019  -10.184  33.211 0.0000000000
76814  -47.438  -10.599  33.309 0.0000000000
76815  -48.490  -10.558  33.675 0.0000000000
76826  -45.093  -10.098  32.351 0.0000000000
76827  -45.549  -10.379  32.444 0.0000000000
76828  -46.640  -10.390  32.976 0.0000000000
76829  -47.109  -10.827  33.092 0.0000000000
76834  -42.953  -10.501  31.188 0.0000000000
76835  -43.587  -10.418  31.517 0.0000000000
76836  -44.666  -10.318  32.080 0.0000000000
76837  -45.274  -10.775  32.192 0.0000000000
76841  -41.922  -10.600  30.462 0.0000000000
76842  -42.415  -10.343  30.842 0.0000000000
76849  -40.939  -10.819  29.541 0.0000000000
76850  -41.405  -10.481  29.966 0.0000000000
76860  -39.981  -10.860  28.370 0.0000000000
76861  -40.427  -10.626  28.917 0.0000000000
76873  -38.948  -10.728  27.331 0.0000000000
76874  -39.470  -10.618  27.810 0.0000000000
76887  -37.857  -10.461  26.456 0.0000000000
76888  -38.456  -10.452  26.948 0.0000000000
76901  -37.207  -10.437  25.906 0.0000000000
76914  -36.020  -10.322  24.333 0.0000000000
76915  -36.472  -10.644  25.092 0.0000000000
76929  -35.823  -10.327  23.556 0.0000000000
78118  -49.954  -9.652  34.157 0.0000000000
78133  -47.018  -9.557  33.231 0.0000000000
78134  -47.927  -9.630  33.599 0.0000000000
78135  -48.853  -9.706  33.879 0.0000000000
78136  -49.424  -9.720  34.016 0.0000000000
78144  -45.113  -9.562  32.381 0.0000000000
78145  -45.919  -9.516  32.715 0.0000000000
78146  -46.484  -9.547  32.988 0.0000000000
78150  -42.977  -9.832  31.224 0.0000000000
78151  -43.768  -9.377  31.639 0.0000000000
78152  -44.514  -9.312  32.064 0.0000000000
78156  -41.879  -9.889  30.275 0.0000000000
78157  -42.439  -9.433  30.652 0.0000000000
78158  -43.034  -8.953  30.987 0.0000000000
78165  -40.904  -10.191  29.332 0.0000000000
78166  -41.363  -9.522  29.482 0.0000000000
78167  -42.038  -9.043  29.949 0.0000000000
78178  -40.017  -10.242  28.258 0.0000000000
78179  -40.592  -9.564  28.573 0.0000000000
78180  -41.216  -8.904  28.836 0.0000000000
78190  -38.999  -10.151  27.318 0.0000000000
78191  -39.655  -9.538  27.589 0.0000000000
78192  -40.337  -8.873  27.845 0.0000000000
78202  -38.105  -9.961  26.620 0.0000000000
78203  -38.622  -9.452  26.775 0.0000000000
78204  -39.300  -8.807  26.921 0.0000000000
78214  -37.670  -9.535  26.126 0.0000000000
78215  -38.160  -8.755  26.137 0.0000000000
78227  -36.213  -9.871  24.631 0.0000000000
78228  -36.734  -9.499  25.222 0.0000000000
78239  -35.954  -9.732  24.022 0.0000000000
79370  -49.719  -8.763  34.176 0.0000000000
79371  -50.355  -8.852  34.296 0.0000000000
79372  -51.130  -8.761  34.450 0.0000000000
79384  -46.951  -8.833  33.118 0.0000000000
79385  -47.454  -8.576  33.321 0.0000000000
79386  -48.444  -8.800  33.758 0.0000000000
79387  -49.253  -9.098  34.013 0.0000000000
79393  -44.847  -8.831  32.133 0.0000000000
79394  -45.445  -8.505  32.284 0.0000000000
79395  -46.438  -8.744  32.830 0.0000000000
79396  -46.941  -8.505  33.008 0.0000000000
79400  -43.650  -8.393  31.156 0.0000000000
79401  -44.372  -8.515  31.720 0.0000000000
79402  -44.909  -8.341  31.966 0.0000000000
79405  -42.600  -8.643  30.317 0.0000000000
79406  -43.134  -8.243  30.506 0.0000000000
79412  -41.739  -8.663  29.253 0.0000000000
79413  -42.395  -8.208  29.559 0.0000000000
79414  -42.808  -8.142  30.040 0.0000000000
79426  -40.904  -8.614  28.250 0.0000000000
79427  -41.585  -8.204  28.545 0.0000000000
79428  -41.995  -8.191  29.030 0.0000000000
79444  -39.925  -8.558  27.252 0.0000000000
79445  -40.660  -8.092  27.540 0.0000000000
79446  -41.162  -8.111  28.056 0.0000000000
79462  -38.811  -8.489  26.416 0.0000000000
79463  -39.548  -8.014  26.550 0.0000000000
79464  -40.134  -8.048  27.013 0.0000000000
79480  -37.446  -8.360  25.368 0.0000000000
79481  -38.407  -8.037  25.863 0.0000000000
79482  -38.961  -7.955  26.129 0.0000000000
79503  -36.245  -9.249  24.321 0.0000000000
80724  -49.931  -8.262  34.247 0.0000000000
80725  -50.542  -8.107  34.353 0.0000000000
80737  -47.533  -7.681  33.128 0.0000000000
80738  -48.115  -7.864  33.528 0.0000000000
80739  -49.147  -8.002  33.991 0.0000000000
80743  -45.491  -7.930  32.024 0.0000000000
80744  -46.012  -7.736  32.156 0.0000000000
80745  -46.915  -7.898  32.787 0.0000000000
80748  -43.771  -8.045  31.034 0.0000000000
80749  -44.085  -7.924  31.165 0.0000000000
80750  -45.062  -7.616  31.555 0.0000000000
80751  -45.786  -7.306  31.662 0.0000000000
80754  -43.650  -7.892  30.706 0.0000000000
80755  -44.199  -7.341  30.542 0.0000000000
80756  -44.814  -7.111  30.829 0.0000000000
80760  -42.627  -7.824  29.336 0.0000000000
80761  -43.195  -7.556  29.704 0.0000000000
80762  -43.889  -7.176  29.919 0.0000000000
80769  -41.813  -7.831  28.373 0.0000000000
80770  -42.281  -7.693  28.756 0.0000000000
80771  -42.928  -6.970  28.561 0.0000000000
80783  -40.949  -7.500  27.266 0.0000000000
80784  -41.546  -7.560  27.856 0.0000000000
80785  -42.411  -6.835  27.887 0.0000000000
80786  -42.837  -6.680  28.114 0.0000000000
80796  -39.806  -7.473  26.234 0.0000000000
80797  -40.395  -7.497  26.737 0.0000000000
80798  -41.242  -6.899  26.885 0.0000000000
80799  -41.814  -6.855  27.413 0.0000000000
80809  -38.127  -7.533  25.266 0.0000000000
80810  -39.116  -7.307  25.665 0.0000000000
80811  -40.140  -7.042  26.017 0.0000000000
80812  -40.689  -6.913  26.384 0.0000000000
80824  -38.492  -7.098  25.065 0.0000000000
82024  -49.939  -7.665  34.226 0.0000000000
82025  -50.560  -7.267  34.325 0.0000000000
82026  -51.433  -6.968  34.418 0.0000000000
82027  -52.319  -6.706  34.500 0.0000000000
82028  -53.167  -6.310  34.652 0.0000000000
82039  -47.862  -7.322  33.205 0.0000000000
82040  -48.426  -6.963  33.442 0.0000000000
82041  -49.597  -6.804  33.945 0.0000000000
82042  -50.592  -6.316  34.064 0.0000000000
82043  -51.534  -6.040  34.118 0.0000000000
82044  -52.423  -5.830  34.158 0.0000000000
82045  -53.063  -5.555  34.193 0.0000000000
82051  -46.683  -7.306  32.304 0.0000000000
82052  -47.445  -6.880  32.631 0.0000000000
82053  -48.257  -6.234  32.851 0.0000000000
82056  -45.657  -7.087  31.369 0.0000000000
82057  -46.393  -6.774  31.614 0.0000000000
82058  -47.303  -6.187  31.808 0.0000000000
82062  -44.693  -6.961  30.462 0.0000000000
82063  -45.388  -6.668  30.656 0.0000000000
82064  -46.348  -6.115  30.723 0.0000000000
82067  -43.782  -7.070  29.615 0.0000000000
82068  -44.396  -6.761  29.800 0.0000000000
82069  -45.240  -6.096  29.441 0.0000000000
82075  -43.644  -6.780  29.041 0.0000000000
82076  -44.432  -6.143  28.636 0.0000000000
82077  -45.259  -5.715  28.637 0.0000000000
82089  -42.582  -6.444  27.566 0.0000000000
82090  -43.214  -6.291  27.859 0.0000000000
82091  -44.232  -5.715  27.775 0.0000000000
82102  -41.469  -6.469  26.554 0.0000000000
82103  -42.169  -6.277  26.903 0.0000000000
82104  -43.138  -5.726  26.885 0.0000000000
82115  -39.223  -6.844  25.261 0.0000000000
82116  -39.727  -6.673  25.341 0.0000000000
82117  -41.033  -6.301  25.824 0.0000000000
82118  -42.086  -5.715  25.853 0.0000000000
82129  -38.841  -6.613  24.738 0.0000000000
82130  -39.988  -5.956  24.538 0.0000000000
82131  -41.027  -5.676  24.667 0.0000000000
83262  -53.615  -5.515  34.434 0.0000000000
83263  -54.066  -5.304  34.629 0.0000000000
83264  -54.366  -4.867  34.659 0.0000000000
83274  -48.962  -6.011  33.290 0.0000000000
83275  -49.837  -5.751  33.563 0.0000000000
83276  -50.677  -5.339  33.545 0.0000000000
83277  -51.698  -5.263  33.699 0.0000000000
83278  -52.559  -5.109  33.762 0.0000000000
83279  -53.308  -4.992  33.883 0.0000000000
83280  -53.930  -4.881  34.079 0.0000000000
83281  -54.214  -4.799  34.319 0.0000000000
83291  -47.944  -5.907  32.204 0.0000000000
83292  -48.630  -5.581  32.562 0.0000000000
83293  -49.411  -5.234  32.800 0.0000000000
83294  -50.010  -5.222  33.219 0.0000000000
83303  -47.042  -5.872  31.102 0.0000000000
83304  -47.753  -5.589  31.453 0.0000000000
83305  -48.480  -5.232  31.764 0.0000000000
83306  -48.941  -5.191  32.272 0.0000000000
83313  -46.078  -5.790  29.929 0.0000000000
83314  -46.886  -5.524  30.296 0.0000000000
83315  -47.698  -5.208  30.647 0.0000000000
83316  -48.118  -5.219  31.185 0.0000000000
83323  -45.918  -5.496  28.984 0.0000000000
83324  -46.855  -5.061  29.373 0.0000000000
83325  -47.337  -5.118  30.021 0.0000000000
83334  -44.989  -5.487  27.970 0.0000000000
83335  -45.721  -5.287  28.171 0.0000000000
83336  -46.377  -4.975  28.370 0.0000000000
83347  -43.883  -5.498  27.115 0.0000000000
83348  -44.728  -5.268  27.214 0.0000000000
83349  -45.675  -4.953  27.288 0.0000000000
83350  -46.108  -4.965  27.808 0.0000000000
83360  -42.860  -5.507  26.127 0.0000000000
83361  -43.683  -5.256  26.299 0.0000000000
83362  -44.474  -5.065  26.473 0.0000000000
83363  -45.176  -4.927  26.617 0.0000000000
83374  -41.797  -5.469  25.032 0.0000000000
83375  -42.690  -5.273  25.232 0.0000000000
83376  -43.537  -5.127  25.432 0.0000000000
83377  -44.359  -4.968  25.626 0.0000000000
83378  -45.144  -4.806  25.846 0.0000000000
83389  -40.674  -5.378  23.851 0.0000000000
83390  -41.604  -5.235  24.076 0.0000000000
83391  -42.528  -5.137  24.298 0.0000000000
83392  -43.437  -5.084  24.505 0.0000000000
83393  -44.288  -4.968  24.722 0.0000000000
83394  -45.102  -4.806  24.936 0.0000000000
83410  -41.309  -5.069  23.142 0.0000000000
83411  -42.325  -5.009  23.330 0.0000000000
83412  -43.334  -5.022  23.531 0.0000000000
83413  -44.243  -4.970  23.792 0.0000000000
83414  -45.056  -4.832  24.033 0.0000000000
83430  -43.116  -4.842  22.552 0.0000000000
83431  -44.275  -4.789  22.773 0.0000000000
83432  -44.982  -4.806  23.264 0.0000000000
83444  -43.865  -4.488  21.931 0.0000000000
84647  -50.628  -4.956  33.198 0.0000000000
84648  -51.035  -4.833  33.196 0.0000000000
84649  -51.915  -4.630  33.184 0.0000000000
84650  -52.819  -4.529  33.263 0.0000000000
84651  -53.622  -4.445  33.434 0.0000000000
84652  -54.356  -4.105  33.737 0.0000000000
84661  -49.636  -4.944  32.505 0.0000000000
84662  -50.216  -4.828  32.776 0.0000000000
84663  -51.151  -4.408  32.502 0.0000000000
84664  -52.247  -4.116  32.357 0.0000000000
84665  -53.158  -4.123  32.763 0.0000000000
84666  -53.853  -3.945  32.906 0.0000000000
84667  -54.305  -3.661  32.898 0.0000000000
84678  -48.776  -4.973  31.526 0.0000000000
84679  -49.308  -4.853  31.924 0.0000000000
84680  -50.322  -4.386  31.767 0.0000000000
84681  -51.265  -4.115  31.569 0.0000000000
84682  -52.046  -3.912  31.285 0.0000000000
84692  -48.053  -4.908  30.442 0.0000000000
84693  -48.551  -4.857  30.907 0.0000000000
84694  -49.603  -4.419  30.918 0.0000000000
84695  -50.531  -4.162  30.806 0.0000000000
84696  -51.361  -4.024  30.657 0.0000000000
84697  -51.998  -3.944  30.434 0.0000000000
84707  -47.411  -4.593  29.082 0.0000000000
84708  -47.934  -4.674  29.797 0.0000000000
84709  -49.055  -4.329  30.010 0.0000000000
84710  -49.949  -4.178  30.079 0.0000000000
84711  -50.753  -4.087  29.852 0.0000000000
84712  -51.604  -4.024  30.015 0.0000000000
84713  -51.972  -3.968  30.052 0.0000000000
84725  -47.093  -4.522  28.453 0.0000000000
84726  -47.874  -4.265  28.679 0.0000000000
84727  -48.812  -4.105  28.954 0.0000000000
84728  -49.630  -4.085  29.375 0.0000000000
84729  -50.179  -4.090  29.557 0.0000000000
84740  -46.231  -4.605  26.823 0.0000000000
84741  -46.647  -4.519  27.434 0.0000000000
84742  -47.677  -4.099  27.699 0.0000000000
84743  -48.504  -3.922  28.055 0.0000000000
84756  -45.923  -4.635  26.216 0.0000000000
84757  -46.752  -4.362  26.347 0.0000000000
84758  -47.569  -4.069  26.637 0.0000000000
84759  -48.623  -3.766  26.933 0.0000000000
84760  -49.274  -3.659  26.523 0.0000000000
84775  -45.895  -4.593  25.174 0.0000000000
84776  -46.700  -4.342  25.404 0.0000000000
84777  -47.561  -4.151  25.621 0.0000000000
84778  -48.359  -3.926  25.883 0.0000000000
84779  -49.055  -3.733  25.961 0.0000000000
84793  -45.865  -4.627  24.234 0.0000000000
84794  -46.656  -4.359  24.467 0.0000000000
84795  -47.489  -4.150  24.690 0.0000000000
84796  -48.490  -3.940  24.908 0.0000000000
84797  -48.851  -3.836  25.412 0.0000000000
84811  -45.762  -4.567  23.348 0.0000000000
84812  -46.605  -4.319  23.589 0.0000000000
84813  -47.362  -4.126  23.892 0.0000000000
84814  -48.124  -4.001  24.054 0.0000000000
84826  -44.721  -4.362  22.119 0.0000000000
84827  -45.386  -4.386  22.587 0.0000000000
84828  -46.466  -4.046  22.655 0.0000000000
84829  -47.368  -3.966  23.210 0.0000000000
84830  -47.829  -3.952  23.588 0.0000000000
84840  -44.481  -3.963  21.607 0.0000000000
84841  -45.346  -3.968  21.993 0.0000000000
84842  -45.888  -4.006  22.277 0.0000000000
86002  -55.162  -3.287  34.399 0.0000000000
86003  -55.402  -2.829  33.995 0.0000000000
86017  -55.059  -3.366  33.785 0.0000000000
86018  -55.259  -2.678  33.274 0.0000000000
86027  -52.901  -3.958  32.297 0.0000000000
86028  -53.372  -3.793  32.278 0.0000000000
86029  -54.020  -3.514  32.292 0.0000000000
86030  -54.769  -3.104  32.585 0.0000000000
86031  -55.176  -2.408  32.586 0.0000000000
86041  -52.777  -3.804  31.785 0.0000000000
86042  -53.432  -3.557  31.540 0.0000000000
86043  -54.189  -3.192  31.432 0.0000000000
86044  -54.799  -2.673  31.303 0.0000000000
86054  -52.679  -3.755  30.882 0.0000000000
86055  -53.477  -3.475  30.523 0.0000000000
86056  -54.466  -3.014  30.315 0.0000000000
86057  -54.971  -2.438  30.555 0.0000000000
86067  -50.792  -4.051  29.400 0.0000000000
86068  -51.221  -4.023  29.415 0.0000000000
86069  -52.304  -3.847  29.721 0.0000000000
86070  -53.618  -3.328  29.262 0.0000000000
86071  -54.515  -2.875  29.373 0.0000000000
86082  -49.105  -3.971  28.668 0.0000000000
86083  -49.448  -3.958  28.729 0.0000000000
86084  -50.412  -3.994  28.971 0.0000000000
86085  -51.447  -3.852  28.619 0.0000000000
86086  -52.529  -3.571  28.382 0.0000000000
86087  -53.445  -3.126  28.055 0.0000000000
86097  -49.097  -3.879  28.366 0.0000000000
86098  -49.707  -3.787  28.119 0.0000000000
86099  -50.577  -3.725  27.839 0.0000000000
86100  -51.593  -3.528  27.512 0.0000000000
86101  -52.598  -3.130  27.270 0.0000000000
86102  -53.347  -2.764  27.347 0.0000000000
86112  -49.101  -3.741  27.715 0.0000000000
86113  -49.667  -3.646  27.135 0.0000000000
86114  -50.651  -3.491  26.750 0.0000000000
86115  -51.690  -3.076  26.324 0.0000000000
86116  -52.473  -2.797  26.558 0.0000000000
86126  -49.776  -3.561  26.154 0.0000000000
86127  -50.551  -3.243  25.665 0.0000000000
86128  -51.223  -2.793  25.249 0.0000000000
86143  -48.959  -3.728  24.677 0.0000000000
86144  -49.437  -3.548  25.040 0.0000000000
86145  -50.470  -2.941  24.645 0.0000000000
86146  -51.022  -2.628  24.742 0.0000000000
86156  -48.917  -3.629  24.231 0.0000000000
86157  -49.759  -3.052  24.107 0.0000000000
86158  -50.210  -2.831  24.243 0.0000000000
86168  -46.757  -3.629  22.282 0.0000000000
86169  -47.311  -3.349  22.573 0.0000000000
86170  -48.314  -3.475  23.406 0.0000000000
86171  -49.100  -3.210  23.790 0.0000000000
86182  -45.069  -3.305  21.701 0.0000000000
86183  -46.177  -3.514  22.088 0.0000000000
86184  -46.838  -3.370  22.154 0.0000000000
87312  -55.311  -2.228  33.659 0.0000000000
87333  -55.248  -2.041  32.959 0.0000000000
87345  -55.075  -2.323  31.861 0.0000000000
87346  -55.156  -1.890  32.198 0.0000000000
87357  -55.099  -2.134  31.050 0.0000000000
87358  -55.114  -1.804  31.401 0.0000000000
87368  -54.983  -2.483  29.818 0.0000000000
87369  -55.202  -1.896  30.315 0.0000000000
87370  -55.125  -1.792  30.861 0.0000000000
87380  -54.260  -2.786  28.567 0.0000000000
87381  -54.933  -2.449  28.984 0.0000000000
87382  -55.276  -1.983  29.411 0.0000000000
87395  -53.994  -2.539  27.713 0.0000000000
87396  -54.773  -2.070  28.145 0.0000000000
87397  -55.170  -2.019  28.789 0.0000000000
87410  -52.975  -2.655  26.857 0.0000000000
87411  -53.590  -2.163  26.946 0.0000000000
87412  -54.245  -2.018  27.412 0.0000000000
87425  -52.247  -2.690  26.176 0.0000000000
87426  -52.736  -2.245  26.278 0.0000000000
87427  -53.291  -1.821  26.471 0.0000000000
87438  -51.967  -2.486  25.676 0.0000000000
87439  -52.227  -1.774  25.571 0.0000000000
87451  -50.839  -2.536  24.547 0.0000000000
87452  -51.367  -2.088  24.838 0.0000000000
87453  -51.857  -1.382  25.164 0.0000000000
87457  -49.830  -2.684  23.893 0.0000000000
87458  -50.338  -2.366  24.139 0.0000000000
87459  -50.958  -1.592  24.349 0.0000000000
87462  -47.512  -2.643  22.383 0.0000000000
87463  -48.168  -2.607  22.790 0.0000000000
87464  -49.342  -2.530  23.502 0.0000000000
87465  -49.953  -1.842  23.656 0.0000000000
87469  -45.788  -2.724  21.896 0.0000000000
87470  -46.830  -2.697  22.089 0.0000000000
88583  -55.244  -1.766  33.986 0.0000000000
88599  -55.207  -1.572  33.368 0.0000000000
88613  -55.127  -1.414  32.594 0.0000000000
88622  -55.037  -1.363  31.728 0.0000000000
88632  -55.172  -1.565  30.279 0.0000000000
88633  -55.097  -1.385  30.699 0.0000000000
88641  -55.244  -1.428  29.871 0.0000000000
88642  -55.154  -1.023  30.124 0.0000000000
88651  -54.895  -1.423  28.068 0.0000000000
88652  -55.202  -1.413  28.791 0.0000000000
88663  -54.061  -1.742  27.071 0.0000000000
88664  -54.416  -1.412  27.443 0.0000000000
88678  -52.915  -1.506  26.124 0.0000000000
88679  -53.694  -1.352  26.701 0.0000000000
88680  -54.134  -1.094  27.031 0.0000000000
88693  -52.325  -1.068  25.674 0.0000000000
88694  -53.035  -1.022  26.189 0.0000000000
88709  -51.438  -1.123  24.731 0.0000000000
88710  -51.835  -1.064  25.222 0.0000000000
88717  -50.454  -1.296  23.857 0.0000000000
88718  -51.003  -1.142  24.279 0.0000000000
88721  -46.505  -1.269  22.311 0.0000000000
88722  -47.450  -1.729  22.520 0.0000000000
88723  -48.677  -1.567  22.970 0.0000000000
88724  -49.547  -1.485  23.358 0.0000000000
88725  -49.975  -1.419  23.578 0.0000000000
88731  -46.778  -1.927  22.170 0.0000000000
88778  -58.256  -0.732  10.807 0.0000000000
89847  -55.118  -0.488  33.795 0.0000000000
89848  -55.183  -1.154  33.843 0.0000000000
89860  -55.118  -0.312  33.365 0.0000000000
89861  -55.156  -0.765  33.083 0.0000000000
89878  -55.028  -0.823  32.163 0.0000000000
89889  -54.848  -0.301  31.054 0.0000000000
89890  -54.967  -0.827  31.313 0.0000000000
89898  -54.864  -0.433  30.227 0.0000000000
89899  -54.964  -0.792  30.545 0.0000000000
89906  -55.119  -0.802  29.520 0.0000000000
89907  -55.039  -0.777  30.076 0.0000000000
89914  -54.756  -0.830  28.103 0.0000000000
89915  -55.090  -0.860  28.784 0.0000000000
89923  -53.670  -0.591  27.051 0.0000000000
89924  -54.196  -0.851  27.335 0.0000000000
89935  -53.278  -0.757  26.557 0.0000000000
89936  -53.855  -0.880  26.896 0.0000000000
89950  -52.226  -0.699  25.803 0.0000000000
89951  -52.656  -0.715  26.116 0.0000000000
89966  -51.394  -0.607  24.765 0.0000000000
89967  -51.805  -0.656  25.292 0.0000000000
89978  -49.690  -0.074  23.462 0.0000000000
89979  -50.111  -0.352  23.633 0.0000000000
89980  -50.978  -0.526  24.242 0.0000000000
89988  -48.027  -0.520  22.940 0.0000000000
89989  -49.243  -0.404  23.306 0.0000000000
89990  -49.906  -1.004  23.476 0.0000000000
90048  -60.381  -0.039  12.186 0.0000000000
90049  -60.766  -0.169  12.205 0.0000000000
90050  -61.567  -0.363  12.198 0.0000000000
90051  -62.287  -0.345  12.089 0.0000000000
90065  -58.927  -0.108  11.393 0.0000000000
90066  -60.047  -0.089  11.760 0.0000000000
90067  -61.055  -0.382  11.573 0.0000000000
90068  -61.898  -0.460  11.504 0.0000000000
90069  -62.608  -0.229  11.450 0.0000000000
90080  -58.666  -0.557  10.928 0.0000000000
90081  -59.475  -0.485  10.890 0.0000000000
90085  -62.856  -0.114  10.634 0.0000000000
90093  -62.540  -0.380  9.962 0.0000000000
91124  -54.966  0.027  34.341 0.0000000000
91129  -55.067  0.158  33.563 0.0000000000
91130  -55.115  -0.171  33.050 0.0000000000
91144  -54.967  0.289  32.802 0.0000000000
91145  -55.021  -0.263  32.457 0.0000000000
91161  -54.804  0.213  31.852 0.0000000000
91162  -54.910  -0.387  31.764 0.0000000000
91169  -53.295  0.967  30.132 0.0000000000
91170  -53.682  0.828  30.230 0.0000000000
91171  -54.427  0.365  30.701 0.0000000000
91179  -49.273  0.728  29.156 0.0000000000
91180  -49.664  0.650  29.179 0.0000000000
91181  -50.571  0.652  29.193 0.0000000000
91182  -51.643  0.751  29.263 0.0000000000
91183  -52.907  0.791  29.640 0.0000000000
91184  -53.938  0.345  29.490 0.0000000000
91185  -54.626  -0.215  29.537 0.0000000000
91192  -49.212  0.695  28.784 0.0000000000
91193  -50.001  0.535  28.506 0.0000000000
91194  -51.033  0.589  28.388 0.0000000000
91195  -52.167  0.528  28.414 0.0000000000
91196  -53.252  0.270  28.458 0.0000000000
91197  -54.204  -0.199  28.471 0.0000000000
91198  -54.819  -0.567  28.865 0.0000000000
91206  -49.291  0.786  27.904 0.0000000000
91207  -50.304  0.682  27.644 0.0000000000
91208  -51.397  0.648  27.355 0.0000000000
91209  -52.507  0.356  27.430 0.0000000000
91210  -53.404  -0.099  27.398 0.0000000000
91211  -54.087  -0.498  27.645 0.0000000000
91221  -51.908  0.557  26.690 0.0000000000
91222  -52.461  0.151  26.516 0.0000000000
91223  -53.026  -0.388  26.586 0.0000000000
91236  -51.587  0.200  25.362 0.0000000000
91237  -52.243  -0.318  25.922 0.0000000000
91238  -52.797  -0.562  26.330 0.0000000000
91250  -51.340  -0.050  24.777 0.0000000000
91251  -51.728  -0.224  25.362 0.0000000000
91264  -48.822  1.051  23.452 0.0000000000
91265  -49.625  0.519  23.591 0.0000000000
91266  -50.488  0.296  24.023 0.0000000000
91267  -50.978  0.067  24.314 0.0000000000
91277  -48.412  0.451  23.248 0.0000000000
91278  -49.035  0.416  23.372 0.0000000000
91334  -62.458  0.970  16.954 0.0000000000
91335  -62.831  1.244  16.936 0.0000000000
91344  -61.574  0.502  15.857 0.0000000000
91345  -62.386  0.620  16.201 0.0000000000
91346  -62.924  1.025  16.474 0.0000000000
91356  -61.458  0.263  15.058 0.0000000000
91357  -62.311  0.272  15.333 0.0000000000
91358  -63.218  0.812  15.551 0.0000000000
91359  -63.673  1.276  15.073 0.0000000000
91369  -61.206  0.187  14.319 0.0000000000
91370  -62.048  0.033  14.446 0.0000000000
91371  -62.954  0.323  14.508 0.0000000000
91372  -63.589  0.974  14.458 0.0000000000
91382  -60.707  0.303  13.559 0.0000000000
91383  -61.637  -0.109  13.637 0.0000000000
91384  -62.571  0.044  13.561 0.0000000000
91385  -63.390  0.622  13.430 0.0000000000
91386  -63.715  1.036  13.020 0.0000000000
91400  -60.306  0.201  12.576 0.0000000000
91401  -61.184  -0.130  12.857 0.0000000000
91402  -62.090  -0.287  12.824 0.0000000000
91403  -62.985  0.091  12.339 0.0000000000
91404  -63.599  0.808  12.452 0.0000000000
91420  -59.742  0.282  12.247 0.0000000000
91421  -63.101  0.113  11.291 0.0000000000
91422  -63.487  0.624  11.406 0.0000000000
91431  -63.276  0.310  10.560 0.0000000000
92442  -54.311  1.130  35.121 0.0000000000
92443  -54.722  0.504  34.709 0.0000000000
92450  -54.556  1.466  33.997 0.0000000000
92451  -54.824  0.734  34.204 0.0000000000
92457  -54.493  1.492  33.096 0.0000000000
92458  -54.859  0.880  33.367 0.0000000000
92467  -53.751  1.920  32.152 0.0000000000
92468  -54.286  1.409  32.314 0.0000000000
92469  -54.688  0.872  32.522 0.0000000000
92485  -51.830  1.928  31.138 0.0000000000
92486  -52.689  1.832  31.207 0.0000000000
92487  -53.462  1.617  31.401 0.0000000000
92488  -54.060  1.300  31.619 0.0000000000
92489  -54.430  0.836  31.711 0.0000000000
92500  -48.693  1.814  30.120 0.0000000000
92501  -49.491  1.481  30.336 0.0000000000
92502  -50.471  1.402  30.476 0.0000000000
92503  -51.432  1.432  30.554 0.0000000000
92504  -52.307  1.443  30.610 0.0000000000
92505  -53.141  1.213  30.554 0.0000000000
92506  -53.910  1.075  30.948 0.0000000000
92507  -54.226  0.887  31.251 0.0000000000
92515  -48.211  1.931  29.406 0.0000000000
92516  -49.021  1.043  29.476 0.0000000000
92517  -50.019  0.882  29.837 0.0000000000
92518  -51.032  0.947  29.929 0.0000000000
92519  -52.011  1.076  30.033 0.0000000000
92520  -52.623  1.145  30.204 0.0000000000
92528  -47.953  2.127  28.649 0.0000000000
92529  -48.449  1.281  28.492 0.0000000000
92537  -48.059  1.966  27.951 0.0000000000
92538  -48.744  1.598  27.413 0.0000000000
92539  -49.644  1.148  27.071 0.0000000000
92540  -50.480  0.930  26.861 0.0000000000
92547  -49.327  1.804  26.764 0.0000000000
92548  -50.020  1.608  26.319 0.0000000000
92549  -51.055  0.959  26.290 0.0000000000
92550  -51.765  0.581  26.127 0.0000000000
92561  -50.371  1.639  25.577 0.0000000000
92562  -51.164  0.842  25.531 0.0000000000
92563  -51.882  0.282  25.866 0.0000000000
92576  -50.409  1.629  24.925 0.0000000000
92577  -50.940  0.776  24.838 0.0000000000
92590  -49.242  1.623  23.612 0.0000000000
92591  -50.090  1.471  24.185 0.0000000000
92592  -50.798  0.507  24.420 0.0000000000
92674  -62.133  1.756  18.323 0.0000000000
92685  -62.760  1.590  17.468 0.0000000000
92686  -63.268  1.894  17.036 0.0000000000
92698  -63.115  1.462  16.777 0.0000000000
92699  -63.434  1.847  16.426 0.0000000000
92714  -63.307  1.338  16.198 0.0000000000
92715  -63.620  1.686  15.600 0.0000000000
92731  -63.757  1.808  14.523 0.0000000000
92749  -63.752  1.415  13.493 0.0000000000
92750  -63.766  1.366  12.620 0.0000000000
92767  -63.740  1.242  11.796 0.0000000000
92778  -63.642  1.170  10.925 0.0000000000
93787  -54.072  2.021  34.481 0.0000000000
93794  -53.540  2.539  34.053 0.0000000000
93795  -54.072  2.085  33.573 0.0000000000
93802  -51.913  2.759  32.026 0.0000000000
93803  -52.443  2.810  32.308 0.0000000000
93804  -53.301  2.632  32.981 0.0000000000
93805  -54.041  1.958  32.813 0.0000000000
93817  -48.709  2.993  31.142 0.0000000000
93818  -49.491  2.748  31.384 0.0000000000
93819  -50.414  2.586  31.514 0.0000000000
93820  -51.385  2.570  31.682 0.0000000000
93821  -52.225  2.381  31.695 0.0000000000
93822  -53.036  2.291  31.903 0.0000000000
93836  -48.247  2.774  30.304 0.0000000000
93837  -49.032  2.245  30.772 0.0000000000
93838  -49.953  2.014  30.972 0.0000000000
93839  -50.915  1.965  31.064 0.0000000000
93850  -47.846  2.970  29.191 0.0000000000
93858  -48.087  2.700  28.250 0.0000000000
93866  -48.491  2.473  27.589 0.0000000000
93867  -49.012  2.394  26.994 0.0000000000
93874  -49.564  2.427  26.465 0.0000000000
93875  -49.917  2.527  25.795 0.0000000000
93883  -50.085  2.567  25.079 0.0000000000
93898  -50.005  2.553  24.427 0.0000000000
93917  -49.845  2.568  24.005 0.0000000000
93976  -61.956  2.504  18.788 0.0000000000
93979  -62.612  2.411  18.155 0.0000000000
93981  -63.070  2.381  17.434 0.0000000000
93982  -63.335  2.401  16.761 0.0000000000
93984  -63.492  2.409  16.009 0.0000000000
93990  -63.577  2.442  15.135 0.0000000000
93997  -63.568  2.549  14.319 0.0000000000
94002  -63.648  2.308  13.446 0.0000000000
94003  -63.765  1.852  12.815 0.0000000000
94008  -63.540  2.342  12.389 0.0000000000
94009  -63.796  1.805  12.060 0.0000000000
94013  -63.488  2.226  11.456 0.0000000000
94014  -63.678  1.672  11.243 0.0000000000
94016  -63.480  2.015  10.594 0.0000000000
94017  -63.585  1.527  10.562 0.0000000000
95040  -49.583  3.918  32.449 0.0000000000
95041  -50.524  3.581  32.501 0.0000000000
95042  -51.568  3.255  32.457 0.0000000000
95049  -48.201  3.847  31.139 0.0000000000
95050  -49.004  3.526  31.789 0.0000000000
95051  -49.954  3.225  31.966 0.0000000000
95052  -50.778  3.059  32.007 0.0000000000
95063  -47.833  3.810  30.095 0.0000000000
95077  -47.932  3.924  29.271 0.0000000000
95090  -48.529  3.539  28.516 0.0000000000
95091  -49.614  3.803  28.206 0.0000000000
95092  -50.277  3.877  28.131 0.0000000000
95102  -48.477  2.989  27.902 0.0000000000
95103  -49.219  3.107  27.510 0.0000000000
95104  -50.269  3.708  27.510 0.0000000000
95105  -50.936  4.030  27.434 0.0000000000
95113  -49.458  2.791  26.866 0.0000000000
95114  -50.074  3.258  26.512 0.0000000000
95115  -50.881  4.044  26.807 0.0000000000
95116  -56.122  3.925  26.310 0.0000000000
95117  -56.428  3.909  26.253 0.0000000000
95118  -57.097  3.891  26.099 0.0000000000
95127  -50.347  3.372  25.409 0.0000000000
95128  -55.994  3.843  25.959 0.0000000000
95139  -50.254  3.454  24.561 0.0000000000
95225  -61.645  3.028  19.261 0.0000000000
95235  -61.595  3.515  19.156 0.0000000000
95236  -62.195  3.214  18.616 0.0000000000
95244  -62.709  3.141  17.740 0.0000000000
95245  -63.074  2.870  17.079 0.0000000000
95249  -62.652  3.364  16.890 0.0000000000
95250  -63.157  2.957  16.411 0.0000000000
95256  -62.600  3.451  16.006 0.0000000000
95257  -63.188  3.008  15.566 0.0000000000
95261  -62.538  3.486  15.065 0.0000000000
95262  -63.182  3.043  14.670 0.0000000000
95265  -62.520  3.554  14.112 0.0000000000
95266  -63.195  3.044  13.750 0.0000000000
95271  -62.542  3.641  13.154 0.0000000000
95272  -63.133  2.986  12.764 0.0000000000
95276  -62.453  3.721  12.077 0.0000000000
95277  -63.036  2.854  11.737 0.0000000000
95279  -62.602  3.501  10.993 0.0000000000
95280  -63.063  2.654  10.649 0.0000000000
95283  -62.954  2.682  10.088 0.0000000000
96339  -50.241  4.106  32.914 0.0000000000
96348  -48.139  4.628  31.310 0.0000000000
96349  -48.678  4.707  31.962 0.0000000000
96356  -47.977  4.614  30.673 0.0000000000
96357  -51.141  5.062  30.100 0.0000000000
96358  -51.633  4.995  30.134 0.0000000000
96359  -52.673  4.881  30.215 0.0000000000
96360  -53.763  4.930  30.257 0.0000000000
96361  -54.727  5.102  30.262 0.0000000000
96369  -48.044  4.672  29.782 0.0000000000
96370  -48.767  4.836  29.500 0.0000000000
96371  -49.747  4.915  29.547 0.0000000000
96372  -50.944  4.783  29.668 0.0000000000
96373  -52.103  4.570  29.458 0.0000000000
96374  -53.229  4.570  29.421 0.0000000000
96375  -54.357  4.690  29.463 0.0000000000
96376  -55.597  5.025  29.603 0.0000000000
96377  -56.491  5.201  28.941 0.0000000000
96378  -56.906  5.397  28.460 0.0000000000
96390  -48.417  4.316  29.146 0.0000000000
96391  -49.192  4.337  28.890 0.0000000000
96392  -50.303  4.262  28.737 0.0000000000
96393  -51.457  4.239  28.671 0.0000000000
96394  -52.608  4.345  28.512 0.0000000000
96395  -53.786  4.456  28.518 0.0000000000
96396  -54.922  4.566  28.557 0.0000000000
96397  -55.938  4.753  28.421 0.0000000000
96398  -56.693  4.958  28.111 0.0000000000
96399  -57.086  5.298  27.767 0.0000000000
96400  -57.343  5.393  27.237 0.0000000000
96410  -50.865  3.982  27.999 0.0000000000
96411  -51.802  4.240  27.445 0.0000000000
96412  -53.202  4.405  27.527 0.0000000000
96413  -54.355  4.434  27.593 0.0000000000
96414  -55.408  4.447  27.591 0.0000000000
96415  -56.316  4.548  27.498 0.0000000000
96416  -56.936  4.770  27.275 0.0000000000
96417  -57.306  4.971  26.902 0.0000000000
96429  -50.831  4.058  25.805 0.0000000000
96430  -51.706  4.415  26.180 0.0000000000
96431  -52.780  4.509  26.472 0.0000000000
96432  -53.894  4.446  26.627 0.0000000000
96433  -54.913  4.333  26.703 0.0000000000
96434  -55.922  4.150  26.640 0.0000000000
96435  -56.719  4.255  26.749 0.0000000000
96436  -57.278  4.428  26.502 0.0000000000
96447  -50.798  4.144  24.840 0.0000000000
96448  -51.581  4.556  25.146 0.0000000000
96449  -52.553  4.673  25.421 0.0000000000
96450  -53.607  4.541  25.636 0.0000000000
96451  -54.536  4.305  25.842 0.0000000000
96452  -55.326  4.070  25.905 0.0000000000
96461  -50.687  4.215  23.940 0.0000000000
96462  -51.486  4.623  24.192 0.0000000000
96463  -52.390  4.757  24.437 0.0000000000
96464  -53.368  4.616  24.645 0.0000000000
96535  -59.615  4.659  19.908 0.0000000000
96536  -60.297  4.122  20.169 0.0000000000
96547  -59.568  4.884  19.316 0.0000000000
96548  -60.222  4.566  19.030 0.0000000000
96549  -61.007  3.879  19.517 0.0000000000
96558  -60.503  4.784  17.848 0.0000000000
96559  -61.442  4.007  18.390 0.0000000000
96560  -62.186  3.559  18.090 0.0000000000
96570  -60.520  4.968  17.241 0.0000000000
96571  -61.155  4.598  17.091 0.0000000000
96572  -62.073  3.773  17.475 0.0000000000
96581  -61.281  4.663  15.978 0.0000000000
96582  -61.951  3.940  16.506 0.0000000000
96591  -61.312  4.715  15.049 0.0000000000
96592  -61.869  3.986  15.519 0.0000000000
96596  -61.362  4.789  14.354 0.0000000000
96597  -61.774  4.103  14.501 0.0000000000
96600  -61.535  4.561  14.004 0.0000000000
96601  -61.860  4.323  13.567 0.0000000000
96606  -62.030  4.451  12.665 0.0000000000
96610  -62.089  4.671  11.955 0.0000000000
96612  -62.245  4.476  11.265 0.0000000000
96614  -62.233  4.360  10.332 0.0000000000
97663  -49.446  5.700  31.922 0.0000000000
97664  -50.730  6.087  31.933 0.0000000000
97665  -51.875  6.085  32.149 0.0000000000
97666  -52.873  6.114  32.310 0.0000000000
97667  -53.420  6.223  32.364 0.0000000000
97685  -48.238  5.137  31.028 0.0000000000
97686  -49.087  5.671  31.372 0.0000000000
97687  -50.172  5.821  31.347 0.0000000000
97688  -51.368  5.736  31.444 0.0000000000
97689  -52.525  5.680  31.669 0.0000000000
97690  -53.692  5.875  31.899 0.0000000000
97691  -54.770  6.050  31.592 0.0000000000
97692  -55.300  6.260  31.416 0.0000000000
97706  -48.339  5.217  30.342 0.0000000000
97707  -48.976  5.576  30.640 0.0000000000
97708  -49.745  5.682  30.828 0.0000000000
97709  -50.803  5.382  30.503 0.0000000000
97710  -52.044  5.304  30.854 0.0000000000
97711  -53.186  5.299  31.015 0.0000000000
97712  -54.295  5.461  30.997 0.0000000000
97713  -55.481  5.769  30.789 0.0000000000
97714  -56.332  5.992  30.310 0.0000000000
97715  -56.789  6.070  29.803 0.0000000000
97721  -48.459  5.117  29.856 0.0000000000
97722  -48.978  5.314  29.969 0.0000000000
97723  -49.759  5.424  30.227 0.0000000000
97724  -50.324  5.184  29.960 0.0000000000
97725  -56.000  5.535  30.145 0.0000000000
97726  -56.424  5.558  29.694 0.0000000000
97727  -57.012  5.810  29.059 0.0000000000
97728  -57.184  6.020  28.474 0.0000000000
97737  -57.076  5.680  28.335 0.0000000000
97738  -57.297  5.816  27.834 0.0000000000
97749  -57.579  5.684  27.068 0.0000000000
97823  -58.650  5.850  22.143 0.0000000000
97824  -59.059  5.021  21.579 0.0000000000
97833  -58.490  5.745  21.132 0.0000000000
97834  -58.957  5.038  20.538 0.0000000000
97843  -58.507  5.793  20.258 0.0000000000
97844  -58.938  5.420  19.453 0.0000000000
97845  -59.482  5.143  18.887 0.0000000000
97853  -59.177  5.780  18.659 0.0000000000
97854  -59.647  5.436  18.084 0.0000000000
97861  -60.205  5.622  17.258 0.0000000000
97862  -60.537  5.254  16.864 0.0000000000
97870  -60.577  5.901  16.770 0.0000000000
97871  -60.771  5.561  16.281 0.0000000000
97918  -62.333  5.409  11.562 0.0000000000
97922  -62.351  5.369  10.711 0.0000000000
97924  -62.290  5.413  9.806 0.0000000000
98891  -49.867  6.618  32.195 0.0000000000
98892  -50.809  6.797  32.663 0.0000000000
98893  -51.787  6.874  32.969 0.0000000000
98894  -52.715  6.992  32.980 0.0000000000
98895  -53.361  7.085  32.823 0.0000000000
98906  -49.354  5.927  31.689 0.0000000000
98907  -50.252  6.330  32.128 0.0000000000
98908  -51.316  6.463  32.482 0.0000000000
98909  -52.328  6.501  32.669 0.0000000000
98910  -53.227  6.597  32.650 0.0000000000
98911  -53.906  6.938  32.641 0.0000000000
98912  -54.527  7.119  32.326 0.0000000000
98924  -53.756  6.408  32.395 0.0000000000
98925  -54.363  6.500  32.191 0.0000000000
98926  -55.193  6.813  31.851 0.0000000000
98927  -55.776  7.023  31.368 0.0000000000
98942  -55.629  6.487  31.301 0.0000000000
98943  -56.208  6.653  30.881 0.0000000000
98944  -56.698  6.651  30.147 0.0000000000
98956  -57.038  6.571  29.450 0.0000000000
98957  -57.220  6.458  28.792 0.0000000000
98966  -57.300  6.421  28.224 0.0000000000
98978  -57.556  6.377  27.436 0.0000000000
98979  -57.774  5.995  26.771 0.0000000000
98990  -57.807  6.491  26.740 0.0000000000
98991  -58.066  5.964  26.102 0.0000000000
99028  -58.721  6.460  23.755 0.0000000000
99047  -58.406  6.795  22.672 0.0000000000
99056  -58.322  6.687  21.582 0.0000000000
99067  -58.345  6.592  20.617 0.0000000000
99077  -58.574  6.546  19.750 0.0000000000
99078  -59.024  6.559  19.008 0.0000000000
99087  -59.540  6.548  18.349 0.0000000000
99088  -60.131  6.550  17.722 0.0000000000
99181  -62.739  6.206  11.108 0.0000000000
99182  -63.327  6.870  11.575 0.0000000000
99187  -62.697  6.221  10.189 0.0000000000
99188  -63.264  6.911  10.577 0.0000000000
99193  -62.643  6.294  9.336 0.0000000000
99194  -63.145  6.877  9.602 0.0000000000
99200  -62.992  6.780  8.997 0.0000000000
100209  -50.318  7.260  32.611 0.0000000000
100210  -51.272  7.309  32.839 0.0000000000
100211  -52.175  7.398  32.837 0.0000000000
100212  -53.103  7.561  32.671 0.0000000000
100213  -53.619  7.314  32.670 0.0000000000
100228  -53.455  7.935  32.413 0.0000000000
100229  -53.991  7.645  32.427 0.0000000000
100230  -54.865  7.668  32.040 0.0000000000
100244  -55.489  7.604  31.492 0.0000000000
100245  -56.098  7.540  31.005 0.0000000000
100257  -56.536  7.388  30.390 0.0000000000
100258  -56.922  7.302  29.741 0.0000000000
100275  -57.213  7.243  28.905 0.0000000000
100276  -57.283  6.809  28.516 0.0000000000
100293  -57.269  7.594  28.445 0.0000000000
100294  -57.391  7.178  28.070 0.0000000000
100310  -57.685  7.153  27.156 0.0000000000
100324  -57.934  6.968  26.147 0.0000000000
100325  -58.147  6.348  25.722 0.0000000000
100337  -58.097  7.263  25.279 0.0000000000
100349  -58.337  7.161  24.388 0.0000000000
100350  -58.385  6.834  24.896 0.0000000000
100365  -58.276  7.475  23.379 0.0000000000
100381  -58.284  7.626  22.694 0.0000000000
100395  -58.337  7.658  22.003 0.0000000000
100408  -58.452  7.591  20.966 0.0000000000
100409  -58.886  7.884  20.384 0.0000000000
100419  -58.599  7.263  20.213 0.0000000000
100420  -59.235  7.561  19.669 0.0000000000
100421  -60.066  7.878  19.229 0.0000000000
100432  -59.596  7.235  18.881 0.0000000000
100433  -60.296  7.407  18.414 0.0000000000
100552  -63.841  7.556  11.087 0.0000000000
100558  -63.790  7.657  9.939 0.0000000000
100559  -64.307  8.422  9.927 0.0000000000
101538  -50.412  7.555  32.534 0.0000000000
101539  -50.805  7.611  32.551 0.0000000000
101540  -51.616  7.744  32.592 0.0000000000
101541  -52.368  7.831  32.564 0.0000000000
101555  -52.881  8.134  32.179 0.0000000000
101556  -53.698  8.198  32.026 0.0000000000
101557  -54.376  8.134  31.922 0.0000000000
101579  -53.187  8.438  31.427 0.0000000000
101580  -54.081  8.463  31.336 0.0000000000
101581  -54.996  8.276  31.317 0.0000000000
101582  -55.729  8.115  31.000 0.0000000000
101602  -53.512  8.629  30.594 0.0000000000
101603  -54.551  8.737  30.385 0.0000000000
101604  -55.500  8.547  30.442 0.0000000000
101605  -56.248  8.200  30.311 0.0000000000
101606  -56.704  7.875  29.946 0.0000000000
101621  -54.564  8.926  29.302 0.0000000000
101622  -56.563  8.267  29.696 0.0000000000
101623  -56.996  8.019  29.349 0.0000000000
101636  -53.896  8.607  28.707 0.0000000000
101637  -54.662  8.911  28.413 0.0000000000
101638  -55.072  9.054  27.939 0.0000000000
101639  -57.195  7.971  28.677 0.0000000000
101640  -57.337  7.915  28.150 0.0000000000
101647  -54.623  8.627  27.640 0.0000000000
101648  -55.247  8.995  27.285 0.0000000000
101649  -57.514  7.837  27.597 0.0000000000
101656  -54.846  8.490  26.905 0.0000000000
101658  -57.729  7.904  26.798 0.0000000000
101669  -57.827  7.963  25.867 0.0000000000
101682  -57.884  8.052  24.942 0.0000000000
101699  -58.131  8.300  23.985 0.0000000000
101718  -58.354  8.550  22.755 0.0000000000
101732  -58.754  8.645  21.475 0.0000000000
101733  -59.278  9.145  21.207 0.0000000000
101743  -58.835  8.235  20.779 0.0000000000
101744  -59.531  8.699  20.490 0.0000000000
101752  -59.838  8.230  19.754 0.0000000000
101893  -64.046  8.313  9.123 0.0000000000
101894  -64.569  8.996  9.517 0.0000000000
101902  -64.380  9.004  8.606 0.0000000000
102924  -55.326  8.951  29.659 0.0000000000
102925  -56.049  8.782  29.777 0.0000000000
102926  -56.343  8.491  29.725 0.0000000000
102939  -55.238  9.135  28.805 0.0000000000
102940  -55.965  9.162  28.987 0.0000000000
102941  -56.609  8.649  29.134 0.0000000000
102942  -57.002  8.334  28.870 0.0000000000
102957  -55.176  9.155  28.312 0.0000000000
102958  -55.720  9.276  27.964 0.0000000000
102959  -56.576  9.112  28.185 0.0000000000
102960  -57.134  8.504  28.228 0.0000000000
102961  -57.363  8.195  27.853 0.0000000000
102977  -55.904  9.359  26.784 0.0000000000
102978  -56.551  9.382  27.154 0.0000000000
102979  -57.157  9.048  27.357 0.0000000000
102980  -57.430  8.412  27.396 0.0000000000
102993  -55.919  9.358  25.787 0.0000000000
102994  -56.643  9.600  25.954 0.0000000000
102995  -57.123  9.374  26.473 0.0000000000
102996  -57.471  8.760  26.368 0.0000000000
103010  -57.648  8.618  25.455 0.0000000000
103023  -57.921  8.972  24.695 0.0000000000
103032  -58.242  9.405  23.730 0.0000000000
103045  -58.655  9.843  22.716 0.0000000000
103053  -58.721  9.220  22.171 0.0000000000
103054  -59.223  9.772  21.785 0.0000000000
103195  -64.823  9.720  10.058 0.0000000000
103202  -64.723  9.759  9.106 0.0000000000
103210  -64.535  9.743  7.962 0.0000000000
103220  -64.052  9.510  6.884 0.0000000000
103221  -64.517  10.234  7.242 0.0000000000
104399  -57.033  9.864  25.496 0.0000000000
104400  -57.131  9.543  25.732 0.0000000000
104401  -57.276  9.240  26.005 0.0000000000
104407  -56.879  10.084  25.040 0.0000000000
104408  -57.272  9.881  25.061 0.0000000000
104409  -57.433  9.256  25.378 0.0000000000
104418  -57.790  9.859  24.482 0.0000000000
104592  -64.817  10.546  9.769 0.0000000000
104599  -64.788  10.643  8.810 0.0000000000
104605  -64.720  10.809  7.869 0.0000000000
104612  -64.347  10.259  6.715 0.0000000000
104613  -64.609  10.956  6.921 0.0000000000
104622  -64.511  11.410  6.279 0.0000000000
105969  -64.658  11.387  9.551 0.0000000000
105975  -61.586  11.837  8.003 0.0000000000
105976  -62.061  12.196  8.625 0.0000000000
105977  -64.665  11.564  8.632 0.0000000000
105982  -61.159  11.990  7.111 0.0000000000
105983  -64.685  11.721  7.734 0.0000000000
105991  -64.658  11.959  6.915 0.0000000000
105997  -64.289  11.579  5.607 0.0000000000
105998  -64.589  12.194  6.165 0.0000000000
107199  -63.237  12.688  9.456 0.0000000000
107201  -64.304  12.237  9.327 0.0000000000
107207  -62.015  12.664  8.121 0.0000000000
107208  -62.620  12.923  8.553 0.0000000000
107209  -64.447  12.310  8.416 0.0000000000
107215  -61.773  12.859  7.364 0.0000000000
107216  -62.319  13.222  7.819 0.0000000000
107217  -64.509  12.533  7.631 0.0000000000
107223  -60.744  12.499  5.970 0.0000000000
107224  -61.268  12.878  6.430 0.0000000000
107225  -64.522  12.808  6.802 0.0000000000
107231  -60.506  12.681  5.196 0.0000000000
107232  -61.031  13.077  5.683 0.0000000000
107238  -60.315  12.904  4.259 0.0000000000
108386  -63.740  13.029  8.984 0.0000000000
108387  -64.081  12.851  8.916 0.0000000000
108388  -64.231  12.613  8.759 0.0000000000
108393  -63.415  13.321  8.436 0.0000000000
108394  -63.958  13.264  8.316 0.0000000000
108395  -64.270  12.867  8.295 0.0000000000
108401  -62.323  13.586  7.264 0.0000000000
108402  -62.994  13.775  7.604 0.0000000000
108403  -63.766  13.733  7.450 0.0000000000
108404  -64.239  13.213  7.534 0.0000000000
108411  -61.965  13.655  6.619 0.0000000000
108412  -62.689  14.111  6.738 0.0000000000
108413  -63.914  14.011  6.847 0.0000000000
108414  -64.224  13.671  6.566 0.0000000000
108421  -61.080  13.437  5.128 0.0000000000
108422  -61.653  13.881  5.625 0.0000000000
108423  -62.345  14.278  6.089 0.0000000000
108424  -64.425  13.646  5.591 0.0000000000
108431  -60.848  13.481  4.453 0.0000000000
108432  -61.425  14.082  4.644 0.0000000000
108441  -60.683  13.679  3.469 0.0000000000
108442  -61.216  14.091  3.960 0.0000000000
108449  -60.460  13.916  2.462 0.0000000000
109561  -63.488  13.996  7.209 0.0000000000
109562  -63.687  14.068  6.946 0.0000000000
109568  -63.352  14.189  6.795 0.0000000000
109569  -63.847  14.265  6.357 0.0000000000
109570  -64.199  14.113  5.853 0.0000000000
109576  -62.408  14.599  5.434 0.0000000000
109577  -63.190  14.649  5.822 0.0000000000
109587  -62.072  14.669  4.771 0.0000000000
109597  -61.320  14.423  3.358 0.0000000000
109598  -61.851  14.809  3.862 0.0000000000
109605  -61.096  14.508  2.634 0.0000000000
109606  -61.773  15.044  2.855 0.0000000000
109611  -60.842  14.682  1.726 0.0000000000
109612  -61.566  15.271  1.891 0.0000000000
109619  -61.255  15.374  1.100 0.0000000000
109620  -63.671  14.687  1.082 0.0000000000
109625  -63.710  14.672  0.216 0.0000000000
109626  -63.856  14.617  -0.631 0.0000000000
109636  -64.045  14.619  -1.420 0.0000000000
109648  -64.234  14.748  -2.194 0.0000000000
110799  -62.412  15.249  3.774 0.0000000000
110800  -62.966  15.467  3.784 0.0000000000
110809  -62.436  15.336  3.199 0.0000000000
110810  -63.070  15.566  2.761 0.0000000000
110816  -62.469  15.620  2.075 0.0000000000
110817  -63.227  15.594  1.797 0.0000000000
110818  -63.549  15.211  1.610 0.0000000000
110823  -62.102  16.008  0.776 0.0000000000
110824  -63.002  16.038  1.044 0.0000000000
110825  -63.547  15.519  0.765 0.0000000000
110831  -63.774  15.409  -0.167 0.0000000000
110832  -63.976  15.379  -0.908 0.0000000000
110843  -64.124  15.429  -1.567 0.0000000000
110857  -64.252  15.643  -2.266 0.0000000000
112113  -62.889  16.360  0.227 0.0000000000
112114  -63.371  16.109  0.161 0.0000000000
112115  -63.607  15.819  0.044 0.0000000000
112118  -62.574  16.542  -0.468 0.0000000000
112119  -63.228  16.477  -0.643 0.0000000000
112120  -63.742  16.033  -0.704 0.0000000000
112121  -64.014  15.795  -1.160 0.0000000000
112130  -63.612  16.599  -1.675 0.0000000000
112131  -64.012  16.069  -1.603 0.0000000000
112143  -63.755  16.764  -2.227 0.0000000000
112144  -64.072  16.480  -2.444 0.0000000000
113407  -63.616  16.836  -2.159 0.0000000000
113420  -64.068  16.809  -2.943 0.0000000000
