#!ascii label  , from subject COLIN27_FS vox2ras=TkReg
207
87433  -17.079  -2.454  25.401 0.0000000000
87443  -14.195  -2.337  23.556 0.0000000000
87444  -15.358  -2.322  23.757 0.0000000000
87445  -16.389  -2.310  24.423 0.0000000000
88670  -17.068  -1.410  26.122 0.0000000000
88683  -9.763  -1.366  25.795 0.0000000000
88685  -11.356  -1.680  24.643 0.0000000000
88687  -16.786  -1.541  25.049 0.0000000000
88697  -11.754  -1.233  24.151 0.0000000000
88698  -12.367  -1.678  23.979 0.0000000000
88699  -13.687  -1.581  23.551 0.0000000000
88700  -14.976  -1.473  23.618 0.0000000000
88701  -15.964  -1.516  24.125 0.0000000000
88702  -16.419  -1.585  24.557 0.0000000000
89908  -16.150  -0.557  28.156 0.0000000000
89909  -16.578  -1.164  27.714 0.0000000000
89916  -16.359  -0.140  27.524 0.0000000000
89917  -16.722  -0.641  27.081 0.0000000000
89927  -8.624  -0.717  26.103 0.0000000000
89928  -9.301  -1.083  26.034 0.0000000000
89929  -16.839  -0.509  26.140 0.0000000000
89939  -8.852  -0.269  25.560 0.0000000000
89940  -9.426  -0.561  25.396 0.0000000000
89941  -10.092  -1.038  25.244 0.0000000000
89942  -10.651  -1.118  24.844 0.0000000000
89943  -16.451  -0.336  24.763 0.0000000000
89944  -16.714  -0.600  25.378 0.0000000000
89954  -9.637  -0.296  24.937 0.0000000000
89955  -10.135  -0.471  24.737 0.0000000000
89956  -11.212  -0.683  24.187 0.0000000000
89957  -12.112  -0.848  23.775 0.0000000000
89958  -13.117  -0.866  23.451 0.0000000000
89959  -14.468  -0.599  23.365 0.0000000000
89960  -15.917  -0.423  23.936 0.0000000000
89961  -16.444  -0.991  24.614 0.0000000000
89970  -11.770  -0.296  23.639 0.0000000000
89971  -12.549  -0.205  23.340 0.0000000000
89972  -13.626  -0.057  23.161 0.0000000000
89973  -14.489  0.211  23.221 0.0000000000
91199  -16.004  0.441  27.700 0.0000000000
91200  -16.439  0.125  27.089 0.0000000000
91214  -7.779  -0.202  26.024 0.0000000000
91215  -16.223  0.749  26.707 0.0000000000
91216  -16.621  0.071  26.343 0.0000000000
91226  -7.293  0.373  25.765 0.0000000000
91227  -8.373  0.254  25.392 0.0000000000
91228  -9.017  -0.081  25.289 0.0000000000
91229  -16.347  0.576  25.231 0.0000000000
91230  -16.680  -0.096  25.770 0.0000000000
91240  -8.759  0.710  24.789 0.0000000000
91241  -9.424  0.212  24.754 0.0000000000
91242  -10.605  0.298  23.905 0.0000000000
91243  -11.321  -0.072  23.739 0.0000000000
91244  -15.206  0.221  23.483 0.0000000000
91245  -15.767  0.680  23.911 0.0000000000
91254  -10.986  0.854  23.306 0.0000000000
91255  -11.723  0.435  23.232 0.0000000000
91256  -12.981  0.509  22.829 0.0000000000
91257  -14.121  0.723  22.871 0.0000000000
91258  -14.936  0.799  23.244 0.0000000000
91259  -15.364  0.712  23.515 0.0000000000
92523  -15.485  0.934  28.100 0.0000000000
92530  -15.023  1.790  27.702 0.0000000000
92531  -15.557  1.317  27.468 0.0000000000
92541  -15.224  1.963  27.097 0.0000000000
92542  -15.782  1.602  26.277 0.0000000000
92553  -6.761  0.993  25.414 0.0000000000
92554  -7.536  0.899  25.273 0.0000000000
92555  -15.834  1.662  25.337 0.0000000000
92565  -6.406  1.551  24.852 0.0000000000
92566  -7.217  1.516  24.843 0.0000000000
92567  -8.180  1.207  24.696 0.0000000000
92568  -9.090  1.153  24.292 0.0000000000
92569  -9.792  0.878  24.004 0.0000000000
92570  -15.258  2.073  23.720 0.0000000000
92571  -15.582  1.711  24.255 0.0000000000
92579  -9.552  1.434  23.754 0.0000000000
92580  -10.330  1.341  23.369 0.0000000000
92581  -11.347  1.430  22.810 0.0000000000
92582  -12.375  1.216  22.570 0.0000000000
92583  -13.538  1.358  22.472 0.0000000000
92584  -14.834  1.822  23.073 0.0000000000
92585  -15.350  1.151  23.565 0.0000000000
92596  -11.963  1.855  22.367 0.0000000000
92597  -12.800  2.005  22.193 0.0000000000
92598  -13.835  2.267  22.363 0.0000000000
92599  -14.380  2.618  22.681 0.0000000000
93868  -15.099  2.541  26.231 0.0000000000
93869  -15.582  2.022  25.760 0.0000000000
93876  -15.088  2.814  25.045 0.0000000000
93877  -15.509  2.230  25.198 0.0000000000
93887  -6.884  2.183  24.293 0.0000000000
93888  -7.771  2.067  24.234 0.0000000000
93889  -8.652  1.820  23.995 0.0000000000
93890  -9.170  1.644  23.832 0.0000000000
93891  -15.117  2.617  23.983 0.0000000000
93892  -15.366  2.358  24.606 0.0000000000
93905  -6.623  2.823  23.606 0.0000000000
93906  -7.432  2.854  23.733 0.0000000000
93907  -8.377  2.693  23.646 0.0000000000
93908  -9.451  2.235  23.386 0.0000000000
93909  -10.724  2.430  22.643 0.0000000000
93910  -11.473  2.087  22.459 0.0000000000
93911  -14.699  2.912  23.096 0.0000000000
93926  -11.136  3.109  22.208 0.0000000000
93927  -11.900  2.703  22.106 0.0000000000
93928  -13.154  2.894  21.976 0.0000000000
93929  -14.017  3.057  22.320 0.0000000000
93930  -14.396  3.078  22.675 0.0000000000
95121  -13.716  3.948  26.227 0.0000000000
95122  -14.418  3.537  25.645 0.0000000000
95133  -14.743  3.477  24.631 0.0000000000
95148  -7.103  3.705  23.281 0.0000000000
95149  -8.004  3.678  23.334 0.0000000000
95150  -9.018  3.465  23.084 0.0000000000
95151  -9.848  3.098  22.805 0.0000000000
95152  -14.666  3.559  23.701 0.0000000000
95166  -9.633  3.787  22.650 0.0000000000
95167  -10.471  3.632  22.318 0.0000000000
95168  -11.490  3.748  21.912 0.0000000000
95169  -12.565  3.749  21.802 0.0000000000
95170  -13.570  3.796  22.096 0.0000000000
95171  -14.321  3.738  22.773 0.0000000000
96422  -13.300  4.377  26.308 0.0000000000
96439  -13.027  5.287  25.810 0.0000000000
96440  -13.737  4.708  25.420 0.0000000000
96441  -14.393  4.011  25.035 0.0000000000
96454  -14.133  5.035  24.080 0.0000000000
96455  -14.436  4.224  24.392 0.0000000000
96468  -6.777  4.642  22.755 0.0000000000
96469  -7.557  4.617  23.036 0.0000000000
96470  -8.613  4.610  22.841 0.0000000000
96471  -9.227  4.130  22.747 0.0000000000
96472  -14.067  5.032  23.130 0.0000000000
96473  -14.366  4.346  23.475 0.0000000000
96488  -6.512  4.710  22.381 0.0000000000
96490  -9.670  4.674  22.358 0.0000000000
96492  -12.039  4.740  21.712 0.0000000000
96493  -13.101  4.749  21.913 0.0000000000
96494  -13.833  4.588  22.514 0.0000000000
96495  -14.217  4.438  22.924 0.0000000000
97761  -12.581  5.804  25.872 0.0000000000
97762  -13.193  5.797  25.292 0.0000000000
97772  -13.656  5.768  24.512 0.0000000000
97783  -6.751  5.429  22.545 0.0000000000
97784  -7.118  5.470  22.757 0.0000000000
97785  -7.862  5.487  22.781 0.0000000000
97786  -13.810  5.869  23.519 0.0000000000
97797  -6.314  5.455  21.883 0.0000000000
97798  -6.503  5.417  22.255 0.0000000000
97803  -12.593  5.767  21.871 0.0000000000
97804  -13.477  5.755  22.543 0.0000000000
97815  -6.168  5.461  21.369 0.0000000000
98982  -12.163  6.430  25.934 0.0000000000
98993  -12.684  6.744  25.290 0.0000000000
98994  -13.297  6.435  24.748 0.0000000000
99003  -13.136  7.065  24.534 0.0000000000
99004  -13.481  6.681  23.950 0.0000000000
99014  -6.341  6.463  22.206 0.0000000000
99015  -6.603  6.176  22.384 0.0000000000
99016  -7.337  6.377  22.592 0.0000000000
99017  -8.047  6.177  22.591 0.0000000000
99018  -13.166  6.999  22.714 0.0000000000
99019  -13.391  6.719  23.008 0.0000000000
99030  -6.165  6.315  21.916 0.0000000000
99031  -6.416  5.973  22.206 0.0000000000
99037  -12.994  6.717  22.375 0.0000000000
99038  -13.320  6.411  22.615 0.0000000000
99048  -5.857  6.367  20.928 0.0000000000
99057  -5.757  6.335  19.999 0.0000000000
100327  -12.718  7.677  24.717 0.0000000000
100339  -13.065  7.588  23.782 0.0000000000
100340  -13.342  7.078  23.494 0.0000000000
100351  -6.321  6.858  22.226 0.0000000000
100352  -6.677  7.199  22.425 0.0000000000
100353  -7.320  7.305  22.498 0.0000000000
100354  -12.982  7.498  22.855 0.0000000000
100355  -13.241  7.244  23.271 0.0000000000
100366  -5.915  7.508  22.043 0.0000000000
100367  -6.292  7.414  22.301 0.0000000000
100373  -12.376  7.607  22.245 0.0000000000
100382  -5.463  7.878  21.018 0.0000000000
100383  -5.629  7.444  21.240 0.0000000000
100396  -5.446  7.864  20.679 0.0000000000
100397  -5.569  7.174  20.402 0.0000000000
100410  -5.439  7.867  19.929 0.0000000000
100411  -5.560  7.166  19.522 0.0000000000
100423  -5.431  7.886  19.160 0.0000000000
100436  -5.550  7.229  17.702 0.0000000000
101683  -6.566  7.651  22.427 0.0000000000
101684  -6.812  7.695  22.480 0.0000000000
101700  -5.767  8.388  22.013 0.0000000000
101701  -6.395  8.073  22.367 0.0000000000
101719  -5.447  8.310  21.053 0.0000000000
101720  -5.571  8.124  21.609 0.0000000000
101734  -5.437  8.495  20.323 0.0000000000
101746  -5.416  8.594  19.448 0.0000000000
101756  -5.415  8.458  18.352 0.0000000000
101757  -5.473  7.773  18.004 0.0000000000
101766  -5.439  8.928  17.363 0.0000000000
101767  -5.464  8.050  17.458 0.0000000000
101782  -5.495  9.185  16.863 0.0000000000
103047  -5.483  8.738  21.110 0.0000000000
103048  -5.590  8.971  21.414 0.0000000000
103056  -5.460  8.936  20.795 0.0000000000
103077  -5.426  9.464  18.956 0.0000000000
103090  -5.405  9.605  17.967 0.0000000000
