#!ascii label  , from subject COLIN27_FS vox2ras=TkReg
757
51311  -10.177  -30.391  37.589 0.0000000000
52570  -12.778  -29.777  38.363 0.0000000000
52571  -13.871  -29.460  38.160 0.0000000000
52590  -11.015  -30.111  37.890 0.0000000000
52592  -13.005  -29.325  37.512 0.0000000000
52593  -13.636  -29.239  37.490 0.0000000000
53864  -14.078  -29.105  37.478 0.0000000000
53865  -14.754  -28.984  37.960 0.0000000000
53866  -15.542  -28.319  38.140 0.0000000000
53881  -13.489  -28.694  37.038 0.0000000000
53882  -14.451  -28.570  37.087 0.0000000000
53883  -15.173  -28.352  37.377 0.0000000000
55034  -16.502  -26.986  37.851 0.0000000000
55049  -14.957  -27.913  36.724 0.0000000000
55050  -15.892  -27.583  37.178 0.0000000000
55051  -16.319  -27.239  37.634 0.0000000000
55069  -15.307  -27.333  36.495 0.0000000000
56122  -16.160  -26.995  36.866 0.0000000000
56123  -16.477  -26.738  37.227 0.0000000000
56143  -15.840  -26.821  36.458 0.0000000000
56144  -16.249  -26.669  36.707 0.0000000000
56333  -5.867  -25.578  23.796 0.0000000000
56334  -6.284  -25.726  23.761 0.0000000000
56335  -6.823  -25.929  23.593 0.0000000000
56346  -5.680  -25.831  23.456 0.0000000000
56347  -6.176  -26.186  23.208 0.0000000000
56348  -7.095  -26.238  22.891 0.0000000000
56349  -8.032  -26.123  22.293 0.0000000000
56350  -8.642  -25.937  21.845 0.0000000000
56359  -5.591  -26.019  22.816 0.0000000000
56360  -6.055  -26.414  22.239 0.0000000000
56361  -7.116  -26.422  21.852 0.0000000000
56362  -8.094  -26.163  21.383 0.0000000000
56374  -6.365  -26.346  21.356 0.0000000000
56375  -7.140  -26.296  20.975 0.0000000000
57297  -17.033  -25.736  37.198 0.0000000000
57310  -16.409  -26.001  36.323 0.0000000000
57500  -7.935  -24.571  24.312 0.0000000000
57501  -8.036  -24.786  24.236 0.0000000000
57512  -5.642  -25.296  23.585 0.0000000000
57513  -6.256  -25.186  23.933 0.0000000000
57514  -7.275  -25.149  24.024 0.0000000000
57515  -8.160  -25.173  23.828 0.0000000000
57516  -8.718  -25.201  23.341 0.0000000000
57522  -5.445  -25.452  22.947 0.0000000000
57523  -7.466  -25.726  23.551 0.0000000000
57524  -8.087  -25.741  23.116 0.0000000000
57525  -8.999  -25.445  22.564 0.0000000000
57526  -10.156  -24.900  22.185 0.0000000000
57535  -5.420  -25.597  22.054 0.0000000000
57536  -5.703  -26.066  21.405 0.0000000000
57550  -5.457  -25.407  21.098 0.0000000000
58563  -17.414  -24.537  37.196 0.0000000000
58564  -17.549  -24.100  36.652 0.0000000000
58578  -17.130  -25.092  36.387 0.0000000000
58579  -17.431  -24.431  36.437 0.0000000000
58594  -15.730  -24.948  35.110 0.0000000000
58595  -16.600  -24.910  35.507 0.0000000000
58611  -15.472  -24.405  34.695 0.0000000000
58612  -16.190  -24.431  34.725 0.0000000000
58613  -16.717  -24.335  34.937 0.0000000000
58639  -5.783  -24.263  32.279 0.0000000000
58640  -6.217  -24.356  31.884 0.0000000000
58641  -6.728  -24.399  31.328 0.0000000000
58657  -4.994  -24.080  31.672 0.0000000000
58658  -5.472  -24.279  31.697 0.0000000000
58659  -6.111  -24.549  31.056 0.0000000000
58660  -6.787  -24.504  30.588 0.0000000000
58676  -4.974  -24.137  31.092 0.0000000000
58677  -5.532  -24.411  30.645 0.0000000000
58678  -6.210  -24.565  30.128 0.0000000000
58679  -7.087  -24.428  29.737 0.0000000000
58680  -7.747  -24.219  29.172 0.0000000000
58701  -5.152  -24.054  30.283 0.0000000000
58702  -5.650  -24.240  29.634 0.0000000000
58703  -6.428  -24.405  29.191 0.0000000000
58704  -7.203  -24.344  28.782 0.0000000000
58705  -7.945  -24.152  28.422 0.0000000000
58726  -5.983  -24.020  28.670 0.0000000000
58727  -6.749  -24.185  28.303 0.0000000000
58728  -7.487  -24.194  27.951 0.0000000000
58729  -8.161  -24.075  27.685 0.0000000000
58747  -6.475  -23.807  27.968 0.0000000000
58748  -7.186  -23.845  27.359 0.0000000000
58749  -7.885  -24.053  27.278 0.0000000000
58750  -8.279  -24.025  27.234 0.0000000000
58767  -7.608  -23.501  26.604 0.0000000000
58768  -7.953  -23.829  26.686 0.0000000000
58769  -8.350  -23.899  26.802 0.0000000000
58785  -7.699  -23.357  26.249 0.0000000000
58786  -7.996  -23.633  25.753 0.0000000000
58787  -8.415  -23.805  26.005 0.0000000000
58798  -7.927  -24.145  24.381 0.0000000000
58799  -8.470  -24.175  24.806 0.0000000000
58800  -9.082  -24.060  24.641 0.0000000000
58806  -5.532  -24.950  23.149 0.0000000000
58807  -6.107  -24.679  23.493 0.0000000000
58808  -6.992  -24.576  23.847 0.0000000000
58809  -8.426  -24.657  24.204 0.0000000000
58810  -9.141  -24.389  23.888 0.0000000000
58819  -5.433  -24.766  22.434 0.0000000000
58820  -5.782  -24.558  22.926 0.0000000000
58821  -9.192  -24.989  23.219 0.0000000000
58822  -9.796  -24.634  22.993 0.0000000000
58830  -5.317  -24.635  21.391 0.0000000000
59796  -10.740  -23.297  39.622 0.0000000000
59804  -12.021  -23.528  38.603 0.0000000000
59809  -12.706  -23.484  37.606 0.0000000000
59812  -17.576  -23.596  36.886 0.0000000000
59821  -13.172  -23.114  36.805 0.0000000000
59822  -13.657  -23.466  36.044 0.0000000000
59823  -17.261  -24.522  35.903 0.0000000000
59824  -17.546  -23.745  36.088 0.0000000000
59835  -6.150  -23.298  35.396 0.0000000000
59836  -6.421  -23.412  34.957 0.0000000000
59839  -14.056  -23.443  35.340 0.0000000000
59840  -14.460  -23.733  34.929 0.0000000000
59841  -17.155  -24.148  35.273 0.0000000000
59842  -17.472  -23.288  35.141 0.0000000000
59858  -4.666  -23.068  34.192 0.0000000000
59859  -4.871  -23.176  34.339 0.0000000000
59860  -5.589  -23.390  34.782 0.0000000000
59861  -6.353  -23.624  34.275 0.0000000000
59864  -14.962  -23.968  34.550 0.0000000000
59865  -15.638  -23.851  34.165 0.0000000000
59866  -16.792  -23.704  34.332 0.0000000000
59867  -17.357  -22.938  34.436 0.0000000000
59880  -4.719  -23.121  33.826 0.0000000000
59881  -5.139  -23.587  33.742 0.0000000000
59882  -5.872  -23.869  33.665 0.0000000000
59883  -6.814  -23.710  33.399 0.0000000000
59884  -7.620  -23.527  33.007 0.0000000000
59887  -16.066  -23.402  33.762 0.0000000000
59888  -16.560  -23.083  33.619 0.0000000000
59900  -4.860  -23.454  32.825 0.0000000000
59901  -5.426  -24.013  32.750 0.0000000000
59902  -6.192  -24.131  32.716 0.0000000000
59903  -7.219  -23.986  32.117 0.0000000000
59922  -4.849  -23.551  31.670 0.0000000000
59923  -5.099  -23.910  32.127 0.0000000000
59924  -7.427  -24.281  30.945 0.0000000000
59925  -8.372  -23.872  31.223 0.0000000000
59944  -4.928  -23.458  30.610 0.0000000000
59945  -7.331  -24.358  30.322 0.0000000000
59946  -8.132  -24.102  30.009 0.0000000000
59965  -5.293  -23.424  29.574 0.0000000000
59966  -5.589  -23.833  29.149 0.0000000000
59967  -8.502  -23.937  28.916 0.0000000000
59989  -5.415  -22.960  29.029 0.0000000000
59990  -5.642  -23.298  28.756 0.0000000000
59991  -8.674  -23.835  28.060 0.0000000000
59992  -9.299  -23.570  28.464 0.0000000000
60014  -6.054  -23.342  28.076 0.0000000000
60015  -6.571  -23.279  27.468 0.0000000000
60016  -8.754  -23.774  27.220 0.0000000000
60017  -9.445  -23.442  27.646 0.0000000000
60032  -7.075  -23.170  26.804 0.0000000000
60033  -7.314  -22.941  26.463 0.0000000000
60034  -8.900  -23.742  26.354 0.0000000000
60035  -9.588  -23.324  26.778 0.0000000000
60036  -10.085  -23.089  26.112 0.0000000000
60051  -7.467  -23.200  26.461 0.0000000000
60052  -7.626  -23.044  26.053 0.0000000000
60053  -8.858  -23.862  25.602 0.0000000000
60054  -9.476  -23.521  25.715 0.0000000000
60055  -10.248  -23.097  25.349 0.0000000000
60069  -7.961  -23.239  25.084 0.0000000000
60070  -9.108  -23.905  25.111 0.0000000000
60071  -9.644  -23.634  24.723 0.0000000000
60087  -6.815  -24.308  23.482 0.0000000000
60088  -7.779  -23.652  23.727 0.0000000000
60089  -8.164  -22.901  23.299 0.0000000000
60090  -10.055  -23.618  23.998 0.0000000000
60099  -5.751  -24.283  22.541 0.0000000000
60100  -6.485  -23.990  22.841 0.0000000000
60101  -7.601  -23.056  22.644 0.0000000000
60102  -8.297  -22.666  22.900 0.0000000000
60109  -5.658  -23.741  21.845 0.0000000000
60110  -6.674  -23.163  22.050 0.0000000000
60111  -7.269  -22.843  22.046 0.0000000000
61036  -9.676  -22.469  39.389 0.0000000000
61037  -10.119  -22.421  39.685 0.0000000000
61050  -10.297  -22.002  39.471 0.0000000000
61051  -10.984  -22.340  39.294 0.0000000000
61052  -11.665  -22.901  38.960 0.0000000000
61062  -6.511  -22.098  37.300 0.0000000000
61063  -6.889  -22.042  37.581 0.0000000000
61066  -11.380  -21.797  38.629 0.0000000000
61067  -11.968  -22.369  38.271 0.0000000000
61069  -17.583  -23.110  36.514 0.0000000000
61078  -5.683  -22.384  36.263 0.0000000000
61079  -6.175  -22.514  36.728 0.0000000000
61080  -7.218  -22.293  36.995 0.0000000000
61081  -7.924  -22.269  36.989 0.0000000000
61084  -12.678  -22.408  37.137 0.0000000000
61085  -13.229  -22.490  36.231 0.0000000000
61086  -17.449  -22.045  36.523 0.0000000000
61087  -17.585  -22.538  35.995 0.0000000000
61102  -5.355  -22.492  35.636 0.0000000000
61103  -5.786  -23.009  35.839 0.0000000000
61104  -6.929  -22.995  35.722 0.0000000000
61105  -8.297  -22.487  36.159 0.0000000000
61109  -13.767  -22.721  35.224 0.0000000000
61110  -14.208  -23.220  34.910 0.0000000000
61111  -17.585  -22.358  34.915 0.0000000000
61131  -4.660  -22.839  34.295 0.0000000000
61132  -4.962  -22.810  34.932 0.0000000000
61133  -5.343  -22.973  35.361 0.0000000000
61134  -7.178  -23.331  34.345 0.0000000000
61135  -8.162  -22.841  34.761 0.0000000000
61139  -13.910  -22.346  34.601 0.0000000000
61140  -14.603  -22.991  34.150 0.0000000000
61141  -15.500  -23.309  33.757 0.0000000000
61142  -17.111  -22.850  33.837 0.0000000000
61143  -17.469  -22.302  34.059 0.0000000000
61159  -4.613  -22.782  33.874 0.0000000000
61160  -7.443  -23.440  33.588 0.0000000000
61161  -8.158  -23.152  33.560 0.0000000000
61165  -14.912  -22.431  33.335 0.0000000000
61166  -15.788  -22.758  33.208 0.0000000000
61167  -16.934  -22.504  33.126 0.0000000000
61168  -17.295  -22.353  33.555 0.0000000000
61183  -4.704  -22.757  33.266 0.0000000000
61189  -16.514  -22.263  32.669 0.0000000000
61190  -16.913  -22.152  32.698 0.0000000000
61202  -4.822  -22.754  32.204 0.0000000000
61220  -4.927  -22.673  31.079 0.0000000000
61235  -5.165  -22.562  30.034 0.0000000000
61248  -5.375  -22.444  29.171 0.0000000000
61249  -5.555  -22.498  28.620 0.0000000000
61263  -5.805  -22.596  28.139 0.0000000000
61264  -6.178  -22.608  27.591 0.0000000000
61265  -9.794  -23.225  27.284 0.0000000000
61279  -6.608  -22.566  27.030 0.0000000000
61280  -7.133  -22.534  26.427 0.0000000000
61281  -9.973  -23.090  27.115 0.0000000000
61294  -7.621  -22.438  25.712 0.0000000000
61305  -8.247  -22.362  24.666 0.0000000000
61306  -8.561  -21.568  24.261 0.0000000000
61320  -8.336  -22.844  23.797 0.0000000000
61321  -8.733  -22.106  23.397 0.0000000000
61322  -9.116  -21.624  22.894 0.0000000000
61335  -7.701  -22.624  22.008 0.0000000000
61336  -8.426  -22.299  22.314 0.0000000000
61337  -8.965  -21.830  22.617 0.0000000000
61345  -5.464  -22.977  21.041 0.0000000000
61346  -6.114  -22.790  21.398 0.0000000000
61347  -7.123  -22.443  21.505 0.0000000000
61348  -7.980  -22.241  21.643 0.0000000000
61356  -5.699  -22.278  20.823 0.0000000000
61357  -6.383  -22.128  21.063 0.0000000000
62296  -9.765  -22.167  39.492 0.0000000000
62297  -9.932  -21.937  39.476 0.0000000000
62309  -9.494  -21.949  39.115 0.0000000000
62310  -10.140  -21.473  39.107 0.0000000000
62311  -10.923  -21.474  38.747 0.0000000000
62324  -6.569  -21.630  37.522 0.0000000000
62325  -7.264  -21.674  37.682 0.0000000000
62326  -8.102  -21.595  37.689 0.0000000000
62327  -8.820  -22.040  38.198 0.0000000000
62328  -10.495  -20.886  38.370 0.0000000000
62329  -11.444  -21.191  37.935 0.0000000000
62330  -12.167  -21.669  37.370 0.0000000000
62340  -5.757  -22.101  36.649 0.0000000000
62341  -5.998  -21.696  37.033 0.0000000000
62342  -7.773  -22.098  37.452 0.0000000000
62343  -8.410  -22.226  37.232 0.0000000000
62345  -11.972  -21.050  37.011 0.0000000000
62346  -12.650  -21.476  36.375 0.0000000000
62347  -13.249  -21.936  35.640 0.0000000000
62348  -17.189  -21.418  36.779 0.0000000000
62349  -17.466  -21.705  36.195 0.0000000000
62357  -5.604  -21.751  36.142 0.0000000000
62358  -5.906  -21.286  36.577 0.0000000000
62361  -13.012  -21.275  35.337 0.0000000000
62362  -13.525  -21.870  34.943 0.0000000000
62363  -17.318  -21.079  36.124 0.0000000000
62364  -17.544  -21.471  35.455 0.0000000000
62379  -4.811  -22.508  34.574 0.0000000000
62380  -5.065  -21.943  34.992 0.0000000000
62381  -13.313  -21.302  34.643 0.0000000000
62382  -13.896  -21.804  34.118 0.0000000000
62383  -14.448  -22.149  33.619 0.0000000000
62384  -17.617  -21.499  34.412 0.0000000000
62403  -4.773  -22.334  33.967 0.0000000000
62404  -5.284  -21.543  33.798 0.0000000000
62405  -14.227  -21.678  33.457 0.0000000000
62406  -14.648  -21.881  33.031 0.0000000000
62407  -15.223  -22.224  32.821 0.0000000000
62408  -17.151  -22.055  32.801 0.0000000000
62409  -17.466  -21.652  33.265 0.0000000000
62428  -4.996  -21.989  32.749 0.0000000000
62429  -5.600  -21.275  32.646 0.0000000000
62430  -15.045  -21.858  32.492 0.0000000000
62431  -15.855  -21.937  32.258 0.0000000000
62432  -16.992  -21.706  32.247 0.0000000000
62433  -17.470  -21.189  32.579 0.0000000000
62448  -5.095  -22.001  31.546 0.0000000000
62449  -5.423  -21.472  31.718 0.0000000000
62450  -16.082  -21.595  31.701 0.0000000000
62451  -16.400  -21.657  31.868 0.0000000000
62465  -5.342  -21.664  30.398 0.0000000000
62466  -5.367  -21.531  31.076 0.0000000000
62477  -5.423  -21.598  29.336 0.0000000000
62487  -5.508  -21.518  28.352 0.0000000000
62488  -5.640  -22.063  28.167 0.0000000000
62499  -5.482  -21.106  27.735 0.0000000000
62500  -5.769  -21.636  27.504 0.0000000000
62501  -6.243  -22.104  27.194 0.0000000000
62513  -5.852  -21.209  26.903 0.0000000000
62514  -6.459  -21.582  26.593 0.0000000000
62515  -7.175  -21.985  26.144 0.0000000000
62526  -6.609  -20.997  26.022 0.0000000000
62527  -7.356  -21.416  25.661 0.0000000000
62534  -8.087  -21.194  24.834 0.0000000000
62535  -8.523  -20.931  24.382 0.0000000000
62537  -8.961  -21.118  23.888 0.0000000000
62538  -9.248  -21.179  23.165 0.0000000000
62544  -8.999  -21.715  22.080 0.0000000000
62555  -7.789  -21.881  21.214 0.0000000000
62556  -8.623  -21.588  21.429 0.0000000000
62570  -7.088  -21.646  20.785 0.0000000000
62571  -8.052  -21.370  20.798 0.0000000000
63491  -9.325  -21.354  38.655 0.0000000000
63492  -9.694  -20.875  38.468 0.0000000000
63506  -6.329  -21.308  37.309 0.0000000000
63507  -6.797  -21.126  37.366 0.0000000000
63508  -7.622  -20.922  37.497 0.0000000000
63509  -8.778  -20.814  37.887 0.0000000000
63510  -9.886  -20.428  37.771 0.0000000000
63511  -10.733  -20.524  37.629 0.0000000000
63518  -6.269  -21.061  36.906 0.0000000000
63519  -7.001  -20.692  36.756 0.0000000000
63520  -8.114  -20.354  36.756 0.0000000000
63521  -9.295  -20.020  36.896 0.0000000000
63522  -10.388  -20.055  36.937 0.0000000000
63523  -11.342  -20.468  36.850 0.0000000000
63524  -12.072  -20.701  36.369 0.0000000000
63525  -16.949  -20.480  36.485 0.0000000000
63529  -5.528  -21.373  35.524 0.0000000000
63530  -6.135  -20.885  35.955 0.0000000000
63531  -7.364  -20.296  35.740 0.0000000000
63532  -8.802  -19.779  35.481 0.0000000000
63533  -10.028  -19.706  35.994 0.0000000000
63534  -10.946  -19.899  36.103 0.0000000000
63535  -11.719  -20.191  35.792 0.0000000000
63536  -12.432  -20.697  35.632 0.0000000000
63537  -17.256  -20.367  35.607 0.0000000000
63538  -17.551  -20.750  34.846 0.0000000000
63548  -5.702  -21.118  34.782 0.0000000000
63549  -6.655  -20.531  34.705 0.0000000000
63550  -7.775  -20.028  34.526 0.0000000000
63551  -8.761  -19.703  34.152 0.0000000000
63552  -12.168  -20.273  35.118 0.0000000000
63553  -12.767  -20.648  34.648 0.0000000000
63554  -13.397  -21.064  34.109 0.0000000000
63555  -17.455  -20.022  34.769 0.0000000000
63556  -17.653  -20.379  33.931 0.0000000000
63573  -6.121  -20.842  33.508 0.0000000000
63574  -7.188  -20.411  33.563 0.0000000000
63575  -8.172  -20.020  33.418 0.0000000000
63576  -9.117  -19.654  33.180 0.0000000000
63577  -9.526  -19.556  32.750 0.0000000000
63578  -13.137  -20.589  33.673 0.0000000000
63579  -13.835  -21.189  33.372 0.0000000000
63580  -14.285  -21.506  33.080 0.0000000000
63581  -17.679  -20.548  32.863 0.0000000000
63596  -6.174  -20.930  32.408 0.0000000000
63597  -6.828  -20.687  32.574 0.0000000000
63598  -7.710  -20.392  32.578 0.0000000000
63599  -8.579  -20.073  32.483 0.0000000000
63600  -9.296  -19.780  32.333 0.0000000000
63601  -12.912  -20.249  33.247 0.0000000000
63602  -13.490  -20.511  32.665 0.0000000000
63603  -14.478  -21.329  32.461 0.0000000000
63604  -15.188  -21.639  32.145 0.0000000000
63605  -17.160  -21.146  31.678 0.0000000000
63606  -17.546  -20.766  31.994 0.0000000000
63617  -5.924  -21.038  31.635 0.0000000000
63618  -6.566  -20.821  31.647 0.0000000000
63619  -7.334  -20.636  31.697 0.0000000000
63620  -8.180  -20.407  31.692 0.0000000000
63621  -8.976  -20.135  31.655 0.0000000000
63622  -13.547  -20.313  32.005 0.0000000000
63623  -14.187  -20.559  31.600 0.0000000000
63624  -15.423  -21.278  31.517 0.0000000000
63625  -16.594  -21.268  31.370 0.0000000000
63626  -17.277  -20.678  31.225 0.0000000000
63637  -5.617  -21.050  29.990 0.0000000000
63638  -5.714  -21.066  30.622 0.0000000000
63639  -6.285  -20.771  30.759 0.0000000000
63640  -6.975  -20.670  30.820 0.0000000000
63641  -7.779  -20.553  30.866 0.0000000000
63642  -8.616  -20.340  30.842 0.0000000000
63643  -14.324  -20.285  30.967 0.0000000000
63644  -14.972  -20.536  30.583 0.0000000000
63645  -16.156  -20.769  30.500 0.0000000000
63646  -16.923  -20.698  30.691 0.0000000000
63657  -5.575  -20.937  29.440 0.0000000000
63658  -5.834  -20.595  29.523 0.0000000000
63659  -6.110  -20.581  29.891 0.0000000000
63660  -6.635  -20.516  29.980 0.0000000000
63661  -7.383  -20.490  30.040 0.0000000000
63662  -8.171  -20.413  30.154 0.0000000000
63663  -15.232  -20.318  29.970 0.0000000000
63664  -15.663  -20.461  29.948 0.0000000000
63676  -5.475  -20.531  28.529 0.0000000000
63677  -5.689  -20.293  28.878 0.0000000000
63693  -5.324  -20.429  27.621 0.0000000000
63694  -5.476  -20.927  27.450 0.0000000000
63712  -5.170  -20.047  27.062 0.0000000000
63713  -5.501  -20.616  26.928 0.0000000000
63714  -5.906  -20.973  26.648 0.0000000000
63737  -5.431  -20.093  26.408 0.0000000000
63738  -5.969  -20.504  26.193 0.0000000000
63739  -6.699  -20.512  25.606 0.0000000000
63762  -7.395  -20.500  25.076 0.0000000000
63763  -8.069  -20.378  24.597 0.0000000000
63781  -8.636  -20.339  24.121 0.0000000000
63782  -9.169  -20.342  23.532 0.0000000000
64769  -16.629  -19.986  36.820 0.0000000000
64779  -16.644  -19.480  36.235 0.0000000000
64788  -9.387  -19.523  34.494 0.0000000000
64789  -9.967  -19.463  34.982 0.0000000000
64790  -10.788  -19.640  35.320 0.0000000000
64791  -11.274  -19.870  35.515 0.0000000000
64792  -17.063  -19.348  35.194 0.0000000000
64800  -9.418  -19.480  33.743 0.0000000000
64801  -10.018  -19.326  34.041 0.0000000000
64802  -10.815  -19.449  34.387 0.0000000000
64803  -11.641  -19.869  34.807 0.0000000000
64804  -12.246  -20.189  34.636 0.0000000000
64805  -17.418  -19.324  34.154 0.0000000000
64806  -17.600  -19.727  33.792 0.0000000000
64821  -9.445  -19.473  33.368 0.0000000000
64822  -9.836  -19.407  33.157 0.0000000000
64823  -10.747  -19.391  33.386 0.0000000000
64824  -11.641  -19.639  33.645 0.0000000000
64825  -12.420  -20.118  33.919 0.0000000000
64826  -17.469  -18.930  33.624 0.0000000000
64827  -17.645  -19.469  33.269 0.0000000000
64844  -9.885  -19.529  32.305 0.0000000000
64845  -10.622  -19.407  32.433 0.0000000000
64846  -11.548  -19.508  32.574 0.0000000000
64847  -12.625  -19.920  32.697 0.0000000000
64848  -13.249  -20.163  32.235 0.0000000000
64849  -17.799  -19.725  32.164 0.0000000000
64861  -9.657  -19.783  31.579 0.0000000000
64862  -10.412  -19.518  31.538 0.0000000000
64863  -11.318  -19.428  31.579 0.0000000000
64864  -12.322  -19.597  31.630 0.0000000000
64865  -13.390  -19.988  31.575 0.0000000000
64866  -14.026  -20.141  31.184 0.0000000000
64867  -17.710  -20.063  31.353 0.0000000000
64879  -9.321  -20.088  30.916 0.0000000000
64880  -10.006  -19.760  30.682 0.0000000000
64881  -10.982  -19.460  30.599 0.0000000000
64882  -12.018  -19.367  30.639 0.0000000000
64883  -13.055  -19.526  30.685 0.0000000000
64884  -14.107  -19.946  30.537 0.0000000000
64885  -14.835  -20.158  29.977 0.0000000000
64886  -16.809  -20.441  30.237 0.0000000000
64887  -17.456  -19.996  30.354 0.0000000000
64901  -6.018  -20.288  29.336 0.0000000000
64902  -6.310  -20.183  29.284 0.0000000000
64903  -6.949  -20.173  29.244 0.0000000000
64904  -7.884  -20.226  29.314 0.0000000000
64905  -9.120  -20.091  29.794 0.0000000000
64906  -10.437  -19.613  29.620 0.0000000000
64907  -11.664  -19.256  29.481 0.0000000000
64908  -12.753  -19.219  29.801 0.0000000000
64909  -13.648  -19.490  29.815 0.0000000000
64910  -14.475  -19.777  29.474 0.0000000000
64911  -15.367  -20.164  29.409 0.0000000000
64912  -16.515  -20.157  29.515 0.0000000000
64913  -17.437  -19.412  29.246 0.0000000000
64929  -5.507  -19.648  28.301 0.0000000000
64930  -5.924  -19.808  28.767 0.0000000000
64931  -6.487  -19.663  28.672 0.0000000000
64932  -7.252  -19.626  28.423 0.0000000000
64933  -8.444  -19.839  28.537 0.0000000000
64934  -9.738  -19.590  28.435 0.0000000000
64935  -10.941  -19.308  28.715 0.0000000000
64936  -11.549  -19.174  28.754 0.0000000000
64937  -15.040  -19.777  28.848 0.0000000000
64938  -15.828  -19.796  28.531 0.0000000000
64939  -16.911  -19.422  28.390 0.0000000000
64940  -17.501  -19.077  28.616 0.0000000000
64955  -5.230  -19.553  27.779 0.0000000000
64956  -7.853  -19.330  27.826 0.0000000000
64957  -8.801  -19.417  27.761 0.0000000000
64958  -9.424  -19.339  27.741 0.0000000000
64959  -16.290  -19.465  27.893 0.0000000000
64960  -16.697  -19.267  27.819 0.0000000000
64973  -4.999  -19.414  27.081 0.0000000000
64974  -5.175  -19.781  26.641 0.0000000000
64989  -4.937  -19.145  26.452 0.0000000000
64990  -5.350  -19.457  25.946 0.0000000000
64991  -6.101  -19.815  25.470 0.0000000000
64992  -6.764  -19.943  25.103 0.0000000000
65007  -5.737  -19.110  25.286 0.0000000000
65008  -6.413  -19.228  24.937 0.0000000000
65009  -7.377  -19.553  24.618 0.0000000000
65010  -8.152  -19.786  24.300 0.0000000000
65024  -7.902  -19.232  24.188 0.0000000000
65025  -8.590  -19.468  23.796 0.0000000000
66154  -16.044  -18.121  36.109 0.0000000000
66155  -16.503  -18.503  35.568 0.0000000000
66164  -16.881  -18.490  34.704 0.0000000000
66173  -17.172  -18.319  33.799 0.0000000000
66174  -17.484  -18.637  33.221 0.0000000000
66190  -17.333  -18.034  33.017 0.0000000000
66191  -17.656  -18.465  32.353 0.0000000000
66206  -17.820  -18.954  31.153 0.0000000000
66220  -17.858  -18.805  29.899 0.0000000000
66233  -11.971  -19.068  28.694 0.0000000000
66234  -12.606  -19.079  28.933 0.0000000000
66235  -13.444  -19.267  29.109 0.0000000000
66236  -13.975  -19.484  29.236 0.0000000000
66237  -17.825  -18.632  28.901 0.0000000000
66248  -5.332  -18.974  27.786 0.0000000000
66249  -5.675  -18.970  28.041 0.0000000000
66250  -6.200  -19.006  28.209 0.0000000000
66251  -6.638  -19.202  28.199 0.0000000000
66252  -9.846  -19.200  27.667 0.0000000000
66253  -10.576  -19.105  27.876 0.0000000000
66254  -11.541  -18.978  28.113 0.0000000000
66255  -12.438  -18.847  28.155 0.0000000000
66256  -13.335  -18.982  28.298 0.0000000000
66257  -14.351  -19.407  28.561 0.0000000000
66258  -15.151  -19.587  28.385 0.0000000000
66259  -17.020  -19.054  27.720 0.0000000000
66260  -17.538  -18.667  28.044 0.0000000000
66269  -5.019  -18.552  27.294 0.0000000000
66270  -5.415  -18.272  27.524 0.0000000000
66271  -5.930  -18.213  27.716 0.0000000000
66272  -6.880  -18.499  27.553 0.0000000000
66273  -8.119  -18.795  27.262 0.0000000000
66274  -9.218  -18.949  27.204 0.0000000000
66275  -10.151  -18.839  27.145 0.0000000000
66276  -11.116  -18.642  27.164 0.0000000000
66277  -12.086  -18.599  27.420 0.0000000000
66278  -13.053  -18.555  27.385 0.0000000000
66279  -14.075  -18.923  27.579 0.0000000000
66280  -15.332  -19.288  27.672 0.0000000000
66281  -16.467  -19.095  27.311 0.0000000000
66282  -17.206  -18.596  27.173 0.0000000000
66292  -4.821  -18.501  26.650 0.0000000000
66293  -7.077  -17.763  27.121 0.0000000000
66294  -7.586  -18.023  26.907 0.0000000000
66295  -8.557  -18.248  26.633 0.0000000000
66296  -9.584  -18.372  26.551 0.0000000000
66297  -10.425  -18.391  26.611 0.0000000000
66298  -13.216  -18.373  26.867 0.0000000000
66299  -13.702  -18.479  26.844 0.0000000000
66300  -14.690  -18.688  26.789 0.0000000000
66301  -15.765  -18.775  26.676 0.0000000000
66302  -16.638  -18.611  26.624 0.0000000000
66314  -4.870  -18.539  26.011 0.0000000000
66315  -5.265  -18.506  25.420 0.0000000000
66330  -5.842  -18.463  24.854 0.0000000000
66331  -6.809  -18.454  24.393 0.0000000000
66332  -7.482  -18.920  24.276 0.0000000000
66349  -7.106  -17.922  23.947 0.0000000000
66350  -7.806  -18.471  23.841 0.0000000000
67460  -16.020  -17.473  35.355 0.0000000000
67461  -16.494  -17.987  35.019 0.0000000000
67465  -16.082  -17.078  34.700 0.0000000000
67466  -16.499  -17.547  34.401 0.0000000000
67471  -16.892  -17.389  33.362 0.0000000000
67480  -17.318  -17.423  32.299 0.0000000000
67481  -17.572  -17.856  32.070 0.0000000000
67491  -17.399  -17.186  31.693 0.0000000000
67492  -17.618  -17.720  31.538 0.0000000000
67502  -17.817  -17.837  30.444 0.0000000000
67507  -17.962  -17.796  29.378 0.0000000000
67511  -17.972  -17.802  28.363 0.0000000000
67515  -5.110  -17.536  27.145 0.0000000000
67516  -5.584  -17.395  27.288 0.0000000000
67517  -6.156  -17.356  27.326 0.0000000000
67518  -6.706  -17.313  27.113 0.0000000000
67519  -11.802  -18.334  26.781 0.0000000000
67520  -12.524  -18.313  26.851 0.0000000000
67521  -12.973  -18.328  26.874 0.0000000000
67522  -17.789  -17.820  27.321 0.0000000000
67529  -4.841  -17.785  26.812 0.0000000000
67530  -7.227  -17.253  26.806 0.0000000000
67531  -7.966  -17.367  26.357 0.0000000000
67532  -9.047  -17.545  25.996 0.0000000000
67533  -10.089  -17.859  26.064 0.0000000000
67534  -11.112  -18.028  26.264 0.0000000000
67535  -12.112  -17.899  26.289 0.0000000000
67536  -13.091  -18.045  26.396 0.0000000000
67537  -14.106  -18.156  26.122 0.0000000000
67538  -15.155  -18.305  25.966 0.0000000000
67539  -16.226  -18.281  25.943 0.0000000000
67540  -17.282  -17.967  26.258 0.0000000000
67547  -4.751  -17.615  26.185 0.0000000000
67548  -4.893  -17.897  25.602 0.0000000000
67549  -9.766  -17.202  25.688 0.0000000000
67550  -10.578  -17.269  25.642 0.0000000000
67551  -11.571  -17.331  25.674 0.0000000000
67552  -12.550  -17.382  25.699 0.0000000000
67553  -13.518  -17.503  25.558 0.0000000000
67554  -14.536  -17.688  25.333 0.0000000000
67555  -15.621  -17.816  25.222 0.0000000000
67556  -16.657  -17.617  25.363 0.0000000000
67557  -17.418  -17.182  25.592 0.0000000000
67565  -5.226  -17.531  24.943 0.0000000000
67566  -5.973  -17.805  24.480 0.0000000000
67574  -6.465  -17.391  23.981 0.0000000000
67575  -7.367  -17.400  23.533 0.0000000000
68647  -15.073  -16.914  36.444 0.0000000000
68659  -14.874  -16.113  35.408 0.0000000000
68660  -15.279  -16.778  35.838 0.0000000000
68669  -15.075  -15.899  34.853 0.0000000000
68670  -15.643  -16.404  34.632 0.0000000000
68671  -16.145  -16.930  34.401 0.0000000000
68675  -15.971  -15.996  33.511 0.0000000000
68676  -16.302  -16.757  33.846 0.0000000000
68680  -16.111  -15.784  32.940 0.0000000000
68681  -16.568  -16.378  32.732 0.0000000000
68686  -17.134  -16.551  31.514 0.0000000000
68687  -17.443  -17.106  31.405 0.0000000000
68701  -17.302  -16.288  30.414 0.0000000000
68702  -17.545  -17.022  30.863 0.0000000000
68719  -17.413  -16.233  29.929 0.0000000000
68720  -17.667  -16.750  29.829 0.0000000000
68738  -17.930  -16.927  28.843 0.0000000000
68757  -5.327  -16.555  26.968 0.0000000000
68758  -5.771  -16.422  27.121 0.0000000000
68759  -6.331  -16.344  27.041 0.0000000000
68760  -6.853  -16.651  26.870 0.0000000000
68761  -18.008  -16.837  27.801 0.0000000000
68779  -4.933  -16.775  26.612 0.0000000000
68780  -6.761  -16.001  26.781 0.0000000000
68781  -7.370  -16.375  26.440 0.0000000000
68782  -8.363  -16.480  25.823 0.0000000000
68783  -9.218  -16.779  25.613 0.0000000000
68784  -17.886  -16.790  26.492 0.0000000000
68799  -9.055  -16.137  25.419 0.0000000000
68800  -9.913  -16.420  25.300 0.0000000000
68801  -11.020  -16.525  25.173 0.0000000000
68802  -12.046  -16.686  25.164 0.0000000000
68803  -12.970  -16.825  25.081 0.0000000000
68804  -13.891  -16.865  24.737 0.0000000000
68805  -15.011  -17.183  24.629 0.0000000000
68806  -16.076  -17.175  24.645 0.0000000000
68807  -17.032  -16.918  24.829 0.0000000000
68808  -17.656  -16.315  25.296 0.0000000000
68824  -14.546  -16.500  24.185 0.0000000000
68825  -15.488  -16.595  24.096 0.0000000000
68826  -16.491  -16.472  24.177 0.0000000000
68827  -17.295  -16.188  24.467 0.0000000000
68828  -17.635  -15.893  24.764 0.0000000000
69999  -8.111  -15.376  36.431 0.0000000000
70000  -9.216  -15.331  36.321 0.0000000000
70001  -10.308  -15.378  36.314 0.0000000000
70003  -12.239  -15.505  36.441 0.0000000000
70023  -9.734  -15.002  35.234 0.0000000000
70024  -10.899  -15.148  35.567 0.0000000000
70025  -11.843  -15.182  35.696 0.0000000000
70026  -12.717  -15.308  35.673 0.0000000000
70027  -13.460  -15.491  35.707 0.0000000000
70028  -14.168  -15.742  35.644 0.0000000000
70045  -13.174  -15.217  35.203 0.0000000000
70046  -13.771  -15.272  34.974 0.0000000000
70047  -14.560  -15.556  34.835 0.0000000000
70048  -15.107  -15.678  34.467 0.0000000000
70060  -14.156  -15.131  34.421 0.0000000000
70061  -14.710  -15.197  34.065 0.0000000000
70062  -15.374  -15.575  33.860 0.0000000000
70072  -15.052  -15.072  33.473 0.0000000000
70073  -15.612  -15.288  32.967 0.0000000000
70074  -16.147  -15.609  32.504 0.0000000000
70083  -15.795  -15.091  32.023 0.0000000000
70084  -16.456  -15.691  31.821 0.0000000000
70092  -16.163  -15.138  31.311 0.0000000000
70093  -16.709  -15.567  30.800 0.0000000000
70098  -17.234  -15.693  29.549 0.0000000000
70099  -17.689  -16.348  29.181 0.0000000000
70111  -17.400  -15.142  28.237 0.0000000000
70112  -17.782  -16.067  28.503 0.0000000000
70130  -17.584  -14.969  27.614 0.0000000000
70131  -17.908  -15.594  27.348 0.0000000000
70149  -7.719  -15.459  25.981 0.0000000000
70150  -17.936  -15.592  26.057 0.0000000000
70165  -8.533  -15.453  25.506 0.0000000000
70166  -9.371  -15.429  25.098 0.0000000000
70167  -10.463  -15.422  24.735 0.0000000000
70168  -11.600  -15.852  24.735 0.0000000000
70169  -12.609  -16.116  24.667 0.0000000000
70170  -13.244  -16.390  24.615 0.0000000000
70171  -17.827  -15.453  25.038 0.0000000000
70189  -10.728  -14.845  24.423 0.0000000000
70190  -11.267  -15.038  24.369 0.0000000000
70191  -12.250  -15.291  24.252 0.0000000000
70192  -13.559  -15.726  23.964 0.0000000000
70193  -14.874  -15.961  23.645 0.0000000000
70194  -15.941  -15.991  23.566 0.0000000000
70195  -16.949  -15.675  23.746 0.0000000000
70196  -17.548  -15.525  24.331 0.0000000000
70216  -13.840  -15.110  23.431 0.0000000000
70217  -14.428  -15.244  23.288 0.0000000000
70218  -15.430  -15.363  23.134 0.0000000000
70219  -16.331  -15.333  23.212 0.0000000000
71398  -10.657  -14.862  34.824 0.0000000000
71399  -11.493  -14.913  34.935 0.0000000000
71400  -12.348  -15.003  35.048 0.0000000000
71401  -12.832  -15.112  35.117 0.0000000000
71414  -11.113  -14.610  34.187 0.0000000000
71415  -12.100  -14.711  34.280 0.0000000000
71416  -13.099  -14.902  34.562 0.0000000000
71417  -13.749  -14.996  34.435 0.0000000000
71428  -11.740  -14.281  33.459 0.0000000000
71429  -12.843  -14.413  33.594 0.0000000000
71430  -13.971  -14.726  33.798 0.0000000000
71431  -14.642  -14.876  33.555 0.0000000000
71440  -12.492  -13.914  32.692 0.0000000000
71441  -13.661  -14.174  32.749 0.0000000000
71442  -14.786  -14.651  32.874 0.0000000000
71443  -15.375  -14.879  32.477 0.0000000000
71450  -14.487  -14.159  31.838 0.0000000000
71451  -15.196  -14.648  32.044 0.0000000000
71455  -14.324  -13.696  30.663 0.0000000000
71456  -15.496  -14.524  31.069 0.0000000000
71457  -16.190  -14.981  30.830 0.0000000000
71461  -15.337  -13.924  29.742 0.0000000000
71462  -16.269  -14.804  30.139 0.0000000000
71470  -15.671  -13.801  28.991 0.0000000000
71471  -16.419  -14.336  28.825 0.0000000000
71484  -17.171  -14.344  27.522 0.0000000000
71485  -17.661  -14.871  27.304 0.0000000000
71500  -17.328  -14.034  26.796 0.0000000000
71501  -17.706  -14.689  26.683 0.0000000000
71517  -10.355  -14.595  24.439 0.0000000000
71518  -17.827  -14.659  25.563 0.0000000000
71536  -11.760  -14.463  23.930 0.0000000000
71537  -12.729  -14.613  23.626 0.0000000000
71538  -13.465  -14.867  23.449 0.0000000000
71539  -17.413  -15.127  23.871 0.0000000000
71540  -17.699  -14.609  24.363 0.0000000000
71555  -13.309  -14.275  23.188 0.0000000000
71556  -13.994  -14.555  23.020 0.0000000000
71557  -15.026  -14.587  22.682 0.0000000000
71558  -16.070  -14.767  22.760 0.0000000000
71559  -17.128  -14.555  23.280 0.0000000000
71560  -17.570  -14.122  23.802 0.0000000000
71576  -15.813  -14.153  22.457 0.0000000000
72820  -15.783  -13.591  28.531 0.0000000000
72837  -16.246  -13.563  27.853 0.0000000000
72854  -16.764  -13.288  26.799 0.0000000000
72855  -17.494  -13.884  26.133 0.0000000000
72870  -17.642  -13.768  25.135 0.0000000000
72898  -14.436  -13.973  22.557 0.0000000000
72900  -17.492  -13.710  23.535 0.0000000000
72912  -16.194  -13.539  22.265 0.0000000000
