#!ascii label  , from subject COLIN27_FS vox2ras=TkReg
845
22725  -7.017  -54.384  16.718 0.0000000000
22735  -8.785  -54.166  16.050 0.0000000000
22736  -9.453  -53.956  15.893 0.0000000000
22737  -9.922  -53.671  15.835 0.0000000000
23862  -2.583  -53.295  16.582 0.0000000000
23863  -3.081  -53.615  16.399 0.0000000000
23864  -4.086  -54.072  16.607 0.0000000000
23865  -5.118  -53.827  16.407 0.0000000000
23866  -6.181  -53.752  16.329 0.0000000000
23867  -7.266  -53.822  16.189 0.0000000000
23868  -8.105  -53.868  15.990 0.0000000000
23870  -10.798  -52.885  16.464 0.0000000000
23885  -3.593  -53.432  16.038 0.0000000000
23886  -4.319  -53.373  15.912 0.0000000000
23887  -5.318  -53.176  15.886 0.0000000000
23888  -6.414  -53.092  15.874 0.0000000000
23889  -7.511  -53.160  15.747 0.0000000000
23890  -8.598  -53.403  15.591 0.0000000000
23891  -9.507  -53.241  15.437 0.0000000000
23892  -10.265  -53.155  15.799 0.0000000000
23893  -10.638  -52.308  15.671 0.0000000000
23905  -9.808  -52.704  15.281 0.0000000000
23906  -10.166  -52.353  15.288 0.0000000000
23907  -10.410  -52.011  15.264 0.0000000000
24920  -4.925  -52.676  20.157 0.0000000000
24921  -5.619  -52.550  20.376 0.0000000000
24922  -6.729  -52.321  21.111 0.0000000000
24923  -7.209  -51.766  21.381 0.0000000000
24936  -3.615  -52.261  19.415 0.0000000000
24937  -4.468  -52.419  19.872 0.0000000000
24938  -5.071  -52.334  20.040 0.0000000000
24955  -2.908  -52.278  18.843 0.0000000000
24973  -2.273  -52.778  16.998 0.0000000000
24975  -10.964  -52.343  17.237 0.0000000000
24994  -2.700  -52.871  15.931 0.0000000000
24995  -3.159  -53.232  15.908 0.0000000000
24996  -11.037  -52.054  16.304 0.0000000000
25018  -2.901  -52.681  15.397 0.0000000000
25019  -3.412  -52.879  15.390 0.0000000000
25020  -4.462  -52.765  15.299 0.0000000000
25021  -5.485  -52.432  15.315 0.0000000000
25022  -6.686  -52.369  15.471 0.0000000000
25023  -7.853  -52.402  15.268 0.0000000000
25024  -8.825  -52.688  15.111 0.0000000000
25025  -9.382  -52.575  15.081 0.0000000000
25026  -10.973  -51.710  15.666 0.0000000000
25046  -3.823  -52.470  14.793 0.0000000000
25047  -4.502  -52.163  14.677 0.0000000000
25049  -8.463  -52.069  14.927 0.0000000000
25050  -9.041  -52.093  14.793 0.0000000000
25051  -9.645  -51.949  14.887 0.0000000000
25052  -10.180  -51.647  14.954 0.0000000000
25053  -10.667  -51.549  15.169 0.0000000000
25072  -9.857  -51.311  14.706 0.0000000000
25073  -10.144  -51.056  14.630 0.0000000000
26063  -7.556  -51.242  21.733 0.0000000000
26077  -5.722  -51.973  20.130 0.0000000000
26078  -6.230  -51.693  20.253 0.0000000000
26079  -7.131  -51.205  20.876 0.0000000000
26089  -3.759  -51.740  19.258 0.0000000000
26090  -4.196  -51.595  19.339 0.0000000000
26091  -5.314  -51.666  19.757 0.0000000000
26092  -6.096  -51.047  19.769 0.0000000000
26104  -2.855  -51.219  18.199 0.0000000000
26105  -3.581  -51.368  18.952 0.0000000000
26106  -4.109  -51.050  19.051 0.0000000000
26117  -2.261  -51.524  17.288 0.0000000000
26118  -11.203  -51.396  16.953 0.0000000000
26127  -2.206  -51.876  16.142 0.0000000000
26128  -11.247  -51.289  16.083 0.0000000000
26138  -2.708  -52.185  14.963 0.0000000000
26139  -3.333  -52.405  14.766 0.0000000000
26140  -5.970  -51.795  15.051 0.0000000000
26141  -6.850  -51.477  15.125 0.0000000000
26142  -7.887  -51.520  14.943 0.0000000000
26143  -11.152  -51.060  15.329 0.0000000000
26157  -8.635  -51.472  14.714 0.0000000000
26158  -9.210  -51.448  14.567 0.0000000000
26159  -9.582  -51.146  14.531 0.0000000000
26160  -10.483  -51.042  14.709 0.0000000000
26161  -10.917  -50.813  14.673 0.0000000000
26172  -9.974  -50.766  14.326 0.0000000000
26173  -10.414  -50.597  14.286 0.0000000000
26174  -10.691  -50.632  14.391 0.0000000000
27049  -8.089  -50.217  23.738 0.0000000000
27067  -8.294  -50.081  23.126 0.0000000000
27087  -8.007  -50.614  22.383 0.0000000000
27088  -8.354  -49.845  22.294 0.0000000000
27106  -7.915  -50.119  21.339 0.0000000000
27107  -8.352  -49.586  21.771 0.0000000000
27125  -6.693  -50.825  20.133 0.0000000000
27126  -7.255  -50.272  20.400 0.0000000000
27141  -4.705  -50.622  19.075 0.0000000000
27142  -5.648  -50.533  19.363 0.0000000000
27143  -6.416  -50.340  19.675 0.0000000000
27144  -6.851  -50.276  19.980 0.0000000000
27160  -3.060  -50.493  18.016 0.0000000000
27161  -3.547  -50.314  18.315 0.0000000000
27162  -4.063  -50.610  18.800 0.0000000000
27175  -2.737  -50.311  17.528 0.0000000000
27176  -3.175  -50.149  17.920 0.0000000000
27187  -2.225  -50.675  16.500 0.0000000000
27188  -11.389  -50.727  16.605 0.0000000000
27197  -2.238  -50.981  15.315 0.0000000000
27200  -11.504  -50.504  15.853 0.0000000000
27213  -8.143  -50.747  14.787 0.0000000000
27214  -8.942  -50.769  14.434 0.0000000000
27215  -9.345  -50.967  14.422 0.0000000000
27216  -11.499  -50.189  14.809 0.0000000000
27217  -11.790  -49.668  14.500 0.0000000000
27231  -9.582  -50.385  14.123 0.0000000000
27232  -10.309  -50.098  13.770 0.0000000000
27233  -10.995  -50.158  13.892 0.0000000000
27234  -11.666  -49.667  14.026 0.0000000000
27245  -10.703  -49.699  13.400 0.0000000000
27246  -11.069  -49.538  13.211 0.0000000000
27254  -16.561  -50.524  11.885 0.0000000000
28157  -8.226  -49.054  24.540 0.0000000000
28167  -8.007  -50.011  24.146 0.0000000000
28168  -8.387  -49.489  23.967 0.0000000000
28178  -8.649  -49.347  23.003 0.0000000000
28189  -8.645  -49.144  22.146 0.0000000000
28207  -8.078  -49.463  20.954 0.0000000000
28208  -8.391  -49.149  21.328 0.0000000000
28228  -7.737  -49.445  20.461 0.0000000000
28229  -8.154  -49.049  20.744 0.0000000000
28246  -4.762  -50.013  18.892 0.0000000000
28247  -5.199  -49.773  18.977 0.0000000000
28248  -6.112  -49.650  19.250 0.0000000000
28249  -6.963  -49.621  19.780 0.0000000000
28271  -3.888  -49.537  18.124 0.0000000000
28272  -4.456  -49.665  18.582 0.0000000000
28273  -5.131  -49.030  18.709 0.0000000000
28294  -2.982  -49.546  17.303 0.0000000000
28295  -3.401  -49.490  17.729 0.0000000000
28314  -2.619  -49.635  16.780 0.0000000000
28315  -11.646  -49.828  16.783 0.0000000000
28316  -12.039  -48.888  16.469 0.0000000000
28336  -11.815  -49.661  15.685 0.0000000000
28337  -12.207  -48.862  15.380 0.0000000000
28339  -16.255  -49.056  15.427 0.0000000000
28358  -11.897  -49.541  14.924 0.0000000000
28359  -12.132  -49.187  14.386 0.0000000000
28361  -16.522  -48.811  14.842 0.0000000000
28379  -9.964  -49.377  13.358 0.0000000000
28380  -10.447  -49.592  13.331 0.0000000000
28381  -11.487  -49.440  13.380 0.0000000000
28382  -11.991  -49.085  13.526 0.0000000000
28384  -16.649  -49.203  13.963 0.0000000000
28395  -10.299  -48.822  12.884 0.0000000000
28396  -10.717  -49.133  12.904 0.0000000000
28397  -11.419  -48.990  12.897 0.0000000000
28398  -11.766  -48.986  13.095 0.0000000000
28400  -16.874  -49.546  12.670 0.0000000000
28401  -17.493  -48.914  12.319 0.0000000000
28412  -16.944  -50.077  11.323 0.0000000000
28413  -17.639  -49.202  11.513 0.0000000000
28422  -16.926  -50.396  10.729 0.0000000000
29365  -8.633  -48.507  24.393 0.0000000000
29366  -9.053  -48.157  24.047 0.0000000000
29373  -8.854  -48.710  23.624 0.0000000000
29374  -9.263  -48.051  23.416 0.0000000000
29381  -9.008  -48.591  22.755 0.0000000000
29382  -9.375  -47.873  22.562 0.0000000000
29391  -8.986  -48.232  21.727 0.0000000000
29392  -9.394  -47.655  21.995 0.0000000000
29405  -8.005  -48.782  20.359 0.0000000000
29406  -8.468  -48.326  20.663 0.0000000000
29421  -5.748  -48.957  18.922 0.0000000000
29422  -6.580  -48.593  19.181 0.0000000000
29423  -7.531  -48.636  19.839 0.0000000000
29424  -8.034  -48.378  20.170 0.0000000000
29440  -4.087  -48.640  17.886 0.0000000000
29441  -4.843  -48.471  18.326 0.0000000000
29442  -5.551  -48.334  18.624 0.0000000000
29443  -6.039  -48.384  18.848 0.0000000000
29459  -3.215  -48.784  17.068 0.0000000000
29460  -3.619  -48.690  17.490 0.0000000000
29461  -12.357  -48.084  17.232 0.0000000000
29474  -12.468  -48.091  16.212 0.0000000000
29475  -16.094  -48.393  16.505 0.0000000000
29476  -16.347  -47.903  16.109 0.0000000000
29490  -12.687  -48.087  15.353 0.0000000000
29491  -13.002  -47.637  15.285 0.0000000000
29492  -16.195  -48.811  15.892 0.0000000000
29493  -16.467  -48.266  15.595 0.0000000000
29512  -12.534  -48.552  14.710 0.0000000000
29513  -12.961  -47.892  14.592 0.0000000000
29514  -16.747  -48.216  14.981 0.0000000000
29536  -12.540  -48.568  13.876 0.0000000000
29537  -12.972  -47.892  13.527 0.0000000000
29538  -16.971  -48.301  14.374 0.0000000000
29539  -17.389  -48.040  13.814 0.0000000000
29557  -10.555  -48.286  12.569 0.0000000000
29558  -11.281  -48.265  12.460 0.0000000000
29559  -12.172  -48.312  12.792 0.0000000000
29560  -12.911  -47.669  12.785 0.0000000000
29561  -17.103  -48.692  13.555 0.0000000000
29562  -17.658  -48.338  12.964 0.0000000000
29563  -18.189  -48.051  12.362 0.0000000000
29575  -11.709  -47.787  12.357 0.0000000000
29576  -12.129  -47.556  12.267 0.0000000000
29577  -17.887  -48.585  12.165 0.0000000000
29578  -18.400  -48.358  11.638 0.0000000000
30526  -8.699  -47.556  24.891 0.0000000000
30527  -9.270  -47.042  24.756 0.0000000000
30539  -8.970  -47.938  24.429 0.0000000000
30540  -9.411  -47.468  24.196 0.0000000000
30546  -9.692  -47.355  23.187 0.0000000000
30553  -9.694  -47.178  22.277 0.0000000000
30561  -8.967  -47.677  20.982 0.0000000000
30562  -9.404  -47.241  21.439 0.0000000000
30573  -8.718  -47.367  20.387 0.0000000000
30574  -9.127  -47.121  20.765 0.0000000000
30586  -6.700  -48.013  19.030 0.0000000000
30587  -7.183  -47.813  19.223 0.0000000000
30588  -8.059  -47.723  19.885 0.0000000000
30600  -4.176  -47.801  17.620 0.0000000000
30601  -4.598  -47.655  17.873 0.0000000000
30602  -5.340  -47.515  18.211 0.0000000000
30603  -6.344  -47.630  18.718 0.0000000000
30604  -7.114  -47.020  18.932 0.0000000000
30619  -3.388  -48.212  16.995 0.0000000000
30620  -3.702  -47.852  17.245 0.0000000000
30621  -12.854  -47.500  17.947 0.0000000000
30622  -13.690  -46.970  17.725 0.0000000000
30623  -14.684  -46.976  17.900 0.0000000000
30624  -15.373  -47.421  17.773 0.0000000000
30633  -3.257  -48.044  16.578 0.0000000000
30634  -3.566  -47.207  16.634 0.0000000000
30635  -12.895  -47.366  16.926 0.0000000000
30636  -13.581  -46.710  16.393 0.0000000000
30637  -15.875  -47.550  17.042 0.0000000000
30638  -16.215  -47.513  16.408 0.0000000000
30650  -12.937  -47.445  15.905 0.0000000000
30651  -13.310  -47.059  15.214 0.0000000000
30652  -16.461  -47.482  15.860 0.0000000000
30665  -13.384  -47.218  14.166 0.0000000000
30666  -16.876  -47.455  15.059 0.0000000000
30667  -17.239  -46.948  14.462 0.0000000000
30687  -13.390  -47.225  13.214 0.0000000000
30688  -17.247  -47.578  14.299 0.0000000000
30689  -17.679  -47.188  13.735 0.0000000000
30712  -10.985  -47.404  12.163 0.0000000000
30713  -11.413  -47.646  12.308 0.0000000000
30714  -12.629  -47.464  12.339 0.0000000000
30715  -13.222  -47.135  12.409 0.0000000000
30716  -18.147  -47.380  12.823 0.0000000000
30717  -18.520  -47.450  12.044 0.0000000000
30732  -11.718  -47.134  12.053 0.0000000000
30733  -12.516  -47.020  11.939 0.0000000000
30734  -12.959  -47.066  12.014 0.0000000000
31719  -8.146  -46.608  25.312 0.0000000000
31720  -9.073  -46.508  25.116 0.0000000000
31741  -9.707  -46.505  24.555 0.0000000000
31742  -10.147  -46.138  24.137 0.0000000000
31757  -9.945  -46.711  23.753 0.0000000000
31758  -10.355  -46.024  23.455 0.0000000000
31770  -10.086  -46.593  22.820 0.0000000000
31771  -10.437  -45.846  22.546 0.0000000000
31783  -10.032  -46.210  21.677 0.0000000000
31784  -10.431  -45.645  21.966 0.0000000000
31799  -9.008  -46.777  20.355 0.0000000000
31800  -9.460  -46.482  20.717 0.0000000000
31818  -7.752  -46.948  19.330 0.0000000000
31819  -8.572  -46.510  19.769 0.0000000000
31820  -9.101  -46.372  20.203 0.0000000000
31838  -4.295  -47.083  17.481 0.0000000000
31839  -4.943  -46.454  17.697 0.0000000000
31840  -5.882  -46.511  18.126 0.0000000000
31841  -6.761  -46.411  18.529 0.0000000000
31842  -7.537  -46.299  18.929 0.0000000000
31843  -8.038  -46.340  19.257 0.0000000000
31860  -4.015  -46.425  16.983 0.0000000000
31861  -4.453  -46.371  17.350 0.0000000000
31862  -14.434  -46.515  17.041 0.0000000000
31863  -15.214  -46.759  17.194 0.0000000000
31864  -15.602  -47.095  17.163 0.0000000000
31877  -14.356  -46.193  16.211 0.0000000000
31878  -15.115  -46.229  16.416 0.0000000000
31879  -15.877  -46.807  16.525 0.0000000000
31880  -16.302  -47.100  16.174 0.0000000000
31893  -13.963  -46.283  15.447 0.0000000000
31894  -14.830  -45.811  15.487 0.0000000000
31895  -15.832  -46.042  15.603 0.0000000000
31896  -16.405  -46.785  15.712 0.0000000000
31911  -13.739  -46.586  14.647 0.0000000000
31912  -14.371  -46.008  14.557 0.0000000000
31913  -16.098  -45.680  14.910 0.0000000000
31914  -16.726  -46.198  14.767 0.0000000000
31915  -17.324  -46.470  14.191 0.0000000000
31930  -13.852  -46.598  13.802 0.0000000000
31931  -14.457  -46.019  13.449 0.0000000000
31932  -17.170  -45.981  14.096 0.0000000000
31933  -17.583  -46.240  13.694 0.0000000000
31955  -13.829  -46.614  12.795 0.0000000000
31956  -14.414  -46.009  12.391 0.0000000000
31957  -17.970  -46.530  13.115 0.0000000000
31958  -18.352  -46.669  12.424 0.0000000000
31977  -12.332  -46.300  11.660 0.0000000000
31978  -13.406  -46.376  11.777 0.0000000000
31979  -14.296  -45.731  11.659 0.0000000000
32950  -8.627  -45.639  25.391 0.0000000000
32951  -9.724  -45.552  25.025 0.0000000000
32952  -10.253  -44.975  24.813 0.0000000000
32972  -10.054  -45.922  24.535 0.0000000000
32973  -10.474  -45.398  24.230 0.0000000000
32985  -10.774  -45.281  23.139 0.0000000000
32993  -10.728  -45.162  22.211 0.0000000000
32999  -10.151  -45.643  21.190 0.0000000000
33000  -10.435  -45.288  21.450 0.0000000000
33008  -9.896  -45.758  20.778 0.0000000000
33009  -10.202  -45.291  20.881 0.0000000000
33024  -8.813  -45.747  19.528 0.0000000000
33025  -9.329  -45.712  20.022 0.0000000000
33045  -5.060  -45.508  17.506 0.0000000000
33046  -5.573  -45.507  17.746 0.0000000000
33047  -6.422  -45.505  18.090 0.0000000000
33048  -7.327  -45.514  18.472 0.0000000000
33049  -8.273  -45.620  19.029 0.0000000000
33068  -4.256  -45.531  16.863 0.0000000000
33069  -4.613  -45.516  17.224 0.0000000000
33089  -3.993  -45.540  16.418 0.0000000000
33102  -3.676  -45.616  15.485 0.0000000000
33103  -14.922  -45.656  14.803 0.0000000000
33104  -15.488  -45.601  14.888 0.0000000000
33119  -15.104  -45.629  14.154 0.0000000000
33120  -16.155  -45.468  14.098 0.0000000000
33121  -16.827  -45.727  14.150 0.0000000000
33137  -15.337  -45.525  13.033 0.0000000000
33138  -16.324  -45.344  13.043 0.0000000000
33139  -17.113  -45.660  13.429 0.0000000000
33140  -17.667  -46.035  13.212 0.0000000000
33148  -15.086  -45.545  11.923 0.0000000000
33149  -15.989  -45.270  12.196 0.0000000000
33150  -16.946  -45.378  12.370 0.0000000000
33151  -17.855  -45.907  12.497 0.0000000000
33170  -13.892  -45.396  11.235 0.0000000000
33171  -14.758  -45.248  11.253 0.0000000000
34180  -7.560  -44.837  25.279 0.0000000000
34181  -8.114  -44.829  25.416 0.0000000000
34182  -9.030  -44.676  25.393 0.0000000000
34183  -9.910  -44.494  25.129 0.0000000000
34203  -10.613  -44.343  24.557 0.0000000000
34204  -11.145  -43.815  24.026 0.0000000000
34220  -11.027  -44.553  23.682 0.0000000000
34221  -11.407  -43.783  23.263 0.0000000000
34234  -11.162  -44.434  22.621 0.0000000000
34235  -11.510  -43.656  22.429 0.0000000000
34246  -10.961  -44.359  21.550 0.0000000000
34247  -11.288  -43.994  22.035 0.0000000000
34253  -9.996  -45.105  20.326 0.0000000000
34254  -10.466  -44.641  20.709 0.0000000000
34262  -9.029  -45.159  19.342 0.0000000000
34263  -9.688  -44.586  19.615 0.0000000000
34264  -10.179  -44.557  20.135 0.0000000000
34276  -5.217  -44.543  17.405 0.0000000000
34277  -6.102  -44.527  17.735 0.0000000000
34278  -7.018  -44.586  18.013 0.0000000000
34279  -7.942  -44.662  18.403 0.0000000000
34280  -8.727  -44.658  18.853 0.0000000000
34281  -9.204  -44.620  19.155 0.0000000000
34293  -4.414  -44.633  16.745 0.0000000000
34294  -4.749  -44.660  17.116 0.0000000000
34316  -4.052  -44.615  16.005 0.0000000000
34339  -3.848  -44.562  15.186 0.0000000000
34350  -3.748  -44.494  14.620 0.0000000000
35368  -7.686  -44.350  25.278 0.0000000000
35369  -8.323  -43.941  25.354 0.0000000000
35370  -9.276  -43.594  25.260 0.0000000000
35371  -10.174  -43.755  25.000 0.0000000000
35388  -7.547  -43.568  25.172 0.0000000000
35389  -8.125  -43.362  25.247 0.0000000000
35390  -9.992  -43.081  25.026 0.0000000000
35391  -10.740  -43.234  24.538 0.0000000000
35392  -11.425  -43.026  23.758 0.0000000000
35411  -11.799  -43.045  22.911 0.0000000000
35430  -11.805  -43.102  22.163 0.0000000000
35448  -11.128  -43.811  21.140 0.0000000000
35449  -11.465  -43.478  21.534 0.0000000000
35460  -10.876  -43.963  20.739 0.0000000000
35461  -11.227  -43.446  20.737 0.0000000000
35471  -9.898  -43.600  19.164 0.0000000000
35472  -10.470  -43.869  19.982 0.0000000000
35473  -10.928  -43.600  20.366 0.0000000000
35485  -5.218  -43.240  17.270 0.0000000000
35486  -5.837  -43.464  17.523 0.0000000000
35487  -6.683  -43.578  17.713 0.0000000000
35488  -7.622  -43.701  17.986 0.0000000000
35489  -8.539  -43.831  18.426 0.0000000000
35490  -9.265  -44.066  18.923 0.0000000000
35499  -4.586  -43.582  16.754 0.0000000000
35500  -4.809  -43.928  17.068 0.0000000000
35514  -4.311  -43.673  16.342 0.0000000000
35535  -4.062  -43.687  15.664 0.0000000000
35555  -3.904  -43.770  14.748 0.0000000000
36521  -8.537  -43.306  25.273 0.0000000000
36522  -8.807  -43.014  25.227 0.0000000000
36536  -7.119  -42.582  24.929 0.0000000000
36537  -8.164  -42.694  25.094 0.0000000000
36538  -9.237  -42.546  25.034 0.0000000000
36539  -10.234  -42.336  24.736 0.0000000000
36540  -11.099  -42.208  24.207 0.0000000000
36551  -11.904  -41.935  23.286 0.0000000000
36552  -12.224  -41.453  22.797 0.0000000000
36567  -12.117  -42.490  22.347 0.0000000000
36568  -12.346  -41.762  22.389 0.0000000000
36587  -11.974  -42.724  21.574 0.0000000000
36588  -12.337  -42.120  21.639 0.0000000000
36607  -11.794  -42.665  20.646 0.0000000000
36608  -12.164  -42.358  21.132 0.0000000000
36622  -9.956  -43.090  18.885 0.0000000000
36623  -10.490  -42.854  19.196 0.0000000000
36624  -11.102  -43.090  20.046 0.0000000000
36641  -5.080  -42.220  17.263 0.0000000000
36642  -5.600  -42.406  17.441 0.0000000000
36643  -6.327  -42.527  17.568 0.0000000000
36644  -7.235  -42.668  17.687 0.0000000000
36645  -8.253  -42.855  17.966 0.0000000000
36646  -9.370  -43.059  18.527 0.0000000000
36647  -9.983  -42.793  18.744 0.0000000000
36659  -4.492  -42.764  16.640 0.0000000000
36660  -4.807  -42.904  17.003 0.0000000000
36672  -4.208  -42.774  16.131 0.0000000000
36680  -4.078  -42.778  15.389 0.0000000000
36701  -4.042  -42.807  14.450 0.0000000000
36717  -3.993  -42.822  13.411 0.0000000000
37762  -7.560  -41.691  24.740 0.0000000000
37763  -8.543  -41.672  24.781 0.0000000000
37764  -9.542  -41.574  24.666 0.0000000000
37765  -10.457  -41.454  24.388 0.0000000000
37766  -11.232  -41.225  23.946 0.0000000000
37773  -11.716  -40.949  23.498 0.0000000000
37774  -12.115  -41.010  23.035 0.0000000000
37780  -12.494  -41.046  22.467 0.0000000000
37791  -12.683  -41.376  21.688 0.0000000000
37808  -12.059  -42.105  20.157 0.0000000000
37809  -12.414  -41.820  20.699 0.0000000000
37829  -10.786  -42.200  18.903 0.0000000000
37830  -11.596  -42.011  19.441 0.0000000000
37831  -12.205  -41.760  19.950 0.0000000000
37854  -4.974  -41.591  17.314 0.0000000000
37855  -5.312  -41.536  17.446 0.0000000000
37856  -5.922  -41.521  17.555 0.0000000000
37857  -6.756  -41.576  17.578 0.0000000000
37858  -7.761  -41.761  17.670 0.0000000000
37859  -8.870  -42.008  17.911 0.0000000000
37860  -10.039  -42.126  18.450 0.0000000000
37861  -10.916  -41.712  18.641 0.0000000000
37881  -4.368  -41.983  16.515 0.0000000000
37882  -4.671  -41.727  17.028 0.0000000000
37892  -4.197  -41.831  15.995 0.0000000000
37899  -4.212  -41.874  15.148 0.0000000000
37914  -4.241  -41.994  14.125 0.0000000000
39082  -7.079  -40.800  24.532 0.0000000000
39083  -7.929  -40.824  24.540 0.0000000000
39084  -8.880  -40.782  24.491 0.0000000000
39085  -9.812  -40.730  24.324 0.0000000000
39086  -10.586  -40.692  24.099 0.0000000000
39095  -6.754  -40.082  24.448 0.0000000000
39096  -7.378  -40.030  24.396 0.0000000000
39097  -8.263  -39.984  24.343 0.0000000000
39098  -9.203  -39.953  24.194 0.0000000000
39099  -10.133  -39.953  23.987 0.0000000000
39100  -11.146  -40.134  23.655 0.0000000000
39101  -11.825  -40.416  23.248 0.0000000000
39106  -11.697  -39.791  23.163 0.0000000000
39107  -12.281  -40.176  22.763 0.0000000000
39112  -12.943  -40.367  21.948 0.0000000000
39113  -13.229  -40.056  21.202 0.0000000000
39122  -13.015  -40.874  20.914 0.0000000000
39123  -13.283  -40.159  20.399 0.0000000000
39135  -11.975  -41.358  19.140 0.0000000000
39136  -12.592  -41.008  19.574 0.0000000000
39137  -13.250  -40.018  19.650 0.0000000000
39157  -4.969  -40.960  17.373 0.0000000000
39158  -5.462  -40.640  17.566 0.0000000000
39159  -6.184  -40.545  17.641 0.0000000000
39160  -7.166  -40.508  17.607 0.0000000000
39161  -8.282  -40.927  17.635 0.0000000000
39162  -9.358  -41.142  17.791 0.0000000000
39163  -10.424  -41.136  18.059 0.0000000000
39164  -11.607  -40.966  18.503 0.0000000000
39165  -12.446  -40.349  18.600 0.0000000000
39190  -4.402  -40.918  16.630 0.0000000000
39191  -4.651  -40.629  17.154 0.0000000000
39192  -7.828  -39.934  17.586 0.0000000000
39193  -8.723  -40.186  17.526 0.0000000000
39194  -9.732  -40.322  17.565 0.0000000000
39195  -10.758  -40.367  17.699 0.0000000000
39196  -11.398  -40.286  17.860 0.0000000000
39215  -4.348  -40.798  15.912 0.0000000000
40395  -6.386  -39.736  24.478 0.0000000000
40410  -6.232  -39.185  24.416 0.0000000000
40411  -6.773  -39.288  24.325 0.0000000000
40412  -7.660  -39.195  24.235 0.0000000000
40413  -8.594  -39.156  24.096 0.0000000000
40414  -9.514  -39.153  23.851 0.0000000000
40415  -10.413  -39.155  23.564 0.0000000000
40416  -11.190  -39.055  23.202 0.0000000000
40429  -11.925  -39.190  22.846 0.0000000000
40430  -12.598  -39.390  22.347 0.0000000000
40441  -13.076  -39.418  21.697 0.0000000000
40442  -13.397  -39.364  20.968 0.0000000000
40453  -13.517  -39.356  20.132 0.0000000000
40463  -13.043  -40.008  18.953 0.0000000000
40464  -13.468  -39.386  19.264 0.0000000000
40480  -4.957  -39.820  17.508 0.0000000000
40481  -5.596  -39.656  17.721 0.0000000000
40482  -6.351  -39.537  17.747 0.0000000000
40483  -7.120  -39.401  17.687 0.0000000000
40484  -11.963  -40.074  17.953 0.0000000000
40485  -12.870  -39.564  18.107 0.0000000000
40486  -13.283  -39.453  18.682 0.0000000000
40506  -4.393  -40.274  16.680 0.0000000000
40507  -4.520  -39.892  17.011 0.0000000000
40508  -7.606  -39.313  17.618 0.0000000000
40509  -8.132  -39.334  17.523 0.0000000000
40510  -9.031  -39.424  17.396 0.0000000000
40511  -10.061  -39.548  17.290 0.0000000000
40512  -11.189  -39.666  17.366 0.0000000000
40513  -12.104  -39.444  17.455 0.0000000000
40536  -4.372  -40.459  16.461 0.0000000000
41748  -5.773  -37.931  24.345 0.0000000000
41749  -6.202  -38.397  24.245 0.0000000000
41750  -7.084  -38.383  24.098 0.0000000000
41751  -7.997  -38.368  23.964 0.0000000000
41752  -8.918  -38.353  23.769 0.0000000000
41753  -9.789  -38.378  23.484 0.0000000000
41754  -10.651  -38.300  23.176 0.0000000000
41755  -11.073  -38.544  23.092 0.0000000000
41774  -10.915  -37.836  22.993 0.0000000000
41775  -11.368  -38.299  22.883 0.0000000000
41776  -12.210  -38.497  22.468 0.0000000000
41793  -12.781  -38.734  22.048 0.0000000000
41794  -13.188  -38.581  21.517 0.0000000000
41809  -13.570  -38.528  20.739 0.0000000000
41822  -13.800  -38.571  19.773 0.0000000000
41841  -4.923  -39.196  17.611 0.0000000000
41842  -5.134  -38.932  17.744 0.0000000000
41843  -5.746  -38.743  17.914 0.0000000000
41844  -6.506  -38.624  17.888 0.0000000000
41845  -13.168  -39.099  17.897 0.0000000000
41846  -13.629  -38.780  18.440 0.0000000000
41866  -4.810  -38.987  17.418 0.0000000000
41867  -5.030  -38.290  17.628 0.0000000000
41868  -7.397  -38.663  17.709 0.0000000000
41869  -8.283  -38.560  17.452 0.0000000000
41870  -9.279  -38.605  17.159 0.0000000000
41871  -10.388  -38.773  16.926 0.0000000000
41872  -11.531  -38.851  16.867 0.0000000000
41873  -12.808  -38.806  17.263 0.0000000000
41874  -13.649  -38.158  17.574 0.0000000000
41894  -11.948  -38.398  16.644 0.0000000000
41895  -12.405  -38.095  16.622 0.0000000000
43081  -5.903  -37.367  24.113 0.0000000000
43082  -6.616  -37.490  23.936 0.0000000000
43083  -7.468  -37.568  23.821 0.0000000000
43084  -8.335  -37.572  23.683 0.0000000000
43085  -9.258  -37.507  23.456 0.0000000000
43086  -10.001  -37.748  23.268 0.0000000000
43100  -9.833  -37.149  23.244 0.0000000000
43101  -10.484  -37.359  23.073 0.0000000000
43102  -11.150  -37.376  22.825 0.0000000000
43103  -11.844  -37.595  22.514 0.0000000000
43117  -12.635  -37.807  22.051 0.0000000000
43118  -13.290  -37.633  21.364 0.0000000000
43134  -13.795  -37.596  20.529 0.0000000000
43148  -14.191  -37.569  19.459 0.0000000000
43149  -14.482  -36.996  18.898 0.0000000000
43164  -5.346  -38.186  17.857 0.0000000000
43165  -5.904  -37.812  18.010 0.0000000000
43166  -6.728  -37.839  17.921 0.0000000000
43167  -14.203  -37.684  18.283 0.0000000000
43168  -14.583  -36.905  18.151 0.0000000000
43185  -7.526  -37.762  17.685 0.0000000000
43186  -8.429  -37.671  17.287 0.0000000000
43187  -9.574  -37.660  16.776 0.0000000000
43188  -10.784  -38.119  16.604 0.0000000000
43189  -11.436  -38.272  16.605 0.0000000000
43190  -13.166  -37.895  16.868 0.0000000000
43191  -14.065  -37.299  17.235 0.0000000000
43192  -14.611  -36.710  17.516 0.0000000000
43201  -9.757  -37.120  16.515 0.0000000000
43202  -10.360  -37.359  16.387 0.0000000000
43203  -11.500  -37.699  16.345 0.0000000000
43204  -12.510  -37.479  16.311 0.0000000000
43205  -13.334  -37.248  16.495 0.0000000000
44348  -5.546  -36.392  24.180 0.0000000000
44349  -6.250  -36.493  23.844 0.0000000000
44350  -7.108  -36.664  23.715 0.0000000000
44351  -7.856  -36.888  23.651 0.0000000000
44352  -8.580  -36.720  23.486 0.0000000000
44353  -9.352  -36.589  23.288 0.0000000000
44367  -10.048  -36.518  23.096 0.0000000000
44368  -10.760  -36.546  22.880 0.0000000000
44369  -11.506  -36.607  22.541 0.0000000000
44370  -12.149  -36.995  22.249 0.0000000000
44383  -12.039  -36.309  22.235 0.0000000000
44384  -12.684  -36.665  21.829 0.0000000000
44385  -13.423  -36.632  21.161 0.0000000000
44399  -13.978  -36.571  20.399 0.0000000000
44413  -14.383  -36.405  19.620 0.0000000000
44414  -14.738  -36.247  18.883 0.0000000000
44426  -14.972  -36.183  18.058 0.0000000000
44435  -7.507  -36.834  17.547 0.0000000000
44436  -8.493  -36.724  17.011 0.0000000000
44437  -9.317  -36.866  16.645 0.0000000000
44438  -14.440  -36.747  17.005 0.0000000000
44439  -14.860  -36.235  17.104 0.0000000000
44447  -8.987  -36.273  16.608 0.0000000000
44448  -9.849  -36.601  16.309 0.0000000000
44449  -10.824  -36.874  16.022 0.0000000000
44450  -11.787  -36.840  15.875 0.0000000000
44451  -12.798  -36.852  15.981 0.0000000000
44452  -14.010  -36.505  16.242 0.0000000000
44453  -14.719  -36.024  16.519 0.0000000000
44461  -12.240  -36.485  15.666 0.0000000000
44462  -12.846  -36.288  15.586 0.0000000000
44463  -13.544  -35.989  15.568 0.0000000000
45530  -5.134  -35.120  24.252 0.0000000000
45531  -5.906  -35.382  23.778 0.0000000000
45532  -6.818  -35.615  23.618 0.0000000000
45533  -7.878  -35.897  23.535 0.0000000000
45534  -8.839  -35.845  23.312 0.0000000000
45535  -9.547  -35.782  23.110 0.0000000000
45549  -10.275  -35.689  22.871 0.0000000000
45550  -11.005  -35.747  22.647 0.0000000000
45551  -11.569  -35.693  22.364 0.0000000000
45567  -12.198  -35.617  22.009 0.0000000000
45568  -12.891  -35.704  21.505 0.0000000000
45569  -13.497  -35.662  20.949 0.0000000000
45584  -14.045  -35.527  20.303 0.0000000000
45598  -14.545  -35.428  19.569 0.0000000000
45599  -14.997  -35.355  18.782 0.0000000000
45613  -15.320  -35.251  17.763 0.0000000000
45614  -15.477  -34.670  17.505 0.0000000000
45626  -7.748  -36.259  17.241 0.0000000000
45627  -15.148  -35.592  16.779 0.0000000000
45628  -15.472  -34.919  16.996 0.0000000000
45638  -7.982  -35.657  16.795 0.0000000000
45639  -9.324  -35.619  16.131 0.0000000000
45640  -10.460  -36.137  15.841 0.0000000000
45641  -11.141  -36.435  15.756 0.0000000000
45642  -14.104  -35.821  15.709 0.0000000000
45643  -14.726  -35.581  15.989 0.0000000000
45644  -15.247  -35.140  16.378 0.0000000000
45652  -9.593  -35.172  15.759 0.0000000000
45653  -10.194  -35.396  15.597 0.0000000000
45654  -11.547  -35.845  15.373 0.0000000000
45655  -12.868  -35.652  15.183 0.0000000000
45656  -13.831  -35.481  15.253 0.0000000000
45657  -14.355  -35.418  15.508 0.0000000000
46697  -4.801  -34.148  24.595 0.0000000000
46704  -5.037  -33.934  24.021 0.0000000000
46705  -5.629  -34.191  23.653 0.0000000000
46706  -6.539  -34.490  23.439 0.0000000000
46707  -7.481  -34.804  23.380 0.0000000000
46708  -8.530  -34.824  23.177 0.0000000000
46709  -9.131  -35.300  23.126 0.0000000000
46717  -8.994  -34.223  22.848 0.0000000000
46718  -9.596  -34.799  22.852 0.0000000000
46719  -10.643  -34.813  22.503 0.0000000000
46720  -11.172  -35.226  22.445 0.0000000000
46730  -10.906  -34.424  22.286 0.0000000000
46731  -11.439  -34.716  22.180 0.0000000000
46732  -12.402  -34.710  21.656 0.0000000000
46733  -13.023  -34.995  21.267 0.0000000000
46743  -12.827  -34.364  21.292 0.0000000000
46744  -13.425  -34.587  20.834 0.0000000000
46755  -14.123  -34.511  20.147 0.0000000000
46756  -14.682  -34.456  19.428 0.0000000000
46771  -15.163  -34.392  18.665 0.0000000000
46772  -15.471  -34.248  17.947 0.0000000000
46787  -15.637  -34.200  17.249 0.0000000000
46803  -8.385  -34.894  16.091 0.0000000000
46804  -9.169  -34.960  15.818 0.0000000000
46805  -15.138  -35.011  15.893 0.0000000000
46822  -8.823  -34.482  15.496 0.0000000000
46823  -9.714  -34.739  15.443 0.0000000000
46824  -10.613  -34.830  15.085 0.0000000000
46825  -11.352  -34.958  14.908 0.0000000000
46826  -12.163  -35.067  14.834 0.0000000000
46827  -13.274  -34.985  14.758 0.0000000000
46828  -14.675  -34.649  15.132 0.0000000000
46840  -10.980  -34.550  14.746 0.0000000000
46841  -11.520  -34.438  14.572 0.0000000000
46842  -12.482  -34.365  14.409 0.0000000000
47940  -4.763  -33.257  24.778 0.0000000000
47954  -4.822  -33.216  24.197 0.0000000000
47955  -5.294  -33.141  23.616 0.0000000000
47956  -6.363  -33.200  23.122 0.0000000000
47957  -7.324  -33.875  23.134 0.0000000000
47958  -7.917  -34.263  23.163 0.0000000000
47965  -6.908  -32.652  22.848 0.0000000000
47966  -7.433  -33.019  22.850 0.0000000000
47967  -8.376  -33.662  22.893 0.0000000000
47968  -9.491  -33.695  22.524 0.0000000000
47969  -10.084  -34.262  22.484 0.0000000000
47973  -9.938  -33.222  22.170 0.0000000000
47974  -10.637  -33.807  22.171 0.0000000000
47975  -11.840  -33.657  21.658 0.0000000000
47976  -12.464  -34.051  21.456 0.0000000000
47982  -12.160  -33.073  21.282 0.0000000000
47983  -12.731  -33.558  21.123 0.0000000000
47984  -13.524  -33.584  20.507 0.0000000000
47991  -14.176  -33.527  19.880 0.0000000000
47992  -14.761  -33.502  19.211 0.0000000000
47999  -15.224  -33.450  18.504 0.0000000000
48029  -8.473  -33.921  14.955 0.0000000000
48030  -9.464  -34.148  14.988 0.0000000000
48031  -10.073  -34.395  15.027 0.0000000000
48044  -8.195  -33.277  14.360 0.0000000000
48045  -9.245  -33.409  14.492 0.0000000000
48046  -10.503  -33.905  14.512 0.0000000000
48047  -11.724  -33.697  14.139 0.0000000000
49082  -5.525  -32.668  25.762 0.0000000000
49083  -6.134  -32.535  25.913 0.0000000000
49084  -7.038  -32.659  26.011 0.0000000000
49085  -7.966  -32.606  25.981 0.0000000000
49086  -8.991  -32.481  25.952 0.0000000000
49087  -10.209  -32.329  25.853 0.0000000000
49088  -10.807  -32.752  25.821 0.0000000000
49101  -4.834  -32.705  24.994 0.0000000000
49102  -5.187  -32.410  25.380 0.0000000000
49103  -5.640  -32.177  25.644 0.0000000000
49104  -10.717  -31.809  25.794 0.0000000000
49105  -11.213  -32.205  25.725 0.0000000000
49106  -12.241  -32.104  25.462 0.0000000000
49119  -4.724  -32.583  24.554 0.0000000000
49120  -4.801  -32.099  24.778 0.0000000000
49136  -4.694  -32.789  24.356 0.0000000000
49137  -4.886  -32.265  23.998 0.0000000000
49138  -5.724  -32.220  23.230 0.0000000000
49150  -6.594  -32.223  22.880 0.0000000000
49151  -7.423  -32.309  22.864 0.0000000000
49152  -8.417  -32.596  22.688 0.0000000000
49153  -8.912  -33.127  22.570 0.0000000000
49159  -8.977  -32.292  22.532 0.0000000000
49160  -9.412  -32.683  22.332 0.0000000000
49161  -10.318  -32.779  21.972 0.0000000000
49162  -11.077  -32.965  21.748 0.0000000000
49167  -11.691  -32.663  21.381 0.0000000000
49168  -12.376  -32.538  20.954 0.0000000000
49169  -13.017  -32.868  20.680 0.0000000000
49173  -12.865  -32.242  20.528 0.0000000000
49174  -13.505  -32.578  20.157 0.0000000000
49175  -14.215  -32.627  19.533 0.0000000000
49178  -14.784  -32.603  18.926 0.0000000000
49179  -15.308  -32.530  18.265 0.0000000000
49198  -8.925  -32.526  14.027 0.0000000000
50238  -6.788  -32.025  25.824 0.0000000000
50239  -7.532  -32.002  25.849 0.0000000000
50240  -8.405  -31.775  25.839 0.0000000000
50241  -9.417  -31.637  25.881 0.0000000000
50242  -10.516  -31.254  25.831 0.0000000000
50243  -11.063  -30.680  25.779 0.0000000000
50259  -5.500  -31.912  25.445 0.0000000000
50260  -6.132  -31.635  25.446 0.0000000000
50261  -7.242  -31.583  25.544 0.0000000000
50262  -7.858  -31.607  25.651 0.0000000000
50263  -11.000  -31.559  25.777 0.0000000000
50264  -11.634  -31.076  25.677 0.0000000000
50281  -5.301  -31.680  25.119 0.0000000000
50282  -5.756  -31.194  24.778 0.0000000000
50292  -5.173  -31.576  24.475 0.0000000000
50293  -5.830  -31.293  23.825 0.0000000000
50294  -6.752  -31.285  23.482 0.0000000000
50305  -6.345  -31.629  23.155 0.0000000000
50306  -7.232  -31.657  23.070 0.0000000000
50307  -8.133  -31.885  22.870 0.0000000000
50308  -8.859  -31.743  22.773 0.0000000000
50317  -8.735  -32.074  22.638 0.0000000000
50318  -9.303  -31.935  22.393 0.0000000000
50319  -10.021  -32.085  22.094 0.0000000000
50320  -10.935  -32.086  21.620 0.0000000000
50326  -11.811  -31.855  21.129 0.0000000000
50327  -12.445  -31.695  20.667 0.0000000000
50334  -13.024  -31.665  20.211 0.0000000000
50335  -13.682  -31.689  19.673 0.0000000000
50336  -14.309  -31.950  19.204 0.0000000000
50342  -14.131  -31.285  19.204 0.0000000000
50343  -14.767  -31.599  18.649 0.0000000000
51460  -8.902  -31.317  25.755 0.0000000000
51461  -9.573  -30.941  25.680 0.0000000000
51462  -10.660  -30.350  25.607 0.0000000000
51479  -6.287  -31.170  25.007 0.0000000000
51480  -6.953  -31.210  25.093 0.0000000000
51481  -8.297  -31.131  25.338 0.0000000000
51482  -9.787  -30.342  25.120 0.0000000000
51483  -10.530  -30.026  25.345 0.0000000000
51484  -11.934  -30.363  25.733 0.0000000000
51504  -6.473  -31.046  24.539 0.0000000000
51505  -7.464  -31.015  24.520 0.0000000000
51506  -8.682  -30.810  24.457 0.0000000000
51507  -9.801  -30.345  24.306 0.0000000000
51508  -10.420  -30.026  24.042 0.0000000000
51523  -6.808  -31.010  23.967 0.0000000000
51524  -7.768  -31.148  23.653 0.0000000000
51525  -9.067  -30.933  23.661 0.0000000000
51526  -10.106  -30.542  23.521 0.0000000000
51527  -11.082  -29.949  23.541 0.0000000000
51528  -11.655  -29.730  23.259 0.0000000000
51540  -7.887  -31.519  23.159 0.0000000000
51541  -8.534  -31.433  23.149 0.0000000000
51542  -9.597  -31.306  22.818 0.0000000000
51543  -10.776  -30.748  22.728 0.0000000000
51544  -11.820  -30.050  22.624 0.0000000000
51545  -12.474  -29.870  22.293 0.0000000000
51554  -9.833  -31.705  22.356 0.0000000000
51555  -10.456  -31.497  22.201 0.0000000000
51556  -11.614  -31.033  21.666 0.0000000000
51557  -12.440  -30.222  21.748 0.0000000000
51561  -12.143  -31.303  20.994 0.0000000000
51562  -12.815  -30.721  20.666 0.0000000000
51563  -13.461  -30.182  20.187 0.0000000000
51568  -13.215  -31.154  19.980 0.0000000000
51569  -13.657  -30.643  19.666 0.0000000000
52746  -10.982  -29.814  25.400 0.0000000000
52747  -11.378  -29.807  25.561 0.0000000000
52749  -12.613  -29.092  25.547 0.0000000000
52764  -10.269  -29.907  24.693 0.0000000000
52765  -10.701  -29.713  25.061 0.0000000000
52783  -10.320  -29.907  24.383 0.0000000000
52784  -10.951  -29.577  24.362 0.0000000000
52785  -11.446  -29.293  24.095 0.0000000000
52800  -11.263  -29.508  23.934 0.0000000000
52801  -11.738  -29.367  23.691 0.0000000000
52802  -12.380  -29.209  23.412 0.0000000000
52816  -12.051  -29.568  23.167 0.0000000000
52817  -12.702  -29.435  22.790 0.0000000000
52818  -13.371  -29.241  22.343 0.0000000000
52830  -12.974  -29.751  22.051 0.0000000000
52834  -13.049  -29.934  21.334 0.0000000000
54029  -11.339  -29.621  25.406 0.0000000000
54030  -11.673  -29.355  25.447 0.0000000000
54031  -12.282  -28.960  25.402 0.0000000000
54032  -12.897  -28.787  25.283 0.0000000000
54046  -11.285  -29.433  25.251 0.0000000000
54047  -11.829  -28.964  25.088 0.0000000000
54066  -11.290  -29.235  24.865 0.0000000000
54083  -12.286  -28.997  23.748 0.0000000000
54084  -13.132  -28.573  23.484 0.0000000000
54099  -13.338  -28.953  22.764 0.0000000000
55245  -13.367  -27.881  23.910 0.0000000000
