#!ascii label  , from subject COLIN27_FS vox2ras=TkReg
477
79729  -49.803  -8.469  8.079 0.0000000000
79730  -50.930  -9.045  8.256 0.0000000000
79743  -49.888  -8.040  7.405 0.0000000000
79744  -50.524  -8.259  7.179 0.0000000000
79745  -51.608  -8.690  7.362 0.0000000000
79746  -52.704  -8.857  7.330 0.0000000000
79758  -50.761  -7.885  6.617 0.0000000000
79759  -51.278  -8.131  6.641 0.0000000000
79760  -52.172  -8.345  6.548 0.0000000000
79761  -53.298  -8.507  6.123 0.0000000000
79762  -54.484  -8.966  6.279 0.0000000000
79772  -53.666  -8.054  5.438 0.0000000000
79773  -54.237  -8.324  5.506 0.0000000000
79774  -55.194  -8.623  5.436 0.0000000000
79775  -56.487  -8.749  5.099 0.0000000000
79776  -57.575  -8.817  4.930 0.0000000000
79785  -56.834  -8.048  4.449 0.0000000000
79786  -57.370  -8.226  4.470 0.0000000000
79787  -58.178  -8.378  4.462 0.0000000000
81029  -48.991  -7.653  8.324 0.0000000000
81039  -49.451  -7.517  7.457 0.0000000000
81040  -49.927  -7.749  7.013 0.0000000000
81048  -49.711  -7.229  6.787 0.0000000000
81049  -50.311  -7.475  6.467 0.0000000000
81050  -50.989  -7.620  6.229 0.0000000000
81051  -51.712  -7.773  6.050 0.0000000000
81052  -52.478  -7.939  5.852 0.0000000000
81059  -50.685  -7.183  5.983 0.0000000000
81060  -51.280  -7.180  5.718 0.0000000000
81061  -52.139  -7.281  5.425 0.0000000000
81062  -53.124  -7.600  5.257 0.0000000000
81063  -54.038  -7.639  4.980 0.0000000000
81064  -54.806  -7.912  4.945 0.0000000000
81065  -55.590  -8.078  4.811 0.0000000000
81071  -54.572  -7.315  4.670 0.0000000000
81072  -55.258  -7.333  4.485 0.0000000000
81073  -56.278  -7.625  4.318 0.0000000000
81074  -57.213  -7.566  4.042 0.0000000000
81075  -57.944  -7.763  4.044 0.0000000000
81076  -58.721  -7.945  3.997 0.0000000000
81077  -59.556  -8.198  3.930 0.0000000000
81085  -57.750  -7.324  3.665 0.0000000000
81086  -58.377  -7.412  3.539 0.0000000000
81087  -59.217  -7.595  3.485 0.0000000000
81183  -57.775  -7.656  -4.369 0.0000000000
81184  -58.771  -7.413  -4.351 0.0000000000
81185  -59.745  -6.856  -4.097 0.0000000000
81186  -60.841  -6.860  -3.621 0.0000000000
81187  -61.547  -7.063  -3.391 0.0000000000
81188  -61.897  -7.233  -3.166 0.0000000000
81207  -57.309  -7.363  -4.952 0.0000000000
81208  -58.280  -6.962  -5.027 0.0000000000
81209  -58.985  -6.866  -4.562 0.0000000000
81230  -56.907  -6.984  -5.318 0.0000000000
81231  -57.572  -6.941  -5.290 0.0000000000
82309  -48.699  -6.642  8.625 0.0000000000
82316  -49.011  -6.598  7.848 0.0000000000
82322  -49.337  -6.593  7.038 0.0000000000
82328  -49.831  -6.685  6.198 0.0000000000
82329  -50.316  -7.009  6.004 0.0000000000
82333  -50.060  -6.355  5.734 0.0000000000
82334  -50.631  -6.604  5.607 0.0000000000
82335  -51.622  -6.572  5.132 0.0000000000
82336  -52.685  -6.487  4.719 0.0000000000
82337  -53.691  -6.933  4.686 0.0000000000
82338  -54.213  -7.116  4.656 0.0000000000
82340  -52.993  -5.861  4.317 0.0000000000
82341  -53.543  -6.121  4.320 0.0000000000
82342  -54.510  -6.584  4.296 0.0000000000
82343  -55.725  -6.589  3.761 0.0000000000
82344  -56.842  -7.038  3.672 0.0000000000
82345  -57.401  -7.177  3.611 0.0000000000
82348  -55.981  -6.229  3.177 0.0000000000
82349  -56.620  -6.522  3.193 0.0000000000
82350  -57.778  -6.865  3.074 0.0000000000
82351  -58.858  -7.138  3.005 0.0000000000
82352  -59.702  -7.318  3.004 0.0000000000
82353  -60.214  -7.440  3.039 0.0000000000
82359  -58.189  -6.705  2.503 0.0000000000
82360  -58.682  -6.797  2.445 0.0000000000
82361  -59.435  -6.979  2.502 0.0000000000
82362  -60.428  -7.198  2.565 0.0000000000
82378  -59.207  -6.744  2.132 0.0000000000
82379  -59.813  -6.706  1.918 0.0000000000
82380  -60.758  -6.773  1.737 0.0000000000
82381  -61.658  -6.821  1.399 0.0000000000
82397  -60.236  -6.510  1.335 0.0000000000
82398  -60.907  -6.458  0.907 0.0000000000
82399  -61.782  -6.535  0.584 0.0000000000
82400  -62.606  -6.583  0.249 0.0000000000
82412  -61.211  -6.299  0.212 0.0000000000
82413  -61.812  -6.252  -0.329 0.0000000000
82414  -62.725  -6.403  -0.671 0.0000000000
82423  -61.967  -6.015  -1.258 0.0000000000
82433  -60.948  -5.644  -2.879 0.0000000000
82434  -61.551  -5.858  -2.422 0.0000000000
82435  -62.451  -6.699  -2.612 0.0000000000
82442  -59.673  -6.186  -3.928 0.0000000000
82443  -60.566  -5.962  -3.428 0.0000000000
82444  -61.589  -6.488  -3.240 0.0000000000
82454  -58.251  -6.335  -4.927 0.0000000000
82455  -58.921  -6.289  -4.438 0.0000000000
82475  -55.524  -6.543  -5.223 0.0000000000
82476  -56.495  -6.508  -5.259 0.0000000000
82477  -57.541  -6.391  -5.231 0.0000000000
83579  -48.759  -5.709  8.987 0.0000000000
83581  -49.081  -5.551  8.336 0.0000000000
83582  -49.444  -5.091  8.058 0.0000000000
83584  -49.240  -5.619  7.570 0.0000000000
83585  -49.446  -5.102  7.831 0.0000000000
83587  -49.358  -5.874  6.671 0.0000000000
83588  -49.637  -5.758  6.191 0.0000000000
83590  -49.719  -6.114  5.954 0.0000000000
83591  -50.293  -6.015  5.466 0.0000000000
83592  -51.206  -5.856  4.920 0.0000000000
83593  -51.933  -5.948  4.654 0.0000000000
83595  -51.788  -5.345  4.452 0.0000000000
83596  -52.478  -5.444  4.260 0.0000000000
83597  -53.231  -5.379  4.021 0.0000000000
83598  -54.047  -5.512  3.834 0.0000000000
83599  -54.859  -5.917  3.690 0.0000000000
83602  -54.569  -5.319  3.376 0.0000000000
83603  -55.351  -5.644  3.037 0.0000000000
83604  -56.257  -6.138  2.662 0.0000000000
83605  -57.088  -6.437  2.646 0.0000000000
83610  -55.702  -5.650  1.844 0.0000000000
83611  -56.901  -6.188  1.953 0.0000000000
83612  -57.876  -6.520  2.205 0.0000000000
83613  -58.418  -6.635  2.219 0.0000000000
83626  -55.702  -5.463  0.601 0.0000000000
83627  -56.729  -5.960  0.954 0.0000000000
83628  -57.828  -6.255  1.236 0.0000000000
83629  -58.930  -6.508  1.640 0.0000000000
83630  -59.740  -6.485  1.399 0.0000000000
83643  -55.816  -5.338  -0.504 0.0000000000
83644  -56.717  -5.682  -0.139 0.0000000000
83645  -57.747  -5.956  0.145 0.0000000000
83646  -58.833  -6.111  0.420 0.0000000000
83647  -60.000  -6.243  0.655 0.0000000000
83648  -60.737  -6.240  0.342 0.0000000000
83660  -55.910  -5.247  -1.479 0.0000000000
83661  -56.747  -5.449  -1.183 0.0000000000
83662  -57.708  -5.619  -0.926 0.0000000000
83663  -58.727  -5.751  -0.701 0.0000000000
83664  -59.771  -5.840  -0.502 0.0000000000
83665  -60.859  -5.994  -0.418 0.0000000000
83666  -61.496  -5.954  -0.870 0.0000000000
83679  -55.877  -5.256  -2.359 0.0000000000
83680  -56.732  -5.332  -2.168 0.0000000000
83681  -57.662  -5.439  -1.973 0.0000000000
83682  -58.640  -5.506  -1.776 0.0000000000
83683  -59.632  -5.565  -1.592 0.0000000000
83684  -60.528  -5.668  -1.416 0.0000000000
83685  -61.270  -5.754  -1.415 0.0000000000
83693  -55.723  -5.378  -3.204 0.0000000000
83694  -56.624  -5.434  -3.086 0.0000000000
83695  -57.559  -5.411  -2.962 0.0000000000
83696  -58.530  -5.410  -2.810 0.0000000000
83697  -59.484  -5.456  -2.602 0.0000000000
83698  -60.511  -5.586  -2.478 0.0000000000
83699  -61.005  -5.625  -1.975 0.0000000000
83706  -55.544  -5.526  -4.012 0.0000000000
83707  -56.446  -5.622  -3.910 0.0000000000
83708  -57.375  -5.553  -3.868 0.0000000000
83709  -58.298  -5.544  -3.735 0.0000000000
83710  -59.334  -5.687  -3.614 0.0000000000
83711  -60.027  -5.594  -3.097 0.0000000000
83719  -54.463  -5.402  -4.977 0.0000000000
83720  -55.315  -5.739  -4.679 0.0000000000
83721  -56.224  -5.825  -4.587 0.0000000000
83722  -57.096  -5.743  -4.591 0.0000000000
83723  -58.037  -5.804  -4.647 0.0000000000
83724  -58.694  -5.806  -4.168 0.0000000000
83731  -54.127  -5.705  -5.625 0.0000000000
83732  -55.006  -6.015  -5.188 0.0000000000
83733  -55.938  -6.135  -5.028 0.0000000000
83734  -56.826  -6.002  -5.101 0.0000000000
83735  -57.436  -5.894  -5.033 0.0000000000
84983  -48.866  -4.696  9.265 0.0000000000
84984  -49.762  -4.272  9.131 0.0000000000
84985  -50.471  -4.081  9.045 0.0000000000
84987  -49.239  -4.935  8.841 0.0000000000
84988  -49.756  -4.609  8.549 0.0000000000
84989  -50.676  -4.092  8.608 0.0000000000
84991  -49.414  -5.143  7.604 0.0000000000
84992  -49.787  -4.752  7.894 0.0000000000
84993  -50.973  -3.909  8.273 0.0000000000
84995  -49.383  -5.276  7.306 0.0000000000
84996  -49.464  -5.316  6.958 0.0000000000
84998  -50.841  -4.483  5.954 0.0000000000
84999  -50.948  -5.583  4.931 0.0000000000
85001  -51.166  -4.179  5.446 0.0000000000
85002  -51.466  -4.949  4.486 0.0000000000
85003  -51.996  -4.553  4.081 0.0000000000
85004  -52.774  -4.491  3.794 0.0000000000
85005  -53.480  -4.814  3.683 0.0000000000
85008  -53.298  -4.153  3.497 0.0000000000
85009  -53.971  -4.514  3.283 0.0000000000
85010  -54.594  -4.940  2.980 0.0000000000
85016  -54.292  -4.364  2.739 0.0000000000
85017  -54.732  -4.822  2.303 0.0000000000
85029  -54.421  -4.023  1.046 0.0000000000
85030  -54.731  -4.649  1.278 0.0000000000
85042  -54.474  -4.157  0.443 0.0000000000
85043  -54.957  -4.896  0.063 0.0000000000
85053  -54.612  -4.241  -0.552 0.0000000000
85054  -55.181  -4.866  -0.972 0.0000000000
85066  -54.728  -4.389  -1.702 0.0000000000
85067  -55.326  -4.954  -1.786 0.0000000000
85077  -54.574  -4.377  -2.820 0.0000000000
85078  -55.124  -4.950  -2.524 0.0000000000
85087  -54.495  -4.411  -3.823 0.0000000000
85088  -54.946  -5.034  -3.422 0.0000000000
85096  -54.204  -4.540  -4.736 0.0000000000
85097  -54.770  -5.151  -4.269 0.0000000000
85104  -53.581  -4.169  -6.007 0.0000000000
85105  -53.869  -4.800  -5.577 0.0000000000
86314  -48.402  -3.736  9.518 0.0000000000
86315  -49.513  -3.670  9.466 0.0000000000
86316  -50.475  -3.591  9.518 0.0000000000
86317  -51.449  -3.642  9.250 0.0000000000
86318  -52.247  -3.545  9.270 0.0000000000
86320  -51.577  -3.686  8.552 0.0000000000
86321  -52.208  -3.601  8.763 0.0000000000
86323  -50.975  -3.847  7.121 0.0000000000
86324  -51.912  -3.201  7.935 0.0000000000
86325  -52.115  -3.426  8.331 0.0000000000
86327  -51.033  -3.600  6.368 0.0000000000
86328  -51.235  -3.345  6.848 0.0000000000
86330  -51.116  -3.644  5.699 0.0000000000
86332  -51.455  -3.578  5.234 0.0000000000
86333  -51.608  -3.493  4.152 0.0000000000
86334  -52.155  -3.541  3.772 0.0000000000
86335  -52.797  -3.485  3.517 0.0000000000
86338  -53.396  -3.441  3.209 0.0000000000
86339  -53.923  -3.554  2.756 0.0000000000
86346  -54.274  -3.916  2.238 0.0000000000
86347  -54.511  -4.282  1.825 0.0000000000
86353  -54.406  -3.736  1.553 0.0000000000
86354  -54.508  -4.237  1.580 0.0000000000
86365  -54.419  -3.454  0.795 0.0000000000
86377  -54.377  -3.438  -0.100 0.0000000000
86393  -54.417  -3.511  -1.158 0.0000000000
86405  -54.428  -3.600  -2.258 0.0000000000
86411  -54.400  -3.649  -3.330 0.0000000000
86417  -54.314  -3.682  -4.373 0.0000000000
86422  -53.636  -3.810  -5.934 0.0000000000
86423  -53.885  -3.661  -5.486 0.0000000000
87521  -51.625  -2.324  10.292 0.0000000000
87522  -52.063  -2.404  10.318 0.0000000000
87523  -52.990  -2.496  10.327 0.0000000000
87524  -53.944  -2.429  10.190 0.0000000000
87527  -56.446  -1.755  9.786 0.0000000000
87529  -47.640  -2.625  9.650 0.0000000000
87530  -48.378  -2.690  9.561 0.0000000000
87531  -49.202  -2.832  9.598 0.0000000000
87532  -50.132  -2.863  9.806 0.0000000000
87533  -51.253  -2.720  10.047 0.0000000000
87534  -52.344  -3.129  9.790 0.0000000000
87535  -53.371  -2.948  9.662 0.0000000000
87536  -54.270  -2.598  9.458 0.0000000000
87538  -56.072  -1.822  9.282 0.0000000000
87539  -56.839  -1.656  9.422 0.0000000000
87541  -52.831  -3.380  9.089 0.0000000000
87542  -53.592  -2.859  8.807 0.0000000000
87543  -54.495  -2.263  8.640 0.0000000000
87544  -55.447  -1.886  8.767 0.0000000000
87545  -56.130  -1.640  8.759 0.0000000000
87547  -52.122  -2.587  7.551 0.0000000000
87548  -52.634  -2.863  8.106 0.0000000000
87549  -53.591  -2.218  8.033 0.0000000000
87550  -54.232  -1.793  7.970 0.0000000000
87552  -51.193  -3.128  6.265 0.0000000000
87553  -51.750  -2.126  7.034 0.0000000000
87555  -51.239  -3.092  5.986 0.0000000000
87556  -51.151  -1.614  5.947 0.0000000000
87558  -51.373  -3.072  5.511 0.0000000000
87559  -51.198  -2.040  4.728 0.0000000000
87560  -51.761  -2.375  3.968 0.0000000000
87561  -52.321  -2.796  3.590 0.0000000000
87563  -52.246  -2.110  3.615 0.0000000000
87564  -52.822  -2.460  3.364 0.0000000000
87565  -53.561  -2.426  2.942 0.0000000000
87572  -54.253  -2.579  2.190 0.0000000000
87573  -54.806  -1.753  1.651 0.0000000000
87581  -54.566  -2.686  1.278 0.0000000000
87582  -54.953  -1.907  0.912 0.0000000000
87591  -54.586  -2.652  0.409 0.0000000000
87592  -54.984  -1.915  0.080 0.0000000000
87604  -54.586  -2.552  -0.646 0.0000000000
87605  -55.050  -1.799  -0.654 0.0000000000
87617  -54.511  -2.743  -1.790 0.0000000000
87618  -54.901  -1.944  -1.442 0.0000000000
87629  -54.506  -2.849  -2.864 0.0000000000
87630  -54.857  -2.062  -2.456 0.0000000000
87638  -54.539  -2.915  -3.906 0.0000000000
87639  -54.922  -2.184  -3.487 0.0000000000
87646  -54.411  -2.864  -4.883 0.0000000000
87647  -54.960  -2.238  -4.479 0.0000000000
87654  -54.245  -2.616  -5.612 0.0000000000
87655  -54.858  -2.159  -5.338 0.0000000000
87665  -54.638  -2.089  -5.798 0.0000000000
88781  -47.304  -1.743  9.807 0.0000000000
88782  -50.706  -1.426  9.966 0.0000000000
88783  -51.536  -1.719  10.235 0.0000000000
88784  -52.553  -1.581  10.465 0.0000000000
88785  -53.528  -1.692  10.565 0.0000000000
88794  -48.083  -1.859  9.575 0.0000000000
88795  -48.894  -1.964  9.594 0.0000000000
88796  -49.710  -2.086  9.775 0.0000000000
88797  -50.484  -2.111  10.023 0.0000000000
88798  -51.006  -2.011  10.150 0.0000000000
88799  -56.760  -1.578  8.909 0.0000000000
88806  -54.972  -1.696  8.178 0.0000000000
88807  -55.771  -1.489  8.313 0.0000000000
88808  -56.545  -1.353  8.389 0.0000000000
88817  -52.202  -1.971  7.262 0.0000000000
88818  -52.882  -1.801  7.468 0.0000000000
88819  -53.545  -1.250  7.478 0.0000000000
88820  -54.443  -1.221  7.680 0.0000000000
88821  -55.289  -1.136  7.798 0.0000000000
88822  -56.140  -1.025  7.884 0.0000000000
88832  -51.663  -1.266  6.415 0.0000000000
88833  -52.379  -1.161  6.983 0.0000000000
88834  -52.924  -1.123  7.221 0.0000000000
88842  -51.243  -1.225  5.388 0.0000000000
88849  -51.436  -1.469  4.524 0.0000000000
88850  -52.052  -1.225  3.940 0.0000000000
88851  -52.521  -0.595  3.899 0.0000000000
88857  -52.514  -1.744  3.552 0.0000000000
88858  -53.002  -1.230  3.420 0.0000000000
88859  -54.016  -1.321  2.808 0.0000000000
88866  -54.686  -1.274  2.246 0.0000000000
88867  -55.169  -1.046  1.914 0.0000000000
88878  -55.462  -1.146  1.364 0.0000000000
88879  -55.957  -0.858  0.944 0.0000000000
88889  -55.495  -1.342  0.575 0.0000000000
88890  -56.121  -0.849  0.260 0.0000000000
88905  -55.533  -1.346  -0.239 0.0000000000
88906  -56.153  -0.853  -0.696 0.0000000000
88923  -55.491  -1.336  -1.116 0.0000000000
88924  -56.118  -0.855  -1.692 0.0000000000
88935  -55.427  -1.390  -2.077 0.0000000000
88936  -56.117  -0.929  -2.712 0.0000000000
88947  -55.470  -1.510  -3.094 0.0000000000
88948  -56.242  -1.053  -3.727 0.0000000000
88949  -56.755  -0.838  -4.291 0.0000000000
88956  -55.545  -1.625  -4.086 0.0000000000
88957  -56.243  -1.166  -4.609 0.0000000000
88958  -56.974  -0.735  -4.914 0.0000000000
88964  -55.523  -1.595  -5.011 0.0000000000
88965  -56.318  -0.904  -5.443 0.0000000000
88966  -57.157  -0.474  -5.497 0.0000000000
90072  -47.140  -0.700  10.227 0.0000000000
90073  -48.006  -0.412  9.894 0.0000000000
90074  -48.907  -0.371  9.747 0.0000000000
90075  -49.974  -0.605  9.784 0.0000000000
90076  -50.988  -0.576  10.008 0.0000000000
90077  -51.984  -0.542  10.311 0.0000000000
90087  -47.778  -1.123  9.720 0.0000000000
90088  -48.508  -1.133  9.623 0.0000000000
90089  -49.364  -1.259  9.663 0.0000000000
90090  -50.072  -1.494  9.820 0.0000000000
90102  -53.463  -0.756  7.219 0.0000000000
90103  -53.859  -0.698  7.294 0.0000000000
90104  -54.699  -0.617  7.356 0.0000000000
90105  -55.595  -0.539  7.400 0.0000000000
90112  -51.695  -0.860  6.223 0.0000000000
90113  -52.013  -0.687  6.381 0.0000000000
90114  -53.023  -0.374  6.811 0.0000000000
90115  -54.027  -0.096  6.984 0.0000000000
90116  -54.930  0.038  6.953 0.0000000000
90117  -55.907  0.109  6.943 0.0000000000
90126  -51.593  -0.719  5.876 0.0000000000
90127  -52.169  -0.062  5.786 0.0000000000
90128  -52.719  0.152  6.129 0.0000000000
90136  -51.616  -0.679  4.952 0.0000000000
90137  -52.317  -0.092  4.603 0.0000000000
90138  -52.971  -0.038  3.899 0.0000000000
90145  -53.761  -0.202  3.311 0.0000000000
90146  -54.757  -0.234  2.651 0.0000000000
90147  -55.329  0.206  2.506 0.0000000000
90154  -55.094  -0.713  2.213 0.0000000000
90155  -55.723  -0.274  1.998 0.0000000000
90156  -56.461  0.070  1.848 0.0000000000
90168  -55.968  -0.643  1.357 0.0000000000
90169  -56.754  -0.281  1.093 0.0000000000
90170  -57.942  0.214  0.902 0.0000000000
90171  -58.486  0.377  0.890 0.0000000000
90182  -56.932  -0.486  -0.215 0.0000000000
90183  -57.794  -0.062  0.123 0.0000000000
90184  -58.731  0.288  0.342 0.0000000000
90185  -59.350  0.405  0.161 0.0000000000
90198  -56.932  -0.500  -1.291 0.0000000000
90199  -57.779  -0.116  -0.914 0.0000000000
90200  -58.649  0.140  -0.571 0.0000000000
90201  -59.372  0.321  -0.302 0.0000000000
90220  -56.911  -0.557  -2.345 0.0000000000
90221  -57.807  -0.228  -2.004 0.0000000000
90222  -58.763  0.084  -1.636 0.0000000000
90223  -59.552  0.283  -1.159 0.0000000000
90241  -56.881  -0.672  -3.335 0.0000000000
90242  -57.764  -0.372  -3.109 0.0000000000
90243  -58.813  -0.051  -2.821 0.0000000000
90262  -56.844  -0.769  -3.899 0.0000000000
90263  -57.537  -0.521  -4.224 0.0000000000
90264  -58.714  -0.264  -3.958 0.0000000000
90280  -57.791  -0.371  -5.225 0.0000000000
90281  -58.660  -0.256  -4.958 0.0000000000
90296  -56.945  -0.299  -5.926 0.0000000000
90297  -57.769  -0.118  -5.845 0.0000000000
90298  -58.634  -0.066  -5.723 0.0000000000
90313  -56.629  0.147  -6.221 0.0000000000
90314  -57.544  0.312  -6.234 0.0000000000
90315  -58.480  0.353  -6.201 0.0000000000
90316  -59.454  0.277  -6.200 0.0000000000
91424  -47.646  -0.082  10.371 0.0000000000
91425  -48.333  0.382  10.426 0.0000000000
91426  -49.322  0.342  10.005 0.0000000000
91427  -50.270  0.347  10.032 0.0000000000
91428  -51.240  0.432  10.221 0.0000000000
91441  -53.582  0.197  6.602 0.0000000000
91442  -54.171  0.524  6.493 0.0000000000
91443  -55.166  0.799  6.481 0.0000000000
91451  -52.660  0.276  5.823 0.0000000000
91452  -53.218  0.507  6.003 0.0000000000
91453  -54.269  1.206  5.614 0.0000000000
91454  -55.570  1.494  5.821 0.0000000000
91463  -52.640  0.360  5.401 0.0000000000
91464  -53.174  0.737  4.804 0.0000000000
91465  -54.137  1.275  4.382 0.0000000000
91472  -53.591  0.631  3.883 0.0000000000
91473  -54.404  0.798  3.416 0.0000000000
91474  -55.168  0.793  2.868 0.0000000000
91475  -55.862  1.130  2.776 0.0000000000
91482  -55.696  0.513  2.509 0.0000000000
91483  -56.405  0.728  2.296 0.0000000000
91484  -57.177  0.813  2.101 0.0000000000
91485  -57.828  0.943  1.917 0.0000000000
91496  -56.882  0.291  1.833 0.0000000000
91497  -57.503  0.412  1.554 0.0000000000
91498  -58.400  0.705  1.376 0.0000000000
91499  -59.149  0.868  1.177 0.0000000000
91500  -59.935  1.091  1.083 0.0000000000
91513  -58.853  0.508  0.888 0.0000000000
91514  -59.460  0.616  0.582 0.0000000000
91529  -59.899  0.490  0.007 0.0000000000
91544  -60.143  0.418  -0.676 0.0000000000
91610  -58.197  0.947  -6.501 0.0000000000
92781  -49.565  0.941  10.442 0.0000000000
92782  -50.415  1.135  10.513 0.0000000000
92800  -55.039  1.839  4.848 0.0000000000
92801  -56.164  2.079  5.129 0.0000000000
92802  -57.274  2.023  5.315 0.0000000000
92809  -54.892  1.591  3.855 0.0000000000
92810  -55.795  2.062  4.070 0.0000000000
92811  -56.878  2.360  4.328 0.0000000000
92812  -57.799  2.339  4.731 0.0000000000
92820  -54.946  1.245  3.327 0.0000000000
92821  -55.530  1.496  3.324 0.0000000000
92822  -56.709  1.829  3.134 0.0000000000
92823  -57.953  1.997  2.917 0.0000000000
92824  -58.961  2.158  2.915 0.0000000000
92840  -56.929  1.222  2.462 0.0000000000
92841  -57.511  1.399  2.423 0.0000000000
92842  -58.556  1.474  2.095 0.0000000000
92862  -58.870  1.093  1.551 0.0000000000
92863  -59.405  1.344  1.630 0.0000000000
92964  -57.890  1.686  -6.527 0.0000000000
94038  -57.124  2.430  4.114 0.0000000000
94039  -57.436  2.453  4.142 0.0000000000
94040  -58.168  2.493  4.166 0.0000000000
94045  -57.120  2.356  3.851 0.0000000000
94046  -57.625  2.330  3.609 0.0000000000
94047  -58.476  2.377  3.551 0.0000000000
94048  -59.255  2.402  3.631 0.0000000000
94164  -58.393  2.330  -6.411 0.0000000000
