#!ascii label  , from subject COLIN27_FS vox2ras=TkReg
250
122500  -14.887  25.780  -36.073 0.0000000000
123586  -14.260  25.290  -34.012 0.0000000000
123597  -14.260  25.943  -35.738 0.0000000000
123598  -14.884  25.738  -35.872 0.0000000000
123611  -13.699  26.256  -36.055 0.0000000000
123625  -13.875  26.306  -36.348 0.0000000000
124717  -14.663  25.648  -34.485 0.0000000000
124727  -13.768  26.403  -35.666 0.0000000000
124728  -14.552  25.837  -34.624 0.0000000000
124737  -13.016  27.145  -36.610 0.0000000000
124738  -13.334  26.724  -36.198 0.0000000000
124739  -13.649  26.406  -35.866 0.0000000000
124747  -13.055  27.243  -36.897 0.0000000000
124748  -13.725  26.832  -36.985 0.0000000000
124757  -13.925  27.147  -37.417 0.0000000000
125827  -13.095  27.419  -37.148 0.0000000000
125835  -12.859  27.869  -37.329 0.0000000000
125836  -13.489  27.609  -37.558 0.0000000000
126843  -13.065  28.363  -37.622 0.0000000000
126844  -13.790  28.292  -37.870 0.0000000000
127831  -15.898  29.754  -35.013 0.0000000000
127846  -14.552  29.965  -36.203 0.0000000000
127847  -15.072  29.815  -35.794 0.0000000000
127866  -14.318  29.543  -36.900 0.0000000000
127876  -13.473  29.035  -37.626 0.0000000000
127877  -14.058  28.858  -37.712 0.0000000000
128858  -15.316  30.707  -34.321 0.0000000000
128859  -15.636  30.509  -34.321 0.0000000000
128860  -16.780  30.862  -33.548 0.0000000000
128868  -14.469  30.838  -35.035 0.0000000000
128869  -15.121  30.472  -34.819 0.0000000000
128883  -14.246  30.458  -35.818 0.0000000000
128884  -14.809  30.256  -35.451 0.0000000000
128899  -13.558  30.286  -36.596 0.0000000000
128900  -14.058  30.152  -36.503 0.0000000000
129836  -17.038  32.224  -32.612 0.0000000000
129837  -17.519  32.329  -32.690 0.0000000000
129844  -14.589  31.458  -33.774 0.0000000000
129845  -15.678  31.322  -33.581 0.0000000000
129846  -16.567  31.500  -33.125 0.0000000000
129847  -18.341  32.217  -32.999 0.0000000000
129860  -14.367  31.125  -34.581 0.0000000000
129861  -14.972  30.839  -34.411 0.0000000000
129877  -14.044  31.124  -35.044 0.0000000000
130842  -14.427  33.549  -31.594 0.0000000000
130843  -14.948  33.641  -31.548 0.0000000000
130850  -14.258  32.878  -32.186 0.0000000000
130851  -15.511  33.111  -31.933 0.0000000000
130852  -16.606  32.879  -32.129 0.0000000000
130853  -17.853  33.169  -32.498 0.0000000000
130854  -18.122  33.319  -32.648 0.0000000000
130864  -15.195  32.443  -33.260 0.0000000000
130865  -16.342  32.240  -32.719 0.0000000000
130866  -18.073  32.570  -32.711 0.0000000000
130867  -18.485  32.775  -32.926 0.0000000000
131832  -13.926  33.812  -31.481 0.0000000000
131833  -14.813  33.973  -31.488 0.0000000000
131834  -15.449  34.196  -31.545 0.0000000000
131842  -15.374  33.841  -31.535 0.0000000000
131843  -16.094  34.142  -31.668 0.0000000000
131844  -17.125  33.990  -32.133 0.0000000000
131845  -17.792  33.831  -32.527 0.0000000000
131852  -18.399  33.767  -32.947 0.0000000000
131853  -18.915  33.379  -33.342 0.0000000000
131860  -18.821  34.036  -33.551 0.0000000000
131861  -19.335  33.639  -34.051 0.0000000000
132794  -14.201  34.659  -31.426 0.0000000000
132795  -15.037  34.752  -31.558 0.0000000000
132796  -15.778  34.715  -31.717 0.0000000000
132804  -16.511  34.670  -32.026 0.0000000000
132805  -17.298  34.688  -32.532 0.0000000000
132806  -17.955  34.395  -32.827 0.0000000000
132813  -17.757  34.991  -33.037 0.0000000000
132814  -18.335  34.698  -33.408 0.0000000000
132821  -18.937  34.682  -34.189 0.0000000000
132822  -19.410  34.272  -34.731 0.0000000000
132829  -19.244  34.955  -35.002 0.0000000000
133758  -14.495  35.579  -31.458 0.0000000000
133759  -15.418  35.602  -31.687 0.0000000000
133760  -16.086  35.278  -31.926 0.0000000000
133770  -16.017  35.909  -31.970 0.0000000000
133771  -16.619  35.596  -32.380 0.0000000000
133772  -17.316  35.598  -32.942 0.0000000000
133778  -17.870  35.642  -33.506 0.0000000000
133779  -18.442  35.367  -33.986 0.0000000000
133785  -18.204  36.039  -34.155 0.0000000000
133786  -18.714  35.726  -34.802 0.0000000000
133792  -19.228  35.490  -35.883 0.0000000000
133798  -19.164  35.794  -37.016 0.0000000000
134823  -13.886  36.484  -31.349 0.0000000000
134824  -14.845  36.535  -31.440 0.0000000000
134825  -15.670  36.545  -31.692 0.0000000000
134836  -16.311  36.570  -32.123 0.0000000000
134837  -17.046  36.644  -32.809 0.0000000000
134838  -17.461  36.147  -33.248 0.0000000000
134847  -17.309  37.234  -33.207 0.0000000000
134848  -17.659  36.742  -33.712 0.0000000000
134856  -18.247  36.699  -34.851 0.0000000000
134857  -18.560  36.239  -35.026 0.0000000000
134863  -18.345  37.043  -35.920 0.0000000000
134864  -18.661  36.273  -35.472 0.0000000000
134869  -18.159  37.091  -36.969 0.0000000000
134870  -18.743  36.386  -36.446 0.0000000000
134875  -17.811  36.936  -37.910 0.0000000000
134876  -18.563  36.408  -37.478 0.0000000000
134882  -16.544  36.841  -39.221 0.0000000000
134883  -17.228  36.699  -38.728 0.0000000000
134884  -18.152  36.219  -38.425 0.0000000000
134891  -15.447  36.733  -40.479 0.0000000000
134892  -16.037  36.551  -39.881 0.0000000000
135903  -14.245  37.520  -31.313 0.0000000000
135904  -15.321  37.526  -31.434 0.0000000000
135905  -16.018  37.853  -31.614 0.0000000000
135916  -16.021  37.192  -31.714 0.0000000000
135917  -16.519  37.565  -32.159 0.0000000000
135926  -17.059  37.741  -32.833 0.0000000000
135927  -17.419  37.828  -33.529 0.0000000000
135937  -17.727  37.742  -34.423 0.0000000000
135946  -17.929  37.749  -35.432 0.0000000000
135955  -17.811  37.783  -36.456 0.0000000000
135963  -16.753  38.063  -37.898 0.0000000000
135964  -17.321  37.709  -37.557 0.0000000000
135970  -15.828  38.020  -39.050 0.0000000000
135971  -16.479  37.611  -38.611 0.0000000000
135972  -17.210  37.243  -38.192 0.0000000000
135979  -15.601  37.494  -39.698 0.0000000000
135980  -16.158  37.122  -39.340 0.0000000000
135989  -14.993  37.280  -40.822 0.0000000000
136002  -14.810  37.015  -41.820 0.0000000000
136931  -14.704  38.554  -31.346 0.0000000000
136932  -15.637  38.543  -31.485 0.0000000000
136933  -16.314  38.484  -31.815 0.0000000000
136945  -16.782  38.506  -32.340 0.0000000000
136956  -17.225  38.688  -33.035 0.0000000000
136957  -17.528  38.843  -34.010 0.0000000000
136974  -17.655  38.640  -35.036 0.0000000000
136991  -17.591  38.548  -35.991 0.0000000000
137005  -16.765  39.017  -37.256 0.0000000000
137006  -17.263  38.438  -36.869 0.0000000000
137018  -16.372  38.614  -38.001 0.0000000000
137019  -16.884  38.356  -37.497 0.0000000000
137031  -15.422  38.625  -39.364 0.0000000000
137032  -15.943  38.427  -38.682 0.0000000000
137040  -14.872  38.257  -40.355 0.0000000000
137054  -14.132  38.677  -41.968 0.0000000000
137055  -14.527  37.979  -41.390 0.0000000000
137069  -14.523  38.743  -42.688 0.0000000000
137070  -14.589  37.874  -42.328 0.0000000000
137082  -14.852  38.924  -43.047 0.0000000000
137083  -15.302  38.248  -42.957 0.0000000000
137915  -15.244  39.382  -31.467 0.0000000000
137916  -16.101  39.447  -31.719 0.0000000000
137917  -16.560  39.006  -32.001 0.0000000000
137935  -16.384  40.052  -32.027 0.0000000000
137936  -16.811  39.563  -32.426 0.0000000000
137958  -17.322  39.648  -33.345 0.0000000000
137959  -17.482  39.793  -34.070 0.0000000000
137978  -17.534  39.563  -34.774 0.0000000000
137995  -17.456  39.399  -35.655 0.0000000000
138011  -16.768  39.921  -37.056 0.0000000000
138012  -17.182  39.238  -36.509 0.0000000000
138024  -16.321  39.625  -37.799 0.0000000000
138039  -15.236  39.609  -39.314 0.0000000000
138040  -15.782  39.356  -38.585 0.0000000000
138054  -14.845  39.295  -40.051 0.0000000000
138070  -13.946  39.475  -41.741 0.0000000000
138071  -14.276  39.070  -40.991 0.0000000000
138085  -14.065  39.420  -42.423 0.0000000000
138086  -16.904  39.626  -42.178 0.0000000000
138099  -14.509  39.589  -43.052 0.0000000000
138100  -15.227  39.298  -43.166 0.0000000000
138101  -16.169  39.309  -42.868 0.0000000000
138115  -14.580  40.140  -43.285 0.0000000000
138116  -14.993  40.018  -43.354 0.0000000000
138117  -15.592  39.931  -43.213 0.0000000000
138911  -15.085  40.144  -31.558 0.0000000000
138912  -15.576  39.887  -31.595 0.0000000000
138930  -16.586  40.598  -32.379 0.0000000000
138945  -17.099  40.496  -32.996 0.0000000000
138946  -17.384  40.477  -33.755 0.0000000000
138952  -17.478  40.420  -34.545 0.0000000000
138960  -17.414  40.285  -35.389 0.0000000000
138968  -16.806  40.866  -36.837 0.0000000000
138969  -17.163  40.122  -36.245 0.0000000000
138977  -15.740  40.862  -38.284 0.0000000000
138978  -16.268  40.668  -37.667 0.0000000000
138987  -15.354  40.440  -38.860 0.0000000000
138988  -15.921  40.194  -38.250 0.0000000000
139000  -14.295  40.570  -40.473 0.0000000000
139001  -14.782  40.338  -39.799 0.0000000000
139015  -13.994  40.200  -41.197 0.0000000000
139016  -14.436  39.892  -40.497 0.0000000000
139029  -13.753  40.185  -42.104 0.0000000000
139030  -16.682  40.326  -42.421 0.0000000000
139043  -13.999  40.107  -42.705 0.0000000000
139044  -16.138  40.408  -43.036 0.0000000000
139055  -14.202  40.423  -43.138 0.0000000000
139056  -14.650  40.631  -43.467 0.0000000000
139057  -15.439  40.754  -43.452 0.0000000000
139909  -15.847  41.557  -38.041 0.0000000000
139924  -15.374  41.447  -38.685 0.0000000000
139939  -14.409  41.236  -40.115 0.0000000000
139940  -14.880  41.295  -39.375 0.0000000000
139952  -13.993  41.187  -40.878 0.0000000000
139965  -13.443  41.345  -42.265 0.0000000000
139966  -13.635  41.107  -41.787 0.0000000000
139967  -16.575  41.012  -42.683 0.0000000000
139980  -13.353  41.511  -42.448 0.0000000000
139981  -13.613  41.027  -42.672 0.0000000000
139982  -16.195  41.280  -43.188 0.0000000000
139983  -16.708  41.810  -42.652 0.0000000000
139992  -14.044  41.195  -43.396 0.0000000000
139993  -14.741  41.462  -43.730 0.0000000000
139994  -15.628  41.792  -43.604 0.0000000000
140890  -14.591  42.078  -39.881 0.0000000000
140891  -15.064  42.186  -39.180 0.0000000000
140904  -14.188  41.903  -40.531 0.0000000000
140917  -13.391  41.784  -42.103 0.0000000000
140918  -13.774  42.097  -41.327 0.0000000000
140928  -13.222  41.939  -42.682 0.0000000000
140929  -13.507  41.682  -43.213 0.0000000000
140930  -16.325  42.090  -43.220 0.0000000000
140931  -16.824  42.844  -42.772 0.0000000000
140936  -13.278  42.299  -43.241 0.0000000000
140937  -13.879  42.182  -43.693 0.0000000000
140938  -14.878  42.502  -43.933 0.0000000000
140939  -15.962  42.868  -43.565 0.0000000000
140940  -16.573  43.557  -43.158 0.0000000000
141812  -14.268  42.853  -40.523 0.0000000000
141824  -13.364  42.721  -42.103 0.0000000000
141825  -13.782  43.073  -41.359 0.0000000000
141836  -13.142  42.754  -42.825 0.0000000000
141843  -13.321  43.079  -43.382 0.0000000000
141844  -13.945  43.362  -44.000 0.0000000000
141845  -15.057  43.610  -44.054 0.0000000000
141846  -16.024  43.903  -43.632 0.0000000000
141847  -16.704  44.325  -43.175 0.0000000000
141851  -14.251  44.062  -44.194 0.0000000000
141852  -14.724  44.393  -44.188 0.0000000000
142812  -13.528  43.642  -41.783 0.0000000000
142818  -13.181  43.758  -42.613 0.0000000000
142824  -13.118  44.225  -43.592 0.0000000000
142825  -13.654  44.240  -44.099 0.0000000000
142826  -15.445  44.463  -44.003 0.0000000000
142827  -16.187  44.774  -43.649 0.0000000000
142835  -14.898  45.099  -44.198 0.0000000000
143845  -15.641  45.187  -43.993 0.0000000000
143846  -16.255  45.794  -43.765 0.0000000000
143857  -15.842  46.221  -44.006 0.0000000000
144887  -16.086  46.403  -43.898 0.0000000000
