#!ascii label  , from subject COLIN27_FS vox2ras=TkReg
1103
75831  -51.288  -11.028  2.839 0.0000000000
75832  -52.287  -10.958  2.872 0.0000000000
75833  -53.310  -10.944  2.860 0.0000000000
75834  -54.321  -10.965  2.840 0.0000000000
75835  -55.301  -11.037  2.838 0.0000000000
75852  -51.402  -10.970  1.951 0.0000000000
75853  -52.417  -10.821  1.958 0.0000000000
75854  -53.471  -10.748  1.940 0.0000000000
75855  -54.543  -10.729  1.961 0.0000000000
75856  -55.609  -10.729  2.042 0.0000000000
75857  -56.661  -10.803  2.031 0.0000000000
75873  -51.458  -10.771  1.124 0.0000000000
75874  -52.540  -10.636  1.114 0.0000000000
75875  -53.686  -10.525  0.997 0.0000000000
75876  -54.890  -10.512  1.164 0.0000000000
75877  -55.928  -10.505  1.221 0.0000000000
75878  -56.897  -10.504  1.187 0.0000000000
75879  -57.656  -10.457  1.053 0.0000000000
75890  -50.308  -10.720  0.231 0.0000000000
75891  -51.583  -10.417  0.437 0.0000000000
75892  -52.628  -10.269  0.371 0.0000000000
75893  -53.451  -10.160  0.225 0.0000000000
75905  -49.345  -10.661  -0.589 0.0000000000
75906  -50.181  -10.274  -0.478 0.0000000000
77100  -54.323  -10.220  0.392 0.0000000000
77101  -55.319  -10.236  0.470 0.0000000000
77102  -56.287  -10.226  0.492 0.0000000000
77103  -57.195  -10.199  0.483 0.0000000000
77104  -58.076  -10.181  0.518 0.0000000000
77123  -50.913  -10.235  -0.146 0.0000000000
77124  -51.761  -9.970  -0.189 0.0000000000
77125  -52.821  -9.772  -0.329 0.0000000000
77126  -53.868  -9.814  -0.232 0.0000000000
77127  -54.818  -9.834  -0.164 0.0000000000
77128  -55.779  -9.849  -0.153 0.0000000000
77129  -56.729  -9.836  -0.143 0.0000000000
77130  -57.667  -9.809  -0.122 0.0000000000
77131  -58.621  -9.831  -0.112 0.0000000000
77132  -59.605  -9.912  -0.113 0.0000000000
77151  -48.997  -10.360  -1.169 0.0000000000
77152  -49.622  -9.969  -1.168 0.0000000000
77153  -50.819  -9.731  -0.798 0.0000000000
77154  -51.933  -9.474  -0.844 0.0000000000
77155  -52.738  -9.314  -0.951 0.0000000000
77171  -48.675  -10.162  -1.852 0.0000000000
77172  -49.420  -9.581  -1.996 0.0000000000
78355  -50.675  -9.204  11.750 0.0000000000
78356  -51.135  -9.128  11.823 0.0000000000
78361  -49.848  -9.248  10.765 0.0000000000
78362  -50.514  -9.327  11.018 0.0000000000
78363  -51.112  -9.236  11.321 0.0000000000
78367  -49.782  -9.227  10.252 0.0000000000
78368  -50.350  -9.332  10.191 0.0000000000
78369  -51.014  -9.338  10.550 0.0000000000
78373  -50.749  -9.346  9.803 0.0000000000
78374  -50.899  -9.364  10.068 0.0000000000
78380  -56.511  -9.541  6.799 0.0000000000
78381  -57.430  -9.522  6.988 0.0000000000
78382  -58.341  -9.348  7.073 0.0000000000
78383  -58.818  -9.244  7.072 0.0000000000
78386  -56.383  -9.450  6.208 0.0000000000
78387  -57.012  -9.482  5.945 0.0000000000
78388  -58.035  -9.439  6.278 0.0000000000
78389  -58.974  -9.364  6.539 0.0000000000
78390  -59.821  -9.336  6.340 0.0000000000
78391  -60.215  -9.284  6.094 0.0000000000
78394  -57.212  -9.123  5.330 0.0000000000
78395  -57.816  -9.238  5.496 0.0000000000
78396  -58.675  -9.328  5.675 0.0000000000
78397  -59.517  -9.385  5.825 0.0000000000
78398  -59.986  -9.385  5.930 0.0000000000
78451  -53.506  -9.390  -0.804 0.0000000000
78452  -54.405  -9.417  -0.738 0.0000000000
78453  -55.337  -9.403  -0.758 0.0000000000
78454  -56.308  -9.410  -0.788 0.0000000000
78455  -57.279  -9.411  -0.766 0.0000000000
78456  -58.257  -9.411  -0.786 0.0000000000
78457  -59.263  -9.462  -0.809 0.0000000000
78462  -64.071  -9.276  -0.681 0.0000000000
78472  -50.296  -9.356  -1.686 0.0000000000
78473  -51.301  -9.155  -1.468 0.0000000000
78474  -52.303  -8.973  -1.511 0.0000000000
78475  -53.240  -8.986  -1.381 0.0000000000
78476  -54.093  -9.022  -1.291 0.0000000000
78477  -54.932  -9.042  -1.291 0.0000000000
78478  -55.898  -8.924  -1.554 0.0000000000
78479  -56.951  -9.018  -1.441 0.0000000000
78480  -57.897  -9.005  -1.420 0.0000000000
78481  -58.947  -8.940  -1.563 0.0000000000
78484  -61.948  -9.011  -1.292 0.0000000000
78485  -62.854  -9.023  -1.260 0.0000000000
78486  -63.554  -9.001  -1.138 0.0000000000
78493  -48.845  -9.571  -2.768 0.0000000000
78494  -49.900  -9.057  -2.665 0.0000000000
78495  -50.928  -8.817  -2.226 0.0000000000
78496  -51.710  -8.762  -1.983 0.0000000000
78497  -56.183  -8.618  -2.159 0.0000000000
78498  -56.772  -8.663  -2.114 0.0000000000
78499  -57.657  -8.657  -2.084 0.0000000000
78500  -58.405  -8.653  -2.007 0.0000000000
78514  -47.453  -9.858  -3.616 0.0000000000
78515  -48.201  -9.425  -3.744 0.0000000000
78516  -49.228  -9.025  -3.541 0.0000000000
78527  -47.337  -9.345  -4.201 0.0000000000
78528  -48.018  -9.026  -4.592 0.0000000000
79681  -48.302  -7.927  13.047 0.0000000000
79682  -48.698  -8.094  13.162 0.0000000000
79683  -49.617  -8.441  13.297 0.0000000000
79684  -50.681  -8.590  13.270 0.0000000000
79685  -51.635  -8.493  13.173 0.0000000000
79686  -52.370  -8.351  13.045 0.0000000000
79693  -48.194  -8.056  12.585 0.0000000000
79694  -48.966  -8.620  12.446 0.0000000000
79695  -50.035  -9.029  12.354 0.0000000000
79696  -51.128  -8.968  12.406 0.0000000000
79697  -51.975  -8.682  12.417 0.0000000000
79698  -52.770  -8.393  12.406 0.0000000000
79701  -48.317  -8.357  11.609 0.0000000000
79702  -49.223  -8.979  11.374 0.0000000000
79703  -50.054  -9.243  11.471 0.0000000000
79704  -51.563  -8.996  11.764 0.0000000000
79705  -52.282  -8.760  11.622 0.0000000000
79706  -53.137  -8.434  11.519 0.0000000000
79707  -65.072  -8.015  11.846 0.0000000000
79709  -48.520  -8.394  10.604 0.0000000000
79710  -49.259  -8.918  10.250 0.0000000000
79711  -49.755  -9.133  9.814 0.0000000000
79712  -51.685  -9.158  10.951 0.0000000000
79713  -52.531  -8.926  10.653 0.0000000000
79714  -53.615  -8.515  10.506 0.0000000000
79715  -54.460  -8.381  10.125 0.0000000000
79716  -65.210  -8.067  10.851 0.0000000000
79718  -48.737  -8.285  9.808 0.0000000000
79719  -49.267  -8.575  9.202 0.0000000000
79720  -50.284  -9.198  9.253 0.0000000000
79721  -51.469  -9.291  9.713 0.0000000000
79722  -52.844  -8.993  9.513 0.0000000000
79723  -53.948  -8.743  9.370 0.0000000000
79724  -55.177  -8.643  9.365 0.0000000000
79725  -56.303  -8.426  9.451 0.0000000000
79726  -56.960  -8.171  9.643 0.0000000000
79727  -65.235  -8.075  9.792 0.0000000000
79731  -52.139  -9.061  8.412 0.0000000000
79732  -53.294  -9.011  8.378 0.0000000000
79733  -54.374  -9.077  8.355 0.0000000000
79734  -55.255  -9.150  8.263 0.0000000000
79735  -56.098  -8.967  8.581 0.0000000000
79736  -57.248  -8.554  8.842 0.0000000000
79737  -58.423  -8.442  8.470 0.0000000000
79738  -59.433  -8.268  8.267 0.0000000000
79739  -60.365  -8.067  8.186 0.0000000000
79740  -60.875  -7.869  8.133 0.0000000000
79741  -65.271  -8.081  8.588 0.0000000000
79747  -53.803  -9.088  7.279 0.0000000000
79748  -54.876  -9.296  7.329 0.0000000000
79749  -55.851  -9.424  7.542 0.0000000000
79750  -56.826  -9.281  7.814 0.0000000000
79751  -57.865  -9.082  7.837 0.0000000000
79752  -58.919  -8.903  7.537 0.0000000000
79753  -60.005  -8.648  7.579 0.0000000000
79754  -61.100  -8.158  7.621 0.0000000000
79755  -61.793  -7.917  7.421 0.0000000000
79763  -55.713  -9.337  6.263 0.0000000000
79764  -56.369  -9.333  5.840 0.0000000000
79765  -59.064  -9.198  7.049 0.0000000000
79766  -59.570  -9.134  6.972 0.0000000000
79767  -60.616  -8.961  6.611 0.0000000000
79768  -61.982  -8.221  6.805 0.0000000000
79769  -62.650  -7.881  6.531 0.0000000000
79777  -58.423  -8.986  4.959 0.0000000000
79778  -59.321  -9.152  5.094 0.0000000000
79779  -60.335  -9.205  5.501 0.0000000000
79780  -61.608  -8.826  5.714 0.0000000000
79781  -62.710  -8.177  5.908 0.0000000000
79782  -63.170  -8.076  5.521 0.0000000000
79788  -59.022  -8.590  4.459 0.0000000000
79789  -59.964  -8.811  4.502 0.0000000000
79790  -61.189  -8.770  4.516 0.0000000000
79792  -62.939  -8.286  5.303 0.0000000000
79796  -61.637  -8.486  4.085 0.0000000000
79797  -61.902  -8.564  4.334 0.0000000000
79834  -64.873  -8.452  -0.269 0.0000000000
79835  -65.155  -8.889  0.096 0.0000000000
79842  -63.969  -8.747  -1.142 0.0000000000
79843  -64.466  -8.623  -0.799 0.0000000000
79844  -64.887  -8.859  -0.268 0.0000000000
79851  -52.326  -8.616  -2.161 0.0000000000
79852  -53.042  -8.654  -2.017 0.0000000000
79853  -53.890  -8.680  -1.900 0.0000000000
79854  -54.709  -8.742  -1.815 0.0000000000
79855  -55.261  -8.796  -1.726 0.0000000000
79856  -59.062  -8.517  -2.306 0.0000000000
79857  -59.852  -8.514  -2.213 0.0000000000
79858  -60.810  -8.499  -2.071 0.0000000000
79859  -61.722  -8.548  -1.918 0.0000000000
79860  -62.557  -8.569  -1.776 0.0000000000
79861  -63.438  -8.406  -1.627 0.0000000000
79862  -64.045  -8.449  -1.264 0.0000000000
79872  -50.017  -8.688  -3.469 0.0000000000
79873  -50.783  -8.523  -3.097 0.0000000000
79874  -51.818  -8.405  -2.728 0.0000000000
79875  -52.856  -8.323  -2.685 0.0000000000
79876  -53.750  -8.377  -2.593 0.0000000000
79877  -54.612  -8.461  -2.481 0.0000000000
79878  -55.567  -8.545  -2.340 0.0000000000
79879  -56.542  -8.441  -2.720 0.0000000000
79880  -57.471  -8.392  -2.831 0.0000000000
79881  -58.523  -8.352  -2.813 0.0000000000
79882  -59.621  -8.175  -2.965 0.0000000000
79883  -60.690  -7.971  -2.886 0.0000000000
79884  -61.597  -8.041  -2.564 0.0000000000
79885  -62.375  -8.146  -2.296 0.0000000000
79886  -62.871  -8.239  -2.028 0.0000000000
79898  -48.784  -8.788  -4.359 0.0000000000
79899  -49.678  -8.509  -4.141 0.0000000000
79900  -50.566  -8.276  -3.904 0.0000000000
79901  -51.618  -8.045  -3.730 0.0000000000
79902  -52.658  -8.005  -3.445 0.0000000000
79903  -53.626  -8.063  -3.347 0.0000000000
79904  -54.543  -8.177  -3.258 0.0000000000
79905  -55.277  -8.287  -3.078 0.0000000000
79906  -56.138  -8.242  -3.336 0.0000000000
79907  -57.153  -8.155  -3.564 0.0000000000
79908  -58.182  -8.016  -3.660 0.0000000000
79909  -59.229  -7.787  -3.666 0.0000000000
79910  -60.236  -7.530  -3.531 0.0000000000
79923  -48.324  -8.428  -4.996 0.0000000000
79924  -49.285  -8.143  -4.900 0.0000000000
79925  -50.235  -7.986  -4.585 0.0000000000
79926  -51.112  -7.788  -4.397 0.0000000000
79936  -48.627  -7.760  -5.352 0.0000000000
79937  -49.322  -7.542  -5.312 0.0000000000
80942  -50.042  -7.158  14.398 0.0000000000
80943  -50.921  -7.258  14.441 0.0000000000
80944  -51.885  -7.370  14.421 0.0000000000
80945  -52.846  -7.477  14.287 0.0000000000
80946  -53.759  -7.417  14.037 0.0000000000
80947  -54.291  -7.321  13.870 0.0000000000
80948  -59.570  -6.982  13.987 0.0000000000
80949  -59.717  -7.104  13.747 0.0000000000
80955  -47.666  -6.847  13.172 0.0000000000
80956  -48.129  -7.444  13.254 0.0000000000
80957  -49.197  -7.563  13.920 0.0000000000
80958  -50.289  -7.932  13.999 0.0000000000
80959  -51.291  -8.016  13.923 0.0000000000
80960  -52.222  -8.019  13.759 0.0000000000
80961  -53.149  -7.999  13.364 0.0000000000
80962  -54.156  -7.627  13.268 0.0000000000
80963  -54.960  -7.377  13.059 0.0000000000
80964  -55.781  -7.142  13.024 0.0000000000
80965  -56.674  -6.912  13.023 0.0000000000
80966  -57.665  -6.883  13.134 0.0000000000
80967  -58.888  -7.031  13.491 0.0000000000
80968  -59.958  -7.292  13.221 0.0000000000
80969  -60.698  -7.218  12.826 0.0000000000
80976  -47.437  -7.018  12.716 0.0000000000
80977  -47.686  -7.553  12.498 0.0000000000
80978  -53.642  -8.085  12.416 0.0000000000
80979  -54.496  -7.745  12.340 0.0000000000
80980  -55.328  -7.483  12.273 0.0000000000
80981  -56.195  -7.293  12.268 0.0000000000
80982  -57.112  -7.168  12.308 0.0000000000
80983  -58.105  -7.215  12.406 0.0000000000
80984  -59.111  -7.424  12.418 0.0000000000
80985  -60.077  -7.460  12.232 0.0000000000
80986  -61.006  -7.145  12.059 0.0000000000
80990  -47.264  -7.177  11.979 0.0000000000
80991  -47.711  -7.733  11.798 0.0000000000
80992  -54.027  -8.116  11.523 0.0000000000
80993  -54.853  -7.827  11.499 0.0000000000
80994  -55.706  -7.626  11.476 0.0000000000
80995  -56.584  -7.470  11.524 0.0000000000
80996  -57.475  -7.402  11.561 0.0000000000
80997  -58.392  -7.474  11.563 0.0000000000
80998  -59.329  -7.571  11.473 0.0000000000
80999  -60.286  -7.473  11.293 0.0000000000
81000  -61.201  -7.055  11.027 0.0000000000
81001  -65.009  -7.257  12.092 0.0000000000
81003  -47.404  -7.179  11.301 0.0000000000
81004  -47.833  -7.592  10.800 0.0000000000
81005  -54.425  -8.158  10.846 0.0000000000
81006  -55.218  -8.071  10.589 0.0000000000
81007  -56.129  -7.798  10.757 0.0000000000
81008  -56.947  -7.644  10.812 0.0000000000
81009  -57.770  -7.579  10.799 0.0000000000
81010  -58.627  -7.632  10.722 0.0000000000
81011  -59.536  -7.637  10.570 0.0000000000
81012  -60.469  -7.460  10.349 0.0000000000
81013  -61.343  -7.055  10.035 0.0000000000
81014  -65.115  -7.342  11.215 0.0000000000
81016  -48.262  -7.598  9.915 0.0000000000
81017  -48.621  -7.631  9.159 0.0000000000
81018  -55.865  -8.187  10.068 0.0000000000
81019  -56.563  -8.007  10.151 0.0000000000
81020  -57.271  -7.851  10.169 0.0000000000
81021  -58.004  -7.788  10.067 0.0000000000
81022  -58.829  -7.747  9.887 0.0000000000
81023  -59.744  -7.708  9.696 0.0000000000
81024  -60.661  -7.498  9.455 0.0000000000
81025  -61.522  -7.089  9.138 0.0000000000
81026  -62.031  -6.871  8.740 0.0000000000
81027  -65.138  -7.337  10.240 0.0000000000
81030  -57.506  -8.064  9.599 0.0000000000
81031  -58.147  -8.031  9.297 0.0000000000
81032  -59.057  -7.908  9.043 0.0000000000
81033  -60.004  -7.845  8.876 0.0000000000
81034  -60.891  -7.632  8.627 0.0000000000
81035  -61.633  -7.290  8.453 0.0000000000
81036  -62.307  -6.965  8.236 0.0000000000
81037  -65.152  -7.243  9.148 0.0000000000
81041  -61.249  -7.685  8.131 0.0000000000
81042  -61.852  -7.549  7.843 0.0000000000
81043  -62.654  -7.147  7.610 0.0000000000
81044  -63.163  -6.988  7.285 0.0000000000
81045  -64.694  -6.681  7.396 0.0000000000
81046  -65.049  -7.012  7.776 0.0000000000
81053  -62.224  -7.676  7.348 0.0000000000
81054  -62.766  -7.497  6.978 0.0000000000
81055  -63.528  -7.086  6.853 0.0000000000
81056  -64.369  -6.948  6.860 0.0000000000
81057  -65.093  -7.579  6.426 0.0000000000
81066  -63.063  -7.630  6.444 0.0000000000
81067  -63.548  -7.650  6.010 0.0000000000
81068  -64.349  -7.691  5.647 0.0000000000
81078  -60.376  -8.411  3.940 0.0000000000
81080  -63.328  -8.243  4.890 0.0000000000
81081  -64.308  -8.089  4.468 0.0000000000
81088  -60.105  -7.816  3.430 0.0000000000
81089  -61.096  -8.211  3.662 0.0000000000
81090  -62.301  -8.316  3.922 0.0000000000
81091  -63.425  -8.080  3.584 0.0000000000
81092  -64.322  -8.033  3.270 0.0000000000
81102  -60.645  -7.643  3.136 0.0000000000
81103  -61.408  -7.736  3.010 0.0000000000
81104  -62.456  -7.740  2.781 0.0000000000
81105  -63.481  -7.602  2.365 0.0000000000
81106  -64.441  -7.831  2.147 0.0000000000
81122  -63.839  -7.334  1.420 0.0000000000
81123  -64.545  -7.675  0.987 0.0000000000
81124  -65.118  -8.349  0.855 0.0000000000
81137  -64.774  -7.890  0.028 0.0000000000
81138  -65.117  -8.496  0.246 0.0000000000
81148  -63.967  -7.447  -1.284 0.0000000000
81149  -64.505  -7.961  -0.768 0.0000000000
81156  -63.540  -7.646  -1.859 0.0000000000
81157  -64.091  -8.072  -1.348 0.0000000000
81167  -61.019  -7.401  -3.404 0.0000000000
81168  -61.540  -7.514  -3.084 0.0000000000
81169  -62.300  -7.467  -2.786 0.0000000000
81170  -62.977  -7.857  -2.233 0.0000000000
81177  -51.873  -7.624  -4.405 0.0000000000
81178  -52.572  -7.660  -4.214 0.0000000000
81179  -53.496  -7.722  -4.112 0.0000000000
81180  -54.468  -7.841  -4.067 0.0000000000
81181  -55.545  -7.965  -3.979 0.0000000000
81182  -56.728  -7.843  -4.225 0.0000000000
81199  -49.978  -7.530  -5.085 0.0000000000
81200  -50.783  -7.384  -4.887 0.0000000000
81201  -51.619  -7.291  -4.855 0.0000000000
81202  -52.447  -7.303  -4.861 0.0000000000
81203  -53.326  -7.351  -4.810 0.0000000000
81204  -54.277  -7.428  -4.772 0.0000000000
81205  -55.280  -7.477  -4.741 0.0000000000
81206  -56.318  -7.452  -4.801 0.0000000000
81220  -48.128  -7.184  -5.193 0.0000000000
81221  -48.981  -7.047  -5.349 0.0000000000
81222  -49.763  -6.993  -5.328 0.0000000000
81223  -50.524  -6.924  -5.250 0.0000000000
81224  -51.333  -6.865  -5.300 0.0000000000
81225  -52.174  -6.897  -5.410 0.0000000000
81226  -53.064  -6.894  -5.400 0.0000000000
81227  -53.999  -6.934  -5.309 0.0000000000
81228  -54.972  -7.038  -5.272 0.0000000000
81229  -55.955  -7.022  -5.214 0.0000000000
82234  -53.880  -6.301  15.285 0.0000000000
82246  -48.451  -6.040  14.080 0.0000000000
82247  -49.369  -6.442  14.401 0.0000000000
82248  -50.472  -6.438  14.702 0.0000000000
82249  -51.484  -6.533  14.872 0.0000000000
82250  -52.468  -6.734  14.914 0.0000000000
82251  -53.432  -6.888  14.763 0.0000000000
82252  -54.511  -6.899  14.425 0.0000000000
82253  -55.618  -6.543  14.507 0.0000000000
82266  -47.239  -6.293  13.032 0.0000000000
82267  -47.938  -6.532  13.571 0.0000000000
82268  -48.580  -6.833  13.931 0.0000000000
82269  -54.659  -7.260  13.685 0.0000000000
82270  -55.303  -7.017  13.755 0.0000000000
82271  -56.194  -6.757  13.766 0.0000000000
82272  -57.129  -6.579  13.780 0.0000000000
82273  -58.057  -6.612  13.902 0.0000000000
82274  -58.649  -6.687  14.078 0.0000000000
82275  -60.702  -7.074  13.373 0.0000000000
82276  -61.578  -6.649  13.132 0.0000000000
82277  -62.607  -5.810  13.586 0.0000000000
82278  -64.706  -6.187  12.715 0.0000000000
82285  -46.921  -6.530  12.178 0.0000000000
82286  -61.947  -6.541  11.783 0.0000000000
82287  -62.653  -5.971  12.532 0.0000000000
82288  -64.674  -6.250  11.954 0.0000000000
82289  -64.860  -6.661  12.352 0.0000000000
82293  -47.003  -6.576  11.342 0.0000000000
82294  -62.081  -6.519  10.624 0.0000000000
82295  -63.050  -5.923  11.312 0.0000000000
82296  -63.739  -5.828  11.183 0.0000000000
82297  -64.643  -6.308  11.193 0.0000000000
82298  -64.915  -6.729  11.582 0.0000000000
82300  -47.397  -6.621  10.639 0.0000000000
82301  -47.875  -6.704  9.969 0.0000000000
82302  -62.102  -6.647  9.619 0.0000000000
82303  -62.952  -6.293  10.024 0.0000000000
82304  -63.877  -5.948  10.459 0.0000000000
82305  -64.531  -6.290  10.427 0.0000000000
82306  -64.920  -6.742  10.726 0.0000000000
82308  -48.351  -6.688  9.320 0.0000000000
82310  -62.078  -6.736  9.082 0.0000000000
82311  -62.734  -6.538  8.886 0.0000000000
82312  -63.686  -6.165  9.263 0.0000000000
82313  -64.392  -6.256  9.529 0.0000000000
82314  -64.859  -6.698  9.790 0.0000000000
82317  -63.011  -6.648  7.968 0.0000000000
82318  -63.660  -6.366  8.274 0.0000000000
82319  -64.328  -6.308  8.590 0.0000000000
82320  -64.801  -6.594  8.807 0.0000000000
82323  -63.131  -6.803  7.564 0.0000000000
82324  -63.643  -6.624  7.462 0.0000000000
82325  -64.387  -6.504  7.685 0.0000000000
82326  -64.728  -6.481  8.174 0.0000000000
82330  -63.953  -6.694  7.060 0.0000000000
82331  -64.140  -6.576  7.240 0.0000000000
82363  -61.531  -7.228  2.216 0.0000000000
82364  -62.476  -7.204  1.886 0.0000000000
82365  -63.136  -7.153  1.512 0.0000000000
82382  -62.500  -6.837  1.079 0.0000000000
82383  -63.262  -6.929  0.823 0.0000000000
82384  -63.887  -7.151  0.647 0.0000000000
82401  -63.427  -6.781  0.018 0.0000000000
82402  -64.157  -7.237  0.008 0.0000000000
82415  -63.593  -6.862  -0.913 0.0000000000
82416  -64.265  -7.444  -0.618 0.0000000000
82424  -62.669  -6.387  -1.680 0.0000000000
82425  -63.339  -6.953  -1.892 0.0000000000
82436  -63.021  -7.290  -2.396 0.0000000000
82445  -62.054  -6.959  -3.171 0.0000000000
82468  -49.590  -6.396  -5.199 0.0000000000
82469  -50.335  -6.412  -5.354 0.0000000000
82470  -51.065  -6.364  -5.593 0.0000000000
82471  -51.840  -6.408  -5.869 0.0000000000
82472  -52.697  -6.419  -5.957 0.0000000000
82473  -53.621  -6.295  -5.807 0.0000000000
82474  -54.562  -6.432  -5.417 0.0000000000
82488  -50.279  -5.961  -5.328 0.0000000000
82489  -50.836  -5.851  -5.691 0.0000000000
82490  -51.520  -5.798  -6.132 0.0000000000
82491  -52.294  -5.863  -6.430 0.0000000000
82492  -53.071  -5.821  -6.350 0.0000000000
82493  -53.591  -5.659  -6.113 0.0000000000
83443  -42.728  -4.608  21.542 0.0000000000
83454  -41.890  -4.518  20.634 0.0000000000
83455  -42.877  -4.262  20.869 0.0000000000
83463  -41.816  -4.227  20.000 0.0000000000
83533  -48.250  -5.374  14.124 0.0000000000
83534  -48.948  -5.468  14.481 0.0000000000
83535  -49.961  -5.615  14.828 0.0000000000
83536  -51.005  -5.739  15.116 0.0000000000
83537  -52.115  -5.738  15.443 0.0000000000
83538  -52.995  -6.261  15.273 0.0000000000
83547  -46.448  -5.081  12.932 0.0000000000
83548  -46.847  -5.413  13.134 0.0000000000
83549  -47.693  -5.647  13.713 0.0000000000
83558  -46.304  -5.193  12.492 0.0000000000
83559  -46.607  -5.810  12.368 0.0000000000
83560  -63.283  -5.542  13.116 0.0000000000
83561  -63.899  -5.585  12.731 0.0000000000
83562  -64.377  -5.845  12.330 0.0000000000
83566  -46.256  -5.251  11.712 0.0000000000
83567  -46.578  -5.914  11.509 0.0000000000
83568  -63.366  -5.649  12.284 0.0000000000
83569  -63.875  -5.675  11.777 0.0000000000
83570  -64.358  -5.957  11.560 0.0000000000
83572  -46.447  -5.234  11.013 0.0000000000
83573  -46.927  -5.699  10.615 0.0000000000
83574  -47.594  -5.764  9.979 0.0000000000
83575  -64.044  -5.893  11.190 0.0000000000
83576  -64.303  -6.067  10.962 0.0000000000
83578  -48.221  -5.739  9.469 0.0000000000
83746  -50.624  -5.412  -5.540 0.0000000000
83747  -51.184  -5.191  -6.141 0.0000000000
83748  -51.947  -5.061  -6.782 0.0000000000
83749  -52.709  -5.284  -6.769 0.0000000000
83750  -53.326  -5.158  -6.510 0.0000000000
83751  -53.686  -5.230  -6.025 0.0000000000
83765  -52.214  -4.582  -7.071 0.0000000000
83766  -52.531  -4.745  -7.051 0.0000000000
83767  -52.979  -4.802  -6.882 0.0000000000
84839  -43.609  -4.187  21.255 0.0000000000
84852  -42.552  -4.061  20.349 0.0000000000
84853  -43.354  -3.772  20.742 0.0000000000
84854  -43.989  -3.746  21.216 0.0000000000
84862  -41.394  -4.107  19.440 0.0000000000
84863  -42.185  -3.698  19.815 0.0000000000
84864  -42.830  -3.580  20.269 0.0000000000
84877  -40.948  -3.809  18.762 0.0000000000
84878  -41.641  -3.560  19.289 0.0000000000
84892  -39.952  -4.612  17.337 0.0000000000
84893  -40.408  -3.779  17.909 0.0000000000
84910  -39.961  -4.547  16.389 0.0000000000
84911  -45.907  -5.511  15.757 0.0000000000
84931  -40.309  -4.550  15.571 0.0000000000
84932  -41.007  -4.609  14.918 0.0000000000
84933  -42.084  -4.748  14.582 0.0000000000
84934  -43.446  -5.298  14.701 0.0000000000
84935  -44.578  -5.361  14.984 0.0000000000
84936  -45.795  -5.067  15.305 0.0000000000
84937  -46.898  -4.548  15.516 0.0000000000
84938  -47.590  -4.268  15.609 0.0000000000
84939  -49.690  -4.608  15.339 0.0000000000
84940  -50.098  -4.699  15.453 0.0000000000
84953  -42.766  -4.706  14.430 0.0000000000
84954  -43.881  -5.107  14.686 0.0000000000
84955  -44.757  -5.191  14.879 0.0000000000
84956  -45.093  -4.020  14.253 0.0000000000
84957  -47.718  -4.603  14.231 0.0000000000
84958  -48.216  -4.801  14.380 0.0000000000
84959  -49.407  -4.762  15.025 0.0000000000
84960  -50.498  -5.103  15.262 0.0000000000
84961  -51.465  -5.242  15.508 0.0000000000
84965  -46.593  -4.934  13.268 0.0000000000
84966  -47.315  -4.855  13.878 0.0000000000
84967  -47.891  -5.113  13.991 0.0000000000
84972  -46.153  -4.788  12.769 0.0000000000
84976  -45.929  -4.632  11.923 0.0000000000
84978  -46.133  -4.523  11.055 0.0000000000
84979  -46.702  -4.625  10.397 0.0000000000
84980  -47.369  -4.834  9.948 0.0000000000
84982  -48.041  -4.847  9.597 0.0000000000
85112  -50.488  -5.175  -5.323 0.0000000000
85113  -50.863  -4.590  -5.741 0.0000000000
85114  -51.503  -4.406  -6.504 0.0000000000
85115  -53.221  -4.361  -6.522 0.0000000000
85116  -53.555  -4.754  -6.174 0.0000000000
85129  -51.987  -4.265  -6.966 0.0000000000
85130  -52.438  -4.206  -6.955 0.0000000000
85131  -52.796  -4.361  -6.866 0.0000000000
86181  -44.412  -3.501  21.424 0.0000000000
86197  -43.256  -3.040  20.450 0.0000000000
86198  -43.995  -3.239  21.052 0.0000000000
86199  -44.516  -3.206  21.398 0.0000000000
86213  -42.130  -2.962  19.433 0.0000000000
86214  -42.664  -3.163  19.976 0.0000000000
86228  -40.948  -3.030  18.220 0.0000000000
86229  -41.495  -3.153  18.891 0.0000000000
86240  -40.205  -3.520  17.044 0.0000000000
86241  -40.503  -3.211  17.644 0.0000000000
86253  -40.155  -3.645  16.111 0.0000000000
86265  -40.546  -3.573  15.389 0.0000000000
86266  -41.124  -3.431  14.811 0.0000000000
86267  -41.714  -3.651  14.460 0.0000000000
86268  -43.397  -2.555  14.059 0.0000000000
86269  -43.625  -2.485  13.870 0.0000000000
86270  -46.578  -4.382  14.828 0.0000000000
86271  -47.219  -4.241  15.012 0.0000000000
86272  -47.983  -4.174  15.236 0.0000000000
86281  -43.116  -3.709  14.196 0.0000000000
86282  -43.476  -3.451  13.959 0.0000000000
86283  -44.487  -3.348  13.740 0.0000000000
86284  -46.350  -4.373  13.878 0.0000000000
86285  -46.823  -4.409  14.314 0.0000000000
86286  -47.596  -4.398  14.496 0.0000000000
86287  -48.511  -4.354  14.946 0.0000000000
86288  -49.059  -4.391  15.234 0.0000000000
86291  -45.266  -3.370  12.893 0.0000000000
86292  -45.864  -4.162  12.882 0.0000000000
86293  -46.385  -4.560  13.476 0.0000000000
86294  -47.002  -4.531  14.067 0.0000000000
86299  -45.248  -2.579  12.924 0.0000000000
86300  -45.407  -3.444  11.807 0.0000000000
86301  -45.718  -4.239  12.365 0.0000000000
86306  -45.405  -2.905  11.315 0.0000000000
86307  -45.666  -3.580  11.215 0.0000000000
86309  -46.375  -3.622  10.396 0.0000000000
86310  -47.348  -3.699  9.798 0.0000000000
86311  -47.789  -4.282  9.668 0.0000000000
86313  -47.943  -3.182  9.560 0.0000000000
86428  -51.413  -3.550  -6.149 0.0000000000
86429  -51.993  -3.250  -6.568 0.0000000000
86430  -53.459  -3.599  -6.189 0.0000000000
86431  -53.791  -2.927  -5.977 0.0000000000
86440  -51.802  -3.797  -6.708 0.0000000000
86441  -52.311  -3.600  -6.771 0.0000000000
86442  -52.851  -3.637  -6.678 0.0000000000
87468  -45.142  -2.687  21.710 0.0000000000
87472  -43.278  -2.420  20.391 0.0000000000
87473  -43.721  -2.495  20.798 0.0000000000
87474  -44.516  -2.611  21.372 0.0000000000
87477  -42.291  -2.338  19.362 0.0000000000
87478  -42.789  -2.377  19.906 0.0000000000
87481  -41.137  -2.434  18.061 0.0000000000
87482  -41.719  -2.343  18.733 0.0000000000
87485  -40.350  -3.006  16.995 0.0000000000
87486  -40.664  -2.618  17.323 0.0000000000
87488  -40.351  -2.976  16.620 0.0000000000
87489  -40.674  -2.336  16.371 0.0000000000
87490  -41.777  -1.172  15.769 0.0000000000
87491  -42.209  -0.875  15.879 0.0000000000
87492  -43.135  -0.485  16.125 0.0000000000
87493  -43.598  -0.676  15.044 0.0000000000
87495  -40.416  -2.946  15.955 0.0000000000
87496  -40.831  -2.468  15.550 0.0000000000
87497  -41.371  -1.853  15.314 0.0000000000
87498  -42.759  -1.691  14.326 0.0000000000
87499  -43.236  -1.586  14.258 0.0000000000
87500  -44.762  -1.628  15.573 0.0000000000
87503  -44.390  -2.128  14.225 0.0000000000
87504  -44.509  -2.213  14.483 0.0000000000
87506  -44.434  -2.160  14.110 0.0000000000
87507  -44.671  -2.366  13.874 0.0000000000
87510  -45.016  -2.243  13.224 0.0000000000
87511  -45.389  -2.216  12.673 0.0000000000
87516  -45.297  -2.216  11.328 0.0000000000
87517  -45.586  -2.360  10.989 0.0000000000
87519  -46.103  -2.566  10.523 0.0000000000
87520  -46.842  -2.645  9.982 0.0000000000
87525  -54.828  -2.206  10.000 0.0000000000
87526  -55.688  -1.945  9.868 0.0000000000
87537  -55.153  -2.183  9.345 0.0000000000
87661  -51.993  -2.646  -6.194 0.0000000000
87662  -52.601  -2.757  -6.493 0.0000000000
87663  -53.344  -2.665  -6.357 0.0000000000
87664  -54.200  -2.180  -6.043 0.0000000000
87670  -52.614  -3.260  -6.696 0.0000000000
87671  -52.815  -3.075  -6.605 0.0000000000
88728  -44.407  -1.177  21.363 0.0000000000
88729  -45.122  -1.874  21.827 0.0000000000
88730  -46.157  -1.969  22.040 0.0000000000
88733  -43.324  -1.693  20.326 0.0000000000
88734  -43.971  -1.774  21.041 0.0000000000
88735  -44.489  -1.888  21.425 0.0000000000
88737  -42.529  -1.683  19.288 0.0000000000
88738  -42.896  -1.677  19.826 0.0000000000
88740  -41.379  -1.885  17.861 0.0000000000
88741  -42.095  -1.460  18.439 0.0000000000
88744  -41.188  -1.705  16.903 0.0000000000
88745  -41.899  -1.202  17.513 0.0000000000
88747  -41.115  -1.740  16.039 0.0000000000
88748  -41.888  -1.032  16.354 0.0000000000
88749  -43.089  -0.486  16.388 0.0000000000
88750  -44.152  -0.315  16.372 0.0000000000
88751  -45.186  -0.251  16.167 0.0000000000
88753  -41.154  -1.860  15.602 0.0000000000
88754  -41.378  -1.574  15.765 0.0000000000
88755  -44.883  -1.516  15.094 0.0000000000
88756  -45.050  -1.342  15.540 0.0000000000
88759  -44.493  -1.989  14.123 0.0000000000
88760  -44.766  -1.609  14.362 0.0000000000
88762  -44.514  -2.070  13.932 0.0000000000
88763  -44.811  -1.764  13.719 0.0000000000
88766  -45.238  -1.631  13.002 0.0000000000
88767  -45.439  -1.046  11.523 0.0000000000
88772  -45.588  -1.362  11.162 0.0000000000
88773  -46.003  -1.551  10.731 0.0000000000
88774  -54.800  -1.084  10.690 0.0000000000
88775  -55.715  -1.107  10.748 0.0000000000
88776  -56.692  -1.090  10.744 0.0000000000
88777  -57.672  -0.887  10.725 0.0000000000
88780  -46.583  -1.664  10.242 0.0000000000
88786  -54.423  -1.773  10.491 0.0000000000
88787  -55.296  -1.689  10.388 0.0000000000
88788  -56.217  -1.596  10.294 0.0000000000
88972  -53.248  -1.762  -6.310 0.0000000000
88973  -54.068  -1.509  -6.163 0.0000000000
88974  -55.126  -1.291  -5.807 0.0000000000
88975  -56.152  -0.526  -5.957 0.0000000000
89985  -45.485  -0.099  22.151 0.0000000000
89986  -45.924  -0.325  22.336 0.0000000000
89987  -46.934  -0.432  22.674 0.0000000000
89992  -44.432  -0.505  21.153 0.0000000000
89993  -45.052  -0.398  21.822 0.0000000000
89994  -45.729  -1.186  22.142 0.0000000000
89996  -43.343  -1.115  20.197 0.0000000000
89997  -43.823  -0.721  20.485 0.0000000000
89999  -42.755  -1.252  19.303 0.0000000000
90000  -43.066  -1.047  19.653 0.0000000000
90001  -43.731  -0.256  19.362 0.0000000000
90004  -42.680  -1.107  18.945 0.0000000000
90005  -43.161  -0.592  18.753 0.0000000000
90006  -43.846  -0.200  18.455 0.0000000000
90007  -45.240  -0.045  17.922 0.0000000000
90008  -45.620  -0.045  17.915 0.0000000000
90009  -46.464  -0.014  17.888 0.0000000000
90010  -47.323  0.082  17.787 0.0000000000
90013  -42.584  -0.880  18.153 0.0000000000
90014  -43.215  -0.467  17.901 0.0000000000
90015  -44.057  -0.211  17.686 0.0000000000
90016  -44.977  -0.107  17.576 0.0000000000
90017  -45.944  -0.113  17.235 0.0000000000
90018  -46.901  -0.014  17.125 0.0000000000
90019  -47.921  0.038  17.122 0.0000000000
90020  -48.626  0.220  16.863 0.0000000000
90022  -42.538  -0.761  17.374 0.0000000000
90023  -43.140  -0.469  17.064 0.0000000000
90024  -44.112  -0.263  16.900 0.0000000000
90025  -45.281  -0.256  16.570 0.0000000000
90026  -46.399  0.046  16.377 0.0000000000
90027  -47.336  0.230  16.332 0.0000000000
90028  -48.276  0.355  16.237 0.0000000000
90029  -48.991  0.338  16.423 0.0000000000
90031  -45.159  -1.157  15.124 0.0000000000
90032  -46.112  0.108  15.544 0.0000000000
90033  -46.874  0.472  15.541 0.0000000000
90034  -47.721  0.527  15.542 0.0000000000
90035  -48.413  0.573  15.491 0.0000000000
90038  -45.138  -1.134  14.760 0.0000000000
90039  -46.197  0.477  14.190 0.0000000000
90041  -45.126  -1.131  14.037 0.0000000000
90042  -46.005  0.420  13.104 0.0000000000
90045  -45.227  -1.175  13.407 0.0000000000
90046  -45.740  -0.080  12.080 0.0000000000
90047  -45.927  -0.113  11.695 0.0000000000
90056  -45.667  -0.595  11.502 0.0000000000
90057  -46.102  -0.551  11.152 0.0000000000
90058  -46.681  -0.398  10.849 0.0000000000
90059  -53.618  -0.037  10.626 0.0000000000
90060  -54.134  -0.256  10.727 0.0000000000
90061  -55.141  -0.342  10.971 0.0000000000
90062  -56.087  -0.448  11.123 0.0000000000
90063  -57.030  -0.447  11.205 0.0000000000
90064  -58.008  -0.361  11.235 0.0000000000
90071  -46.461  -0.942  10.615 0.0000000000
90078  -53.183  -0.413  10.582 0.0000000000
90079  -54.023  -1.083  10.658 0.0000000000
90311  -54.758  -0.506  -5.938 0.0000000000
90312  -55.694  -0.166  -6.111 0.0000000000
91274  -45.634  0.352  22.048 0.0000000000
91275  -46.445  0.732  22.479 0.0000000000
91276  -47.426  0.562  22.969 0.0000000000
91281  -44.620  0.110  20.839 0.0000000000
91282  -45.348  0.698  21.250 0.0000000000
91283  -46.042  1.154  21.695 0.0000000000
91286  -44.449  0.190  19.831 0.0000000000
91287  -45.307  0.691  20.169 0.0000000000
91288  -46.352  1.306  20.527 0.0000000000
91289  -47.166  1.523  20.244 0.0000000000
91290  -55.011  1.262  20.094 0.0000000000
91291  -55.480  1.193  20.199 0.0000000000
91294  -44.452  0.107  18.871 0.0000000000
91295  -45.219  0.434  19.165 0.0000000000
91296  -46.201  0.759  19.390 0.0000000000
91297  -47.507  1.098  19.490 0.0000000000
91298  -48.956  0.982  19.082 0.0000000000
91299  -50.164  0.949  19.011 0.0000000000
91300  -51.237  0.958  19.017 0.0000000000
91301  -52.229  0.964  19.078 0.0000000000
91302  -53.158  0.966  19.176 0.0000000000
91303  -54.000  0.950  19.283 0.0000000000
91304  -54.764  0.883  19.448 0.0000000000
91305  -55.543  0.876  19.707 0.0000000000
91306  -55.951  0.787  19.434 0.0000000000
91309  -44.487  -0.075  18.184 0.0000000000
91310  -45.098  0.077  18.264 0.0000000000
91311  -45.932  0.284  18.525 0.0000000000
91312  -46.960  0.423  18.539 0.0000000000
91313  -48.305  0.361  18.126 0.0000000000
91314  -49.718  0.519  18.203 0.0000000000
91315  -50.869  0.632  18.270 0.0000000000
91316  -51.883  0.678  18.360 0.0000000000
91317  -52.811  0.675  18.485 0.0000000000
91318  -53.680  0.703  18.595 0.0000000000
91319  -54.466  0.701  18.745 0.0000000000
91320  -55.284  0.682  18.845 0.0000000000
91321  -55.737  0.708  19.212 0.0000000000
91323  -44.592  -0.122  17.849 0.0000000000
91324  -44.802  -0.064  17.970 0.0000000000
91325  -48.568  0.158  17.329 0.0000000000
91326  -49.386  0.266  17.118 0.0000000000
91327  -50.590  0.445  17.373 0.0000000000
91328  -51.618  0.526  17.513 0.0000000000
91329  -52.557  0.566  17.687 0.0000000000
91330  -53.396  0.613  17.887 0.0000000000
91331  -54.279  0.677  17.927 0.0000000000
91332  -54.816  0.645  18.347 0.0000000000
91333  -61.672  0.779  16.731 0.0000000000
91337  -48.999  0.493  15.755 0.0000000000
91338  -49.686  0.447  16.081 0.0000000000
91339  -50.513  0.471  16.406 0.0000000000
91340  -51.421  0.528  16.638 0.0000000000
91341  -52.385  0.632  16.686 0.0000000000
91342  -53.250  0.708  17.177 0.0000000000
91343  -53.794  0.735  17.481 0.0000000000
91348  -46.619  0.578  14.559 0.0000000000
91349  -47.376  0.641  14.708 0.0000000000
91350  -48.188  0.661  14.821 0.0000000000
91351  -48.954  0.581  14.985 0.0000000000
91352  -49.727  0.596  15.222 0.0000000000
91353  -50.517  0.616  15.506 0.0000000000
91354  -51.469  0.717  15.692 0.0000000000
91355  -51.940  0.656  16.173 0.0000000000
91362  -46.412  0.624  13.513 0.0000000000
91363  -47.096  0.724  13.775 0.0000000000
91364  -47.960  0.725  13.938 0.0000000000
91365  -48.837  0.766  14.163 0.0000000000
91366  -49.638  0.740  14.433 0.0000000000
91367  -50.599  0.894  14.550 0.0000000000
91368  -51.109  0.808  15.101 0.0000000000
91375  -46.172  0.399  12.565 0.0000000000
91376  -46.814  0.630  12.810 0.0000000000
91377  -47.657  0.787  13.023 0.0000000000
91378  -48.758  0.956  13.062 0.0000000000
91379  -49.625  0.936  13.651 0.0000000000
91380  -50.129  0.917  14.007 0.0000000000
91381  -60.013  0.665  13.204 0.0000000000
91390  -46.015  0.157  12.041 0.0000000000
91391  -46.487  0.199  11.829 0.0000000000
91392  -47.357  0.659  12.090 0.0000000000
91393  -48.135  0.885  12.338 0.0000000000
91394  -55.037  1.017  11.782 0.0000000000
91395  -55.761  0.963  11.998 0.0000000000
91396  -56.647  0.835  12.196 0.0000000000
91397  -57.560  0.776  12.346 0.0000000000
91398  -58.495  0.789  12.471 0.0000000000
91399  -59.440  0.688  12.678 0.0000000000
91409  -46.589  -0.105  11.216 0.0000000000
91410  -47.243  0.168  11.040 0.0000000000
91411  -48.092  0.804  11.463 0.0000000000
91412  -52.832  0.853  10.634 0.0000000000
91413  -53.476  0.587  10.740 0.0000000000
91414  -54.518  0.653  11.204 0.0000000000
91415  -55.506  0.336  11.415 0.0000000000
91416  -56.402  0.236  11.567 0.0000000000
91417  -57.312  0.201  11.711 0.0000000000
91418  -58.237  0.270  11.838 0.0000000000
91419  -59.156  0.347  12.016 0.0000000000
91429  -52.263  0.649  10.538 0.0000000000
91430  -52.952  0.416  10.607 0.0000000000
91609  -57.166  1.011  -6.457 0.0000000000
92589  -48.707  1.650  23.376 0.0000000000
92593  -57.313  2.194  22.966 0.0000000000
92594  -57.589  2.191  22.907 0.0000000000
92605  -46.653  1.252  22.411 0.0000000000
92606  -47.077  1.454  22.492 0.0000000000
92607  -48.058  1.596  23.080 0.0000000000
92608  -55.820  2.594  21.856 0.0000000000
92609  -56.136  2.417  22.053 0.0000000000
92610  -56.988  2.149  22.535 0.0000000000
92611  -57.911  2.076  22.318 0.0000000000
92612  -58.630  2.174  21.940 0.0000000000
92613  -59.183  2.432  21.654 0.0000000000
92618  -46.581  1.446  22.087 0.0000000000
92619  -47.089  2.007  21.723 0.0000000000
92620  -47.600  2.260  21.241 0.0000000000
92621  -54.879  2.424  21.012 0.0000000000
92622  -55.439  2.411  21.385 0.0000000000
92623  -56.270  1.963  21.496 0.0000000000
92624  -57.128  1.770  21.548 0.0000000000
92625  -58.004  1.805  21.376 0.0000000000
92626  -58.850  1.971  21.179 0.0000000000
92627  -59.583  2.338  20.971 0.0000000000
92628  -60.017  2.454  20.554 0.0000000000
92630  -46.611  1.609  21.380 0.0000000000
92631  -47.196  1.847  20.834 0.0000000000
92632  -48.085  2.170  20.627 0.0000000000
92633  -49.017  2.203  20.273 0.0000000000
92634  -50.042  2.275  20.005 0.0000000000
92635  -51.139  2.200  19.868 0.0000000000
92636  -52.161  2.073  19.967 0.0000000000
92637  -53.188  2.040  20.124 0.0000000000
92638  -54.460  2.062  20.521 0.0000000000
92639  -55.555  1.635  20.663 0.0000000000
92640  -56.381  1.471  20.771 0.0000000000
92641  -57.209  1.459  20.639 0.0000000000
92642  -58.130  1.590  20.470 0.0000000000
92643  -59.059  1.774  20.326 0.0000000000
92644  -59.876  1.927  20.161 0.0000000000
92645  -60.457  2.275  19.895 0.0000000000
92646  -61.028  2.303  19.423 0.0000000000
92649  -47.680  1.660  20.214 0.0000000000
92650  -48.467  1.600  19.898 0.0000000000
92651  -49.550  1.562  19.651 0.0000000000
92652  -50.633  1.568  19.494 0.0000000000
92653  -51.675  1.513  19.510 0.0000000000
92654  -52.669  1.482  19.600 0.0000000000
92655  -53.639  1.465  19.742 0.0000000000
92656  -54.364  1.289  19.836 0.0000000000
92657  -55.849  1.185  20.275 0.0000000000
92658  -56.337  1.043  19.928 0.0000000000
92659  -57.256  1.201  19.688 0.0000000000
92660  -58.270  1.431  19.523 0.0000000000
92661  -59.244  1.605  19.397 0.0000000000
92662  -60.125  1.697  19.270 0.0000000000
92663  -60.891  1.808  19.092 0.0000000000
92664  -61.524  2.032  18.937 0.0000000000
92667  -55.559  0.698  18.533 0.0000000000
92668  -56.148  0.807  18.872 0.0000000000
92669  -57.374  1.126  18.655 0.0000000000
92670  -58.446  1.369  18.534 0.0000000000
92671  -59.465  1.444  18.443 0.0000000000
92672  -60.433  1.423  18.352 0.0000000000
92673  -61.345  1.429  18.344 0.0000000000
92677  -54.585  0.792  17.594 0.0000000000
92678  -55.225  0.768  17.928 0.0000000000
92679  -56.450  1.043  17.729 0.0000000000
92680  -57.593  1.276  17.609 0.0000000000
92681  -58.673  1.387  17.533 0.0000000000
92682  -59.726  1.322  17.455 0.0000000000
92683  -60.842  1.051  17.349 0.0000000000
92684  -61.938  1.071  17.630 0.0000000000
92689  -52.649  0.816  16.273 0.0000000000
92690  -53.103  0.919  16.430 0.0000000000
92691  -54.255  0.968  16.973 0.0000000000
92692  -55.576  1.237  16.786 0.0000000000
92693  -56.749  1.430  16.671 0.0000000000
92694  -57.869  1.528  16.604 0.0000000000
92695  -58.943  1.467  16.546 0.0000000000
92696  -59.949  1.212  16.455 0.0000000000
92697  -60.831  0.864  16.229 0.0000000000
92704  -51.915  0.949  15.378 0.0000000000
92705  -52.453  0.978  15.753 0.0000000000
92706  -53.689  1.306  15.735 0.0000000000
92707  -54.863  1.454  15.758 0.0000000000
92708  -55.980  1.637  15.687 0.0000000000
92709  -57.103  1.771  15.653 0.0000000000
92710  -58.228  1.703  15.635 0.0000000000
92711  -59.255  1.483  15.602 0.0000000000
92712  -60.149  1.124  15.527 0.0000000000
92713  -60.857  0.667  15.382 0.0000000000
92720  -51.198  1.271  14.041 0.0000000000
92721  -51.815  1.235  14.725 0.0000000000
92722  -53.178  1.560  14.729 0.0000000000
92723  -54.378  1.714  14.739 0.0000000000
92724  -55.397  1.759  14.673 0.0000000000
92725  -56.329  1.804  14.577 0.0000000000
92726  -57.594  1.795  14.685 0.0000000000
92727  -58.667  1.656  14.724 0.0000000000
92728  -59.617  1.348  14.735 0.0000000000
92729  -60.371  0.901  14.768 0.0000000000
92730  -60.869  0.469  14.781 0.0000000000
92736  -49.298  1.146  12.471 0.0000000000
92737  -49.774  1.194  12.817 0.0000000000
92738  -50.633  1.325  13.413 0.0000000000
92739  -51.765  1.648  13.458 0.0000000000
92740  -52.849  1.801  13.630 0.0000000000
92741  -54.033  1.893  13.689 0.0000000000
92742  -55.231  1.861  13.794 0.0000000000
92743  -56.189  1.672  13.662 0.0000000000
92744  -57.150  1.612  13.772 0.0000000000
92745  -58.181  1.568  13.853 0.0000000000
92746  -59.125  1.356  13.939 0.0000000000
92747  -60.025  0.955  13.952 0.0000000000
92748  -60.628  0.560  14.280 0.0000000000
92755  -48.912  1.126  11.945 0.0000000000
92756  -49.765  1.368  12.013 0.0000000000
92757  -50.585  1.541  12.235 0.0000000000
92758  -51.562  1.786  12.355 0.0000000000
92759  -52.674  1.937  12.441 0.0000000000
92760  -53.755  1.813  12.616 0.0000000000
92761  -54.893  1.578  12.616 0.0000000000
92762  -55.937  1.431  12.831 0.0000000000
92763  -56.878  1.302  12.945 0.0000000000
92764  -57.832  1.278  13.039 0.0000000000
92765  -58.766  1.197  13.169 0.0000000000
92766  -59.490  1.032  13.353 0.0000000000
92771  -48.862  1.031  10.949 0.0000000000
92772  -49.642  1.300  11.186 0.0000000000
92773  -50.501  1.491  11.323 0.0000000000
92774  -51.386  1.619  11.410 0.0000000000
92775  -52.505  1.519  11.170 0.0000000000
92776  -53.611  1.486  11.569 0.0000000000
92777  -54.389  1.376  11.912 0.0000000000
92780  -48.988  0.757  10.417 0.0000000000
92783  -51.298  1.270  10.680 0.0000000000
92784  -51.888  1.374  10.859 0.0000000000
92963  -57.179  1.814  -6.441 0.0000000000
93884  -58.037  3.184  24.779 0.0000000000
93885  -58.312  3.471  24.755 0.0000000000
93899  -56.247  2.946  24.116 0.0000000000
93900  -57.063  2.660  24.145 0.0000000000
93901  -57.852  2.717  24.105 0.0000000000
93902  -58.601  3.215  24.187 0.0000000000
93903  -59.062  3.520  23.875 0.0000000000
93915  -48.766  2.251  23.230 0.0000000000
93916  -49.478  2.673  23.583 0.0000000000
93918  -55.195  3.291  23.052 0.0000000000
93919  -55.941  2.819  23.288 0.0000000000
93920  -56.638  2.534  23.482 0.0000000000
93921  -57.337  2.337  23.339 0.0000000000
93922  -58.293  2.525  23.143 0.0000000000
93923  -59.131  3.209  23.039 0.0000000000
93924  -59.412  3.330  22.378 0.0000000000
93935  -47.617  2.254  22.223 0.0000000000
93936  -48.326  2.637  22.514 0.0000000000
93937  -49.038  3.056  22.818 0.0000000000
93938  -54.884  3.160  22.127 0.0000000000
93939  -55.682  2.783  22.270 0.0000000000
93940  -56.382  2.484  22.803 0.0000000000
93941  -56.839  2.342  23.067 0.0000000000
93942  -58.485  2.341  22.473 0.0000000000
93943  -58.930  2.621  22.346 0.0000000000
93944  -59.622  2.962  21.709 0.0000000000
93945  -59.889  3.160  21.250 0.0000000000
93952  -47.592  2.347  21.656 0.0000000000
93953  -48.193  2.679  21.433 0.0000000000
93954  -48.904  3.272  21.879 0.0000000000
93955  -52.964  3.311  20.877 0.0000000000
93956  -53.852  3.124  21.154 0.0000000000
93957  -54.678  2.770  21.267 0.0000000000
93958  -55.216  2.812  21.719 0.0000000000
93959  -59.846  2.699  20.953 0.0000000000
93960  -60.143  2.862  20.692 0.0000000000
93965  -48.638  2.560  20.748 0.0000000000
93966  -49.367  3.003  20.793 0.0000000000
93967  -50.634  2.952  20.322 0.0000000000
93968  -51.687  2.798  20.215 0.0000000000
93969  -52.639  2.680  20.350 0.0000000000
93970  -53.563  2.620  20.620 0.0000000000
93971  -54.161  2.630  20.857 0.0000000000
93972  -60.773  2.741  19.861 0.0000000000
93973  -61.365  2.610  19.326 0.0000000000
93995  -55.481  1.788  14.317 0.0000000000
93996  -55.703  1.776  14.419 0.0000000000
94000  -55.389  1.832  14.155 0.0000000000
94001  -55.696  1.793  14.144 0.0000000000
95119  -57.697  3.986  25.875 0.0000000000
95120  -58.060  4.171  25.667 0.0000000000
95129  -56.571  3.575  25.612 0.0000000000
95130  -57.463  3.458  25.333 0.0000000000
95131  -58.113  3.698  25.210 0.0000000000
95132  -58.465  4.092  25.173 0.0000000000
95140  -54.950  3.855  24.583 0.0000000000
95141  -55.567  3.649  24.918 0.0000000000
95142  -56.755  3.147  24.833 0.0000000000
95143  -57.478  2.972  24.675 0.0000000000
95144  -58.504  3.668  24.773 0.0000000000
95145  -58.991  3.848  24.497 0.0000000000
95158  -49.671  3.192  23.465 0.0000000000
95159  -49.974  3.433  23.671 0.0000000000
95160  -54.830  3.772  23.985 0.0000000000
95161  -55.557  3.273  23.877 0.0000000000
95162  -59.283  3.794  23.614 0.0000000000
95163  -59.394  3.609  22.762 0.0000000000
95176  -49.593  3.373  23.109 0.0000000000
95177  -50.088  3.897  22.685 0.0000000000
95178  -53.536  4.154  22.441 0.0000000000
95179  -54.129  3.950  22.762 0.0000000000
95180  -59.574  3.437  22.047 0.0000000000
95181  -59.814  3.194  21.511 0.0000000000
95190  -49.561  3.579  22.294 0.0000000000
95191  -50.277  3.958  21.782 0.0000000000
95192  -51.032  3.945  21.315 0.0000000000
95193  -52.070  3.917  21.194 0.0000000000
95194  -53.264  4.009  21.836 0.0000000000
95195  -54.217  3.430  21.784 0.0000000000
95196  -59.819  3.441  21.555 0.0000000000
95197  -60.056  3.296  21.009 0.0000000000
95208  -49.649  3.561  21.511 0.0000000000
95209  -50.354  3.561  21.000 0.0000000000
95210  -51.322  3.456  20.707 0.0000000000
95211  -52.163  3.279  20.581 0.0000000000
95212  -60.594  3.185  20.264 0.0000000000
95213  -61.160  2.988  19.713 0.0000000000
95224  -61.157  3.347  19.716 0.0000000000
96418  -57.715  5.135  26.556 0.0000000000
96419  -58.005  5.162  26.234 0.0000000000
96437  -57.714  4.558  26.200 0.0000000000
96438  -58.204  4.758  25.825 0.0000000000
96453  -58.846  4.611  25.079 0.0000000000
96465  -54.498  4.209  24.838 0.0000000000
96466  -54.984  4.074  25.371 0.0000000000
96467  -59.233  4.550  24.185 0.0000000000
96480  -50.636  4.315  23.045 0.0000000000
96481  -51.420  4.633  23.297 0.0000000000
96482  -52.295  4.737  23.507 0.0000000000
96483  -53.140  4.619  23.735 0.0000000000
96484  -53.946  4.296  23.860 0.0000000000
96485  -59.443  4.274  22.972 0.0000000000
96486  -59.511  3.725  22.456 0.0000000000
96503  -50.738  4.284  22.222 0.0000000000
96504  -51.410  4.532  22.470 0.0000000000
96505  -52.203  4.621  22.696 0.0000000000
96506  -53.145  4.443  22.786 0.0000000000
96507  -53.601  4.349  23.274 0.0000000000
96508  -59.536  4.326  21.912 0.0000000000
96509  -59.660  3.749  22.030 0.0000000000
96519  -50.844  4.165  21.741 0.0000000000
96520  -51.376  4.282  21.774 0.0000000000
96521  -52.191  4.395  21.986 0.0000000000
96522  -52.717  4.406  22.301 0.0000000000
96523  -59.628  4.402  20.901 0.0000000000
96524  -60.096  3.743  21.118 0.0000000000
96525  -60.347  3.428  20.676 0.0000000000
96537  -60.621  3.574  20.262 0.0000000000
97750  -57.882  5.521  26.469 0.0000000000
97760  -58.146  5.321  26.047 0.0000000000
97771  -58.499  5.309  25.558 0.0000000000
97782  -58.973  5.396  24.814 0.0000000000
97795  -58.982  6.035  23.551 0.0000000000
97796  -59.109  5.601  23.760 0.0000000000
97813  -58.870  5.983  23.099 0.0000000000
97814  -59.189  5.178  22.612 0.0000000000
99002  -58.488  5.967  25.360 0.0000000000
99012  -58.644  6.656  24.242 0.0000000000
99013  -58.716  6.318  24.533 0.0000000000
99029  -58.942  6.148  24.038 0.0000000000
100338  -58.283  6.600  25.324 0.0000000000
