#!ascii label  , from subject COLIN27_FS vox2ras=TkReg
208
18552  -34.041  -57.528  28.875 0.0000000000
18553  -34.352  -57.463  28.688 0.0000000000
18569  -33.042  -57.894  28.117 0.0000000000
18570  -33.696  -57.969  28.428 0.0000000000
18586  -32.911  -58.327  27.381 0.0000000000
19541  -33.149  -56.686  29.322 0.0000000000
19542  -33.659  -57.033  29.324 0.0000000000
19543  -34.365  -57.084  29.030 0.0000000000
19544  -34.737  -57.027  28.696 0.0000000000
19562  -32.887  -57.097  28.783 0.0000000000
19563  -33.568  -57.470  28.939 0.0000000000
19580  -32.509  -57.331  27.766 0.0000000000
19594  -32.422  -57.555  26.776 0.0000000000
19608  -32.414  -57.767  25.730 0.0000000000
20505  -32.714  -56.185  29.252 0.0000000000
20506  -33.420  -56.297  29.582 0.0000000000
20507  -34.139  -56.430  29.544 0.0000000000
20508  -34.684  -56.481  29.152 0.0000000000
20521  -32.344  -56.301  28.797 0.0000000000
20522  -35.054  -56.640  28.548 0.0000000000
20537  -31.749  -55.924  27.937 0.0000000000
20538  -32.012  -56.266  28.164 0.0000000000
20539  -35.229  -56.918  27.832 0.0000000000
20551  -31.727  -55.958  27.546 0.0000000000
20552  -32.012  -56.653  27.188 0.0000000000
20567  -31.695  -56.001  26.765 0.0000000000
20568  -32.015  -56.637  26.056 0.0000000000
20584  -32.238  -56.979  24.930 0.0000000000
20598  -32.331  -57.025  23.820 0.0000000000
20608  -32.359  -56.905  22.480 0.0000000000
21439  -32.579  -55.569  29.247 0.0000000000
21440  -33.063  -55.608  29.563 0.0000000000
21441  -33.819  -55.688  29.700 0.0000000000
21442  -34.519  -55.765  29.531 0.0000000000
21452  -31.840  -55.262  28.334 0.0000000000
21453  -32.041  -55.538  28.721 0.0000000000
21454  -35.061  -55.835  29.009 0.0000000000
21469  -31.701  -55.506  28.024 0.0000000000
21470  -31.865  -55.775  28.334 0.0000000000
21471  -35.356  -55.960  27.995 0.0000000000
21472  -38.542  -55.243  27.871 0.0000000000
21490  -31.402  -55.361  27.122 0.0000000000
21491  -35.610  -55.752  26.794 0.0000000000
21492  -38.533  -55.324  27.488 0.0000000000
21511  -31.349  -55.401  25.919 0.0000000000
21512  -31.859  -56.137  25.117 0.0000000000
21514  -38.536  -55.360  26.657 0.0000000000
21532  -31.534  -55.413  24.407 0.0000000000
21533  -32.043  -56.300  24.324 0.0000000000
21554  -31.678  -55.056  23.186 0.0000000000
21555  -32.082  -56.006  23.393 0.0000000000
21575  -31.773  -54.874  22.538 0.0000000000
21576  -32.093  -55.487  22.144 0.0000000000
21594  -32.190  -55.446  21.022 0.0000000000
22469  -32.661  -54.961  29.170 0.0000000000
22470  -33.431  -54.987  29.556 0.0000000000
22471  -34.202  -55.030  29.592 0.0000000000
22472  -34.870  -55.084  29.350 0.0000000000
22484  -31.797  -54.804  28.185 0.0000000000
22485  -32.159  -54.700  28.652 0.0000000000
22486  -35.346  -55.025  28.745 0.0000000000
22500  -31.333  -54.687  27.570 0.0000000000
22501  -35.927  -54.946  27.763 0.0000000000
22502  -36.599  -54.596  27.671 0.0000000000
22503  -37.262  -54.592  27.735 0.0000000000
22504  -38.150  -54.959  28.017 0.0000000000
22505  -38.642  -54.984  28.303 0.0000000000
22519  -30.656  -54.151  26.511 0.0000000000
22520  -30.955  -54.564  26.793 0.0000000000
22521  -35.966  -55.152  26.706 0.0000000000
22522  -36.410  -54.902  26.814 0.0000000000
22523  -37.105  -54.843  26.842 0.0000000000
22524  -37.860  -55.105  27.113 0.0000000000
22542  -30.450  -53.920  26.249 0.0000000000
22543  -30.699  -54.442  26.033 0.0000000000
22544  -35.775  -55.332  26.177 0.0000000000
22545  -36.069  -54.952  26.029 0.0000000000
22546  -36.758  -54.861  25.890 0.0000000000
22566  -30.265  -53.963  25.598 0.0000000000
22567  -30.797  -54.615  25.093 0.0000000000
22586  -30.237  -53.980  24.761 0.0000000000
22587  -30.861  -54.395  23.888 0.0000000000
22606  -31.316  -54.380  22.691 0.0000000000
22607  -31.776  -54.685  22.101 0.0000000000
22631  -31.521  -54.131  21.799 0.0000000000
22632  -31.932  -54.660  21.306 0.0000000000
22656  -32.262  -54.863  20.219 0.0000000000
22678  -32.446  -54.817  19.063 0.0000000000
23627  -33.119  -54.416  29.224 0.0000000000
23628  -33.796  -54.360  29.383 0.0000000000
23629  -34.603  -54.410  29.285 0.0000000000
23630  -35.085  -54.573  29.102 0.0000000000
23641  -32.006  -54.249  28.254 0.0000000000
23642  -32.531  -54.063  28.688 0.0000000000
23643  -33.273  -53.807  29.074 0.0000000000
23644  -34.164  -53.663  29.181 0.0000000000
23645  -35.443  -53.902  28.830 0.0000000000
23646  -35.861  -53.260  28.599 0.0000000000
23661  -31.152  -53.445  27.158 0.0000000000
23662  -31.467  -53.869  27.696 0.0000000000
23663  -32.048  -53.830  28.189 0.0000000000
23664  -36.192  -54.292  28.226 0.0000000000
23665  -36.549  -53.685  28.309 0.0000000000
23666  -37.534  -54.128  28.249 0.0000000000
23667  -38.075  -54.382  28.348 0.0000000000
23678  -30.804  -53.697  26.845 0.0000000000
23679  -31.093  -54.173  27.272 0.0000000000
23693  -30.218  -53.353  26.095 0.0000000000
23723  -29.867  -53.434  24.013 0.0000000000
23724  -30.583  -53.878  23.109 0.0000000000
23739  -30.071  -53.346  22.793 0.0000000000
23740  -30.885  -53.691  22.236 0.0000000000
23759  -30.363  -53.058  21.820 0.0000000000
23760  -31.286  -53.440  21.180 0.0000000000
23761  -31.714  -54.030  21.243 0.0000000000
23781  -31.718  -53.255  20.166 0.0000000000
23782  -31.920  -53.975  20.633 0.0000000000
23804  -31.927  -53.137  19.660 0.0000000000
23805  -32.166  -53.779  19.551 0.0000000000
23826  -32.451  -54.048  18.415 0.0000000000
24824  -32.885  -53.539  28.640 0.0000000000
24825  -33.420  -53.198  28.722 0.0000000000
24826  -34.434  -52.878  28.848 0.0000000000
24839  -30.968  -53.232  26.948 0.0000000000
24858  -30.650  -52.863  26.578 0.0000000000
24916  -30.650  -52.758  21.011 0.0000000000
24931  -30.603  -52.193  20.285 0.0000000000
24932  -31.202  -52.806  20.435 0.0000000000
24946  -30.911  -51.927  19.635 0.0000000000
24947  -31.549  -52.526  19.446 0.0000000000
24948  -32.024  -53.114  19.376 0.0000000000
24965  -31.909  -52.433  18.172 0.0000000000
24966  -32.164  -53.165  18.767 0.0000000000
24984  -32.123  -52.351  17.043 0.0000000000
24985  -32.414  -53.310  17.540 0.0000000000
25006  -32.306  -52.301  16.384 0.0000000000
25007  -32.509  -52.975  16.337 0.0000000000
26099  -30.222  -51.444  19.510 0.0000000000
26100  -31.042  -51.763  19.150 0.0000000000
26113  -30.848  -51.297  18.449 0.0000000000
26114  -31.391  -51.896  18.568 0.0000000000
26122  -31.031  -51.083  17.811 0.0000000000
26123  -31.477  -51.554  17.578 0.0000000000
26134  -32.002  -51.620  16.210 0.0000000000
26148  -32.075  -51.191  14.956 0.0000000000
27151  -29.865  -51.076  19.233 0.0000000000
27169  -29.317  -50.204  18.282 0.0000000000
27170  -30.034  -50.907  18.767 0.0000000000
27182  -29.795  -49.855  17.115 0.0000000000
27183  -30.523  -50.622  17.644 0.0000000000
27184  -31.099  -51.005  17.479 0.0000000000
27193  -29.920  -49.620  16.466 0.0000000000
27194  -30.557  -50.022  16.258 0.0000000000
27195  -31.227  -50.872  16.820 0.0000000000
27205  -31.066  -49.837  15.055 0.0000000000
27206  -31.462  -50.594  15.641 0.0000000000
27222  -31.217  -49.760  14.530 0.0000000000
27223  -31.577  -50.203  14.433 0.0000000000
27249  -27.387  -49.955  12.393 0.0000000000
27250  -27.762  -50.190  12.000 0.0000000000
28321  -29.271  -49.233  16.435 0.0000000000
28322  -29.966  -49.417  15.988 0.0000000000
28342  -29.626  -48.842  15.466 0.0000000000
28343  -30.400  -49.351  15.266 0.0000000000
28364  -26.081  -49.690  13.564 0.0000000000
28365  -30.138  -48.753  14.682 0.0000000000
28366  -30.932  -49.279  14.070 0.0000000000
28367  -31.494  -49.844  13.761 0.0000000000
28386  -26.475  -49.129  12.726 0.0000000000
28387  -27.105  -49.634  12.499 0.0000000000
28388  -30.976  -48.993  12.681 0.0000000000
28389  -31.484  -49.667  13.075 0.0000000000
28402  -27.023  -48.539  12.030 0.0000000000
28403  -27.558  -49.135  11.818 0.0000000000
28404  -28.043  -49.686  11.538 0.0000000000
28405  -30.901  -49.040  11.756 0.0000000000
28406  -31.409  -49.555  12.061 0.0000000000
28415  -28.199  -48.686  11.373 0.0000000000
28416  -28.618  -49.164  11.159 0.0000000000
28417  -29.774  -49.228  10.947 0.0000000000
28419  -31.123  -49.545  11.498 0.0000000000
29482  -29.073  -48.724  15.873 0.0000000000
29497  -29.043  -48.382  15.415 0.0000000000
29517  -28.952  -47.727  14.608 0.0000000000
29518  -29.392  -48.038  14.518 0.0000000000
29519  -30.155  -48.402  13.973 0.0000000000
29542  -29.739  -47.797  13.432 0.0000000000
29543  -30.382  -48.328  13.083 0.0000000000
29564  -26.752  -47.920  12.131 0.0000000000
29565  -27.551  -47.920  11.774 0.0000000000
29566  -28.477  -47.648  11.796 0.0000000000
29567  -29.505  -47.706  12.262 0.0000000000
29568  -30.390  -48.418  12.035 0.0000000000
29579  -28.042  -48.275  11.469 0.0000000000
29580  -28.741  -48.217  11.388 0.0000000000
29581  -29.603  -48.451  11.357 0.0000000000
29582  -30.313  -48.840  11.384 0.0000000000
30672  -28.660  -47.281  14.241 0.0000000000
30673  -29.195  -47.497  13.648 0.0000000000
30691  -26.677  -46.925  12.527 0.0000000000
30692  -27.762  -46.626  13.115 0.0000000000
30693  -28.773  -47.105  13.033 0.0000000000
30694  -29.334  -47.385  13.002 0.0000000000
30718  -27.350  -47.173  12.188 0.0000000000
30719  -28.140  -47.183  12.295 0.0000000000
30720  -28.835  -47.298  12.359 0.0000000000
30721  -29.134  -47.321  12.649 0.0000000000
31936  -26.991  -46.401  13.054 0.0000000000
