#!ascii label  , from subject COLIN27_FS vox2ras=TkReg
1515
21582  -43.457  -54.116  22.178 0.0000000000
21599  -42.986  -54.637  21.558 0.0000000000
21600  -43.607  -54.227  21.625 0.0000000000
21613  -43.039  -54.771  20.966 0.0000000000
21614  -43.748  -54.452  20.845 0.0000000000
21624  -43.510  -54.635  20.537 0.0000000000
21625  -43.998  -54.454  20.267 0.0000000000
22615  -44.078  -53.670  21.949 0.0000000000
22616  -45.020  -53.430  21.203 0.0000000000
22639  -44.591  -53.922  20.939 0.0000000000
22640  -45.597  -53.503  20.646 0.0000000000
22641  -46.192  -53.310  20.594 0.0000000000
22661  -43.220  -54.734  20.602 0.0000000000
22662  -44.607  -54.142  20.234 0.0000000000
22663  -45.489  -53.782  20.171 0.0000000000
22664  -46.446  -53.449  20.181 0.0000000000
22665  -46.989  -53.389  20.040 0.0000000000
22681  -42.589  -54.305  19.713 0.0000000000
22682  -43.545  -54.513  19.971 0.0000000000
22683  -44.507  -54.209  19.676 0.0000000000
22684  -45.371  -53.934  19.577 0.0000000000
22685  -46.276  -53.710  19.564 0.0000000000
22686  -46.990  -53.500  19.691 0.0000000000
22697  -42.915  -53.988  19.145 0.0000000000
22698  -43.408  -54.132  19.199 0.0000000000
22699  -44.229  -54.085  18.910 0.0000000000
22700  -45.159  -53.997  18.921 0.0000000000
22701  -46.094  -53.864  18.870 0.0000000000
22702  -47.039  -53.653  18.910 0.0000000000
22717  -44.385  -53.881  18.435 0.0000000000
22718  -44.791  -53.853  18.322 0.0000000000
23711  -43.956  -52.608  23.346 0.0000000000
23728  -44.368  -52.713  22.569 0.0000000000
23744  -44.191  -53.188  22.464 0.0000000000
23745  -45.088  -52.958  21.682 0.0000000000
23746  -46.094  -52.805  21.073 0.0000000000
23766  -45.818  -53.175  20.960 0.0000000000
23767  -46.773  -53.024  20.593 0.0000000000
23768  -47.399  -52.806  20.404 0.0000000000
23788  -46.948  -53.288  20.225 0.0000000000
23789  -47.432  -53.127  20.038 0.0000000000
23790  -47.947  -52.745  19.973 0.0000000000
23812  -47.522  -53.375  19.262 0.0000000000
23813  -48.174  -52.846  19.447 0.0000000000
23814  -48.675  -52.556  19.245 0.0000000000
23834  -43.755  -53.927  18.721 0.0000000000
23835  -47.486  -53.502  18.836 0.0000000000
24888  -43.776  -52.200  23.968 0.0000000000
24895  -44.241  -52.199  22.865 0.0000000000
24902  -44.991  -52.293  21.941 0.0000000000
24903  -45.999  -52.353  21.283 0.0000000000
24904  -46.789  -52.171  20.963 0.0000000000
24917  -46.665  -52.532  20.909 0.0000000000
24918  -47.449  -52.337  20.575 0.0000000000
24919  -48.051  -52.226  20.330 0.0000000000
24933  -47.741  -52.665  20.232 0.0000000000
24934  -48.264  -52.228  19.901 0.0000000000
24935  -48.770  -51.836  19.532 0.0000000000
24951  -48.581  -52.438  19.464 0.0000000000
24952  -49.077  -52.130  19.141 0.0000000000
24953  -49.598  -51.630  18.956 0.0000000000
24993  -51.041  -51.754  17.211 0.0000000000
25963  -43.538  -51.275  28.276 0.0000000000
25964  -43.702  -50.781  28.008 0.0000000000
26041  -43.748  -51.685  24.460 0.0000000000
26050  -43.968  -51.752  23.376 0.0000000000
26060  -44.710  -51.774  22.172 0.0000000000
26061  -45.701  -51.905  21.471 0.0000000000
26062  -46.451  -51.949  21.139 0.0000000000
26073  -45.531  -51.604  21.489 0.0000000000
26074  -46.332  -51.659  21.112 0.0000000000
26075  -47.111  -51.805  20.812 0.0000000000
26076  -47.742  -51.819  20.446 0.0000000000
26087  -48.105  -51.756  20.090 0.0000000000
26088  -48.563  -51.623  19.712 0.0000000000
26101  -49.158  -51.480  19.287 0.0000000000
26102  -50.013  -51.159  18.764 0.0000000000
26103  -50.635  -50.674  18.282 0.0000000000
26115  -50.804  -51.344  18.060 0.0000000000
26116  -51.178  -50.698  17.930 0.0000000000
26124  -51.027  -51.618  17.536 0.0000000000
26125  -51.463  -51.115  17.110 0.0000000000
26126  -51.850  -50.632  16.705 0.0000000000
26136  -51.492  -51.403  15.920 0.0000000000
26137  -51.898  -50.783  16.246 0.0000000000
26150  -51.510  -51.446  14.851 0.0000000000
26151  -52.036  -50.864  15.352 0.0000000000
26169  -52.046  -50.873  14.360 0.0000000000
26985  -42.710  -49.941  30.330 0.0000000000
26998  -42.807  -50.500  30.096 0.0000000000
27007  -43.273  -50.356  29.475 0.0000000000
27008  -43.466  -49.868  29.253 0.0000000000
27017  -43.434  -50.819  28.922 0.0000000000
27018  -43.577  -50.271  28.668 0.0000000000
27025  -43.737  -50.335  27.781 0.0000000000
27043  -43.776  -50.746  25.861 0.0000000000
27044  -43.779  -51.237  25.040 0.0000000000
27063  -43.533  -50.358  24.515 0.0000000000
27064  -43.653  -50.616  24.770 0.0000000000
27065  -43.774  -51.315  24.045 0.0000000000
27084  -43.515  -50.403  24.092 0.0000000000
27085  -43.794  -50.900  23.607 0.0000000000
27086  -44.117  -51.396  22.888 0.0000000000
27103  -43.587  -50.427  23.211 0.0000000000
27104  -44.102  -50.837  22.507 0.0000000000
27105  -44.852  -51.336  21.868 0.0000000000
27120  -44.746  -50.684  21.311 0.0000000000
27121  -45.888  -51.257  21.058 0.0000000000
27122  -46.755  -51.253  20.773 0.0000000000
27123  -47.629  -51.490  20.395 0.0000000000
27124  -47.925  -51.595  20.198 0.0000000000
27135  -44.755  -50.284  20.239 0.0000000000
27136  -45.682  -50.686  20.367 0.0000000000
27137  -46.723  -50.894  20.342 0.0000000000
27138  -47.527  -50.835  20.134 0.0000000000
27139  -48.281  -51.288  19.889 0.0000000000
27140  -48.817  -51.290  19.567 0.0000000000
27152  -44.728  -50.163  19.650 0.0000000000
27153  -45.378  -50.274  19.492 0.0000000000
27154  -46.380  -50.398  19.553 0.0000000000
27155  -47.367  -50.552  19.727 0.0000000000
27156  -48.258  -50.640  19.617 0.0000000000
27157  -49.195  -50.801  19.240 0.0000000000
27158  -50.194  -50.385  18.468 0.0000000000
27159  -50.583  -50.393  18.261 0.0000000000
27171  -45.656  -50.209  19.004 0.0000000000
27172  -45.914  -50.257  19.196 0.0000000000
27173  -50.494  -49.967  18.253 0.0000000000
27174  -50.899  -50.139  18.143 0.0000000000
27185  -51.582  -50.184  17.565 0.0000000000
27186  -51.891  -50.267  16.922 0.0000000000
27196  -52.048  -50.313  16.434 0.0000000000
27207  -52.223  -50.188  15.788 0.0000000000
27224  -52.468  -50.114  14.768 0.0000000000
27225  -52.740  -49.745  14.025 0.0000000000
28118  -43.063  -49.468  30.092 0.0000000000
28119  -43.361  -48.921  29.789 0.0000000000
28128  -43.355  -49.575  29.589 0.0000000000
28129  -43.534  -49.224  29.204 0.0000000000
28136  -43.611  -49.396  28.336 0.0000000000
28144  -43.646  -49.683  27.423 0.0000000000
28151  -43.379  -49.402  26.233 0.0000000000
28152  -43.719  -49.969  26.533 0.0000000000
28162  -43.325  -49.648  25.446 0.0000000000
28163  -43.628  -50.108  25.688 0.0000000000
28175  -42.824  -49.181  24.270 0.0000000000
28176  -43.309  -49.966  24.644 0.0000000000
28177  -43.518  -50.114  25.160 0.0000000000
28187  -42.746  -49.160  23.239 0.0000000000
28188  -43.170  -49.869  23.699 0.0000000000
28204  -42.713  -49.264  22.365 0.0000000000
28205  -43.226  -49.893  22.690 0.0000000000
28206  -43.697  -50.379  22.605 0.0000000000
28225  -42.502  -49.028  21.621 0.0000000000
28226  -43.097  -49.676  21.721 0.0000000000
28227  -43.786  -50.264  21.957 0.0000000000
28243  -42.327  -48.903  20.895 0.0000000000
28244  -42.843  -49.404  20.871 0.0000000000
28245  -43.807  -49.942  20.835 0.0000000000
28262  -42.437  -49.108  20.195 0.0000000000
28263  -43.162  -49.567  19.980 0.0000000000
28264  -44.079  -49.959  19.660 0.0000000000
28265  -44.685  -50.107  19.219 0.0000000000
28266  -46.533  -50.221  19.164 0.0000000000
28267  -46.959  -50.206  19.163 0.0000000000
28268  -47.857  -50.167  19.137 0.0000000000
28269  -48.783  -50.139  19.015 0.0000000000
28270  -49.552  -50.103  18.745 0.0000000000
28284  -42.582  -49.245  19.346 0.0000000000
28285  -43.321  -49.625  19.029 0.0000000000
28286  -44.147  -49.887  18.716 0.0000000000
28287  -45.115  -50.093  18.645 0.0000000000
28288  -46.195  -50.128  18.720 0.0000000000
28289  -47.225  -49.970  18.449 0.0000000000
28290  -48.217  -49.874  18.374 0.0000000000
28291  -49.145  -49.720  18.312 0.0000000000
28292  -50.024  -49.754  18.178 0.0000000000
28293  -50.598  -49.718  17.927 0.0000000000
28303  -42.716  -49.305  18.544 0.0000000000
28304  -43.378  -49.530  18.032 0.0000000000
28305  -44.379  -49.741  17.840 0.0000000000
28306  -45.395  -49.869  17.705 0.0000000000
28307  -46.472  -49.845  17.620 0.0000000000
28308  -47.528  -49.781  17.549 0.0000000000
28309  -48.529  -49.653  17.535 0.0000000000
28310  -49.446  -49.490  17.506 0.0000000000
28311  -50.264  -49.357  17.432 0.0000000000
28312  -51.041  -49.522  17.368 0.0000000000
28313  -51.634  -49.692  16.989 0.0000000000
28323  -43.706  -49.464  17.221 0.0000000000
28324  -44.537  -49.513  16.844 0.0000000000
28325  -45.681  -49.616  16.720 0.0000000000
28326  -46.782  -49.654  16.634 0.0000000000
28327  -47.864  -49.661  16.661 0.0000000000
28328  -48.840  -49.524  16.694 0.0000000000
28329  -49.694  -49.256  16.668 0.0000000000
28330  -50.548  -48.983  16.559 0.0000000000
28331  -51.380  -49.102  16.514 0.0000000000
28332  -52.029  -49.646  16.351 0.0000000000
28344  -44.969  -49.341  16.055 0.0000000000
28345  -45.946  -49.308  15.601 0.0000000000
28346  -47.205  -49.511  15.764 0.0000000000
28347  -48.253  -49.538  15.858 0.0000000000
28348  -49.144  -49.392  15.925 0.0000000000
28349  -49.859  -49.027  15.792 0.0000000000
28350  -50.359  -48.843  15.983 0.0000000000
28351  -51.923  -48.915  15.954 0.0000000000
28352  -52.294  -49.339  15.335 0.0000000000
28368  -46.060  -49.055  14.864 0.0000000000
28369  -46.716  -49.207  14.953 0.0000000000
28370  -47.716  -49.334  15.042 0.0000000000
28371  -48.706  -49.278  15.230 0.0000000000
28372  -49.311  -49.163  15.443 0.0000000000
28373  -52.671  -49.261  14.411 0.0000000000
28374  -53.046  -49.210  13.684 0.0000000000
29282  -43.129  -47.697  30.471 0.0000000000
29305  -43.268  -48.182  30.221 0.0000000000
29323  -43.564  -48.134  29.655 0.0000000000
29334  -43.653  -48.290  28.916 0.0000000000
29339  -43.309  -48.116  27.411 0.0000000000
29340  -43.476  -48.401  27.842 0.0000000000
29346  -42.938  -48.122  26.384 0.0000000000
29347  -43.150  -48.338  26.755 0.0000000000
29348  -43.450  -49.207  26.999 0.0000000000
29359  -42.845  -48.202  26.011 0.0000000000
29360  -43.017  -48.903  25.786 0.0000000000
29371  -42.730  -48.423  25.056 0.0000000000
29372  -42.979  -49.254  25.060 0.0000000000
29380  -42.546  -48.283  23.863 0.0000000000
29390  -42.432  -48.433  22.530 0.0000000000
29403  -41.862  -48.031  20.681 0.0000000000
29404  -42.151  -48.296  21.332 0.0000000000
29419  -41.731  -48.110  20.015 0.0000000000
29420  -42.028  -48.550  20.462 0.0000000000
29438  -41.690  -48.188  19.172 0.0000000000
29439  -42.013  -48.727  19.652 0.0000000000
29457  -41.661  -48.249  18.229 0.0000000000
29458  -42.094  -48.856  18.751 0.0000000000
29470  -41.576  -48.174  17.213 0.0000000000
29471  -42.383  -49.024  17.648 0.0000000000
29472  -43.104  -49.384  17.376 0.0000000000
29483  -41.475  -48.037  16.240 0.0000000000
29484  -42.143  -48.644  16.532 0.0000000000
29485  -43.050  -49.245  16.698 0.0000000000
29486  -43.781  -49.369  16.633 0.0000000000
29487  -50.696  -48.774  16.003 0.0000000000
29488  -50.988  -48.815  16.231 0.0000000000
29498  -41.478  -47.985  15.783 0.0000000000
29499  -41.892  -48.304  15.593 0.0000000000
29500  -42.701  -48.885  15.896 0.0000000000
29501  -43.843  -49.153  15.856 0.0000000000
29502  -44.847  -49.053  15.353 0.0000000000
29503  -49.896  -48.883  15.387 0.0000000000
29504  -50.309  -48.784  15.481 0.0000000000
29505  -51.175  -48.688  15.632 0.0000000000
29506  -51.890  -48.738  15.276 0.0000000000
29520  -42.133  -48.232  14.972 0.0000000000
29521  -42.847  -48.554  15.031 0.0000000000
29522  -44.118  -48.702  14.659 0.0000000000
29523  -45.359  -48.841  14.637 0.0000000000
29524  -46.246  -48.825  14.337 0.0000000000
29525  -47.189  -48.980  14.278 0.0000000000
29526  -48.262  -49.018  14.420 0.0000000000
29527  -49.512  -48.900  14.863 0.0000000000
29528  -50.567  -48.434  14.644 0.0000000000
29529  -51.547  -48.357  14.741 0.0000000000
29530  -52.324  -48.597  14.541 0.0000000000
29531  -52.920  -48.628  13.905 0.0000000000
29544  -44.744  -48.484  14.001 0.0000000000
29545  -45.578  -48.410  13.762 0.0000000000
29546  -46.608  -48.457  13.606 0.0000000000
29547  -47.679  -48.583  13.631 0.0000000000
29548  -48.756  -48.578  13.776 0.0000000000
29549  -49.732  -48.330  13.866 0.0000000000
29550  -50.445  -48.016  13.815 0.0000000000
30446  -43.460  -47.122  30.424 0.0000000000
30465  -43.883  -47.031  30.111 0.0000000000
30466  -44.143  -46.569  29.754 0.0000000000
30484  -43.856  -47.216  29.453 0.0000000000
30485  -44.124  -46.555  29.373 0.0000000000
30500  -43.738  -47.265  28.663 0.0000000000
30501  -43.962  -46.827  29.144 0.0000000000
30514  -43.353  -47.582  27.497 0.0000000000
30515  -43.547  -47.513  28.060 0.0000000000
30521  -42.899  -47.833  26.318 0.0000000000
30522  -43.067  -47.468  26.726 0.0000000000
30533  -42.797  -47.533  25.669 0.0000000000
30534  -42.947  -47.397  26.213 0.0000000000
30545  -42.651  -47.631  24.661 0.0000000000
30552  -42.600  -47.612  23.985 0.0000000000
30560  -42.566  -47.601  23.254 0.0000000000
30571  -42.030  -47.657  21.098 0.0000000000
30572  -42.366  -47.471  22.003 0.0000000000
30584  -41.829  -47.523  20.441 0.0000000000
30585  -42.198  -47.046  21.021 0.0000000000
30599  -41.664  -47.501  19.639 0.0000000000
30618  -41.552  -47.499  18.771 0.0000000000
30632  -41.406  -47.415  17.863 0.0000000000
30648  -41.151  -47.231  16.813 0.0000000000
30658  -41.255  -47.498  15.582 0.0000000000
30659  -41.709  -47.933  14.977 0.0000000000
30674  -41.388  -47.373  14.501 0.0000000000
30675  -42.202  -47.972  14.390 0.0000000000
30676  -43.203  -48.242  14.099 0.0000000000
30677  -44.051  -48.255  13.868 0.0000000000
30678  -51.178  -47.953  14.060 0.0000000000
30679  -52.016  -47.940  14.077 0.0000000000
30680  -52.784  -48.020  13.836 0.0000000000
30681  -53.184  -48.186  13.548 0.0000000000
30695  -41.810  -47.409  13.821 0.0000000000
30696  -42.596  -47.665  13.597 0.0000000000
30697  -43.563  -47.785  13.413 0.0000000000
30698  -44.661  -47.924  13.314 0.0000000000
30699  -45.894  -47.746  12.870 0.0000000000
30700  -47.134  -48.005  12.973 0.0000000000
30701  -48.185  -48.114  13.057 0.0000000000
30702  -49.109  -48.037  13.178 0.0000000000
30703  -49.905  -47.693  13.146 0.0000000000
30704  -50.763  -47.541  13.439 0.0000000000
30705  -51.609  -47.422  13.573 0.0000000000
30706  -52.477  -47.400  13.507 0.0000000000
30722  -46.134  -47.204  12.394 0.0000000000
30723  -46.766  -47.358  12.473 0.0000000000
30724  -47.740  -47.508  12.540 0.0000000000
30725  -48.709  -47.587  12.694 0.0000000000
30726  -49.318  -47.624  12.866 0.0000000000
31619  -43.423  -46.442  30.517 0.0000000000
31620  -43.885  -46.298  30.343 0.0000000000
31621  -44.132  -45.897  30.235 0.0000000000
31640  -44.021  -46.485  30.231 0.0000000000
31641  -44.174  -46.221  30.076 0.0000000000
31660  -44.375  -45.857  29.345 0.0000000000
31661  -44.692  -45.282  28.863 0.0000000000
31676  -43.841  -46.792  28.530 0.0000000000
31677  -44.117  -46.385  28.702 0.0000000000
31678  -44.815  -45.431  28.275 0.0000000000
31694  -43.486  -47.105  27.589 0.0000000000
31695  -43.726  -46.824  27.942 0.0000000000
31696  -44.464  -45.936  27.664 0.0000000000
31697  -45.435  -45.391  27.179 0.0000000000
31710  -43.414  -46.978  27.178 0.0000000000
31711  -43.959  -46.373  26.941 0.0000000000
31712  -44.894  -45.841  26.632 0.0000000000
31713  -46.100  -45.737  26.311 0.0000000000
31714  -47.019  -45.877  25.927 0.0000000000
31715  -47.665  -45.882  25.660 0.0000000000
31730  -42.910  -47.119  25.677 0.0000000000
31731  -43.209  -46.880  26.085 0.0000000000
31732  -44.135  -46.202  25.879 0.0000000000
31733  -45.236  -46.072  25.651 0.0000000000
31734  -46.331  -46.185  25.435 0.0000000000
31735  -47.297  -46.295  25.247 0.0000000000
31736  -48.109  -46.163  25.105 0.0000000000
31749  -42.887  -47.057  25.216 0.0000000000
31750  -43.442  -46.580  25.019 0.0000000000
31751  -44.376  -46.313  24.820 0.0000000000
31752  -45.456  -46.355  24.651 0.0000000000
31753  -46.564  -46.533  24.517 0.0000000000
31754  -47.628  -46.661  24.419 0.0000000000
31755  -48.685  -46.418  24.276 0.0000000000
31756  -49.174  -46.330  23.669 0.0000000000
31762  -42.881  -47.084  24.151 0.0000000000
31763  -43.592  -46.576  23.916 0.0000000000
31764  -44.551  -46.419  23.727 0.0000000000
31765  -45.663  -46.540  23.592 0.0000000000
31766  -46.826  -46.730  23.507 0.0000000000
31767  -47.913  -46.947  23.439 0.0000000000
31768  -48.767  -46.754  23.230 0.0000000000
31769  -49.284  -46.345  22.992 0.0000000000
31775  -42.903  -46.891  22.982 0.0000000000
31776  -43.681  -46.447  22.753 0.0000000000
31777  -44.715  -46.388  22.569 0.0000000000
31778  -45.918  -46.574  22.482 0.0000000000
31779  -47.123  -46.864  22.470 0.0000000000
31780  -48.170  -47.034  22.432 0.0000000000
31781  -48.940  -46.728  22.352 0.0000000000
31782  -49.320  -46.180  22.249 0.0000000000
31791  -42.862  -46.592  21.741 0.0000000000
31792  -43.757  -46.199  21.531 0.0000000000
31793  -44.890  -46.258  21.298 0.0000000000
31794  -46.315  -46.590  21.417 0.0000000000
31795  -47.517  -46.881  21.485 0.0000000000
31796  -48.515  -46.921  21.537 0.0000000000
31797  -49.126  -46.482  21.589 0.0000000000
31798  -49.382  -45.996  21.599 0.0000000000
31809  -41.949  -46.894  20.137 0.0000000000
31810  -42.626  -46.409  20.616 0.0000000000
31811  -43.070  -46.242  21.145 0.0000000000
31812  -44.794  -46.134  20.526 0.0000000000
31813  -45.561  -46.276  20.284 0.0000000000
31814  -46.875  -46.609  20.466 0.0000000000
31815  -48.033  -46.844  20.581 0.0000000000
31816  -48.982  -46.679  20.776 0.0000000000
31817  -49.464  -46.169  20.947 0.0000000000
31830  -41.739  -46.858  19.268 0.0000000000
31831  -42.241  -46.384  19.702 0.0000000000
31832  -45.676  -46.161  19.575 0.0000000000
31833  -46.326  -46.345  19.617 0.0000000000
31834  -47.499  -46.513  19.447 0.0000000000
31835  -48.712  -46.667  19.860 0.0000000000
31836  -49.673  -46.344  20.083 0.0000000000
31837  -50.103  -46.153  19.649 0.0000000000
31854  -41.548  -46.789  18.459 0.0000000000
31855  -41.936  -46.288  18.840 0.0000000000
31856  -47.821  -46.321  18.797 0.0000000000
31857  -48.463  -46.444  19.027 0.0000000000
31858  -49.408  -46.428  19.332 0.0000000000
31859  -49.908  -46.284  19.534 0.0000000000
31873  -41.365  -46.496  17.709 0.0000000000
31874  -41.683  -46.286  18.271 0.0000000000
31890  -41.215  -46.318  16.937 0.0000000000
31905  -40.944  -46.417  16.088 0.0000000000
31921  -40.649  -46.014  14.413 0.0000000000
31922  -40.799  -46.354  14.793 0.0000000000
31937  -40.695  -46.091  14.103 0.0000000000
31938  -41.159  -46.639  13.675 0.0000000000
31939  -42.000  -47.061  13.185 0.0000000000
31940  -42.937  -47.224  12.930 0.0000000000
31941  -43.958  -47.295  12.807 0.0000000000
31942  -44.878  -47.319  12.694 0.0000000000
31943  -49.934  -47.394  12.820 0.0000000000
31944  -50.315  -47.275  12.889 0.0000000000
31945  -51.106  -46.999  13.050 0.0000000000
31946  -51.973  -46.889  13.074 0.0000000000
31947  -52.744  -46.884  12.990 0.0000000000
31959  -41.536  -46.459  12.921 0.0000000000
31960  -42.282  -46.545  12.577 0.0000000000
31961  -43.343  -46.636  12.408 0.0000000000
31962  -44.397  -46.705  12.323 0.0000000000
31963  -45.492  -46.865  12.273 0.0000000000
31964  -46.402  -46.779  12.113 0.0000000000
31965  -47.322  -46.875  12.090 0.0000000000
31966  -48.361  -47.042  12.143 0.0000000000
31967  -49.579  -47.204  12.474 0.0000000000
31968  -50.590  -46.852  12.445 0.0000000000
31969  -51.462  -46.557  12.480 0.0000000000
31970  -52.268  -46.513  12.476 0.0000000000
31982  -51.833  -46.288  12.075 0.0000000000
32866  -43.724  -45.812  30.433 0.0000000000
32867  -44.019  -45.641  30.314 0.0000000000
32885  -44.291  -45.481  29.923 0.0000000000
32903  -44.610  -45.099  29.201 0.0000000000
32904  -45.067  -44.893  28.464 0.0000000000
32917  -45.843  -44.880  27.502 0.0000000000
32918  -46.376  -44.648  27.156 0.0000000000
32929  -46.457  -45.275  26.733 0.0000000000
32930  -46.771  -44.870  26.876 0.0000000000
32943  -46.827  -45.594  26.349 0.0000000000
32944  -47.363  -45.360  26.218 0.0000000000
32945  -48.100  -45.547  25.560 0.0000000000
32966  -48.697  -45.765  24.998 0.0000000000
32983  -49.081  -45.905  24.596 0.0000000000
32984  -49.329  -45.945  24.167 0.0000000000
32992  -49.496  -45.907  23.510 0.0000000000
32998  -49.507  -45.767  22.821 0.0000000000
33005  -43.778  -46.073  20.933 0.0000000000
33006  -44.105  -46.086  21.069 0.0000000000
33007  -49.422  -45.580  22.053 0.0000000000
33017  -42.857  -46.159  20.458 0.0000000000
33018  -43.261  -46.093  20.641 0.0000000000
33019  -44.101  -46.002  20.492 0.0000000000
33020  -44.707  -46.001  20.049 0.0000000000
33021  -49.623  -45.502  21.094 0.0000000000
33022  -50.275  -45.307  20.335 0.0000000000
33023  -51.001  -45.255  20.000 0.0000000000
33035  -42.786  -46.099  20.089 0.0000000000
33036  -43.325  -45.836  19.840 0.0000000000
33037  -44.113  -45.713  19.588 0.0000000000
33038  -45.051  -45.876  19.404 0.0000000000
33039  -45.835  -46.006  19.078 0.0000000000
33040  -46.586  -46.214  18.968 0.0000000000
33041  -49.867  -45.828  20.452 0.0000000000
33042  -50.410  -45.814  19.892 0.0000000000
33043  -51.310  -45.414  19.482 0.0000000000
33044  -51.959  -45.164  19.144 0.0000000000
33057  -42.581  -45.930  19.246 0.0000000000
33058  -43.268  -45.503  18.940 0.0000000000
33059  -44.282  -45.373  18.782 0.0000000000
33060  -45.264  -45.515  18.613 0.0000000000
33061  -46.171  -45.763  18.449 0.0000000000
33062  -47.179  -46.100  18.443 0.0000000000
33063  -48.130  -46.138  18.337 0.0000000000
33064  -49.130  -46.228  18.504 0.0000000000
33065  -50.317  -46.053  19.008 0.0000000000
33066  -51.391  -45.459  18.756 0.0000000000
33067  -52.171  -45.079  18.610 0.0000000000
33077  -41.485  -45.979  17.361 0.0000000000
33078  -42.133  -45.715  18.049 0.0000000000
33079  -43.391  -44.973  18.021 0.0000000000
33080  -44.612  -44.928  18.101 0.0000000000
33081  -45.623  -45.145  17.975 0.0000000000
33082  -46.580  -45.444  17.818 0.0000000000
33083  -47.572  -45.653  17.727 0.0000000000
33084  -48.597  -45.766  17.736 0.0000000000
33085  -49.687  -45.788  17.884 0.0000000000
33086  -50.736  -45.535  18.047 0.0000000000
33087  -51.631  -45.219  18.071 0.0000000000
33088  -52.274  -44.977  18.048 0.0000000000
33099  -41.538  -45.503  16.703 0.0000000000
33100  -42.482  -44.948  17.233 0.0000000000
33101  -43.200  -44.542  17.271 0.0000000000
33114  -40.936  -45.558  15.555 0.0000000000
33129  -40.599  -45.594  14.353 0.0000000000
33130  -40.689  -45.622  14.912 0.0000000000
33141  -40.697  -45.687  13.386 0.0000000000
33142  -41.117  -46.156  13.041 0.0000000000
33153  -40.705  -45.310  12.796 0.0000000000
33154  -41.363  -45.667  12.374 0.0000000000
33155  -42.684  -45.960  12.006 0.0000000000
33156  -43.815  -46.020  11.938 0.0000000000
33157  -44.879  -46.092  11.889 0.0000000000
33158  -45.873  -46.177  11.789 0.0000000000
33159  -46.822  -46.281  11.659 0.0000000000
33160  -47.853  -46.397  11.596 0.0000000000
33161  -48.986  -46.632  11.627 0.0000000000
33162  -50.091  -46.690  11.805 0.0000000000
33163  -50.981  -46.516  11.955 0.0000000000
33164  -51.454  -46.338  12.045 0.0000000000
33176  -41.517  -45.055  11.800 0.0000000000
33177  -42.167  -45.267  11.637 0.0000000000
33178  -43.234  -45.362  11.528 0.0000000000
33179  -44.313  -45.417  11.482 0.0000000000
33180  -45.331  -45.520  11.416 0.0000000000
33181  -46.275  -45.672  11.298 0.0000000000
33182  -47.215  -45.842  11.118 0.0000000000
33183  -48.368  -46.036  10.760 0.0000000000
33184  -49.686  -46.416  11.051 0.0000000000
33185  -50.707  -46.546  11.303 0.0000000000
33186  -51.574  -46.412  11.588 0.0000000000
33199  -48.587  -45.965  9.809 0.0000000000
33200  -49.486  -46.277  10.203 0.0000000000
33201  -50.467  -46.524  10.544 0.0000000000
33210  -47.884  -45.849  8.870 0.0000000000
33211  -48.547  -46.063  9.073 0.0000000000
33212  -49.381  -46.280  9.349 0.0000000000
33213  -50.441  -46.515  9.633 0.0000000000
33214  -51.103  -46.694  10.178 0.0000000000
33221  -47.471  -45.796  8.292 0.0000000000
33222  -48.333  -46.131  8.334 0.0000000000
33224  -50.094  -46.442  8.730 0.0000000000
34101  -43.260  -45.334  30.437 0.0000000000
34102  -43.646  -45.382  30.417 0.0000000000
34103  -43.882  -45.446  30.381 0.0000000000
34118  -43.538  -44.971  30.315 0.0000000000
34119  -43.985  -45.001  30.184 0.0000000000
34135  -44.419  -44.683  29.524 0.0000000000
34136  -44.886  -44.458  28.792 0.0000000000
34150  -45.594  -44.345  28.040 0.0000000000
34151  -46.105  -44.463  27.388 0.0000000000
34162  -46.066  -44.113  27.460 0.0000000000
34163  -46.671  -44.366  27.048 0.0000000000
34176  -47.461  -44.644  26.485 0.0000000000
34177  -47.964  -45.061  25.950 0.0000000000
34197  -48.051  -44.630  25.960 0.0000000000
34198  -48.540  -45.065  25.460 0.0000000000
34218  -49.135  -45.255  24.626 0.0000000000
34219  -49.483  -45.448  23.902 0.0000000000
34232  -49.288  -44.765  23.628 0.0000000000
34233  -49.589  -45.388  23.341 0.0000000000
34244  -49.057  -44.292  22.488 0.0000000000
34245  -49.508  -45.096  22.699 0.0000000000
34251  -49.208  -44.207  21.290 0.0000000000
34252  -49.455  -44.906  21.732 0.0000000000
34257  -49.535  -44.026  20.717 0.0000000000
34258  -49.888  -44.641  20.620 0.0000000000
34259  -50.939  -44.736  20.177 0.0000000000
34260  -51.757  -44.734  19.760 0.0000000000
34261  -52.252  -44.334  19.645 0.0000000000
34272  -51.954  -44.982  19.442 0.0000000000
34273  -52.628  -44.474  19.125 0.0000000000
34274  -53.645  -43.861  18.639 0.0000000000
34275  -54.022  -43.680  18.379 0.0000000000
34290  -52.790  -44.708  18.294 0.0000000000
34291  -53.364  -44.255  18.371 0.0000000000
34292  -53.885  -43.943  18.253 0.0000000000
34304  -44.011  -44.454  17.495 0.0000000000
34305  -45.026  -44.534  17.524 0.0000000000
34306  -46.005  -44.759  17.385 0.0000000000
34307  -46.984  -44.989  17.232 0.0000000000
34308  -47.990  -45.182  17.117 0.0000000000
34309  -49.042  -45.256  17.141 0.0000000000
34310  -50.089  -45.195  17.263 0.0000000000
34311  -51.064  -45.024  17.409 0.0000000000
34312  -51.924  -44.856  17.531 0.0000000000
34313  -52.636  -44.696  17.680 0.0000000000
34314  -53.336  -44.382  17.728 0.0000000000
34315  -53.716  -44.171  18.039 0.0000000000
34326  -42.073  -44.679  16.575 0.0000000000
34327  -42.729  -44.386  16.788 0.0000000000
34328  -43.440  -44.012  16.862 0.0000000000
34329  -44.417  -43.995  17.087 0.0000000000
34330  -45.403  -44.094  17.039 0.0000000000
34331  -46.387  -44.268  16.888 0.0000000000
34332  -47.386  -44.435  16.751 0.0000000000
34333  -48.401  -44.575  16.647 0.0000000000
34334  -49.434  -44.630  16.650 0.0000000000
34335  -50.455  -44.604  16.736 0.0000000000
34336  -51.443  -44.552  16.871 0.0000000000
34337  -52.359  -44.483  17.105 0.0000000000
34338  -52.908  -44.442  17.351 0.0000000000
34347  -41.524  -44.569  15.763 0.0000000000
34348  -42.330  -44.127  16.310 0.0000000000
34349  -42.871  -43.996  16.582 0.0000000000
34358  -40.565  -45.012  14.412 0.0000000000
34359  -40.807  -44.962  14.924 0.0000000000
34370  -40.453  -44.940  13.934 0.0000000000
34377  -40.424  -44.743  13.120 0.0000000000
34378  -40.713  -44.969  12.501 0.0000000000
34385  -40.507  -44.375  12.500 0.0000000000
34386  -40.961  -44.629  11.931 0.0000000000
34387  -41.709  -44.594  11.412 0.0000000000
34388  -42.671  -44.696  11.193 0.0000000000
34389  -43.728  -44.779  11.082 0.0000000000
34390  -44.815  -44.860  10.964 0.0000000000
34391  -45.756  -45.105  10.916 0.0000000000
34392  -46.574  -45.358  10.711 0.0000000000
34393  -47.331  -45.618  10.521 0.0000000000
34405  -45.391  -44.732  10.562 0.0000000000
34406  -46.004  -44.852  10.280 0.0000000000
34407  -46.822  -45.232  10.037 0.0000000000
34408  -47.725  -45.609  9.966 0.0000000000
34417  -45.632  -44.664  9.288 0.0000000000
34418  -46.030  -44.852  9.479 0.0000000000
34419  -47.141  -45.466  9.135 0.0000000000
34420  -47.968  -45.792  9.396 0.0000000000
34427  -45.559  -44.723  8.884 0.0000000000
34428  -46.299  -45.204  8.393 0.0000000000
34429  -46.947  -45.498  8.496 0.0000000000
35318  -43.528  -44.377  29.925 0.0000000000
35319  -44.076  -44.276  29.665 0.0000000000
35327  -43.806  -43.631  29.283 0.0000000000
35328  -44.539  -43.773  28.956 0.0000000000
35329  -45.182  -43.917  28.464 0.0000000000
35341  -45.009  -43.414  28.329 0.0000000000
35342  -45.581  -43.621  27.823 0.0000000000
35352  -46.317  -43.704  27.097 0.0000000000
35353  -47.109  -44.043  26.753 0.0000000000
35365  -46.912  -43.468  26.517 0.0000000000
35366  -47.667  -44.029  26.236 0.0000000000
35382  -47.311  -43.360  25.597 0.0000000000
35383  -48.232  -44.216  25.395 0.0000000000
35384  -48.735  -44.736  25.050 0.0000000000
35408  -47.177  -43.009  24.902 0.0000000000
35409  -47.838  -43.432  24.445 0.0000000000
35410  -48.728  -44.358  24.495 0.0000000000
35428  -47.880  -43.160  23.277 0.0000000000
35429  -48.607  -43.894  23.528 0.0000000000
35446  -47.976  -43.096  22.193 0.0000000000
35447  -48.449  -43.602  22.656 0.0000000000
35458  -48.075  -43.067  21.157 0.0000000000
35459  -48.590  -43.647  21.714 0.0000000000
35465  -48.206  -42.935  20.570 0.0000000000
35466  -48.903  -43.401  20.465 0.0000000000
35467  -49.958  -43.845  20.275 0.0000000000
35468  -50.832  -44.095  20.163 0.0000000000
35469  -51.666  -44.223  20.006 0.0000000000
35470  -52.068  -44.290  19.832 0.0000000000
35477  -49.221  -42.951  19.784 0.0000000000
35478  -49.808  -43.258  19.807 0.0000000000
35479  -50.710  -43.399  19.859 0.0000000000
35480  -51.620  -43.527  19.883 0.0000000000
35481  -52.482  -43.792  19.671 0.0000000000
35482  -53.481  -43.519  19.084 0.0000000000
35483  -54.287  -43.275  18.464 0.0000000000
35484  -54.829  -42.975  18.103 0.0000000000
35497  -54.227  -43.655  18.193 0.0000000000
35498  -54.672  -43.275  17.946 0.0000000000
35511  -53.541  -44.138  17.449 0.0000000000
35512  -54.019  -43.883  17.641 0.0000000000
35513  -54.659  -43.209  17.306 0.0000000000
35522  -43.436  -43.695  16.642 0.0000000000
35523  -43.844  -43.598  16.702 0.0000000000
35524  -44.753  -43.517  16.705 0.0000000000
35525  -45.750  -43.567  16.606 0.0000000000
35526  -46.760  -43.686  16.467 0.0000000000
35527  -47.775  -43.810  16.348 0.0000000000
35528  -48.784  -43.941  16.219 0.0000000000
35529  -49.805  -44.009  16.189 0.0000000000
35530  -50.841  -44.047  16.226 0.0000000000
35531  -51.913  -44.031  16.419 0.0000000000
35532  -53.169  -44.022  16.885 0.0000000000
35533  -54.194  -43.306  16.700 0.0000000000
35534  -54.688  -43.066  16.914 0.0000000000
35541  -41.536  -44.070  15.464 0.0000000000
35542  -41.945  -43.757  15.713 0.0000000000
35543  -43.040  -43.529  16.334 0.0000000000
35544  -44.020  -43.077  16.337 0.0000000000
35545  -45.043  -42.925  16.301 0.0000000000
35546  -46.093  -42.949  16.203 0.0000000000
35547  -47.122  -43.062  16.048 0.0000000000
35548  -48.145  -43.168  15.948 0.0000000000
35549  -49.148  -43.287  15.838 0.0000000000
35550  -50.160  -43.341  15.798 0.0000000000
35551  -51.215  -43.375  15.801 0.0000000000
35552  -52.330  -43.350  15.925 0.0000000000
35553  -53.362  -43.179  16.071 0.0000000000
35554  -53.977  -42.960  16.102 0.0000000000
35562  -40.648  -44.554  14.430 0.0000000000
35563  -41.186  -43.892  14.961 0.0000000000
35564  -41.836  -43.184  15.297 0.0000000000
35577  -40.488  -44.004  13.921 0.0000000000
35578  -40.858  -43.208  14.290 0.0000000000
35587  -40.312  -43.777  12.965 0.0000000000
35594  -40.419  -43.716  12.087 0.0000000000
35595  -41.015  -43.817  11.224 0.0000000000
35596  -42.061  -44.046  10.896 0.0000000000
35597  -43.097  -44.189  10.650 0.0000000000
35598  -44.134  -44.375  10.506 0.0000000000
35599  -44.894  -44.511  10.440 0.0000000000
35607  -41.536  -43.459  10.647 0.0000000000
35608  -42.354  -43.598  10.273 0.0000000000
35609  -43.534  -43.833  9.828 0.0000000000
35610  -44.644  -44.230  9.961 0.0000000000
35611  -45.409  -44.516  10.084 0.0000000000
35612  -45.812  -44.651  9.932 0.0000000000
35623  -43.784  -43.738  8.988 0.0000000000
35624  -44.436  -44.090  9.266 0.0000000000
35625  -45.294  -44.483  9.447 0.0000000000
35626  -45.650  -44.590  9.754 0.0000000000
35637  -43.745  -43.779  8.250 0.0000000000
35638  -44.338  -44.096  8.537 0.0000000000
35639  -44.924  -44.405  8.718 0.0000000000
35651  -44.724  -44.358  8.216 0.0000000000
36488  -44.103  -42.894  28.587 0.0000000000
36489  -44.621  -43.053  28.380 0.0000000000
36498  -44.454  -42.509  28.086 0.0000000000
36499  -45.009  -42.742  27.788 0.0000000000
36500  -45.672  -43.116  27.357 0.0000000000
36508  -45.355  -42.476  27.187 0.0000000000
36509  -46.069  -43.002  26.829 0.0000000000
36518  -45.662  -42.280  26.567 0.0000000000
36519  -46.444  -42.819  26.142 0.0000000000
36531  -45.947  -42.196  25.847 0.0000000000
36532  -46.539  -42.613  25.217 0.0000000000
36549  -46.944  -42.652  24.249 0.0000000000
36550  -47.501  -42.961  23.875 0.0000000000
36565  -46.642  -42.267  23.234 0.0000000000
36566  -47.265  -42.716  23.470 0.0000000000
36585  -46.731  -42.211  22.145 0.0000000000
36586  -47.322  -42.656  22.665 0.0000000000
36605  -46.813  -42.177  21.137 0.0000000000
36606  -47.388  -42.634  21.618 0.0000000000
36619  -46.893  -42.096  20.577 0.0000000000
36620  -47.530  -42.481  20.399 0.0000000000
36621  -48.281  -42.834  20.218 0.0000000000
36631  -47.671  -42.165  19.626 0.0000000000
36632  -48.544  -42.429  19.466 0.0000000000
36633  -49.643  -42.656  19.380 0.0000000000
36634  -50.483  -42.782  19.480 0.0000000000
36635  -51.412  -42.652  19.513 0.0000000000
36636  -52.372  -42.866  19.625 0.0000000000
36637  -53.307  -42.845  19.300 0.0000000000
36638  -54.178  -42.652  18.799 0.0000000000
36639  -55.022  -42.383  18.329 0.0000000000
36640  -55.503  -41.835  18.159 0.0000000000
36653  -48.896  -41.874  18.739 0.0000000000
36654  -49.481  -42.088  18.834 0.0000000000
36655  -50.350  -42.227  19.043 0.0000000000
36656  -50.903  -42.367  19.265 0.0000000000
36657  -55.169  -42.669  17.939 0.0000000000
36658  -55.591  -42.040  17.964 0.0000000000
36670  -55.052  -42.835  17.545 0.0000000000
36671  -55.586  -42.225  17.404 0.0000000000
36677  -54.665  -42.944  16.668 0.0000000000
36678  -55.097  -42.689  16.876 0.0000000000
36679  -55.631  -42.011  16.767 0.0000000000
36686  -42.469  -43.117  15.681 0.0000000000
36687  -43.238  -42.726  15.835 0.0000000000
36688  -44.251  -42.416  15.872 0.0000000000
36689  -45.361  -42.234  15.805 0.0000000000
36690  -46.452  -42.347  15.787 0.0000000000
36691  -47.490  -42.351  15.645 0.0000000000
36692  -48.521  -42.545  15.589 0.0000000000
36693  -49.479  -42.606  15.483 0.0000000000
36694  -50.487  -42.616  15.420 0.0000000000
36695  -51.536  -42.569  15.439 0.0000000000
36696  -52.629  -42.411  15.517 0.0000000000
36697  -53.615  -42.477  15.754 0.0000000000
36698  -54.502  -42.521  16.137 0.0000000000
36699  -55.269  -41.949  16.245 0.0000000000
36700  -55.715  -41.431  16.369 0.0000000000
36706  -41.445  -42.841  14.772 0.0000000000
36707  -42.341  -42.440  15.223 0.0000000000
36708  -43.409  -41.955  15.372 0.0000000000
36709  -44.470  -41.736  15.402 0.0000000000
36710  -45.287  -41.601  15.368 0.0000000000
36711  -48.047  -41.943  15.359 0.0000000000
36712  -48.812  -41.880  15.270 0.0000000000
36713  -49.777  -41.859  15.131 0.0000000000
36714  -50.787  -41.789  15.116 0.0000000000
36715  -51.780  -41.713  15.099 0.0000000000
36716  -52.557  -41.575  15.151 0.0000000000
36728  -40.501  -43.010  13.564 0.0000000000
36729  -40.997  -42.375  14.142 0.0000000000
36740  -40.248  -42.792  12.645 0.0000000000
36741  -54.718  -42.327  11.958 0.0000000000
36742  -55.037  -42.299  11.911 0.0000000000
36749  -40.324  -42.741  11.517 0.0000000000
36750  -40.897  -43.075  10.783 0.0000000000
36751  -53.027  -42.277  11.326 0.0000000000
36752  -53.469  -42.395  11.361 0.0000000000
36753  -54.505  -42.479  11.558 0.0000000000
36763  -40.594  -42.399  10.677 0.0000000000
36764  -41.383  -42.839  10.040 0.0000000000
36765  -42.495  -43.293  9.543 0.0000000000
36766  -43.184  -43.483  9.205 0.0000000000
36767  -52.992  -42.490  10.910 0.0000000000
36768  -53.832  -42.807  10.632 0.0000000000
36780  -41.825  -42.737  9.030 0.0000000000
36781  -42.728  -43.203  8.830 0.0000000000
36782  -43.311  -43.502  8.708 0.0000000000
36783  -52.158  -42.322  9.093 0.0000000000
36796  -41.548  -42.577  8.091 0.0000000000
36797  -42.364  -43.012  8.185 0.0000000000
36798  -43.084  -43.405  8.159 0.0000000000
36810  -41.265  -42.493  7.035 0.0000000000
36811  -42.135  -42.979  7.329 0.0000000000
36812  -42.788  -43.301  7.555 0.0000000000
37726  -43.781  -42.397  28.217 0.0000000000
37727  -44.120  -42.228  28.027 0.0000000000
37734  -43.856  -41.733  27.557 0.0000000000
37735  -44.436  -41.815  27.480 0.0000000000
37736  -44.911  -42.143  27.395 0.0000000000
37744  -44.502  -41.343  27.066 0.0000000000
37745  -44.907  -41.633  26.979 0.0000000000
37751  -45.371  -41.500  26.142 0.0000000000
37757  -45.814  -41.675  25.017 0.0000000000
37758  -46.326  -42.290  24.650 0.0000000000
37771  -45.749  -41.348  23.943 0.0000000000
37772  -46.199  -42.044  24.086 0.0000000000
37778  -45.632  -41.293  23.038 0.0000000000
37779  -45.991  -41.812  23.384 0.0000000000
37789  -45.626  -41.246  22.104 0.0000000000
37790  -46.084  -41.811  22.587 0.0000000000
37806  -45.639  -41.169  21.101 0.0000000000
37807  -46.169  -41.757  21.595 0.0000000000
37826  -45.662  -40.976  20.160 0.0000000000
37827  -46.339  -41.688  20.490 0.0000000000
37828  -46.921  -42.017  20.266 0.0000000000
37844  -45.680  -40.822  19.741 0.0000000000
37845  -46.047  -41.075  19.587 0.0000000000
37846  -46.972  -41.744  19.597 0.0000000000
37847  -47.737  -41.838  19.120 0.0000000000
37848  -51.625  -42.230  19.277 0.0000000000
37849  -52.070  -42.207  19.274 0.0000000000
37850  -52.998  -42.131  19.147 0.0000000000
37851  -53.930  -41.865  18.775 0.0000000000
37852  -54.817  -41.776  18.534 0.0000000000
37853  -55.432  -41.459  18.235 0.0000000000
37870  -46.561  -41.032  18.920 0.0000000000
37871  -47.289  -41.203  18.578 0.0000000000
37872  -48.330  -41.436  18.465 0.0000000000
37873  -49.292  -41.404  18.310 0.0000000000
37874  -50.230  -41.544  18.444 0.0000000000
37875  -51.347  -41.824  18.876 0.0000000000
37876  -52.502  -41.542  18.690 0.0000000000
37877  -53.478  -41.338  18.495 0.0000000000
37878  -54.243  -41.058  18.406 0.0000000000
37879  -55.852  -41.278  17.948 0.0000000000
37880  -56.170  -40.836  17.615 0.0000000000
37890  -56.012  -41.476  17.562 0.0000000000
37891  -56.346  -40.740  17.228 0.0000000000
37897  -56.104  -41.374  16.852 0.0000000000
37898  -56.404  -40.453  16.625 0.0000000000
37905  -45.934  -41.801  15.517 0.0000000000
37906  -46.691  -41.725  15.425 0.0000000000
37907  -47.433  -41.664  15.315 0.0000000000
37908  -53.167  -41.828  15.407 0.0000000000
37909  -53.906  -41.723  15.473 0.0000000000
37910  -54.736  -41.493  15.632 0.0000000000
37911  -55.413  -41.091  15.780 0.0000000000
37912  -56.022  -40.598  15.946 0.0000000000
37913  -56.419  -40.038  16.062 0.0000000000
37919  -41.696  -42.053  14.613 0.0000000000
37920  -42.526  -41.419  14.723 0.0000000000
37921  -43.750  -41.199  14.910 0.0000000000
37922  -44.809  -41.104  14.979 0.0000000000
37923  -45.890  -41.174  15.081 0.0000000000
37924  -46.943  -41.109  15.023 0.0000000000
37925  -47.999  -41.213  15.036 0.0000000000
37926  -49.069  -41.092  14.945 0.0000000000
37927  -50.086  -41.010  14.865 0.0000000000
37928  -51.098  -40.940  14.815 0.0000000000
37929  -52.083  -40.948  14.768 0.0000000000
37930  -53.129  -41.065  14.933 0.0000000000
37931  -54.135  -40.924  14.979 0.0000000000
37932  -54.945  -40.701  15.062 0.0000000000
37933  -55.582  -40.400  15.125 0.0000000000
37934  -55.962  -40.059  15.103 0.0000000000
37943  -40.527  -41.959  13.380 0.0000000000
37944  -41.403  -41.331  14.002 0.0000000000
37945  -42.226  -40.696  14.094 0.0000000000
37957  -40.181  -41.555  12.332 0.0000000000
37958  -53.036  -41.256  12.345 0.0000000000
37959  -53.634  -41.533  12.319 0.0000000000
37960  -54.580  -41.905  12.169 0.0000000000
37961  -55.490  -41.651  11.964 0.0000000000
37962  -55.926  -41.232  11.688 0.0000000000
37971  -40.181  -41.617  11.153 0.0000000000
37972  -51.627  -41.438  11.417 0.0000000000
37973  -52.702  -41.834  11.624 0.0000000000
37974  -53.862  -42.122  11.877 0.0000000000
37975  -54.323  -42.267  11.950 0.0000000000
37986  -40.406  -41.739  9.881 0.0000000000
37987  -41.096  -42.411  9.458 0.0000000000
37988  -50.878  -41.581  10.058 0.0000000000
37989  -51.706  -41.936  10.669 0.0000000000
37990  -52.415  -42.337  10.627 0.0000000000
38000  -40.181  -41.435  8.692 0.0000000000
38001  -40.964  -42.154  8.874 0.0000000000
38002  -50.173  -41.043  8.748 0.0000000000
38003  -50.911  -41.594  9.081 0.0000000000
38004  -51.725  -42.121  9.588 0.0000000000
38005  -52.131  -42.310  10.132 0.0000000000
38015  -40.098  -41.461  7.719 0.0000000000
38016  -40.744  -42.040  7.960 0.0000000000
38017  -50.162  -40.756  7.939 0.0000000000
38029  -40.070  -41.533  6.824 0.0000000000
38030  -40.529  -41.965  7.205 0.0000000000
38045  -40.676  -42.036  6.387 0.0000000000
39027  -50.342  -39.774  29.569 0.0000000000
39028  -50.985  -39.677  29.177 0.0000000000
39037  -44.114  -41.402  27.312 0.0000000000
39039  -50.362  -40.006  28.299 0.0000000000
39040  -51.040  -39.853  28.593 0.0000000000
39051  -44.221  -40.915  26.905 0.0000000000
39052  -44.556  -41.141  26.914 0.0000000000
39053  -50.823  -40.199  27.172 0.0000000000
39054  -51.346  -40.061  27.617 0.0000000000
39055  -51.857  -39.924  27.548 0.0000000000
39064  -44.349  -40.432  26.633 0.0000000000
39065  -44.685  -40.716  26.496 0.0000000000
39066  -51.011  -40.368  26.490 0.0000000000
39067  -51.452  -40.296  26.708 0.0000000000
39068  -51.991  -40.109  27.022 0.0000000000
39075  -45.177  -40.708  25.548 0.0000000000
39076  -50.885  -40.339  26.130 0.0000000000
39077  -51.323  -40.388  25.934 0.0000000000
39078  -52.039  -40.232  26.074 0.0000000000
39092  -45.358  -40.692  24.520 0.0000000000
39093  -51.733  -40.225  25.405 0.0000000000
39094  -52.162  -40.043  25.239 0.0000000000
39105  -45.328  -40.687  23.536 0.0000000000
39111  -45.258  -40.667  22.620 0.0000000000
39121  -45.187  -40.578  21.654 0.0000000000
39134  -45.156  -40.459  20.612 0.0000000000
39151  -45.376  -40.357  19.492 0.0000000000
39152  -45.997  -40.595  18.836 0.0000000000
39153  -54.694  -41.225  18.458 0.0000000000
39154  -55.283  -40.740  18.197 0.0000000000
39155  -55.783  -40.425  17.925 0.0000000000
39156  -56.195  -40.006  17.713 0.0000000000
39177  -45.733  -39.782  18.381 0.0000000000
39178  -46.647  -40.350  18.128 0.0000000000
39179  -47.786  -40.299  17.707 0.0000000000
39180  -48.936  -40.604  17.757 0.0000000000
39181  -49.949  -40.725  17.801 0.0000000000
39182  -50.975  -40.853  17.951 0.0000000000
39183  -52.013  -40.879  18.067 0.0000000000
39184  -52.969  -40.743  18.045 0.0000000000
39185  -53.910  -40.249  17.847 0.0000000000
39186  -54.849  -40.371  18.112 0.0000000000
39187  -55.109  -40.137  18.036 0.0000000000
39188  -56.085  -40.530  17.739 0.0000000000
39189  -56.391  -39.975  17.393 0.0000000000
39207  -48.085  -39.554  17.342 0.0000000000
39208  -48.699  -39.717  17.341 0.0000000000
39209  -49.653  -39.847  17.323 0.0000000000
39210  -50.662  -39.969  17.334 0.0000000000
39211  -51.666  -40.065  17.440 0.0000000000
39212  -52.587  -40.110  17.582 0.0000000000
39213  -53.200  -40.146  17.699 0.0000000000
39214  -56.518  -40.081  17.064 0.0000000000
39221  -56.611  -39.698  16.486 0.0000000000
39222  -56.722  -39.316  16.401 0.0000000000
39229  -56.261  -39.872  15.408 0.0000000000
39230  -56.563  -39.476  15.779 0.0000000000
39231  -56.614  -39.386  15.936 0.0000000000
39238  -43.141  -40.584  14.374 0.0000000000
39239  -44.222  -40.493  14.488 0.0000000000
39240  -45.289  -40.466  14.565 0.0000000000
39241  -46.330  -40.490  14.565 0.0000000000
39242  -47.351  -40.481  14.553 0.0000000000
39243  -48.374  -40.418  14.536 0.0000000000
39244  -49.397  -40.319  14.476 0.0000000000
39245  -50.415  -40.244  14.401 0.0000000000
39246  -51.435  -40.282  14.250 0.0000000000
39247  -52.487  -40.416  14.197 0.0000000000
39248  -53.524  -40.520  14.243 0.0000000000
39249  -54.445  -40.462  14.266 0.0000000000
39250  -55.203  -40.286  14.283 0.0000000000
39251  -55.770  -40.029  14.340 0.0000000000
39252  -56.153  -39.755  14.539 0.0000000000
39253  -56.428  -39.450  14.902 0.0000000000
39262  -40.753  -40.879  13.177 0.0000000000
39263  -41.601  -40.241  13.410 0.0000000000
39264  -42.610  -40.038  13.775 0.0000000000
39265  -43.665  -39.889  13.930 0.0000000000
39266  -44.756  -39.807  14.035 0.0000000000
39267  -45.794  -39.844  14.077 0.0000000000
39268  -46.770  -39.880  14.060 0.0000000000
39269  -47.741  -39.812  14.050 0.0000000000
39270  -48.729  -39.729  13.982 0.0000000000
39271  -49.729  -39.664  13.890 0.0000000000
39272  -50.706  -39.756  13.701 0.0000000000
39273  -51.710  -40.063  13.258 0.0000000000
39274  -52.926  -40.472  13.425 0.0000000000
39275  -53.913  -40.557  13.485 0.0000000000
39276  -54.777  -40.490  13.448 0.0000000000
39277  -55.498  -40.269  13.431 0.0000000000
39278  -56.038  -39.941  13.619 0.0000000000
39279  -56.374  -39.547  13.953 0.0000000000
39287  -40.580  -40.309  12.450 0.0000000000
39288  -41.017  -40.217  12.956 0.0000000000
39289  -50.726  -40.229  12.007 0.0000000000
39290  -51.496  -40.444  12.336 0.0000000000
39291  -52.463  -40.788  12.516 0.0000000000
39292  -53.387  -40.876  12.800 0.0000000000
39293  -54.264  -41.011  12.788 0.0000000000
39294  -55.117  -40.935  12.665 0.0000000000
39295  -55.866  -40.494  12.553 0.0000000000
39296  -56.296  -39.849  13.171 0.0000000000
39303  -40.160  -40.720  11.711 0.0000000000
39304  -49.740  -40.411  10.892 0.0000000000
39305  -50.287  -40.539  11.321 0.0000000000
39306  -51.106  -40.883  11.727 0.0000000000
39307  -51.861  -41.088  11.958 0.0000000000
39309  -56.330  -39.942  12.609 0.0000000000
39318  -39.932  -40.544  10.758 0.0000000000
39319  -48.945  -39.982  10.238 0.0000000000
39320  -49.272  -40.212  10.431 0.0000000000
39321  -50.048  -40.933  10.417 0.0000000000
39322  -50.875  -41.310  10.987 0.0000000000
39332  -39.494  -39.836  8.872 0.0000000000
39333  -39.659  -40.219  9.333 0.0000000000
39334  -48.933  -40.041  9.823 0.0000000000
39335  -49.505  -40.639  9.466 0.0000000000
39336  -50.273  -41.201  9.552 0.0000000000
39346  -39.454  -39.952  8.476 0.0000000000
39347  -39.677  -40.709  8.217 0.0000000000
39348  -48.541  -39.690  8.728 0.0000000000
39349  -48.817  -39.921  8.908 0.0000000000
39350  -49.529  -40.462  8.426 0.0000000000
39360  -39.396  -40.139  7.653 0.0000000000
39361  -39.644  -40.883  7.279 0.0000000000
39362  -48.529  -39.677  8.447 0.0000000000
39363  -48.981  -39.842  8.010 0.0000000000
39364  -49.710  -40.245  7.641 0.0000000000
39375  -39.384  -40.251  6.796 0.0000000000
39390  -39.412  -40.286  5.948 0.0000000000
40339  -51.370  -39.496  28.840 0.0000000000
40353  -49.510  -39.529  27.677 0.0000000000
40354  -50.137  -39.997  27.443 0.0000000000
40355  -51.658  -39.728  28.080 0.0000000000
40369  -44.197  -39.850  26.306 0.0000000000
40370  -44.763  -40.029  25.842 0.0000000000
40371  -49.821  -39.658  26.864 0.0000000000
40372  -50.492  -40.104  26.523 0.0000000000
40373  -52.497  -39.799  26.576 0.0000000000
40386  -44.465  -39.399  25.465 0.0000000000
40387  -44.963  -39.902  24.989 0.0000000000
40388  -49.952  -39.656  25.965 0.0000000000
40389  -50.686  -40.107  25.594 0.0000000000
40390  -51.280  -40.227  25.200 0.0000000000
40391  -52.559  -39.752  25.641 0.0000000000
40392  -52.931  -39.185  25.199 0.0000000000
40403  -44.434  -39.100  24.325 0.0000000000
40404  -44.953  -39.968  23.934 0.0000000000
40405  -49.956  -39.669  24.899 0.0000000000
40406  -50.795  -40.022  24.536 0.0000000000
40407  -51.724  -40.091  24.557 0.0000000000
40408  -52.495  -39.606  24.537 0.0000000000
40409  -52.984  -38.974  24.130 0.0000000000
40422  -44.544  -39.346  23.021 0.0000000000
40423  -44.970  -40.146  23.085 0.0000000000
40424  -49.916  -39.591  23.509 0.0000000000
40425  -51.154  -39.965  23.561 0.0000000000
40426  -52.049  -39.741  23.588 0.0000000000
40427  -52.666  -39.140  23.465 0.0000000000
40428  -52.919  -38.931  23.641 0.0000000000
40435  -44.334  -39.208  21.851 0.0000000000
40436  -44.826  -39.978  22.248 0.0000000000
40437  -49.841  -39.380  22.206 0.0000000000
40438  -50.711  -39.686  22.619 0.0000000000
40439  -51.575  -39.661  22.812 0.0000000000
40440  -52.167  -39.312  22.804 0.0000000000
40447  -44.240  -38.955  20.788 0.0000000000
40448  -44.686  -39.834  21.207 0.0000000000
40449  -49.881  -39.232  21.577 0.0000000000
40450  -50.452  -39.376  21.759 0.0000000000
40451  -51.292  -39.401  22.074 0.0000000000
40452  -51.803  -39.338  22.386 0.0000000000
40461  -44.340  -38.614  19.809 0.0000000000
40462  -44.658  -39.596  20.098 0.0000000000
40475  -44.499  -38.304  19.285 0.0000000000
40476  -44.879  -38.957  18.927 0.0000000000
40477  -55.608  -39.436  17.850 0.0000000000
40478  -55.882  -39.266  17.773 0.0000000000
40479  -56.342  -39.160  17.575 0.0000000000
40498  -45.663  -38.794  18.055 0.0000000000
40499  -46.578  -39.193  17.664 0.0000000000
40500  -47.084  -39.794  17.618 0.0000000000
40501  -54.016  -38.998  17.582 0.0000000000
40502  -54.722  -39.331  17.764 0.0000000000
40503  -55.244  -39.575  17.851 0.0000000000
40504  -56.725  -39.031  17.256 0.0000000000
40505  -56.941  -39.025  17.175 0.0000000000
40526  -47.042  -38.951  17.447 0.0000000000
40527  -47.500  -39.202  17.395 0.0000000000
40528  -48.446  -38.970  17.245 0.0000000000
40529  -49.379  -38.974  17.168 0.0000000000
40530  -50.378  -39.039  17.153 0.0000000000
40531  -51.386  -39.133  17.204 0.0000000000
40532  -52.348  -39.255  17.311 0.0000000000
40533  -53.255  -39.431  17.476 0.0000000000
40534  -56.823  -39.426  17.240 0.0000000000
40535  -56.919  -39.021  16.921 0.0000000000
40547  -56.695  -39.583  16.877 0.0000000000
40548  -56.812  -39.170  16.729 0.0000000000
40558  -56.656  -39.198  15.735 0.0000000000
40559  -56.769  -38.982  15.990 0.0000000000
40567  -56.652  -39.103  15.381 0.0000000000
40568  -56.723  -38.807  15.677 0.0000000000
40577  -41.653  -39.792  13.113 0.0000000000
40578  -42.098  -39.628  13.226 0.0000000000
40579  -43.099  -39.397  13.336 0.0000000000
40580  -44.260  -39.147  13.387 0.0000000000
40581  -45.391  -39.196  13.507 0.0000000000
40582  -46.290  -39.329  13.586 0.0000000000
40583  -47.173  -39.337  13.521 0.0000000000
40584  -48.091  -39.249  13.431 0.0000000000
40585  -49.046  -39.231  13.273 0.0000000000
40586  -50.003  -39.366  13.111 0.0000000000
40587  -50.775  -39.629  12.998 0.0000000000
40588  -56.622  -39.129  14.418 0.0000000000
40597  -40.722  -39.798  12.319 0.0000000000
40598  -41.317  -39.526  12.663 0.0000000000
40599  -42.504  -38.984  12.777 0.0000000000
40600  -43.543  -38.749  12.818 0.0000000000
40601  -44.376  -38.554  12.789 0.0000000000
40602  -45.992  -38.901  13.204 0.0000000000
40603  -46.671  -38.902  13.053 0.0000000000
40604  -47.517  -38.912  12.899 0.0000000000
40605  -48.334  -38.919  12.585 0.0000000000
40606  -49.277  -39.228  12.359 0.0000000000
40607  -50.218  -39.710  12.310 0.0000000000
40608  -51.009  -39.944  12.581 0.0000000000
40609  -56.591  -39.378  13.324 0.0000000000
40615  -40.421  -39.623  11.732 0.0000000000
40616  -41.155  -38.715  11.835 0.0000000000
40617  -47.865  -38.785  11.368 0.0000000000
40618  -48.351  -38.988  11.611 0.0000000000
40619  -49.463  -39.839  11.320 0.0000000000
40620  -50.176  -40.061  11.750 0.0000000000
40623  -56.435  -39.506  12.377 0.0000000000
40632  -39.952  -39.293  10.477 0.0000000000
40633  -47.197  -38.593  10.567 0.0000000000
40634  -47.642  -38.795  10.834 0.0000000000
40635  -48.673  -39.636  10.466 0.0000000000
40636  -49.106  -39.928  10.756 0.0000000000
40650  -39.498  -39.335  8.733 0.0000000000
40651  -39.748  -38.858  9.486 0.0000000000
40652  -47.149  -38.725  10.112 0.0000000000
40653  -47.876  -39.219  9.763 0.0000000000
40654  -48.491  -39.704  9.469 0.0000000000
40667  -39.374  -39.396  7.915 0.0000000000
40668  -46.192  -38.513  8.305 0.0000000000
40669  -47.084  -38.903  8.907 0.0000000000
40670  -48.224  -39.553  8.869 0.0000000000
40671  -48.519  -39.715  9.063 0.0000000000
40684  -39.314  -39.528  7.127 0.0000000000
40685  -46.184  -38.446  7.786 0.0000000000
40686  -46.777  -38.684  7.581 0.0000000000
40687  -48.059  -39.405  7.812 0.0000000000
40688  -48.789  -39.608  7.494 0.0000000000
40700  -39.268  -39.592  6.358 0.0000000000
40701  -46.860  -38.499  6.903 0.0000000000
40702  -47.631  -38.724  6.682 0.0000000000
41697  -49.412  -39.285  27.096 0.0000000000
41708  -43.663  -39.051  25.743 0.0000000000
41709  -44.130  -39.167  25.767 0.0000000000
41710  -48.758  -38.498  26.101 0.0000000000
41711  -49.375  -39.155  26.473 0.0000000000
41724  -43.164  -38.290  24.958 0.0000000000
41725  -43.965  -38.801  25.149 0.0000000000
41726  -48.610  -38.538  24.975 0.0000000000
41727  -49.295  -39.133  25.461 0.0000000000
41728  -53.095  -38.541  24.830 0.0000000000
41743  -43.199  -37.895  24.308 0.0000000000
41744  -43.663  -38.249  24.196 0.0000000000
41745  -48.534  -38.588  23.987 0.0000000000
41746  -49.167  -39.165  24.386 0.0000000000
41747  -53.128  -38.436  24.007 0.0000000000
41768  -43.970  -38.478  23.252 0.0000000000
41769  -47.974  -37.924  22.835 0.0000000000
41770  -48.446  -38.522  23.122 0.0000000000
41771  -48.952  -39.054  23.498 0.0000000000
41772  -52.765  -38.827  23.014 0.0000000000
41773  -52.961  -38.630  23.330 0.0000000000
41787  -44.040  -38.652  22.373 0.0000000000
41788  -47.892  -37.861  22.276 0.0000000000
41789  -48.250  -38.279  22.329 0.0000000000
41790  -48.971  -38.955  22.499 0.0000000000
41791  -52.553  -38.948  22.741 0.0000000000
41792  -52.799  -38.594  22.506 0.0000000000
41801  -43.834  -38.348  21.456 0.0000000000
41802  -47.849  -37.824  21.690 0.0000000000
41803  -48.437  -38.359  21.519 0.0000000000
41804  -49.280  -38.855  21.370 0.0000000000
41805  -50.032  -38.999  21.042 0.0000000000
41806  -50.945  -39.030  21.183 0.0000000000
41807  -52.059  -38.824  21.821 0.0000000000
41808  -52.934  -38.164  21.556 0.0000000000
41814  -43.936  -37.983  20.427 0.0000000000
41815  -47.826  -37.769  20.720 0.0000000000
41816  -48.559  -38.191  20.495 0.0000000000
41817  -49.394  -38.457  20.306 0.0000000000
41818  -50.318  -38.554  20.239 0.0000000000
41819  -51.344  -38.469  20.388 0.0000000000
41820  -52.329  -38.087  20.539 0.0000000000
41821  -53.135  -37.662  20.538 0.0000000000
41829  -44.300  -37.799  19.616 0.0000000000
41830  -44.712  -37.847  18.971 0.0000000000
41831  -47.815  -37.678  19.655 0.0000000000
41832  -48.630  -37.933  19.424 0.0000000000
41833  -49.591  -38.112  19.324 0.0000000000
41834  -50.595  -38.117  19.320 0.0000000000
41835  -51.629  -37.968  19.374 0.0000000000
41836  -52.694  -37.693  19.402 0.0000000000
41837  -53.412  -37.465  19.764 0.0000000000
41838  -55.581  -38.356  17.883 0.0000000000
41839  -55.839  -38.355  17.880 0.0000000000
41840  -55.945  -38.460  17.970 0.0000000000
41853  -45.369  -37.956  18.348 0.0000000000
41854  -46.394  -38.043  17.915 0.0000000000
41855  -47.552  -37.766  18.444 0.0000000000
41856  -48.792  -37.954  18.406 0.0000000000
41857  -49.832  -37.979  18.373 0.0000000000
41858  -50.855  -37.943  18.362 0.0000000000
41859  -51.891  -37.865  18.340 0.0000000000
41860  -52.934  -37.779  18.217 0.0000000000
41861  -53.745  -38.083  17.808 0.0000000000
41862  -54.546  -38.252  17.788 0.0000000000
41863  -55.237  -38.416  17.843 0.0000000000
41864  -56.559  -38.399  17.501 0.0000000000
41865  -56.809  -38.455  17.221 0.0000000000
41883  -47.159  -38.510  17.595 0.0000000000
41884  -48.072  -38.356  17.654 0.0000000000
41885  -49.092  -38.318  17.624 0.0000000000
41886  -50.102  -38.328  17.599 0.0000000000
41887  -51.118  -38.347  17.583 0.0000000000
41888  -52.117  -38.390  17.561 0.0000000000
41889  -53.004  -38.534  17.503 0.0000000000
41890  -53.537  -38.727  17.505 0.0000000000
41891  -56.979  -38.783  17.155 0.0000000000
41905  -56.884  -38.611  16.638 0.0000000000
41917  -56.743  -38.372  15.782 0.0000000000
41918  -56.787  -38.438  15.885 0.0000000000
41928  -56.684  -38.602  15.160 0.0000000000
41929  -56.734  -38.596  15.686 0.0000000000
41939  -45.101  -38.674  12.999 0.0000000000
41940  -45.617  -38.783  13.104 0.0000000000
41941  -56.684  -38.665  13.973 0.0000000000
41949  -42.040  -38.458  12.141 0.0000000000
41950  -43.066  -38.328  12.236 0.0000000000
41951  -44.025  -38.149  12.269 0.0000000000
41952  -45.000  -38.174  12.331 0.0000000000
41953  -46.012  -38.487  12.589 0.0000000000
41954  -47.059  -38.624  12.385 0.0000000000
41955  -47.768  -38.738  12.266 0.0000000000
41956  -48.126  -38.787  12.097 0.0000000000
41958  -56.748  -38.915  12.998 0.0000000000
41961  -40.653  -38.494  11.034 0.0000000000
41962  -41.743  -37.856  11.185 0.0000000000
41963  -42.739  -37.886  11.593 0.0000000000
41964  -43.619  -37.853  11.677 0.0000000000
41965  -44.630  -37.757  11.380 0.0000000000
41966  -45.841  -38.040  11.597 0.0000000000
41967  -46.773  -38.326  11.735 0.0000000000
41968  -47.597  -38.621  11.670 0.0000000000
41969  -47.974  -38.728  11.909 0.0000000000
41974  -56.607  -39.012  12.504 0.0000000000
41978  -40.296  -38.262  10.108 0.0000000000
41979  -41.049  -37.787  10.342 0.0000000000
41980  -44.798  -37.727  10.272 0.0000000000
41981  -45.696  -37.946  10.577 0.0000000000
41982  -46.771  -38.324  10.798 0.0000000000
41983  -47.214  -38.463  11.254 0.0000000000
41995  -39.740  -38.492  8.768 0.0000000000
41996  -40.310  -37.846  9.155 0.0000000000
41997  -40.697  -37.752  9.786 0.0000000000
41998  -44.762  -37.838  9.355 0.0000000000
41999  -45.541  -38.095  9.640 0.0000000000
42000  -46.387  -38.423  9.845 0.0000000000
42014  -39.554  -38.651  8.085 0.0000000000
42015  -39.994  -37.967  8.229 0.0000000000
42016  -43.922  -37.690  8.245 0.0000000000
42017  -44.702  -37.919  8.477 0.0000000000
42018  -45.466  -38.211  8.767 0.0000000000
42019  -46.120  -38.464  9.083 0.0000000000
42034  -39.436  -38.805  7.306 0.0000000000
42035  -39.792  -38.125  7.430 0.0000000000
42036  -43.922  -37.670  7.746 0.0000000000
42037  -44.526  -37.830  7.665 0.0000000000
42038  -45.561  -38.209  7.792 0.0000000000
42039  -46.181  -38.378  7.513 0.0000000000
42051  -39.294  -38.993  6.674 0.0000000000
42052  -39.587  -38.264  6.534 0.0000000000
42053  -44.444  -37.670  7.068 0.0000000000
42054  -45.138  -37.873  7.026 0.0000000000
42055  -46.152  -38.214  6.928 0.0000000000
42056  -46.868  -38.307  6.481 0.0000000000
42065  -39.274  -38.894  5.992 0.0000000000
42066  -39.514  -38.161  5.482 0.0000000000
42067  -44.673  -37.592  6.567 0.0000000000
42068  -45.434  -37.697  6.200 0.0000000000
42069  -46.376  -37.943  6.053 0.0000000000
42082  -39.261  -38.936  5.285 0.0000000000
43043  -46.781  -36.749  26.087 0.0000000000
43059  -46.784  -36.685  25.489 0.0000000000
43074  -42.714  -37.430  24.077 0.0000000000
43075  -43.204  -37.697  23.834 0.0000000000
43076  -46.836  -36.657  24.888 0.0000000000
43077  -47.420  -37.261  24.619 0.0000000000
43094  -42.946  -37.220  23.225 0.0000000000
43095  -43.426  -37.780  23.240 0.0000000000
43096  -46.892  -36.644  23.878 0.0000000000
43097  -47.543  -37.418  23.463 0.0000000000
43098  -48.120  -38.088  23.560 0.0000000000
43099  -53.175  -37.977  23.397 0.0000000000
43112  -43.147  -37.274  22.605 0.0000000000
43113  -43.520  -37.854  22.276 0.0000000000
43114  -46.837  -36.627  22.707 0.0000000000
43115  -47.446  -37.349  22.220 0.0000000000
43116  -53.147  -38.030  22.459 0.0000000000
43128  -43.150  -37.041  21.957 0.0000000000
43129  -43.515  -37.215  21.164 0.0000000000
43130  -46.626  -36.609  21.499 0.0000000000
43131  -47.194  -37.211  21.035 0.0000000000
43132  -53.406  -37.435  21.395 0.0000000000
43133  -53.799  -36.954  20.771 0.0000000000
43141  -44.144  -36.927  20.136 0.0000000000
43142  -45.002  -36.550  19.808 0.0000000000
43143  -46.129  -36.599  20.193 0.0000000000
43144  -47.090  -37.296  19.941 0.0000000000
43145  -53.665  -37.210  20.343 0.0000000000
43146  -54.145  -36.823  19.926 0.0000000000
43147  -54.638  -36.732  19.252 0.0000000000
43154  -44.657  -37.211  19.450 0.0000000000
43155  -45.417  -37.111  19.049 0.0000000000
43156  -46.426  -37.190  19.154 0.0000000000
43157  -47.127  -37.474  19.022 0.0000000000
43158  -53.349  -37.492  19.052 0.0000000000
43159  -53.887  -37.238  19.308 0.0000000000
43160  -54.525  -37.086  18.887 0.0000000000
43161  -55.260  -37.356  18.265 0.0000000000
43162  -55.921  -37.514  18.053 0.0000000000
43163  -56.362  -37.672  17.772 0.0000000000
43173  -46.051  -37.481  18.500 0.0000000000
43174  -46.765  -37.561  18.559 0.0000000000
43175  -47.133  -37.587  18.634 0.0000000000
43176  -53.672  -37.589  18.556 0.0000000000
43177  -54.238  -37.523  18.376 0.0000000000
43178  -54.883  -37.589  18.104 0.0000000000
43179  -55.216  -37.714  18.026 0.0000000000
43180  -56.686  -37.832  17.399 0.0000000000
43181  -57.042  -38.022  17.106 0.0000000000
43197  -56.807  -37.647  17.113 0.0000000000
43198  -56.938  -38.184  17.011 0.0000000000
43209  -56.772  -37.704  16.519 0.0000000000
43210  -56.889  -37.912  16.540 0.0000000000
43217  -56.715  -37.984  15.688 0.0000000000
43218  -56.794  -38.008  15.973 0.0000000000
43225  -56.498  -37.878  14.372 0.0000000000
43226  -56.616  -38.111  14.728 0.0000000000
43235  -56.360  -37.813  13.821 0.0000000000
43236  -56.612  -38.163  14.027 0.0000000000
43244  -56.611  -38.348  13.388 0.0000000000
43247  -42.213  -37.481  10.696 0.0000000000
43248  -42.662  -37.498  10.944 0.0000000000
43249  -43.381  -37.575  11.152 0.0000000000
43250  -43.912  -37.663  11.256 0.0000000000
43258  -41.875  -37.438  10.264 0.0000000000
43259  -42.631  -37.329  10.282 0.0000000000
43260  -43.344  -37.398  10.477 0.0000000000
43261  -44.025  -37.553  10.759 0.0000000000
43268  -40.881  -37.436  8.825 0.0000000000
43269  -41.332  -37.407  9.384 0.0000000000
43270  -42.433  -37.277  9.509 0.0000000000
43271  -43.285  -37.359  9.684 0.0000000000
43272  -44.043  -37.540  9.939 0.0000000000
43281  -40.641  -37.504  8.291 0.0000000000
43282  -41.378  -37.307  8.384 0.0000000000
43283  -42.280  -37.281  8.577 0.0000000000
43284  -43.200  -37.416  8.804 0.0000000000
43285  -43.985  -37.631  9.082 0.0000000000
43297  -40.361  -37.587  7.515 0.0000000000
43298  -41.115  -37.221  7.549 0.0000000000
43299  -42.076  -37.216  7.616 0.0000000000
43300  -43.258  -37.418  7.732 0.0000000000
43301  -44.000  -37.619  7.381 0.0000000000
43315  -40.067  -37.684  6.838 0.0000000000
43316  -40.704  -37.200  6.701 0.0000000000
43317  -41.688  -36.949  6.694 0.0000000000
43318  -42.777  -37.121  6.761 0.0000000000
43319  -43.860  -37.399  6.750 0.0000000000
43332  -40.080  -37.433  5.960 0.0000000000
43333  -41.126  -36.638  5.582 0.0000000000
43334  -42.414  -36.678  5.866 0.0000000000
43335  -43.400  -36.998  5.962 0.0000000000
43336  -44.473  -37.277  5.854 0.0000000000
43337  -45.286  -37.378  5.470 0.0000000000
43352  -43.060  -36.664  5.399 0.0000000000
44293  -44.568  -35.360  26.590 0.0000000000
44312  -44.596  -35.152  25.964 0.0000000000
44313  -45.250  -35.569  25.827 0.0000000000
44327  -45.640  -35.532  24.669 0.0000000000
44328  -46.277  -36.216  25.420 0.0000000000
44342  -42.202  -36.710  23.752 0.0000000000
44343  -45.815  -35.538  23.840 0.0000000000
44344  -46.332  -36.048  24.332 0.0000000000
44360  -42.232  -36.050  23.282 0.0000000000
44361  -42.519  -36.640  23.226 0.0000000000
44362  -45.566  -35.349  23.207 0.0000000000
44363  -46.212  -35.884  23.193 0.0000000000
44377  -42.460  -36.033  22.763 0.0000000000
44378  -42.813  -36.490  22.408 0.0000000000
44379  -45.461  -35.422  22.404 0.0000000000
44380  -46.037  -35.998  21.976 0.0000000000
44382  -53.249  -37.279  22.485 0.0000000000
44393  -43.235  -36.349  21.622 0.0000000000
44394  -43.860  -36.031  20.923 0.0000000000
44395  -45.013  -35.607  21.226 0.0000000000
44396  -45.829  -36.173  20.951 0.0000000000
44397  -53.602  -36.883  21.330 0.0000000000
44398  -53.999  -36.615  20.590 0.0000000000
44408  -44.630  -36.157  20.408 0.0000000000
44409  -45.382  -36.175  20.467 0.0000000000
44410  -45.773  -36.275  20.505 0.0000000000
44411  -54.433  -36.464  19.887 0.0000000000
44412  -54.921  -36.504  19.149 0.0000000000
44421  -55.529  -36.729  18.543 0.0000000000
44422  -56.087  -36.921  18.137 0.0000000000
44423  -56.427  -37.219  17.774 0.0000000000
44431  -56.288  -36.854  18.069 0.0000000000
44432  -56.544  -37.063  17.611 0.0000000000
44444  -56.241  -36.464  16.834 0.0000000000
44445  -56.586  -36.938  17.079 0.0000000000
44457  -56.271  -36.758  16.535 0.0000000000
44458  -56.515  -37.304  16.151 0.0000000000
44468  -55.533  -36.668  15.227 0.0000000000
44469  -55.928  -36.825  15.624 0.0000000000
44470  -56.431  -37.606  15.267 0.0000000000
44478  -55.544  -36.911  14.683 0.0000000000
44479  -56.181  -37.489  14.646 0.0000000000
44480  -56.458  -37.795  14.738 0.0000000000
44490  -55.899  -37.377  14.035 0.0000000000
44539  -42.173  -36.414  5.214 0.0000000000
44540  -42.653  -36.543  5.281 0.0000000000
45498  -42.825  -34.659  26.185 0.0000000000
45499  -43.898  -34.794  25.897 0.0000000000
45500  -44.532  -34.961  25.475 0.0000000000
45511  -41.825  -34.618  25.438 0.0000000000
45512  -42.866  -34.463  25.104 0.0000000000
45513  -43.908  -34.561  24.855 0.0000000000
45514  -44.812  -34.963  24.752 0.0000000000
45524  -41.833  -35.022  24.354 0.0000000000
45525  -43.010  -34.511  24.019 0.0000000000
45526  -44.123  -34.573  23.865 0.0000000000
45527  -45.098  -35.036  23.734 0.0000000000
45541  -42.405  -35.279  23.350 0.0000000000
45542  -43.348  -34.735  23.042 0.0000000000
45543  -44.353  -34.746  22.922 0.0000000000
45544  -45.064  -35.035  22.858 0.0000000000
45558  -42.447  -35.657  22.916 0.0000000000
45559  -42.881  -35.506  22.465 0.0000000000
45560  -43.728  -35.002  22.198 0.0000000000
45561  -44.625  -35.084  22.131 0.0000000000
45575  -42.973  -35.927  21.947 0.0000000000
45576  -43.411  -35.621  21.710 0.0000000000
45577  -44.079  -35.312  21.511 0.0000000000
45582  -53.317  -36.548  21.704 0.0000000000
45583  -53.811  -36.557  21.014 0.0000000000
45596  -54.165  -36.218  20.343 0.0000000000
45597  -54.699  -36.274  19.704 0.0000000000
45611  -55.127  -36.127  19.133 0.0000000000
45612  -55.692  -36.481  18.522 0.0000000000
45619  -54.482  -34.949  18.692 0.0000000000
45620  -55.208  -35.396  18.311 0.0000000000
45621  -55.923  -36.396  18.219 0.0000000000
45622  -56.234  -36.631  17.996 0.0000000000
45632  -55.468  -35.520  17.177 0.0000000000
45633  -56.047  -36.186  17.511 0.0000000000
45634  -56.340  -36.647  17.772 0.0000000000
45648  -54.723  -35.627  15.862 0.0000000000
45649  -55.214  -35.760  16.299 0.0000000000
45650  -55.880  -36.220  16.618 0.0000000000
45662  -54.293  -35.620  15.341 0.0000000000
45663  -55.074  -36.242  15.327 0.0000000000
45664  -55.563  -36.238  15.988 0.0000000000
46769  -53.166  -34.794  19.019 0.0000000000
46770  -53.938  -34.798  18.713 0.0000000000
46782  -51.447  -34.703  18.469 0.0000000000
46783  -52.402  -34.635  18.332 0.0000000000
46784  -53.331  -34.625  18.147 0.0000000000
46785  -54.283  -34.775  17.973 0.0000000000
46786  -54.894  -35.027  17.456 0.0000000000
46796  -52.555  -34.534  17.465 0.0000000000
46797  -53.437  -34.633  17.259 0.0000000000
46798  -54.216  -34.881  16.975 0.0000000000
46799  -54.835  -35.241  16.709 0.0000000000
46816  -53.447  -34.753  16.353 0.0000000000
46817  -54.211  -35.175  16.031 0.0000000000
46818  -54.770  -35.415  16.235 0.0000000000
46837  -53.821  -35.302  15.308 0.0000000000
