#!ascii label  , from subject COLIN27_FS vox2ras=TkReg
359
17541  -33.883  -58.580  27.851 0.0000000000
17542  -34.265  -58.337  27.944 0.0000000000
17543  -34.513  -58.104  27.931 0.0000000000
17553  -33.073  -59.091  26.878 0.0000000000
17554  -33.615  -59.024  27.348 0.0000000000
17555  -34.313  -58.963  27.453 0.0000000000
17556  -34.689  -58.486  27.573 0.0000000000
17566  -35.127  -59.349  26.743 0.0000000000
17567  -35.757  -59.031  26.443 0.0000000000
17597  -36.300  -59.530  24.821 0.0000000000
17613  -36.619  -59.387  23.731 0.0000000000
17629  -36.792  -58.984  22.479 0.0000000000
17642  -36.565  -58.947  21.344 0.0000000000
18571  -34.355  -57.843  28.369 0.0000000000
18572  -34.720  -57.924  27.977 0.0000000000
18587  -33.442  -58.389  27.859 0.0000000000
18588  -35.118  -58.252  27.426 0.0000000000
18599  -32.680  -58.539  26.455 0.0000000000
18600  -35.621  -58.492  26.776 0.0000000000
18601  -35.981  -58.658  26.131 0.0000000000
18608  -32.520  -58.799  25.565 0.0000000000
18609  -36.242  -58.746  25.413 0.0000000000
18617  -36.534  -58.607  24.520 0.0000000000
18627  -36.772  -58.306  23.535 0.0000000000
18640  -32.248  -58.730  22.650 0.0000000000
18641  -36.891  -57.732  22.588 0.0000000000
18642  -37.004  -57.502  21.807 0.0000000000
18656  -32.247  -58.487  21.644 0.0000000000
18657  -36.921  -58.202  21.657 0.0000000000
18658  -37.051  -57.628  21.133 0.0000000000
18669  -32.207  -58.314  20.692 0.0000000000
18670  -36.681  -58.205  20.600 0.0000000000
18671  -36.969  -57.657  20.686 0.0000000000
18691  -32.302  -57.969  18.473 0.0000000000
19564  -34.589  -57.457  28.480 0.0000000000
19565  -35.007  -57.455  28.096 0.0000000000
19581  -35.373  -57.654  27.268 0.0000000000
19595  -35.815  -57.730  26.273 0.0000000000
19596  -36.105  -58.259  25.780 0.0000000000
19609  -35.915  -57.294  25.739 0.0000000000
19610  -36.191  -57.768  25.249 0.0000000000
19621  -32.443  -58.089  24.568 0.0000000000
19622  -36.469  -57.744  24.277 0.0000000000
19631  -32.429  -57.950  23.266 0.0000000000
19632  -36.536  -57.276  23.537 0.0000000000
19641  -32.417  -57.930  22.278 0.0000000000
19642  -36.636  -56.836  22.861 0.0000000000
19643  -36.853  -56.896  22.186 0.0000000000
19653  -32.366  -57.583  21.410 0.0000000000
19654  -37.010  -56.925  21.461 0.0000000000
19666  -32.369  -57.443  20.320 0.0000000000
19667  -36.887  -57.626  20.425 0.0000000000
19668  -37.050  -57.048  20.590 0.0000000000
19681  -32.408  -57.335  19.255 0.0000000000
19682  -36.698  -57.498  19.817 0.0000000000
19683  -36.976  -56.729  19.820 0.0000000000
19690  -32.495  -57.147  18.314 0.0000000000
19700  -32.586  -57.024  17.565 0.0000000000
19713  -32.478  -57.397  16.669 0.0000000000
19729  -32.482  -56.962  15.688 0.0000000000
20553  -35.438  -56.785  27.043 0.0000000000
20569  -35.695  -56.663  26.053 0.0000000000
20570  -35.903  -56.959  25.375 0.0000000000
20585  -35.767  -56.353  25.352 0.0000000000
20586  -36.052  -56.709  24.538 0.0000000000
20599  -36.241  -56.283  23.459 0.0000000000
20609  -36.485  -55.978  22.535 0.0000000000
20610  -36.793  -56.328  21.842 0.0000000000
20618  -32.329  -56.446  21.091 0.0000000000
20619  -36.672  -55.725  21.861 0.0000000000
20620  -36.909  -56.059  21.176 0.0000000000
20626  -32.415  -56.519  19.914 0.0000000000
20627  -37.006  -56.076  20.232 0.0000000000
20639  -32.504  -56.456  18.935 0.0000000000
20641  -36.965  -56.114  19.368 0.0000000000
20651  -32.604  -56.410  18.040 0.0000000000
20653  -36.835  -56.234  18.795 0.0000000000
20660  -32.722  -56.454  17.190 0.0000000000
20668  -32.755  -56.414  16.314 0.0000000000
20681  -32.678  -56.255  15.531 0.0000000000
20697  -32.222  -56.638  14.781 0.0000000000
20715  -32.220  -55.856  14.199 0.0000000000
20734  -31.318  -55.878  12.833 0.0000000000
21455  -39.152  -55.121  28.355 0.0000000000
21456  -39.488  -55.177  28.356 0.0000000000
21457  -40.198  -55.187  28.315 0.0000000000
21473  -38.932  -55.314  28.047 0.0000000000
21474  -39.805  -55.534  27.735 0.0000000000
21475  -40.773  -55.334  27.602 0.0000000000
21493  -39.202  -55.610  27.083 0.0000000000
21494  -40.234  -55.721  26.683 0.0000000000
21495  -41.517  -55.278  26.431 0.0000000000
21496  -42.146  -54.843  25.727 0.0000000000
21513  -35.674  -55.808  25.825 0.0000000000
21515  -39.258  -55.420  25.686 0.0000000000
21516  -40.709  -55.621  25.349 0.0000000000
21517  -41.760  -55.185  24.951 0.0000000000
21518  -42.427  -54.576  24.936 0.0000000000
21519  -42.699  -54.163  24.674 0.0000000000
21534  -35.776  -55.726  25.060 0.0000000000
21535  -35.930  -55.557  24.173 0.0000000000
21536  -40.107  -55.242  24.226 0.0000000000
21537  -41.188  -55.292  24.123 0.0000000000
21538  -41.809  -55.023  23.925 0.0000000000
21539  -42.236  -54.737  24.101 0.0000000000
21540  -42.619  -54.270  24.156 0.0000000000
21556  -36.210  -55.356  23.254 0.0000000000
21557  -40.219  -54.922  23.456 0.0000000000
21558  -40.916  -54.972  23.095 0.0000000000
21559  -41.677  -54.924  23.146 0.0000000000
21560  -42.222  -54.708  23.215 0.0000000000
21561  -42.676  -54.357  23.361 0.0000000000
21577  -36.343  -55.243  22.700 0.0000000000
21578  -41.222  -54.851  22.329 0.0000000000
21579  -41.739  -54.907  22.107 0.0000000000
21580  -42.299  -54.763  22.288 0.0000000000
21581  -42.910  -54.432  22.416 0.0000000000
21595  -36.506  -55.177  22.235 0.0000000000
21596  -36.707  -55.125  21.513 0.0000000000
21597  -42.104  -54.921  21.528 0.0000000000
21598  -42.450  -54.843  21.420 0.0000000000
21610  -32.349  -55.783  20.356 0.0000000000
21611  -36.906  -55.191  20.669 0.0000000000
21622  -32.458  -55.676  19.514 0.0000000000
21623  -37.059  -55.296  19.717 0.0000000000
21636  -32.556  -55.664  18.554 0.0000000000
21638  -36.885  -55.510  18.512 0.0000000000
21650  -32.682  -55.713  17.679 0.0000000000
21660  -32.830  -55.702  16.866 0.0000000000
21669  -32.913  -55.601  16.004 0.0000000000
21681  -32.671  -55.542  15.001 0.0000000000
21691  -32.016  -55.218  13.379 0.0000000000
21692  -32.465  -55.098  14.197 0.0000000000
21707  -31.543  -55.028  12.353 0.0000000000
21728  -30.722  -54.994  11.245 0.0000000000
21729  -31.188  -54.968  11.754 0.0000000000
22459  -40.383  -53.677  30.077 0.0000000000
22460  -40.671  -53.481  30.267 0.0000000000
22473  -39.476  -54.349  29.254 0.0000000000
22474  -40.154  -54.175  29.611 0.0000000000
22475  -40.843  -53.856  29.847 0.0000000000
22487  -38.455  -54.693  28.403 0.0000000000
22488  -39.006  -54.830  28.672 0.0000000000
22489  -39.888  -54.883  28.953 0.0000000000
22490  -41.089  -54.549  28.749 0.0000000000
22491  -41.810  -54.099  28.642 0.0000000000
22506  -41.665  -54.884  27.419 0.0000000000
22507  -42.044  -54.250  28.022 0.0000000000
22525  -41.899  -54.911  26.848 0.0000000000
22526  -42.409  -54.284  26.634 0.0000000000
22527  -42.932  -53.641  26.059 0.0000000000
22547  -37.868  -55.005  25.839 0.0000000000
22548  -38.514  -55.008  25.145 0.0000000000
22549  -42.460  -54.436  25.643 0.0000000000
22550  -42.868  -53.862  25.286 0.0000000000
22551  -43.247  -53.395  24.513 0.0000000000
22568  -35.797  -55.280  25.605 0.0000000000
22569  -36.172  -54.981  25.057 0.0000000000
22570  -37.077  -54.640  24.815 0.0000000000
22571  -38.032  -54.602  24.586 0.0000000000
22572  -38.970  -54.884  24.461 0.0000000000
22573  -42.949  -53.840  24.322 0.0000000000
22574  -43.383  -53.440  23.775 0.0000000000
22588  -36.477  -54.787  23.943 0.0000000000
22589  -37.405  -54.223  23.519 0.0000000000
22590  -38.450  -54.254  23.617 0.0000000000
22591  -39.528  -54.596  23.461 0.0000000000
22592  -40.249  -54.662  22.960 0.0000000000
22593  -43.067  -53.929  23.549 0.0000000000
22594  -43.634  -53.564  22.950 0.0000000000
22608  -36.587  -54.659  22.858 0.0000000000
22609  -37.128  -53.970  22.309 0.0000000000
22610  -38.970  -53.989  22.997 0.0000000000
22611  -39.753  -54.062  22.412 0.0000000000
22612  -40.719  -54.624  22.241 0.0000000000
22613  -41.337  -54.818  21.851 0.0000000000
22614  -43.293  -54.041  22.737 0.0000000000
22633  -36.730  -54.570  22.021 0.0000000000
22634  -37.037  -54.246  21.179 0.0000000000
22635  -40.411  -54.162  21.734 0.0000000000
22636  -41.040  -54.463  21.246 0.0000000000
22637  -41.861  -54.847  21.330 0.0000000000
22638  -42.276  -54.914  21.295 0.0000000000
22657  -37.099  -54.510  20.189 0.0000000000
22679  -37.177  -54.434  19.259 0.0000000000
22695  -32.567  -54.949  18.079 0.0000000000
22715  -32.708  -55.124  17.339 0.0000000000
22731  -32.805  -54.911  16.654 0.0000000000
22743  -32.846  -54.712  15.749 0.0000000000
22755  -32.710  -54.503  14.790 0.0000000000
22768  -32.221  -54.581  13.298 0.0000000000
22769  -32.450  -54.303  13.749 0.0000000000
22782  -32.128  -54.194  12.806 0.0000000000
22783  -32.413  -53.784  13.331 0.0000000000
22795  -30.963  -54.440  11.088 0.0000000000
22796  -31.402  -54.135  11.461 0.0000000000
22818  -29.769  -54.211  9.918 0.0000000000
22819  -30.715  -54.152  10.609 0.0000000000
22820  -31.117  -53.742  10.839 0.0000000000
23604  -40.700  -52.692  30.768 0.0000000000
23605  -41.020  -52.524  30.862 0.0000000000
23617  -39.875  -53.129  30.062 0.0000000000
23618  -40.326  -53.139  30.475 0.0000000000
23619  -41.199  -53.065  30.444 0.0000000000
23620  -41.714  -52.742  30.379 0.0000000000
23631  -39.556  -53.589  29.610 0.0000000000
23632  -40.013  -53.597  30.041 0.0000000000
23633  -41.530  -53.687  29.474 0.0000000000
23634  -41.954  -52.969  29.874 0.0000000000
23647  -37.884  -53.897  28.430 0.0000000000
23648  -38.374  -54.157  28.614 0.0000000000
23649  -38.912  -53.916  29.077 0.0000000000
23650  -41.709  -53.990  28.939 0.0000000000
23651  -42.322  -53.388  28.746 0.0000000000
23652  -42.850  -52.820  28.520 0.0000000000
23668  -42.550  -53.703  27.683 0.0000000000
23669  -43.034  -52.916  27.795 0.0000000000
23680  -42.808  -53.516  27.173 0.0000000000
23681  -43.157  -53.100  26.585 0.0000000000
23682  -43.461  -52.736  25.827 0.0000000000
23694  -43.197  -53.263  25.758 0.0000000000
23695  -43.419  -52.988  25.084 0.0000000000
23710  -43.609  -52.869  24.095 0.0000000000
23725  -37.996  -53.916  23.220 0.0000000000
23726  -38.378  -53.834  22.971 0.0000000000
23727  -43.876  -53.076  23.219 0.0000000000
23741  -37.881  -53.721  22.658 0.0000000000
23742  -38.740  -53.537  22.315 0.0000000000
23743  -39.360  -53.550  21.906 0.0000000000
23762  -37.918  -53.463  21.484 0.0000000000
23763  -39.036  -53.223  21.364 0.0000000000
23764  -39.942  -53.659  21.415 0.0000000000
23765  -40.529  -54.028  21.258 0.0000000000
23783  -37.596  -53.647  20.071 0.0000000000
23784  -38.633  -53.098  20.319 0.0000000000
23785  -39.709  -53.241  20.440 0.0000000000
23806  -37.594  -53.598  18.792 0.0000000000
23807  -38.363  -52.990  19.142 0.0000000000
23808  -39.465  -52.857  19.240 0.0000000000
23850  -32.640  -54.377  17.432 0.0000000000
23874  -32.704  -53.995  16.547 0.0000000000
23896  -32.725  -53.765  15.558 0.0000000000
23912  -32.647  -53.585  14.605 0.0000000000
23931  -32.514  -53.365  13.792 0.0000000000
23946  -32.038  -53.086  12.133 0.0000000000
23947  -32.390  -53.241  13.055 0.0000000000
23956  -31.616  -53.087  11.336 0.0000000000
23970  -26.813  -52.502  10.301 0.0000000000
23971  -27.534  -52.459  9.824 0.0000000000
23972  -30.201  -53.270  9.841 0.0000000000
23973  -30.946  -53.271  10.448 0.0000000000
23974  -31.307  -53.361  10.944 0.0000000000
23998  -27.637  -53.000  9.353 0.0000000000
23999  -28.626  -53.269  9.372 0.0000000000
24000  -29.411  -53.395  9.516 0.0000000000
24789  -40.805  -52.007  30.775 0.0000000000
24790  -41.452  -52.096  30.782 0.0000000000
24791  -41.899  -51.743  30.709 0.0000000000
24802  -39.976  -52.395  30.278 0.0000000000
24803  -40.377  -52.448  30.656 0.0000000000
24804  -41.616  -52.572  30.586 0.0000000000
24805  -42.048  -52.192  30.353 0.0000000000
24816  -42.627  -52.342  29.415 0.0000000000
24817  -42.967  -51.916  29.199 0.0000000000
24829  -38.051  -53.662  28.453 0.0000000000
24832  -42.761  -52.704  28.847 0.0000000000
24833  -43.087  -52.174  28.639 0.0000000000
24849  -43.431  -52.006  27.775 0.0000000000
24850  -43.580  -51.800  27.219 0.0000000000
24860  -43.410  -52.356  27.133 0.0000000000
24861  -43.656  -52.028  26.347 0.0000000000
24862  -43.736  -51.912  25.554 0.0000000000
24875  -43.642  -52.343  25.405 0.0000000000
24876  -43.753  -52.029  24.911 0.0000000000
24887  -43.645  -52.466  24.703 0.0000000000
24950  -38.937  -52.696  18.759 0.0000000000
25034  -32.577  -52.895  15.346 0.0000000000
25060  -32.539  -52.714  14.466 0.0000000000
25078  -32.469  -52.555  13.614 0.0000000000
25085  -27.476  -52.086  12.225 0.0000000000
25086  -27.800  -51.530  11.436 0.0000000000
25087  -32.107  -52.166  12.194 0.0000000000
25088  -32.343  -52.419  12.808 0.0000000000
25094  -27.515  -51.962  11.215 0.0000000000
25095  -28.055  -51.552  10.672 0.0000000000
25096  -31.818  -52.285  11.525 0.0000000000
25103  -27.128  -52.237  10.964 0.0000000000
25104  -27.677  -52.131  10.331 0.0000000000
25105  -28.705  -51.904  9.918 0.0000000000
25106  -29.789  -52.295  9.643 0.0000000000
25107  -30.667  -52.466  10.079 0.0000000000
25108  -31.346  -52.532  10.746 0.0000000000
25120  -28.189  -52.555  9.668 0.0000000000
25121  -29.053  -52.696  9.488 0.0000000000
25122  -29.634  -52.916  9.527 0.0000000000
25930  -41.258  -51.173  30.664 0.0000000000
25931  -41.788  -51.196  30.677 0.0000000000
25932  -42.215  -51.335  30.488 0.0000000000
25942  -42.695  -51.436  29.940 0.0000000000
25943  -43.033  -50.924  29.731 0.0000000000
25953  -42.895  -51.773  29.470 0.0000000000
25954  -43.159  -51.345  29.226 0.0000000000
25979  -43.607  -51.552  27.629 0.0000000000
25980  -43.733  -51.197  27.302 0.0000000000
25996  -43.789  -51.242  26.314 0.0000000000
25997  -43.755  -51.609  25.829 0.0000000000
26019  -43.771  -51.295  25.668 0.0000000000
26020  -43.747  -51.622  25.259 0.0000000000
26135  -32.430  -52.343  15.906 0.0000000000
26149  -32.426  -52.071  15.200 0.0000000000
26166  -32.168  -51.019  13.903 0.0000000000
26167  -32.409  -51.862  14.252 0.0000000000
26178  -27.739  -50.703  12.416 0.0000000000
26179  -32.169  -51.041  12.934 0.0000000000
26180  -32.370  -51.755  13.353 0.0000000000
26186  -27.841  -51.071  12.016 0.0000000000
26187  -31.978  -51.315  11.931 0.0000000000
26188  -32.232  -51.731  12.635 0.0000000000
26192  -28.257  -51.021  11.080 0.0000000000
26193  -31.541  -51.521  10.986 0.0000000000
26197  -28.806  -51.161  10.429 0.0000000000
26198  -29.611  -51.404  10.032 0.0000000000
26199  -30.347  -51.732  10.003 0.0000000000
26200  -31.000  -51.692  10.366 0.0000000000
26983  -41.719  -50.297  30.597 0.0000000000
26984  -42.320  -50.383  30.500 0.0000000000
26997  -42.521  -50.930  30.317 0.0000000000
27031  -43.791  -50.553  26.879 0.0000000000
27238  -27.551  -50.437  12.603 0.0000000000
27239  -31.844  -50.316  13.426 0.0000000000
27251  -31.854  -50.301  12.403 0.0000000000
27255  -28.303  -50.231  11.270 0.0000000000
27256  -29.171  -49.931  10.753 0.0000000000
27257  -30.209  -49.975  10.583 0.0000000000
27258  -31.332  -50.316  11.149 0.0000000000
27263  -28.779  -50.574  10.726 0.0000000000
27264  -29.510  -50.634  10.408 0.0000000000
27265  -30.505  -50.920  10.316 0.0000000000
27266  -31.162  -51.081  10.627 0.0000000000
28103  -42.197  -49.378  30.596 0.0000000000
28104  -42.646  -49.389  30.430 0.0000000000
28418  -30.663  -49.428  11.147 0.0000000000
29280  -42.130  -48.480  30.589 0.0000000000
29281  -42.728  -48.325  30.509 0.0000000000
29304  -42.934  -48.841  30.373 0.0000000000
30443  -41.985  -47.740  30.548 0.0000000000
30444  -42.522  -47.475  30.575 0.0000000000
30445  -43.046  -47.244  30.573 0.0000000000
31618  -42.923  -46.545  30.592 0.0000000000
32863  -42.478  -46.065  30.478 0.0000000000
32864  -42.796  -45.836  30.500 0.0000000000
32865  -43.327  -45.853  30.519 0.0000000000
32884  -42.698  -45.471  30.363 0.0000000000
34100  -42.934  -45.276  30.400 0.0000000000
34116  -42.625  -45.060  30.145 0.0000000000
34117  -43.150  -44.853  30.276 0.0000000000
35317  -42.892  -44.351  29.870 0.0000000000
35326  -43.174  -43.692  29.396 0.0000000000
36487  -43.430  -42.964  28.694 0.0000000000
