#!ascii label  , from subject COLIN27_FS vox2ras=TkReg
684
12117  -36.767  -64.284  16.955 0.0000000000
12126  -36.819  -64.459  16.646 0.0000000000
12127  -37.247  -64.159  16.687 0.0000000000
12138  -37.320  -64.270  16.283 0.0000000000
12148  -37.501  -64.449  15.449 0.0000000000
12159  -38.292  -64.325  14.067 0.0000000000
12889  -36.806  -63.666  17.395 0.0000000000
12890  -37.341  -63.485  17.312 0.0000000000
12908  -36.346  -64.178  17.268 0.0000000000
12909  -36.894  -64.019  17.173 0.0000000000
12910  -37.481  -63.662  17.085 0.0000000000
12928  -37.170  -64.079  16.928 0.0000000000
12929  -37.590  -63.843  16.700 0.0000000000
12930  -38.035  -63.505  16.634 0.0000000000
12944  -37.889  -63.875  16.020 0.0000000000
12945  -38.263  -63.359  16.300 0.0000000000
12957  -38.117  -64.148  14.995 0.0000000000
12958  -38.337  -63.512  15.481 0.0000000000
12968  -38.231  -64.263  14.380 0.0000000000
12969  -38.579  -63.863  14.074 0.0000000000
13720  -33.071  -62.888  25.123 0.0000000000
13721  -33.431  -62.809  25.056 0.0000000000
13738  -32.532  -63.279  24.911 0.0000000000
13795  -32.786  -63.639  19.340 0.0000000000
13799  -36.658  -63.281  17.566 0.0000000000
13800  -37.563  -62.903  17.582 0.0000000000
13801  -38.086  -62.397  17.769 0.0000000000
13815  -33.053  -63.095  19.047 0.0000000000
13816  -33.378  -63.244  18.737 0.0000000000
13817  -34.107  -63.270  18.207 0.0000000000
13818  -34.950  -63.249  17.780 0.0000000000
13819  -37.870  -63.189  17.289 0.0000000000
13820  -38.250  -62.563  17.551 0.0000000000
13839  -37.917  -63.438  16.972 0.0000000000
13840  -38.423  -62.959  16.894 0.0000000000
13859  -38.579  -62.839  16.187 0.0000000000
13879  -38.604  -62.860  15.090 0.0000000000
13897  -38.794  -63.222  13.764 0.0000000000
14637  -31.982  -62.242  25.205 0.0000000000
14638  -32.484  -62.480  25.237 0.0000000000
14639  -33.465  -62.340  25.297 0.0000000000
14640  -34.106  -62.266  25.147 0.0000000000
14649  -31.436  -62.676  24.885 0.0000000000
14650  -32.043  -63.046  25.058 0.0000000000
14651  -33.779  -62.693  24.998 0.0000000000
14652  -34.361  -62.540  24.505 0.0000000000
14653  -34.972  -62.249  23.920 0.0000000000
14668  -31.017  -62.073  24.398 0.0000000000
14670  -35.016  -62.169  23.220 0.0000000000
14686  -34.971  -62.054  22.771 0.0000000000
14706  -33.339  -62.407  20.723 0.0000000000
14717  -33.115  -62.637  19.439 0.0000000000
14718  -33.408  -62.206  19.078 0.0000000000
14719  -36.483  -62.912  17.643 0.0000000000
14720  -37.296  -62.476  17.718 0.0000000000
14721  -37.966  -62.138  17.945 0.0000000000
14722  -38.460  -62.017  17.912 0.0000000000
14732  -33.266  -62.867  18.911 0.0000000000
14733  -33.688  -62.490  18.577 0.0000000000
14734  -34.682  -62.563  17.778 0.0000000000
14735  -35.812  -62.697  17.580 0.0000000000
14736  -36.748  -62.392  17.646 0.0000000000
14737  -38.951  -61.918  17.659 0.0000000000
14738  -39.467  -61.466  17.802 0.0000000000
14749  -39.007  -62.064  16.905 0.0000000000
14750  -39.423  -61.581  17.476 0.0000000000
14760  -38.867  -62.149  16.131 0.0000000000
14773  -38.809  -61.855  15.430 0.0000000000
14790  -38.550  -62.347  14.339 0.0000000000
14806  -38.852  -62.704  13.196 0.0000000000
15562  -33.527  -60.848  25.922 0.0000000000
15563  -33.798  -61.008  25.933 0.0000000000
15571  -31.783  -62.059  25.098 0.0000000000
15572  -32.233  -61.618  25.337 0.0000000000
15573  -33.184  -61.463  25.662 0.0000000000
15574  -34.202  -61.517  25.577 0.0000000000
15575  -34.983  -61.422  25.202 0.0000000000
15582  -31.517  -61.578  24.703 0.0000000000
15583  -31.960  -61.126  25.063 0.0000000000
15584  -34.608  -61.970  25.046 0.0000000000
15585  -35.157  -61.808  24.512 0.0000000000
15594  -30.894  -61.491  23.678 0.0000000000
15595  -35.447  -61.792  23.698 0.0000000000
15596  -35.857  -61.274  23.561 0.0000000000
15605  -30.970  -60.883  22.712 0.0000000000
15606  -34.891  -61.958  22.504 0.0000000000
15607  -35.416  -61.559  22.758 0.0000000000
15608  -36.068  -60.898  23.103 0.0000000000
15622  -34.651  -61.712  21.867 0.0000000000
15623  -35.317  -61.100  21.895 0.0000000000
15637  -33.400  -61.975  19.823 0.0000000000
15638  -34.092  -61.426  20.499 0.0000000000
15639  -34.883  -60.943  21.219 0.0000000000
15653  -33.377  -62.110  19.344 0.0000000000
15654  -33.672  -61.594  19.105 0.0000000000
15655  -37.875  -61.893  17.979 0.0000000000
15656  -38.426  -61.599  18.122 0.0000000000
15657  -38.911  -61.534  18.166 0.0000000000
15671  -34.447  -61.508  17.914 0.0000000000
15672  -35.502  -61.921  17.406 0.0000000000
15673  -36.497  -61.972  17.514 0.0000000000
15674  -37.389  -61.731  17.798 0.0000000000
15675  -38.081  -61.469  18.055 0.0000000000
15676  -39.503  -61.217  18.115 0.0000000000
15677  -39.887  -61.194  17.725 0.0000000000
15689  -34.868  -60.793  17.551 0.0000000000
15690  -35.409  -61.093  17.260 0.0000000000
15691  -36.371  -61.351  17.259 0.0000000000
15692  -36.965  -61.489  17.520 0.0000000000
15693  -39.215  -61.761  16.611 0.0000000000
15694  -39.718  -61.302  16.970 0.0000000000
15702  -39.299  -61.513  16.230 0.0000000000
15703  -39.831  -60.919  16.280 0.0000000000
15713  -39.338  -60.979  15.712 0.0000000000
15714  -39.826  -60.729  15.934 0.0000000000
15724  -38.565  -60.746  14.285 0.0000000000
15725  -38.622  -61.181  14.726 0.0000000000
15739  -38.346  -61.004  13.809 0.0000000000
15740  -38.421  -61.865  13.617 0.0000000000
15755  -38.308  -61.374  13.052 0.0000000000
15756  -38.812  -62.053  12.430 0.0000000000
15771  -38.385  -61.186  12.353 0.0000000000
15772  -38.828  -61.404  11.678 0.0000000000
15773  -39.822  -61.963  11.283 0.0000000000
16546  -32.805  -60.115  25.735 0.0000000000
16547  -33.156  -60.494  25.908 0.0000000000
16548  -33.839  -60.407  26.301 0.0000000000
16549  -34.492  -60.173  26.409 0.0000000000
16566  -32.421  -60.615  25.362 0.0000000000
16567  -32.760  -61.093  25.573 0.0000000000
16568  -34.280  -60.761  26.054 0.0000000000
16569  -35.107  -60.524  25.794 0.0000000000
16570  -35.614  -60.035  25.734 0.0000000000
16581  -31.391  -60.912  23.998 0.0000000000
16582  -31.846  -60.611  24.526 0.0000000000
16583  -35.588  -61.036  24.862 0.0000000000
16584  -35.869  -60.239  25.228 0.0000000000
16595  -31.300  -60.676  23.280 0.0000000000
16596  -31.666  -60.324  23.628 0.0000000000
16597  -35.722  -61.335  24.154 0.0000000000
16598  -36.175  -60.536  24.065 0.0000000000
16606  -31.401  -60.357  22.624 0.0000000000
16607  -31.608  -60.219  23.028 0.0000000000
16608  -35.875  -60.686  22.280 0.0000000000
16609  -36.393  -60.102  22.884 0.0000000000
16615  -30.713  -60.793  21.451 0.0000000000
16616  -31.169  -60.430  21.881 0.0000000000
16617  -35.490  -60.444  21.397 0.0000000000
16618  -36.167  -59.818  21.660 0.0000000000
16625  -31.064  -60.302  20.878 0.0000000000
16626  -34.256  -60.826  19.464 0.0000000000
16627  -35.023  -60.212  20.266 0.0000000000
16628  -35.642  -59.945  20.938 0.0000000000
16638  -34.211  -60.914  18.622 0.0000000000
16639  -34.639  -60.150  18.852 0.0000000000
16640  -38.788  -61.284  18.327 0.0000000000
16641  -39.112  -61.107  18.379 0.0000000000
16654  -31.057  -60.152  19.328 0.0000000000
16655  -34.540  -60.621  18.001 0.0000000000
16656  -34.881  -60.017  17.870 0.0000000000
16657  -37.919  -61.215  17.933 0.0000000000
16658  -38.587  -60.824  18.144 0.0000000000
16659  -39.539  -60.552  18.350 0.0000000000
16660  -40.249  -60.529  18.044 0.0000000000
16661  -40.840  -60.147  17.655 0.0000000000
16678  -34.874  -60.430  17.632 0.0000000000
16679  -35.375  -60.254  17.308 0.0000000000
16680  -36.294  -60.529  16.905 0.0000000000
16681  -37.522  -60.787  17.487 0.0000000000
16682  -38.344  -60.328  17.758 0.0000000000
16683  -40.394  -60.641  17.420 0.0000000000
16684  -41.038  -60.061  17.035 0.0000000000
16697  -40.423  -60.554  16.698 0.0000000000
16698  -41.108  -60.001  16.293 0.0000000000
16708  -39.781  -60.594  15.715 0.0000000000
16709  -40.339  -60.389  15.924 0.0000000000
16710  -41.089  -59.918  15.785 0.0000000000
16719  -38.852  -60.476  14.568 0.0000000000
16720  -39.624  -60.226  15.193 0.0000000000
16721  -40.777  -59.867  15.416 0.0000000000
16722  -41.327  -59.698  15.514 0.0000000000
16733  -38.564  -60.222  13.972 0.0000000000
16734  -39.178  -59.988  14.453 0.0000000000
16746  -38.166  -60.468  12.995 0.0000000000
16760  -38.341  -60.348  11.669 0.0000000000
16761  -39.272  -61.021  10.940 0.0000000000
16775  -38.433  -59.677  11.140 0.0000000000
17563  -32.855  -59.540  26.172 0.0000000000
17564  -33.490  -59.717  26.612 0.0000000000
17565  -34.150  -59.709  26.948 0.0000000000
17580  -32.562  -59.687  25.427 0.0000000000
17581  -35.460  -59.857  26.030 0.0000000000
17582  -35.864  -59.464  25.851 0.0000000000
17596  -32.253  -59.836  24.679 0.0000000000
17612  -31.986  -59.895  23.940 0.0000000000
17627  -31.660  -60.046  22.698 0.0000000000
17628  -31.918  -59.687  22.982 0.0000000000
17640  -31.629  -59.920  22.224 0.0000000000
17641  -31.981  -59.283  21.945 0.0000000000
17648  -31.551  -59.737  21.304 0.0000000000
17649  -31.984  -59.059  20.962 0.0000000000
17650  -35.373  -59.640  20.049 0.0000000000
17651  -35.856  -59.321  20.376 0.0000000000
17659  -31.554  -59.557  19.989 0.0000000000
17660  -31.991  -58.851  20.295 0.0000000000
17661  -35.313  -59.440  19.471 0.0000000000
17662  -35.677  -59.035  19.667 0.0000000000
17669  -30.686  -60.127  18.090 0.0000000000
17670  -31.276  -59.696  18.583 0.0000000000
17671  -35.128  -59.443  18.392 0.0000000000
17672  -38.660  -60.099  17.946 0.0000000000
17673  -39.273  -59.792  18.142 0.0000000000
17674  -40.193  -59.764  18.252 0.0000000000
17675  -40.794  -59.878  17.985 0.0000000000
17686  -30.905  -59.732  17.361 0.0000000000
17687  -31.638  -59.040  17.541 0.0000000000
17688  -35.433  -59.419  17.540 0.0000000000
17689  -36.160  -59.416  16.742 0.0000000000
17690  -37.167  -59.825  16.785 0.0000000000
17691  -38.475  -59.560  17.355 0.0000000000
17692  -39.219  -59.289  17.768 0.0000000000
17693  -40.858  -59.350  17.962 0.0000000000
17694  -41.321  -59.419  17.339 0.0000000000
17695  -42.004  -58.989  16.649 0.0000000000
17709  -30.534  -59.427  16.274 0.0000000000
17710  -31.321  -59.129  16.729 0.0000000000
17711  -36.495  -59.031  16.474 0.0000000000
17712  -36.867  -59.129  16.409 0.0000000000
17713  -37.672  -59.183  16.591 0.0000000000
17714  -41.745  -59.394  16.433 0.0000000000
17715  -42.442  -58.899  16.097 0.0000000000
17716  -42.728  -58.668  15.870 0.0000000000
17730  -30.190  -59.185  15.472 0.0000000000
17731  -41.710  -59.499  15.727 0.0000000000
17732  -42.452  -59.066  15.701 0.0000000000
17733  -42.883  -58.706  15.567 0.0000000000
17742  -39.788  -59.645  14.538 0.0000000000
17743  -40.612  -59.565  14.827 0.0000000000
17744  -41.589  -59.431  15.091 0.0000000000
17745  -42.453  -59.125  15.154 0.0000000000
17746  -43.058  -58.823  15.123 0.0000000000
17756  -38.436  -59.650  13.399 0.0000000000
17757  -39.243  -59.343  13.889 0.0000000000
17758  -40.379  -59.121  14.202 0.0000000000
17759  -41.448  -59.064  14.393 0.0000000000
17760  -42.436  -58.990  14.534 0.0000000000
17761  -42.928  -58.943  14.647 0.0000000000
17770  -38.262  -59.345  12.573 0.0000000000
17771  -38.716  -59.055  13.230 0.0000000000
17781  -38.287  -59.077  11.598 0.0000000000
18616  -32.389  -59.091  24.838 0.0000000000
18626  -32.279  -59.042  23.842 0.0000000000
18679  -31.756  -59.146  19.146 0.0000000000
18680  -32.132  -58.451  19.573 0.0000000000
18681  -35.589  -58.941  19.352 0.0000000000
18682  -35.983  -58.440  19.459 0.0000000000
18690  -31.928  -58.804  18.479 0.0000000000
18692  -35.473  -58.871  18.814 0.0000000000
18693  -35.751  -58.210  18.281 0.0000000000
18694  -39.626  -59.153  18.001 0.0000000000
18695  -39.880  -59.363  18.226 0.0000000000
18702  -32.162  -58.333  17.619 0.0000000000
18703  -32.417  -57.652  17.619 0.0000000000
18704  -35.459  -58.874  18.000 0.0000000000
18705  -35.859  -58.446  17.194 0.0000000000
18706  -38.863  -58.868  17.045 0.0000000000
18707  -39.419  -58.708  17.364 0.0000000000
18708  -40.316  -58.862  17.957 0.0000000000
18709  -41.220  -58.801  17.576 0.0000000000
18710  -41.867  -58.683  16.971 0.0000000000
18720  -31.272  -58.806  16.064 0.0000000000
18721  -31.981  -58.327  16.567 0.0000000000
18722  -32.326  -57.965  17.104 0.0000000000
18723  -36.558  -58.551  16.405 0.0000000000
18724  -37.415  -58.584  16.199 0.0000000000
18725  -38.419  -58.645  16.620 0.0000000000
18726  -39.043  -58.519  16.877 0.0000000000
18727  -42.478  -58.566  16.235 0.0000000000
18728  -42.996  -58.437  15.627 0.0000000000
18742  -30.178  -58.813  14.953 0.0000000000
18743  -30.796  -58.716  15.355 0.0000000000
18744  -31.557  -58.220  15.528 0.0000000000
18745  -43.488  -58.380  15.044 0.0000000000
18746  -43.978  -57.934  14.856 0.0000000000
18760  -29.818  -58.663  14.378 0.0000000000
18761  -30.539  -58.235  14.491 0.0000000000
18762  -31.162  -58.095  14.867 0.0000000000
18763  -43.606  -58.530  14.484 0.0000000000
18764  -44.262  -58.041  14.329 0.0000000000
18765  -44.757  -57.719  13.919 0.0000000000
18777  -30.064  -58.116  13.895 0.0000000000
18778  -39.251  -58.664  13.343 0.0000000000
18779  -40.043  -58.579  13.639 0.0000000000
18780  -41.148  -58.580  13.750 0.0000000000
18781  -42.287  -58.624  13.821 0.0000000000
18782  -43.362  -58.651  13.896 0.0000000000
18783  -44.287  -58.270  13.688 0.0000000000
18784  -44.897  -57.819  13.547 0.0000000000
18793  -38.385  -58.583  12.187 0.0000000000
18794  -38.767  -58.384  12.777 0.0000000000
18795  -39.642  -58.001  13.107 0.0000000000
18796  -40.701  -57.947  13.237 0.0000000000
18797  -41.883  -57.990  13.202 0.0000000000
18798  -43.074  -58.167  13.091 0.0000000000
18799  -44.179  -58.266  12.900 0.0000000000
18800  -45.061  -58.001  12.801 0.0000000000
18807  -38.333  -58.245  11.775 0.0000000000
18808  -44.775  -58.062  12.312 0.0000000000
18809  -45.252  -57.948  12.051 0.0000000000
18817  -38.333  -58.185  11.155 0.0000000000
19691  -36.299  -57.469  18.742 0.0000000000
19701  -36.131  -57.391  17.628 0.0000000000
19702  -39.640  -58.235  17.084 0.0000000000
19703  -40.060  -58.200  17.284 0.0000000000
19704  -40.929  -58.194  17.426 0.0000000000
19705  -41.587  -58.278  17.134 0.0000000000
19712  -32.265  -57.836  16.320 0.0000000000
19714  -36.454  -57.368  16.449 0.0000000000
19715  -37.047  -57.849  15.841 0.0000000000
19716  -38.058  -57.913  15.961 0.0000000000
19717  -39.362  -57.813  16.522 0.0000000000
19718  -40.590  -57.622  16.873 0.0000000000
19719  -41.458  -57.734  16.879 0.0000000000
19720  -42.221  -57.922  16.461 0.0000000000
19721  -42.852  -58.138  15.875 0.0000000000
19728  -32.163  -57.675  15.781 0.0000000000
19730  -36.877  -57.131  15.766 0.0000000000
19731  -37.556  -57.158  15.571 0.0000000000
19732  -38.531  -57.159  15.657 0.0000000000
19733  -39.144  -57.075  15.845 0.0000000000
19734  -42.880  -57.582  15.715 0.0000000000
19735  -43.524  -57.880  15.277 0.0000000000
19736  -44.111  -57.663  14.663 0.0000000000
19749  -31.076  -57.723  14.364 0.0000000000
19750  -31.693  -57.418  14.734 0.0000000000
19751  -32.186  -57.204  15.215 0.0000000000
19752  -44.658  -57.446  14.145 0.0000000000
19753  -45.132  -57.327  13.566 0.0000000000
19769  -29.964  -57.807  13.357 0.0000000000
19770  -30.676  -57.473  13.659 0.0000000000
19771  -31.259  -57.344  14.115 0.0000000000
19772  -45.726  -57.265  12.824 0.0000000000
19773  -46.298  -56.812  12.469 0.0000000000
19785  -30.170  -57.418  13.065 0.0000000000
19786  -38.562  -57.896  12.193 0.0000000000
19787  -39.171  -57.418  12.455 0.0000000000
19788  -40.171  -57.340  12.759 0.0000000000
19789  -41.279  -57.331  12.729 0.0000000000
19790  -42.580  -57.317  12.372 0.0000000000
19791  -43.796  -57.821  12.320 0.0000000000
19792  -44.407  -58.050  12.252 0.0000000000
19793  -45.783  -57.618  12.146 0.0000000000
19794  -46.467  -56.980  12.071 0.0000000000
19795  -46.802  -56.669  11.690 0.0000000000
19805  -38.487  -57.570  11.709 0.0000000000
19806  -38.744  -57.391  12.069 0.0000000000
19807  -42.938  -56.807  11.835 0.0000000000
19808  -43.583  -57.138  11.781 0.0000000000
19809  -44.683  -57.610  11.583 0.0000000000
19810  -45.612  -57.640  11.511 0.0000000000
19811  -46.258  -57.296  11.539 0.0000000000
19812  -46.676  -56.898  11.542 0.0000000000
19820  -38.393  -57.475  11.295 0.0000000000
19822  -44.954  -57.373  11.084 0.0000000000
19823  -45.319  -57.326  11.001 0.0000000000
19824  -46.053  -57.211  10.901 0.0000000000
19825  -46.650  -56.826  11.026 0.0000000000
20640  -36.768  -56.778  19.115 0.0000000000
20652  -36.598  -56.477  18.197 0.0000000000
20661  -36.414  -56.505  17.125 0.0000000000
20669  -36.608  -56.253  16.183 0.0000000000
20670  -36.871  -55.794  15.683 0.0000000000
20671  -39.592  -56.899  15.906 0.0000000000
20672  -40.321  -56.965  16.222 0.0000000000
20673  -41.261  -57.146  16.356 0.0000000000
20674  -41.796  -57.453  16.378 0.0000000000
20682  -36.668  -56.797  15.913 0.0000000000
20683  -37.072  -56.415  15.564 0.0000000000
20684  -37.982  -56.356  15.234 0.0000000000
20685  -39.050  -56.390  15.392 0.0000000000
20686  -40.032  -56.257  15.542 0.0000000000
20687  -41.030  -56.333  15.698 0.0000000000
20688  -42.163  -56.852  15.713 0.0000000000
20689  -43.366  -56.884  14.996 0.0000000000
20690  -43.858  -57.366  14.863 0.0000000000
20696  -31.837  -56.936  14.408 0.0000000000
20698  -43.787  -56.348  14.495 0.0000000000
20699  -44.271  -56.753  14.373 0.0000000000
20700  -45.043  -56.694  13.715 0.0000000000
20713  -30.909  -56.997  13.347 0.0000000000
20714  -31.496  -56.677  13.784 0.0000000000
20716  -45.634  -56.596  13.154 0.0000000000
20717  -46.205  -56.381  12.632 0.0000000000
20732  -29.810  -57.038  12.276 0.0000000000
20733  -30.469  -56.755  12.676 0.0000000000
20735  -39.230  -56.989  12.236 0.0000000000
20736  -39.666  -56.851  12.351 0.0000000000
20737  -40.651  -56.708  12.422 0.0000000000
20738  -41.603  -56.742  12.280 0.0000000000
20739  -46.628  -56.300  12.223 0.0000000000
20740  -46.952  -56.169  11.771 0.0000000000
20741  -47.338  -55.635  11.371 0.0000000000
20756  -29.447  -56.751  11.539 0.0000000000
20757  -30.310  -55.974  11.679 0.0000000000
20758  -38.537  -57.202  11.540 0.0000000000
20759  -38.960  -56.804  11.838 0.0000000000
20760  -40.024  -56.116  12.112 0.0000000000
20761  -41.165  -56.037  12.083 0.0000000000
20762  -42.288  -56.318  11.807 0.0000000000
20763  -43.256  -56.375  11.444 0.0000000000
20764  -44.087  -56.730  11.153 0.0000000000
20765  -47.009  -56.322  11.283 0.0000000000
20766  -47.495  -55.533  10.935 0.0000000000
20775  -29.251  -55.883  10.563 0.0000000000
20776  -38.485  -57.059  11.267 0.0000000000
20777  -38.478  -56.486  10.799 0.0000000000
20778  -44.840  -56.913  10.827 0.0000000000
20779  -45.651  -56.646  10.357 0.0000000000
20780  -46.475  -56.565  10.403 0.0000000000
20781  -47.088  -56.039  10.568 0.0000000000
20782  -47.604  -55.208  10.418 0.0000000000
20792  -46.270  -56.130  9.967 0.0000000000
20793  -46.869  -55.886  9.971 0.0000000000
20794  -47.358  -55.431  10.069 0.0000000000
20795  -47.640  -55.083  10.089 0.0000000000
21612  -42.742  -54.873  21.099 0.0000000000
21637  -36.723  -55.956  18.116 0.0000000000
21651  -36.645  -55.855  17.669 0.0000000000
21652  -36.820  -54.940  17.296 0.0000000000
21661  -36.584  -55.736  16.845 0.0000000000
21662  -36.814  -55.173  16.114 0.0000000000
21670  -37.447  -55.373  15.281 0.0000000000
21671  -38.519  -55.433  14.877 0.0000000000
21672  -39.575  -55.481  14.950 0.0000000000
21673  -40.579  -55.484  15.058 0.0000000000
21674  -41.681  -55.522  14.885 0.0000000000
21675  -42.728  -55.934  14.763 0.0000000000
21676  -43.438  -56.010  14.509 0.0000000000
21682  -42.463  -54.999  14.354 0.0000000000
21683  -43.218  -55.196  14.151 0.0000000000
21684  -43.988  -55.622  14.013 0.0000000000
21685  -44.843  -55.677  13.553 0.0000000000
21686  -45.442  -55.978  13.270 0.0000000000
21693  -45.476  -55.193  13.041 0.0000000000
21694  -45.993  -55.480  12.732 0.0000000000
21695  -46.713  -55.340  12.295 0.0000000000
21696  -47.219  -54.961  12.034 0.0000000000
21706  -30.955  -55.627  12.064 0.0000000000
21708  -47.013  -55.655  12.011 0.0000000000
21709  -47.415  -55.152  11.703 0.0000000000
21710  -47.893  -54.741  11.226 0.0000000000
21711  -48.323  -54.193  11.100 0.0000000000
21727  -29.908  -55.623  10.946 0.0000000000
21730  -39.352  -55.465  11.466 0.0000000000
21731  -40.593  -55.267  11.805 0.0000000000
21732  -41.729  -55.298  11.647 0.0000000000
21733  -42.789  -55.464  11.366 0.0000000000
21734  -43.852  -55.664  10.889 0.0000000000
21735  -44.407  -56.315  10.773 0.0000000000
21736  -47.898  -54.847  10.792 0.0000000000
21737  -48.208  -54.406  11.029 0.0000000000
21753  -28.728  -55.252  9.785 0.0000000000
21754  -29.466  -55.070  10.256 0.0000000000
21755  -30.128  -54.831  10.575 0.0000000000
21757  -44.350  -55.160  10.481 0.0000000000
21758  -44.873  -55.808  10.380 0.0000000000
21759  -45.734  -55.697  9.900 0.0000000000
21760  -48.003  -54.691  10.458 0.0000000000
21761  -48.295  -54.333  10.713 0.0000000000
21777  -46.492  -55.371  9.654 0.0000000000
21778  -47.208  -55.135  9.660 0.0000000000
21779  -47.674  -54.883  9.857 0.0000000000
21780  -48.042  -54.697  10.077 0.0000000000
21781  -48.349  -54.297  10.368 0.0000000000
22658  -41.163  -54.284  20.630 0.0000000000
22659  -41.740  -54.453  20.428 0.0000000000
22660  -42.638  -54.772  20.791 0.0000000000
22680  -41.970  -54.223  19.830 0.0000000000
22696  -37.133  -54.306  18.176 0.0000000000
22703  -47.457  -53.547  18.622 0.0000000000
22716  -37.121  -54.040  17.336 0.0000000000
22719  -45.719  -53.809  18.063 0.0000000000
22720  -46.690  -53.739  18.077 0.0000000000
22721  -47.397  -53.608  18.240 0.0000000000
22732  -37.071  -54.104  16.485 0.0000000000
22733  -46.259  -53.634  17.460 0.0000000000
22734  -46.756  -53.598  17.269 0.0000000000
22744  -37.325  -54.241  15.552 0.0000000000
22745  -38.160  -54.237  14.772 0.0000000000
22746  -39.169  -54.568  14.557 0.0000000000
22747  -40.136  -54.665  14.576 0.0000000000
22748  -40.987  -54.749  14.567 0.0000000000
22756  -38.997  -53.752  14.448 0.0000000000
22757  -39.798  -53.802  14.373 0.0000000000
22758  -40.743  -53.893  14.283 0.0000000000
22759  -41.789  -54.220  14.156 0.0000000000
22760  -42.886  -54.176  13.854 0.0000000000
22761  -43.852  -54.368  13.625 0.0000000000
22762  -44.481  -54.832  13.494 0.0000000000
22770  -44.563  -54.070  13.356 0.0000000000
22771  -45.155  -54.372  13.143 0.0000000000
22772  -45.956  -54.261  12.788 0.0000000000
22773  -46.673  -54.209  12.553 0.0000000000
22774  -47.368  -54.065  12.373 0.0000000000
22775  -48.026  -53.657  12.342 0.0000000000
22776  -48.415  -53.437  12.087 0.0000000000
22784  -47.611  -54.425  12.003 0.0000000000
22785  -47.993  -54.200  11.768 0.0000000000
22786  -48.563  -53.640  11.460 0.0000000000
22787  -49.011  -53.234  11.127 0.0000000000
22797  -39.518  -54.519  11.208 0.0000000000
22798  -40.152  -54.515  11.522 0.0000000000
22799  -41.166  -54.403  11.519 0.0000000000
22800  -42.311  -54.333  11.265 0.0000000000
22801  -43.203  -54.817  11.044 0.0000000000
22802  -48.655  -53.793  11.013 0.0000000000
22803  -49.039  -53.366  10.761 0.0000000000
22817  -29.093  -54.538  9.714 0.0000000000
22823  -43.097  -54.134  10.921 0.0000000000
22824  -43.849  -54.532  10.604 0.0000000000
22825  -44.825  -54.594  10.120 0.0000000000
22826  -45.316  -55.208  9.970 0.0000000000
22827  -48.735  -53.794  10.548 0.0000000000
22828  -49.070  -53.440  10.534 0.0000000000
22844  -26.414  -53.764  8.607 0.0000000000
22845  -27.427  -53.856  8.944 0.0000000000
22846  -28.404  -54.100  9.277 0.0000000000
22847  -29.078  -53.925  9.480 0.0000000000
22850  -45.297  -54.101  9.832 0.0000000000
22851  -45.808  -54.602  9.658 0.0000000000
22852  -46.833  -54.244  9.409 0.0000000000
22853  -47.680  -54.429  9.548 0.0000000000
22854  -48.189  -54.283  9.784 0.0000000000
22855  -48.731  -53.845  10.116 0.0000000000
22856  -49.105  -53.424  10.360 0.0000000000
22871  -47.369  -53.731  9.362 0.0000000000
22872  -47.704  -53.821  9.399 0.0000000000
22873  -48.243  -53.797  9.552 0.0000000000
22874  -48.649  -53.709  9.778 0.0000000000
23786  -40.702  -53.862  20.583 0.0000000000
23787  -41.254  -54.156  20.325 0.0000000000
23809  -40.495  -53.306  19.563 0.0000000000
23810  -41.481  -53.879  19.723 0.0000000000
23811  -42.101  -54.040  19.551 0.0000000000
23827  -37.491  -53.530  17.791 0.0000000000
23828  -38.029  -52.992  18.193 0.0000000000
23829  -39.890  -52.723  18.571 0.0000000000
23830  -40.385  -52.899  18.745 0.0000000000
23831  -41.299  -53.160  18.631 0.0000000000
23832  -42.335  -53.688  18.949 0.0000000000
23833  -43.257  -53.761  18.710 0.0000000000
23836  -47.934  -53.334  18.561 0.0000000000
23837  -48.749  -52.781  18.747 0.0000000000
23851  -37.366  -53.483  16.929 0.0000000000
23852  -37.849  -52.948  17.266 0.0000000000
23853  -41.551  -52.922  18.125 0.0000000000
23854  -42.018  -53.014  18.063 0.0000000000
23855  -42.949  -53.235  18.118 0.0000000000
23856  -44.026  -53.596  18.071 0.0000000000
23857  -45.009  -53.499  17.518 0.0000000000
23858  -45.725  -53.504  17.249 0.0000000000
23859  -47.223  -53.621  17.567 0.0000000000
23860  -47.838  -53.517  17.525 0.0000000000
23861  -48.782  -53.137  17.606 0.0000000000
23875  -37.326  -53.515  16.403 0.0000000000
23876  -37.630  -52.985  16.309 0.0000000000
23877  -42.559  -52.762  17.534 0.0000000000
23878  -43.336  -52.792  17.276 0.0000000000
23879  -44.345  -52.887  16.851 0.0000000000
23880  -45.270  -53.048  16.647 0.0000000000
23881  -46.190  -53.267  16.604 0.0000000000
23882  -47.197  -53.385  16.617 0.0000000000
23883  -48.155  -53.320  16.480 0.0000000000
23884  -49.080  -53.034  16.352 0.0000000000
23897  -37.341  -53.558  15.959 0.0000000000
23898  -37.863  -53.186  15.304 0.0000000000
23899  -44.730  -52.585  16.101 0.0000000000
23900  -45.380  -52.634  15.575 0.0000000000
23901  -46.465  -52.873  15.467 0.0000000000
23902  -47.429  -53.049  15.428 0.0000000000
23903  -48.276  -53.043  15.360 0.0000000000
23904  -49.014  -52.875  15.231 0.0000000000
23913  -38.604  -53.203  14.678 0.0000000000
23914  -39.435  -53.052  14.398 0.0000000000
23915  -40.372  -53.014  14.242 0.0000000000
23916  -41.400  -53.065  14.067 0.0000000000
23917  -42.501  -53.135  13.898 0.0000000000
23918  -43.661  -53.194  13.747 0.0000000000
23919  -44.620  -52.858  13.801 0.0000000000
23920  -45.534  -52.634  14.250 0.0000000000
23921  -46.670  -52.819  14.281 0.0000000000
23922  -47.521  -52.932  14.292 0.0000000000
23923  -48.259  -52.889  14.255 0.0000000000
23924  -49.049  -52.728  14.153 0.0000000000
23925  -49.473  -52.497  13.608 0.0000000000
23932  -44.342  -53.528  13.523 0.0000000000
23933  -45.007  -53.340  13.373 0.0000000000
23934  -45.859  -53.221  13.241 0.0000000000
23935  -46.739  -53.262  13.231 0.0000000000
23936  -47.468  -53.243  13.208 0.0000000000
23937  -48.144  -53.148  13.177 0.0000000000
23938  -48.745  -52.910  12.902 0.0000000000
23939  -49.412  -52.443  12.776 0.0000000000
23948  -48.894  -52.947  12.164 0.0000000000
23949  -49.481  -52.525  11.741 0.0000000000
23957  -39.856  -53.978  11.330 0.0000000000
23958  -40.522  -53.621  11.377 0.0000000000
23959  -41.623  -53.492  11.227 0.0000000000
23960  -42.177  -53.737  11.163 0.0000000000
23977  -39.917  -53.542  11.281 0.0000000000
23978  -41.968  -52.943  10.934 0.0000000000
23979  -42.534  -53.437  10.892 0.0000000000
23980  -43.442  -53.648  10.569 0.0000000000
23981  -44.149  -53.700  10.255 0.0000000000
23982  -49.394  -53.009  10.589 0.0000000000
23996  -25.564  -53.199  9.276 0.0000000000
23997  -26.559  -52.982  9.303 0.0000000000
24002  -44.885  -53.551  9.911 0.0000000000
24003  -45.600  -53.611  9.671 0.0000000000
24004  -46.296  -53.615  9.496 0.0000000000
24025  -47.036  -53.358  9.421 0.0000000000
24026  -47.666  -53.209  9.440 0.0000000000
24949  -38.636  -52.731  18.388 0.0000000000
24967  -38.554  -52.614  17.626 0.0000000000
24968  -39.395  -52.582  18.135 0.0000000000
24969  -40.335  -52.648  18.121 0.0000000000
24970  -40.833  -52.832  18.292 0.0000000000
24971  -49.534  -52.494  18.172 0.0000000000
24972  -49.999  -51.823  18.512 0.0000000000
24986  -38.356  -52.501  16.679 0.0000000000
24987  -39.209  -52.314  17.006 0.0000000000
24988  -40.190  -52.330  17.277 0.0000000000
24989  -41.303  -52.628  17.685 0.0000000000
24990  -42.064  -52.666  17.485 0.0000000000
24991  -49.682  -52.763  17.164 0.0000000000
24992  -50.483  -52.108  17.529 0.0000000000
25008  -38.206  -52.517  15.793 0.0000000000
25009  -38.928  -52.132  16.058 0.0000000000
25010  -39.880  -52.024  16.253 0.0000000000
25011  -40.990  -52.092  16.458 0.0000000000
25012  -42.320  -52.337  16.692 0.0000000000
25013  -43.581  -52.402  16.266 0.0000000000
25014  -44.240  -52.481  16.120 0.0000000000
25015  -49.694  -52.856  16.535 0.0000000000
25016  -50.173  -52.566  16.590 0.0000000000
25017  -50.915  -51.995  16.511 0.0000000000
25035  -38.259  -52.636  15.309 0.0000000000
25036  -38.697  -52.351  15.334 0.0000000000
25037  -39.483  -52.079  15.359 0.0000000000
25038  -40.498  -51.951  15.408 0.0000000000
25039  -41.660  -51.981  15.464 0.0000000000
25040  -42.890  -52.103  15.403 0.0000000000
25041  -44.187  -52.326  15.325 0.0000000000
25042  -44.873  -52.443  14.696 0.0000000000
25043  -49.669  -52.790  15.946 0.0000000000
25044  -50.252  -52.443  15.696 0.0000000000
25045  -50.900  -51.996  15.307 0.0000000000
25061  -38.437  -52.710  14.991 0.0000000000
25062  -39.060  -52.521  14.789 0.0000000000
25063  -39.960  -52.364  14.679 0.0000000000
25064  -41.004  -52.321  14.616 0.0000000000
25065  -42.128  -52.351  14.524 0.0000000000
25066  -43.285  -52.428  14.410 0.0000000000
25067  -44.256  -52.538  14.306 0.0000000000
25068  -44.844  -52.554  14.224 0.0000000000
25069  -49.618  -52.649  15.146 0.0000000000
25070  -50.064  -52.386  14.542 0.0000000000
25071  -50.820  -51.859  14.216 0.0000000000
25079  -50.096  -52.148  13.512 0.0000000000
25080  -50.715  -51.617  13.134 0.0000000000
25089  -49.966  -52.011  12.662 0.0000000000
25090  -50.338  -51.728  12.096 0.0000000000
25097  -40.491  -53.187  11.307 0.0000000000
25098  -40.828  -53.105  11.284 0.0000000000
25111  -40.117  -52.896  11.121 0.0000000000
25112  -41.307  -52.552  10.904 0.0000000000
25114  -43.204  -52.922  10.374 0.0000000000
25115  -43.724  -53.235  10.284 0.0000000000
25128  -44.080  -52.694  9.974 0.0000000000
25130  -45.903  -53.107  9.549 0.0000000000
25150  -46.357  -52.528  9.489 0.0000000000
26181  -51.341  -51.142  13.092 0.0000000000
26201  -39.625  -52.170  10.525 0.0000000000
26202  -40.503  -51.998  10.619 0.0000000000
