#!ascii label  , from subject COLIN27_FS vox2ras=TkReg
486
140826  -22.150  42.723  -35.716 0.0000000000
140843  -20.995  42.209  -36.650 0.0000000000
140844  -21.759  42.147  -36.301 0.0000000000
140863  -19.715  42.208  -37.554 0.0000000000
140864  -20.321  42.193  -37.117 0.0000000000
140878  -18.559  42.276  -38.845 0.0000000000
140879  -19.118  42.243  -38.121 0.0000000000
140893  -18.052  42.301  -39.697 0.0000000000
140906  -17.784  42.709  -40.437 0.0000000000
141749  -21.962  43.489  -35.574 0.0000000000
141750  -22.617  43.319  -35.227 0.0000000000
141764  -19.912  43.398  -36.997 0.0000000000
141765  -20.433  43.103  -36.591 0.0000000000
141766  -21.307  43.081  -35.983 0.0000000000
141782  -19.935  42.807  -37.117 0.0000000000
141794  -18.469  43.118  -39.098 0.0000000000
141795  -18.924  43.158  -38.326 0.0000000000
141804  -18.182  43.222  -39.773 0.0000000000
141813  -17.571  43.020  -41.187 0.0000000000
141814  -17.994  43.561  -40.455 0.0000000000
141826  -17.387  43.376  -41.941 0.0000000000
141827  -17.819  43.891  -41.211 0.0000000000
141838  -17.666  44.162  -41.865 0.0000000000
142718  -23.755  44.252  -33.952 0.0000000000
142734  -21.540  44.035  -35.761 0.0000000000
142735  -22.317  44.205  -35.374 0.0000000000
142736  -23.149  44.102  -34.626 0.0000000000
142751  -19.718  43.822  -37.222 0.0000000000
142752  -20.179  44.080  -36.736 0.0000000000
142753  -20.848  43.991  -36.165 0.0000000000
142764  -19.357  44.053  -37.791 0.0000000000
142765  -19.823  44.369  -37.229 0.0000000000
142777  -18.483  43.596  -39.339 0.0000000000
142778  -18.841  44.048  -38.805 0.0000000000
142789  -18.422  43.954  -39.718 0.0000000000
142790  -18.855  44.703  -39.564 0.0000000000
142801  -18.390  44.438  -40.486 0.0000000000
142802  -18.879  45.126  -40.210 0.0000000000
142814  -18.159  44.656  -41.375 0.0000000000
142819  -17.232  44.729  -42.798 0.0000000000
142820  -17.797  44.914  -42.203 0.0000000000
142828  -16.894  45.147  -43.242 0.0000000000
143695  -24.786  45.042  -32.413 0.0000000000
143717  -23.870  45.468  -33.295 0.0000000000
143718  -24.181  44.978  -33.109 0.0000000000
143736  -23.681  45.166  -33.960 0.0000000000
143737  -23.931  44.587  -33.604 0.0000000000
143750  -21.241  44.480  -36.051 0.0000000000
143751  -21.800  44.802  -35.865 0.0000000000
143752  -22.876  45.383  -35.305 0.0000000000
143765  -20.126  44.675  -36.963 0.0000000000
143766  -20.824  45.003  -36.522 0.0000000000
143767  -21.983  45.612  -36.270 0.0000000000
143768  -22.735  46.239  -36.163 0.0000000000
143780  -19.327  44.566  -38.198 0.0000000000
143781  -19.868  45.085  -37.596 0.0000000000
143782  -20.688  45.736  -37.238 0.0000000000
143794  -19.312  44.987  -38.683 0.0000000000
143795  -19.825  45.770  -38.535 0.0000000000
143807  -19.381  45.555  -39.528 0.0000000000
143808  -19.898  46.238  -39.190 0.0000000000
143820  -18.655  45.084  -40.859 0.0000000000
143821  -19.156  45.792  -40.593 0.0000000000
143832  -18.530  45.484  -41.512 0.0000000000
143833  -19.042  46.448  -41.459 0.0000000000
143838  -17.525  45.362  -42.803 0.0000000000
143839  -18.212  46.112  -42.413 0.0000000000
143840  -18.729  46.671  -42.012 0.0000000000
143847  -17.282  46.062  -43.184 0.0000000000
143848  -17.793  46.474  -42.921 0.0000000000
144727  -23.837  46.624  -31.958 0.0000000000
144728  -24.086  46.480  -31.859 0.0000000000
144743  -23.790  46.506  -32.246 0.0000000000
144744  -24.204  45.751  -32.368 0.0000000000
144745  -24.808  45.509  -32.039 0.0000000000
144758  -23.710  46.147  -33.151 0.0000000000
144759  -23.938  45.571  -32.959 0.0000000000
144775  -23.565  46.361  -34.423 0.0000000000
144792  -23.374  46.696  -35.625 0.0000000000
144801  -21.357  45.888  -36.858 0.0000000000
144802  -22.161  46.402  -36.903 0.0000000000
144803  -23.203  47.059  -36.869 0.0000000000
144814  -20.369  45.966  -37.863 0.0000000000
144815  -21.253  46.432  -37.653 0.0000000000
144816  -22.377  47.117  -37.769 0.0000000000
144817  -23.051  47.335  -37.550 0.0000000000
144827  -20.496  46.461  -38.545 0.0000000000
144828  -21.472  47.168  -38.641 0.0000000000
144829  -22.155  47.370  -38.364 0.0000000000
144840  -19.693  46.251  -39.883 0.0000000000
144841  -20.412  46.866  -39.554 0.0000000000
144842  -21.218  47.539  -39.657 0.0000000000
144853  -19.772  46.686  -40.540 0.0000000000
144854  -20.561  47.471  -40.444 0.0000000000
144855  -21.162  47.766  -40.149 0.0000000000
144863  -19.763  47.323  -41.190 0.0000000000
144864  -20.299  47.710  -40.985 0.0000000000
144870  -18.575  47.022  -42.313 0.0000000000
144871  -19.080  47.172  -41.804 0.0000000000
144877  -17.458  46.920  -43.160 0.0000000000
144878  -18.079  46.917  -42.775 0.0000000000
145722  -23.753  47.003  -31.847 0.0000000000
145737  -23.380  47.138  -32.444 0.0000000000
145750  -23.325  47.232  -33.567 0.0000000000
145766  -23.490  47.629  -34.849 0.0000000000
145785  -23.813  47.728  -36.160 0.0000000000
145786  -24.305  48.125  -36.823 0.0000000000
145800  -23.999  47.631  -37.017 0.0000000000
145801  -24.414  48.128  -37.507 0.0000000000
145811  -22.944  47.460  -37.868 0.0000000000
145812  -23.586  47.701  -37.792 0.0000000000
145813  -24.348  48.326  -38.303 0.0000000000
145823  -22.078  47.490  -38.639 0.0000000000
145824  -22.701  47.673  -38.448 0.0000000000
145825  -23.654  48.277  -38.794 0.0000000000
145826  -24.316  48.475  -38.778 0.0000000000
145837  -21.995  47.719  -39.115 0.0000000000
145838  -22.712  48.284  -39.271 0.0000000000
145839  -23.337  48.493  -39.232 0.0000000000
145849  -21.088  47.915  -40.408 0.0000000000
145850  -21.762  48.186  -39.959 0.0000000000
145851  -22.398  48.412  -39.640 0.0000000000
145858  -20.067  48.085  -41.299 0.0000000000
145859  -20.749  48.046  -40.854 0.0000000000
145860  -21.187  48.165  -40.473 0.0000000000
145866  -18.863  47.883  -42.095 0.0000000000
145867  -19.470  47.795  -41.622 0.0000000000
145875  -17.104  47.742  -43.358 0.0000000000
145876  -17.857  47.627  -42.981 0.0000000000
145877  -18.341  47.523  -42.572 0.0000000000
146678  -23.596  48.587  -30.728 0.0000000000
146679  -24.086  48.475  -30.519 0.0000000000
146696  -22.707  48.757  -31.467 0.0000000000
146697  -23.302  48.180  -31.300 0.0000000000
146713  -22.473  48.702  -31.976 0.0000000000
146714  -22.808  47.969  -32.709 0.0000000000
146727  -22.309  48.923  -33.179 0.0000000000
146728  -22.947  48.220  -33.874 0.0000000000
146741  -22.610  48.966  -34.149 0.0000000000
146742  -23.122  48.717  -34.787 0.0000000000
146757  -23.657  48.573  -35.630 0.0000000000
146758  -24.168  48.639  -36.422 0.0000000000
146771  -24.630  48.764  -37.161 0.0000000000
146777  -24.931  48.736  -37.972 0.0000000000
146782  -24.201  48.561  -39.021 0.0000000000
146783  -24.867  48.841  -38.938 0.0000000000
146784  -25.205  49.473  -39.307 0.0000000000
146790  -23.140  48.602  -39.391 0.0000000000
146791  -23.749  48.838  -39.425 0.0000000000
146792  -24.692  49.414  -39.452 0.0000000000
146793  -25.117  49.670  -39.514 0.0000000000
146801  -21.808  48.950  -40.240 0.0000000000
146802  -22.698  48.774  -39.643 0.0000000000
146803  -23.225  48.950  -39.570 0.0000000000
146810  -20.046  48.506  -41.402 0.0000000000
146811  -20.483  48.730  -41.160 0.0000000000
146812  -21.181  48.539  -40.592 0.0000000000
146820  -18.867  48.909  -42.204 0.0000000000
146821  -19.595  48.574  -41.666 0.0000000000
146822  -20.038  48.746  -41.443 0.0000000000
146831  -17.639  48.524  -43.096 0.0000000000
146832  -18.311  48.276  -42.637 0.0000000000
147609  -24.503  50.220  -28.936 0.0000000000
147610  -24.926  50.115  -28.810 0.0000000000
147611  -25.875  50.022  -28.703 0.0000000000
147612  -26.902  49.982  -28.672 0.0000000000
147634  -22.962  50.049  -29.864 0.0000000000
147635  -23.293  49.976  -29.727 0.0000000000
147636  -24.224  49.947  -29.291 0.0000000000
147657  -22.801  49.858  -30.175 0.0000000000
147658  -23.459  49.132  -30.387 0.0000000000
147659  -24.644  49.074  -29.923 0.0000000000
147673  -21.999  49.882  -31.347 0.0000000000
147674  -22.413  49.429  -31.143 0.0000000000
147675  -23.016  48.885  -30.912 0.0000000000
147683  -21.857  49.917  -31.727 0.0000000000
147684  -22.005  49.424  -32.247 0.0000000000
147693  -21.723  50.049  -32.402 0.0000000000
147694  -21.835  49.853  -33.088 0.0000000000
147704  -22.152  49.751  -34.073 0.0000000000
147705  -22.720  49.420  -34.699 0.0000000000
147717  -22.552  50.152  -34.886 0.0000000000
147718  -23.250  49.637  -35.480 0.0000000000
147719  -23.874  49.241  -36.099 0.0000000000
147732  -23.796  49.906  -36.200 0.0000000000
147733  -24.371  49.587  -36.756 0.0000000000
147738  -25.064  49.620  -37.636 0.0000000000
147739  -25.496  49.993  -38.258 0.0000000000
147744  -25.328  49.327  -38.346 0.0000000000
147745  -25.514  49.819  -38.920 0.0000000000
147750  -22.859  49.914  -39.696 0.0000000000
147751  -23.934  49.807  -39.649 0.0000000000
147752  -24.896  50.046  -39.606 0.0000000000
147753  -25.294  49.941  -39.365 0.0000000000
147760  -21.597  49.668  -40.306 0.0000000000
147761  -22.358  49.410  -39.895 0.0000000000
147762  -23.160  49.268  -39.636 0.0000000000
147769  -20.504  49.595  -41.121 0.0000000000
147770  -21.095  49.224  -40.713 0.0000000000
147778  -18.817  49.948  -42.296 0.0000000000
147779  -19.459  49.532  -41.820 0.0000000000
147780  -20.022  49.178  -41.477 0.0000000000
148518  -23.987  50.900  -28.816 0.0000000000
148519  -24.397  50.615  -28.779 0.0000000000
148520  -25.437  50.682  -28.499 0.0000000000
148521  -26.460  50.670  -28.401 0.0000000000
148540  -22.858  50.371  -29.755 0.0000000000
148541  -23.610  50.684  -29.116 0.0000000000
148542  -24.072  50.409  -29.043 0.0000000000
148557  -21.893  50.718  -30.824 0.0000000000
148558  -22.186  50.502  -30.466 0.0000000000
148569  -21.853  50.378  -31.211 0.0000000000
148570  -22.088  50.068  -30.914 0.0000000000
148580  -21.590  50.555  -32.071 0.0000000000
148594  -21.639  50.603  -32.833 0.0000000000
148595  -21.808  50.619  -33.628 0.0000000000
148611  -22.126  50.722  -34.419 0.0000000000
148624  -22.448  50.866  -34.981 0.0000000000
148625  -22.860  50.657  -35.426 0.0000000000
148639  -23.400  50.595  -36.019 0.0000000000
148640  -24.028  50.577  -36.624 0.0000000000
148651  -24.698  50.546  -37.254 0.0000000000
148652  -25.309  50.644  -37.878 0.0000000000
148658  -25.533  50.755  -38.547 0.0000000000
148664  -21.611  50.766  -39.729 0.0000000000
148665  -22.170  50.555  -39.593 0.0000000000
148666  -23.364  50.601  -39.475 0.0000000000
148667  -24.427  50.758  -39.517 0.0000000000
148668  -25.327  50.849  -39.251 0.0000000000
148675  -20.679  50.800  -40.469 0.0000000000
148676  -21.215  50.553  -40.122 0.0000000000
148677  -22.035  49.991  -39.913 0.0000000000
148684  -19.903  50.904  -41.304 0.0000000000
148685  -20.334  50.609  -40.936 0.0000000000
148686  -20.958  49.922  -40.672 0.0000000000
148693  -18.804  50.665  -42.370 0.0000000000
148694  -19.471  50.696  -41.768 0.0000000000
148695  -19.970  49.919  -41.452 0.0000000000
148703  -18.141  50.607  -42.930 0.0000000000
149377  -24.044  51.443  -28.768 0.0000000000
149378  -25.017  51.400  -28.508 0.0000000000
149379  -26.023  51.406  -28.382 0.0000000000
149393  -22.685  51.381  -29.595 0.0000000000
149394  -23.402  51.436  -29.086 0.0000000000
149407  -21.814  51.312  -30.866 0.0000000000
149408  -22.115  51.342  -30.248 0.0000000000
149421  -21.576  51.249  -31.735 0.0000000000
149431  -21.579  51.243  -32.506 0.0000000000
149441  -21.728  51.348  -33.170 0.0000000000
149442  -21.951  51.498  -33.937 0.0000000000
149451  -22.326  51.506  -34.700 0.0000000000
149462  -22.649  51.340  -35.235 0.0000000000
149463  -23.053  51.446  -35.744 0.0000000000
149476  -23.658  51.478  -36.364 0.0000000000
149477  -24.355  51.473  -36.938 0.0000000000
149492  -24.996  51.504  -37.524 0.0000000000
149493  -25.527  51.601  -38.084 0.0000000000
149500  -21.833  51.642  -38.978 0.0000000000
149501  -22.296  51.690  -38.938 0.0000000000
149502  -23.091  51.860  -39.051 0.0000000000
149503  -25.701  51.767  -38.729 0.0000000000
149509  -20.817  51.428  -39.715 0.0000000000
149510  -21.455  51.280  -39.444 0.0000000000
149511  -22.726  51.197  -39.218 0.0000000000
149512  -23.830  51.593  -39.324 0.0000000000
149513  -24.839  51.773  -39.446 0.0000000000
149514  -25.480  52.129  -39.201 0.0000000000
149521  -20.000  51.609  -40.653 0.0000000000
149522  -20.485  51.287  -40.274 0.0000000000
149523  -21.037  51.009  -39.953 0.0000000000
149530  -19.852  51.415  -41.100 0.0000000000
149531  -20.234  51.095  -40.804 0.0000000000
149539  -18.725  51.408  -42.425 0.0000000000
149540  -19.149  51.880  -41.888 0.0000000000
150157  -24.111  52.141  -28.858 0.0000000000
150158  -24.708  52.119  -28.716 0.0000000000
150159  -25.612  52.138  -28.596 0.0000000000
150160  -26.597  52.142  -28.552 0.0000000000
150161  -27.600  52.142  -28.539 0.0000000000
150169  -22.710  52.344  -29.705 0.0000000000
150170  -23.454  52.247  -29.179 0.0000000000
150171  -24.338  52.671  -29.092 0.0000000000
150172  -25.213  52.762  -29.051 0.0000000000
150173  -26.155  52.799  -29.016 0.0000000000
150174  -27.127  52.790  -29.034 0.0000000000
150186  -21.856  52.079  -30.922 0.0000000000
150187  -22.180  52.190  -30.314 0.0000000000
150198  -21.740  52.038  -31.495 0.0000000000
150199  -22.004  52.695  -31.101 0.0000000000
150209  -21.693  51.927  -32.307 0.0000000000
150210  -21.930  52.864  -32.046 0.0000000000
150221  -21.727  51.724  -32.802 0.0000000000
150222  -21.950  52.356  -33.173 0.0000000000
150234  -22.281  52.358  -34.285 0.0000000000
150248  -22.756  52.218  -35.150 0.0000000000
150249  -23.412  52.380  -35.888 0.0000000000
150261  -24.093  52.397  -36.526 0.0000000000
150262  -24.746  52.360  -37.083 0.0000000000
150277  -25.304  52.430  -37.611 0.0000000000
150278  -25.662  52.625  -38.207 0.0000000000
150286  -20.831  52.454  -38.641 0.0000000000
150287  -21.765  52.144  -38.670 0.0000000000
150288  -22.811  52.439  -38.735 0.0000000000
150289  -23.621  52.511  -39.125 0.0000000000
150290  -25.788  52.810  -38.839 0.0000000000
150298  -19.896  52.549  -39.673 0.0000000000
150299  -20.589  51.892  -39.453 0.0000000000
150300  -21.130  51.865  -39.002 0.0000000000
150301  -24.400  52.588  -39.372 0.0000000000
150302  -25.142  52.803  -39.374 0.0000000000
150303  -25.566  52.880  -39.197 0.0000000000
150312  -19.731  52.219  -40.542 0.0000000000
150313  -20.146  51.947  -39.995 0.0000000000
150320  -19.243  52.486  -41.421 0.0000000000
150907  -22.564  52.758  -30.042 0.0000000000
150908  -23.021  53.011  -29.775 0.0000000000
150909  -23.844  53.230  -29.546 0.0000000000
150910  -24.763  53.359  -29.539 0.0000000000
150911  -25.702  53.393  -29.575 0.0000000000
150912  -26.656  53.347  -29.672 0.0000000000
150922  -22.561  53.356  -30.558 0.0000000000
150923  -23.381  53.786  -30.145 0.0000000000
150924  -24.271  53.980  -30.044 0.0000000000
150925  -25.219  54.017  -30.085 0.0000000000
150926  -26.182  53.954  -30.247 0.0000000000
150943  -22.224  53.444  -31.405 0.0000000000
150962  -22.228  53.804  -32.001 0.0000000000
150980  -22.222  53.592  -32.807 0.0000000000
150995  -22.426  53.429  -33.867 0.0000000000
150996  -22.819  53.748  -34.581 0.0000000000
151010  -22.671  53.036  -34.656 0.0000000000
151011  -23.238  53.366  -35.272 0.0000000000
151022  -23.927  53.299  -36.035 0.0000000000
151023  -24.601  53.315  -36.607 0.0000000000
151024  -25.110  53.777  -36.956 0.0000000000
151041  -25.031  52.935  -37.077 0.0000000000
151042  -25.413  53.524  -37.613 0.0000000000
151051  -21.335  53.084  -38.069 0.0000000000
151052  -22.437  53.283  -38.249 0.0000000000
151053  -23.408  53.398  -38.769 0.0000000000
151054  -24.022  53.908  -39.102 0.0000000000
151055  -25.570  53.661  -38.294 0.0000000000
151056  -25.500  54.173  -38.450 0.0000000000
151064  -20.184  52.713  -38.958 0.0000000000
151065  -24.028  53.224  -39.257 0.0000000000
151066  -24.669  53.656  -39.283 0.0000000000
151067  -25.459  53.809  -39.042 0.0000000000
151068  -25.427  54.523  -38.684 0.0000000000
151660  -22.997  54.282  -30.629 0.0000000000
151661  -23.729  54.719  -30.510 0.0000000000
151662  -24.720  54.777  -30.410 0.0000000000
151663  -25.704  54.747  -30.519 0.0000000000
151664  -26.748  54.606  -30.862 0.0000000000
151679  -22.568  54.411  -31.371 0.0000000000
151680  -23.075  54.937  -30.893 0.0000000000
151693  -22.386  54.612  -32.398 0.0000000000
151705  -22.481  54.423  -33.333 0.0000000000
151720  -22.740  54.412  -34.135 0.0000000000
151721  -23.207  54.427  -34.843 0.0000000000
151735  -23.913  54.424  -35.696 0.0000000000
151736  -24.348  54.996  -36.011 0.0000000000
151747  -24.298  53.887  -36.197 0.0000000000
151748  -24.696  54.498  -36.451 0.0000000000
151749  -25.277  54.562  -37.170 0.0000000000
151766  -23.208  55.099  -38.250 0.0000000000
151767  -25.506  54.605  -37.810 0.0000000000
151768  -25.617  55.112  -37.989 0.0000000000
151780  -23.039  53.936  -38.388 0.0000000000
151781  -23.579  54.582  -38.637 0.0000000000
151782  -24.380  54.620  -39.107 0.0000000000
151783  -25.481  54.124  -37.908 0.0000000000
151784  -25.479  54.792  -38.276 0.0000000000
151793  -24.942  54.620  -39.139 0.0000000000
151794  -25.078  54.973  -39.096 0.0000000000
151795  -25.289  54.897  -38.609 0.0000000000
152359  -23.513  55.600  -30.906 0.0000000000
152360  -24.257  55.590  -30.637 0.0000000000
152361  -25.179  55.619  -30.577 0.0000000000
152362  -26.237  55.558  -30.731 0.0000000000
152363  -26.978  55.743  -30.831 0.0000000000
152373  -22.542  55.204  -31.877 0.0000000000
152374  -22.920  55.466  -31.375 0.0000000000
152375  -26.895  55.225  -30.996 0.0000000000
152390  -22.506  55.436  -32.399 0.0000000000
152403  -22.506  55.272  -33.031 0.0000000000
152418  -22.686  55.150  -33.739 0.0000000000
152419  -23.006  55.213  -34.347 0.0000000000
152430  -23.553  55.358  -34.990 0.0000000000
152431  -24.141  55.504  -35.644 0.0000000000
152440  -24.659  55.533  -36.193 0.0000000000
152441  -25.169  55.455  -36.757 0.0000000000
152461  -25.538  55.475  -37.338 0.0000000000
152462  -25.731  55.558  -37.792 0.0000000000
152474  -23.553  55.647  -38.499 0.0000000000
152475  -24.187  55.515  -38.917 0.0000000000
152476  -25.746  55.522  -38.218 0.0000000000
152484  -24.758  55.373  -39.090 0.0000000000
152485  -25.082  55.343  -39.007 0.0000000000
152486  -25.416  55.427  -38.690 0.0000000000
153127  -23.907  56.213  -30.859 0.0000000000
153128  -24.585  56.525  -30.751 0.0000000000
153129  -25.604  56.475  -30.599 0.0000000000
153130  -26.617  56.478  -30.521 0.0000000000
153146  -22.690  55.958  -31.968 0.0000000000
153147  -23.428  56.521  -31.407 0.0000000000
153148  -23.997  56.662  -30.978 0.0000000000
153164  -22.633  56.023  -32.751 0.0000000000
153165  -22.953  56.721  -32.326 0.0000000000
153179  -22.721  55.859  -33.527 0.0000000000
153180  -22.945  56.662  -33.265 0.0000000000
153194  -22.831  55.634  -34.003 0.0000000000
153195  -23.182  56.220  -34.267 0.0000000000
153204  -23.891  56.315  -35.127 0.0000000000
153205  -24.521  56.349  -35.781 0.0000000000
153218  -25.119  56.329  -36.358 0.0000000000
153219  -25.599  56.284  -36.913 0.0000000000
153238  -25.888  56.302  -37.426 0.0000000000
153239  -26.027  56.294  -37.991 0.0000000000
153246  -23.999  56.455  -38.737 0.0000000000
153247  -24.808  56.328  -39.032 0.0000000000
153248  -25.528  56.474  -38.926 0.0000000000
153249  -25.799  56.102  -38.569 0.0000000000
153256  -25.002  55.758  -39.111 0.0000000000
153257  -25.263  55.906  -39.030 0.0000000000
153258  -25.544  55.972  -38.859 0.0000000000
153946  -24.591  57.026  -30.836 0.0000000000
153947  -25.033  57.247  -30.775 0.0000000000
153948  -26.003  57.400  -30.518 0.0000000000
153949  -27.159  57.596  -29.985 0.0000000000
153963  -23.712  57.194  -31.528 0.0000000000
153964  -24.242  57.233  -31.153 0.0000000000
153965  -24.883  57.899  -31.187 0.0000000000
153981  -23.431  57.302  -31.959 0.0000000000
153995  -23.324  57.422  -32.797 0.0000000000
154004  -23.493  57.369  -33.823 0.0000000000
154005  -24.009  57.657  -34.488 0.0000000000
154014  -23.739  57.015  -34.631 0.0000000000
154015  -24.425  57.322  -35.262 0.0000000000
154016  -25.114  57.601  -35.776 0.0000000000
154031  -24.980  56.992  -35.944 0.0000000000
154032  -25.649  57.312  -36.516 0.0000000000
154033  -26.121  57.797  -36.828 0.0000000000
154050  -24.088  58.108  -38.352 0.0000000000
154051  -25.938  56.812  -37.047 0.0000000000
154052  -26.178  57.379  -37.439 0.0000000000
154061  -23.802  57.056  -38.447 0.0000000000
154062  -24.374  57.512  -38.696 0.0000000000
154063  -25.363  57.354  -38.869 0.0000000000
154064  -25.958  56.993  -38.426 0.0000000000
154766  -27.541  58.489  -29.595 0.0000000000
154778  -25.446  58.022  -30.842 0.0000000000
154779  -26.147  58.575  -30.560 0.0000000000
154780  -26.918  58.657  -29.967 0.0000000000
154791  -23.885  57.593  -31.692 0.0000000000
154792  -24.433  58.052  -31.725 0.0000000000
154793  -25.354  58.793  -31.618 0.0000000000
154794  -25.948  59.085  -31.168 0.0000000000
154808  -23.840  57.931  -32.288 0.0000000000
154809  -24.562  58.614  -32.584 0.0000000000
154810  -25.202  59.136  -32.530 0.0000000000
154822  -23.847  58.111  -33.181 0.0000000000
154823  -24.481  58.614  -33.648 0.0000000000
154830  -24.016  58.078  -33.974 0.0000000000
154831  -24.589  58.311  -34.641 0.0000000000
154832  -25.152  58.522  -35.133 0.0000000000
154844  -24.928  58.043  -35.354 0.0000000000
154845  -25.483  58.290  -35.819 0.0000000000
154860  -26.005  58.233  -36.485 0.0000000000
154861  -26.337  58.292  -36.930 0.0000000000
154876  -26.362  58.466  -37.479 0.0000000000
154885  -24.539  58.530  -38.465 0.0000000000
154886  -25.140  58.297  -38.707 0.0000000000
154887  -25.987  58.232  -38.299 0.0000000000
155533  -26.978  59.858  -29.502 0.0000000000
155545  -26.599  59.492  -30.179 0.0000000000
155546  -27.141  59.187  -29.648 0.0000000000
155575  -25.112  59.167  -33.268 0.0000000000
155586  -25.079  58.963  -34.226 0.0000000000
155597  -25.128  58.736  -34.758 0.0000000000
155616  -26.118  58.866  -36.065 0.0000000000
155633  -26.318  58.654  -36.561 0.0000000000
155634  -26.513  59.224  -36.801 0.0000000000
155647  -26.296  59.183  -37.802 0.0000000000
155657  -24.952  58.897  -38.524 0.0000000000
155658  -25.451  59.002  -38.453 0.0000000000
155659  -25.955  59.051  -38.265 0.0000000000
