#!ascii label  , from subject COLIN27_FS vox2ras=TkReg
18
87475  -6.290  -3.000  19.456 0.0000000000
87476  -6.577  -2.645  19.801 0.0000000000
87479  -6.250  -2.873  19.041 0.0000000000
87480  -6.527  -2.115  18.789 0.0000000000
87484  -6.521  -1.776  18.175 0.0000000000
88732  -7.054  -1.551  20.394 0.0000000000
88736  -6.800  -1.431  19.282 0.0000000000
88739  -6.623  -1.347  18.475 0.0000000000
89998  -6.869  -0.500  19.828 0.0000000000
90002  -6.389  -0.041  18.170 0.0000000000
90003  -6.576  -0.354  18.634 0.0000000000
90011  -6.410  -0.314  17.794 0.0000000000
90012  -6.567  -0.968  18.077 0.0000000000
91307  -6.142  0.509  18.154 0.0000000000
91308  -6.332  0.396  18.775 0.0000000000
92666  -5.564  1.458  18.361 0.0000000000
92676  -5.526  1.231  17.524 0.0000000000
92687  -5.005  1.812  17.013 0.0000000000
