#!ascii label  , from subject COLIN27_FS vox2ras=TkReg
48
72946  -7.671  -13.901  17.900 0.0000000000
72958  -7.317  -13.478  17.363 0.0000000000
72959  -7.520  -14.042  17.421 0.0000000000
72973  -7.068  -12.680  16.233 0.0000000000
72974  -7.210  -13.296  16.575 0.0000000000
74346  -6.336  -11.963  17.329 0.0000000000
74347  -6.783  -12.513  17.781 0.0000000000
74361  -6.703  -12.171  16.625 0.0000000000
74362  -6.854  -12.665  17.124 0.0000000000
74370  -7.001  -12.099  16.095 0.0000000000
75695  -5.804  -11.190  17.619 0.0000000000
75701  -6.146  -11.187  16.873 0.0000000000
75709  -6.694  -11.260  16.277 0.0000000000
75710  -7.551  -11.445  15.956 0.0000000000
76978  -5.427  -9.662  17.760 0.0000000000
76979  -5.475  -10.452  18.020 0.0000000000
76986  -5.513  -9.486  17.401 0.0000000000
76987  -5.666  -10.105  17.196 0.0000000000
76996  -6.308  -10.250  16.549 0.0000000000
78319  -5.503  -9.002  17.588 0.0000000000
78320  -5.643  -9.104  17.170 0.0000000000
78328  -6.026  -9.261  16.761 0.0000000000
79621  -5.391  -8.371  18.492 0.0000000000
79640  -5.440  -8.295  17.848 0.0000000000
79654  -5.631  -8.307  17.352 0.0000000000
79655  -5.896  -8.358  16.949 0.0000000000
80901  -5.355  -7.511  18.197 0.0000000000
80911  -5.517  -7.466  17.524 0.0000000000
80919  -5.783  -7.529  17.088 0.0000000000
82201  -5.293  -6.640  18.602 0.0000000000
82207  -5.338  -6.609  17.762 0.0000000000
82213  -5.653  -6.531  17.058 0.0000000000
83460  -5.300  -5.550  19.609 0.0000000000
83469  -5.214  -5.752  18.881 0.0000000000
83477  -5.155  -5.803  18.070 0.0000000000
83488  -5.346  -5.722  17.360 0.0000000000
84850  -5.397  -4.864  20.012 0.0000000000
84851  -5.668  -4.501  20.612 0.0000000000
84861  -5.167  -4.928  19.058 0.0000000000
84875  -5.067  -5.134  18.363 0.0000000000
84891  -5.138  -4.979  17.666 0.0000000000
86194  -5.645  -4.133  20.006 0.0000000000
86195  -6.049  -3.876  20.551 0.0000000000
86210  -5.459  -4.140  19.255 0.0000000000
86211  -6.034  -3.437  19.592 0.0000000000
86212  -6.302  -3.327  20.153 0.0000000000
86226  -5.306  -4.271  18.255 0.0000000000
86227  -5.800  -3.425  18.637 0.0000000000
