#!ascii label  , from subject COLIN27_FS vox2ras=TkReg
232
40327  -51.537  -38.986  29.138 0.0000000000
40340  -51.881  -39.124  28.453 0.0000000000
40356  -52.252  -39.517  27.504 0.0000000000
40357  -52.697  -39.322  26.952 0.0000000000
40374  -52.878  -39.288  26.222 0.0000000000
41686  -52.376  -38.485  28.058 0.0000000000
41687  -52.549  -38.033  27.754 0.0000000000
41698  -52.566  -39.031  27.368 0.0000000000
41699  -52.773  -38.582  27.040 0.0000000000
41712  -53.032  -38.608  25.878 0.0000000000
42997  -52.143  -36.877  29.330 0.0000000000
42998  -52.278  -36.603  28.995 0.0000000000
43018  -52.197  -37.727  28.725 0.0000000000
43019  -52.356  -37.285  28.418 0.0000000000
43035  -52.533  -37.613  27.495 0.0000000000
43046  -52.784  -37.885  26.518 0.0000000000
43062  -52.985  -37.941  25.436 0.0000000000
43079  -53.123  -37.947  24.380 0.0000000000
44274  -52.352  -36.180  28.863 0.0000000000
44297  -52.059  -36.314  27.580 0.0000000000
44298  -52.294  -36.521  28.094 0.0000000000
44316  -51.615  -36.309  26.384 0.0000000000
44317  -51.955  -36.572  26.793 0.0000000000
44318  -52.363  -37.091  27.116 0.0000000000
44329  -51.380  -36.301  25.634 0.0000000000
44330  -51.997  -36.847  25.795 0.0000000000
44331  -52.472  -37.332  26.097 0.0000000000
44345  -51.526  -36.453  24.785 0.0000000000
44346  -51.986  -36.815  24.893 0.0000000000
44347  -52.628  -37.344  24.894 0.0000000000
44364  -51.912  -36.639  24.304 0.0000000000
44365  -52.485  -36.926  23.976 0.0000000000
44366  -52.989  -37.431  23.712 0.0000000000
44381  -52.964  -36.986  23.189 0.0000000000
45454  -52.488  -35.385  28.763 0.0000000000
45476  -51.509  -35.120  27.240 0.0000000000
45477  -51.756  -35.590  27.428 0.0000000000
45478  -52.175  -35.486  28.147 0.0000000000
45501  -51.301  -35.523  26.646 0.0000000000
45502  -51.641  -36.031  26.857 0.0000000000
45515  -50.543  -35.164  25.345 0.0000000000
45516  -50.826  -35.416  25.655 0.0000000000
45528  -50.530  -35.490  24.859 0.0000000000
45529  -51.023  -36.076  25.022 0.0000000000
45545  -49.739  -35.253  23.170 0.0000000000
45546  -50.326  -35.618  23.717 0.0000000000
45547  -51.374  -36.247  24.050 0.0000000000
45548  -52.071  -36.637  23.829 0.0000000000
45562  -49.508  -35.175  22.411 0.0000000000
45563  -50.341  -35.635  22.596 0.0000000000
45564  -51.323  -36.068  22.834 0.0000000000
45565  -52.422  -36.568  23.017 0.0000000000
45566  -53.077  -36.852  22.622 0.0000000000
45578  -49.322  -35.091  21.525 0.0000000000
45579  -50.176  -35.456  21.628 0.0000000000
45580  -51.217  -35.727  21.776 0.0000000000
45581  -52.325  -36.057  21.850 0.0000000000
45591  -49.181  -35.062  20.951 0.0000000000
45592  -49.865  -35.187  20.661 0.0000000000
45593  -50.945  -35.431  20.823 0.0000000000
45594  -52.071  -35.562  20.878 0.0000000000
45595  -53.223  -35.790  20.751 0.0000000000
45606  -50.071  -35.087  20.017 0.0000000000
45607  -50.632  -35.147  20.030 0.0000000000
45608  -51.636  -35.189  20.027 0.0000000000
45609  -52.785  -35.181  19.942 0.0000000000
45610  -54.122  -35.320  19.464 0.0000000000
46658  -51.743  -34.806  27.516 0.0000000000
46659  -52.218  -34.566  27.885 0.0000000000
46660  -52.686  -34.475  28.497 0.0000000000
46682  -51.497  -34.529  27.068 0.0000000000
46683  -51.981  -34.267  27.474 0.0000000000
46695  -50.575  -34.554  25.390 0.0000000000
46696  -51.042  -34.590  26.310 0.0000000000
46702  -49.739  -34.212  24.006 0.0000000000
46703  -50.045  -34.793  24.481 0.0000000000
46715  -49.341  -34.468  23.197 0.0000000000
46716  -49.714  -34.925  23.770 0.0000000000
46729  -48.828  -34.393  22.188 0.0000000000
46767  -51.088  -34.945  19.277 0.0000000000
46768  -52.115  -34.885  19.187 0.0000000000
47891  -53.419  -33.698  28.740 0.0000000000
47892  -54.096  -33.015  28.238 0.0000000000
47898  -52.393  -33.997  27.575 0.0000000000
47899  -53.121  -33.624  27.765 0.0000000000
47900  -54.152  -32.841  27.329 0.0000000000
47917  -51.480  -34.048  26.636 0.0000000000
47918  -52.264  -33.699  26.921 0.0000000000
47919  -53.551  -32.964  26.630 0.0000000000
47920  -54.270  -32.730  26.777 0.0000000000
47936  -50.880  -33.742  25.276 0.0000000000
47937  -51.466  -33.639  25.928 0.0000000000
47938  -52.807  -32.972  25.888 0.0000000000
47939  -53.438  -32.863  26.090 0.0000000000
47950  -49.959  -33.681  24.043 0.0000000000
47951  -50.390  -33.753  24.602 0.0000000000
47952  -51.411  -33.206  24.966 0.0000000000
47953  -52.043  -33.073  25.428 0.0000000000
47962  -49.639  -33.653  23.584 0.0000000000
47963  -50.344  -33.195  23.814 0.0000000000
47964  -51.020  -33.095  24.252 0.0000000000
47971  -49.079  -33.419  22.865 0.0000000000
47972  -49.844  -33.059  23.269 0.0000000000
47981  -48.702  -33.186  22.252 0.0000000000
49067  -54.948  -31.660  28.367 0.0000000000
49080  -54.808  -32.408  27.702 0.0000000000
49081  -55.190  -31.790  27.965 0.0000000000
49098  -54.332  -32.636  26.361 0.0000000000
49099  -54.844  -32.442  26.770 0.0000000000
49100  -55.420  -31.863  27.122 0.0000000000
49115  -53.280  -32.657  25.320 0.0000000000
49116  -53.889  -32.648  25.741 0.0000000000
49117  -54.904  -32.439  25.888 0.0000000000
49118  -55.575  -32.025  26.219 0.0000000000
49131  -51.742  -32.768  24.278 0.0000000000
49132  -52.613  -32.664  24.813 0.0000000000
49133  -53.762  -32.423  24.830 0.0000000000
49134  -54.779  -32.244  24.955 0.0000000000
49135  -55.462  -32.019  25.414 0.0000000000
49145  -50.496  -32.720  23.185 0.0000000000
49146  -51.332  -32.642  23.538 0.0000000000
49147  -52.415  -32.376  23.774 0.0000000000
49148  -53.493  -32.165  23.946 0.0000000000
49149  -54.318  -32.101  24.300 0.0000000000
49154  -49.114  -32.755  22.343 0.0000000000
49155  -49.922  -32.571  22.636 0.0000000000
49156  -51.099  -32.251  22.586 0.0000000000
49157  -52.243  -32.159  22.864 0.0000000000
49158  -53.059  -32.009  23.211 0.0000000000
49165  -49.528  -32.231  21.914 0.0000000000
49166  -50.497  -32.025  21.942 0.0000000000
50237  -55.635  -31.213  27.527 0.0000000000
50257  -56.021  -31.165  26.488 0.0000000000
50258  -56.254  -30.688  26.068 0.0000000000
50279  -55.922  -31.584  25.612 0.0000000000
50280  -56.265  -30.917  25.478 0.0000000000
50289  -54.874  -31.917  24.302 0.0000000000
50290  -55.632  -31.432  24.562 0.0000000000
50291  -56.214  -31.036  24.921 0.0000000000
50302  -53.615  -31.788  23.267 0.0000000000
50303  -54.422  -31.588  23.619 0.0000000000
50304  -55.211  -30.930  23.490 0.0000000000
50312  -51.209  -31.953  21.922 0.0000000000
50313  -51.973  -31.844  21.960 0.0000000000
50314  -53.356  -31.346  22.376 0.0000000000
50315  -54.488  -30.862  22.903 0.0000000000
50316  -54.942  -30.554  23.089 0.0000000000
50321  -49.119  -31.947  21.378 0.0000000000
50322  -50.001  -31.710  21.244 0.0000000000
50323  -51.199  -31.581  21.262 0.0000000000
50324  -52.439  -31.123  21.122 0.0000000000
50325  -53.149  -30.868  21.456 0.0000000000
50330  -49.125  -31.448  20.595 0.0000000000
51445  -55.459  -30.721  27.900 0.0000000000
51459  -55.815  -30.381  27.212 0.0000000000
51477  -56.171  -30.309  26.428 0.0000000000
51478  -56.334  -30.312  25.857 0.0000000000
51503  -56.365  -30.337  25.447 0.0000000000
51521  -56.159  -30.779  24.492 0.0000000000
51522  -56.324  -30.397  24.946 0.0000000000
51538  -55.869  -30.505  23.917 0.0000000000
51539  -56.202  -30.274  24.356 0.0000000000
51551  -54.119  -30.546  22.239 0.0000000000
51552  -54.678  -30.129  22.655 0.0000000000
51553  -55.275  -30.214  23.303 0.0000000000
51559  -53.639  -30.292  21.451 0.0000000000
51560  -54.170  -29.909  22.013 0.0000000000
51566  -52.618  -30.345  20.323 0.0000000000
51567  -53.204  -30.021  20.684 0.0000000000
52745  -55.476  -29.863  27.263 0.0000000000
52762  -55.683  -29.429  26.536 0.0000000000
52763  -56.220  -29.902  26.126 0.0000000000
52781  -55.776  -29.126  25.725 0.0000000000
52782  -56.199  -29.685  25.513 0.0000000000
52798  -55.735  -29.190  24.241 0.0000000000
52799  -56.066  -29.629  24.559 0.0000000000
52814  -55.624  -29.572  23.779 0.0000000000
52815  -56.002  -29.912  24.044 0.0000000000
52828  -54.400  -29.206  22.257 0.0000000000
52829  -54.988  -29.400  22.995 0.0000000000
52832  -53.555  -29.374  20.805 0.0000000000
52833  -53.952  -29.269  21.510 0.0000000000
52837  -53.014  -29.335  20.011 0.0000000000
54045  -55.378  -28.825  25.868 0.0000000000
54063  -54.855  -28.385  25.449 0.0000000000
54064  -55.521  -28.709  25.354 0.0000000000
54065  -55.867  -29.102  25.272 0.0000000000
54080  -55.215  -28.388  24.992 0.0000000000
54081  -55.607  -28.821  24.698 0.0000000000
54082  -56.007  -29.282  25.016 0.0000000000
54098  -55.374  -28.792  23.950 0.0000000000
54112  -54.647  -28.336  22.603 0.0000000000
54113  -55.116  -28.855  23.361 0.0000000000
54121  -53.845  -28.647  20.953 0.0000000000
54122  -54.238  -28.180  21.545 0.0000000000
54125  -53.624  -28.596  20.306 0.0000000000
54126  -54.132  -27.972  20.545 0.0000000000
54135  -53.884  -28.060  20.002 0.0000000000
55229  -54.022  -27.982  25.041 0.0000000000
55230  -54.350  -28.146  25.232 0.0000000000
55241  -53.051  -27.604  24.145 0.0000000000
55242  -53.679  -27.679  24.489 0.0000000000
55243  -54.600  -28.054  24.719 0.0000000000
55244  -55.162  -28.331  24.660 0.0000000000
55257  -53.328  -27.189  23.790 0.0000000000
55258  -54.245  -27.475  23.648 0.0000000000
55259  -55.012  -28.248  24.191 0.0000000000
55268  -54.526  -27.355  22.655 0.0000000000
55269  -54.818  -28.178  23.414 0.0000000000
55279  -54.673  -27.286  21.808 0.0000000000
55287  -55.018  -27.170  20.805 0.0000000000
55288  -55.781  -26.825  20.617 0.0000000000
56344  -52.881  -26.891  23.199 0.0000000000
56345  -53.589  -26.820  23.248 0.0000000000
56356  -52.196  -26.755  22.591 0.0000000000
56357  -53.194  -26.393  22.760 0.0000000000
56358  -54.080  -26.522  22.638 0.0000000000
56371  -51.947  -26.343  22.033 0.0000000000
56372  -54.733  -26.430  21.869 0.0000000000
56373  -55.365  -26.040  21.444 0.0000000000
56385  -55.178  -26.605  21.410 0.0000000000
56386  -55.909  -26.295  20.978 0.0000000000
57532  -52.262  -26.227  22.118 0.0000000000
57533  -52.775  -26.092  22.164 0.0000000000
57534  -53.542  -25.984  22.219 0.0000000000
57546  -52.161  -25.948  21.532 0.0000000000
57547  -53.252  -25.592  21.543 0.0000000000
57548  -54.251  -25.676  21.742 0.0000000000
57549  -55.019  -25.685  21.525 0.0000000000
57565  -53.971  -24.908  20.694 0.0000000000
57566  -54.842  -25.184  21.152 0.0000000000
57567  -55.646  -25.387  21.005 0.0000000000
