################################################
# ITK-SnAP Label Description File
# File format: 
# IDX   -R-  -G-  -B-  -A--  VIS MSH  LABEL
# Fields: 
#    IDX:   Zero-based index 
#    -R-:   Red color component (0..255)
#    -G-:   Green color component (0..255)
#    -B-:   Blue color component (0..255)
#    -A-:   Label transparency (0.00 .. 1.00)
#    VIS:   Label visibility (0 or 1)
#    IDX:   Label mesh visibility (0 or 1)
#  LABEL:   Label description 
################################################
0 0 0 0 0 0 0" Clear Label"
1 255 0 0 1 1 1 "1"
2 0 255 0 1 1 1 "10"
3 0 0 255 1 1 1 "100"
4 255 255 0 1 1 1 "101 "
5 0 255 255 1 1 1 "102"
6 255 0 255 1 1 1 "103"
7 255 239 213 1 1 1 "104"
8 0 0 205 1 1 1 "105"
9 205 133 63 1 1 1 "106"
10 210 180 140 1 1 1 "107"
11 102 205 170 1 1 1 "108"
12 0 0 128 1 1 1 "109"
13 0 139 139 1 1 1 "11 "
14 46 139 87 1 1 1 "110"
15 255 228 225 1 1 1 "111 l"
16 106 90 205 1 1 1 "111 m"
17 221 160 221 1 1 1 "112 l"
18 233 150 122 1 1 1 "112 m"
19 165 42 42 1 1 1 "113"
20 255 250 250 1 1 1 "114"
21 147 112 219 1 1 1 "115"
22 218 112 214 1 1 1 "116"
23 75 0 130 1 1 1 "117"
24 255 182 193 1 1 1 "118"
25 60 179 113 1 1 1 "119"
26 255 235 205 1 1 1 "12"
27 255 228 196 1 1 1 "120"
28 218 165 32 1 1 1 "121 "
29 0 128 128 1 1 1 "122"
30 188 143 143 1 1 1 "123"
31 255 105 180 1 1 1 "124"
32 255 218 185 1 1 1 "125"
33 222 184 135 1 1 1 "126"
34 127 255 0 1 1 1 "127"
35 139 69 19 1 1 1 "128"
36 124 252 0 1 1 1 "129"
37 255 255 224 1 1 1 "13"
38 70 130 180 1 1 1 "130"
39 0 100 0 1 1 1 "131 "
40 238 130 238 1 1 1 "132"
41 238 232 170 1 1 1 "133"
42 240 255 240 1 1 1 "134"
43 245 222 179 1 1 1 "135"
44 184 134 11 1 1 1 "136"
45 32 178 170 1 1 1 "137"
46 255 20 147 1 1 1 "138"
47 25 25 112 1 1 1 "139"
48 112 128 144 1 1 1 "14"
49 34 139 34 1 1 1 "140"
50 248 248 255 1 1 1 "141 "
51 245 255 250 1 1 1 "142"
52 255 160 122 1 1 1 "143"
53 144 238 144 1 1 1 "144"
54 173 255 47 1 1 1 "145"
55 65 105 225 1 1 1 "146"
56 255 99 71 1 1 1 "147"
57 250 240 230 1 1 1 "148"
58 128 0 0 1 1 1 "149"
59 50 205 50 1 1 1 "15"
60 244 164 96 1 1 1 "150"
61 255 255 240 1 1 1 "151 "
62 123 104 238 1 1 1 "152"
63 255 165 0 1 1 1 "153"
64 173 216 230 1 1 1 "154"
65 255 192 203 1 1 1 "155"
66 127 255 212 1 1 1 "156"
67 255 140 0 1 1 1 "157"
68 143 188 143 1 1 1 "158"
69 220 20 60 1 1 1 "159"
70 253 245 230 1 1 1 "16"
71 255 250 240 1 1 1 "160"
72 0 206 209 1 1 1 "161 "
73 0 255 127 1 1 1 "162"
74 128 0 128 1 1 1 "163"
75 255 250 205 1 1 1 "164"
76 250 128 114 1 1 1 "165"
77 148 0 211 1 1 1 "166"
78 178 34 34 1 1 1 "167"
79 255 127 80 1 1 1 "168"
80 135 206 235 1 1 1 "169"
81 100 149 237 1 1 1 "17"
82 240 230 140 1 1 1 "170"
83 250 235 215 1 1 1 "171 "
84 255 245 238 1 1 1 "172"
85 107 142 35 1 1 1 "173"
86 135 206 250 1 1 1 "174"
87 0 0 139 1 1 1 "175"
88 139 0 139 1 1 1 "176"
89 245 245 220 1 1 1 "177"
90 186 85 211 1 1 1 "178"
91 255 228 181 1 1 1 "179"
92 255 222 173 1 1 1 "18"
93 0 191 255 1 1 1 "180"
94 210 105 30 1 1 1 "181 "
95 255 248 220 1 1 1 "182"
96 47 79 79 1 1 1 "19"
97 72 61 139 1 1 1 "2"
98 175 238 238 1 1 1 "20"
99 128 128 0 1 1 1 "21 "
100 176 224 230 1 1 1 "22"
101 255 240 245 1 1 1 "23"
102 139 0 0 1 1 1 "24"
103 240 255 255 1 1 1 "25"
104 255 215 0 1 1 1 "26"
105 216 191 216 1 1 1 "27"
106 119 136 153 1 1 1 "28"
107 219 112 147 1 1 1 "3"
108 72 209 204 1 1 1 "30"
109 255 0 255 1 1 1 "31 "
110 199 21 133 1 1 1 "32"
111 154 205 50 1 1 1 "33"
112 189 183 107 1 1 1 "34"
113 240 248 255 1 1 1 "35"
114 230 230 250 1 1 1 "36"
115 0 250 154 1 1 1 "37"
116 85 107 47 1 1 1 "38"
117 64 224 208 1 1 1 "39"
118 153 50 204 1 1 1 "4"
119 205 92 92 1 1 1 "40"
120 250 250 210 1 1 1 "41 "
121 95 158 160 1 1 1 "42"
122 0 128 0 1 1 1 "43"
123 255 69 0 1 1 1 "44"
124 224 255 255 1 1 1 "45"
125 176 196 222 1 1 1 "46"
126 138 43 226 1 1 1 "47"
127 30 144 255 1 1 1 "48"
128 240 128 128 1 1 1 "49"
129 152 251 152 1 1 1 "5"
130 160 82 45 1 1 1 "50"
131 255 0 0 1 1 1 "51 "
132 0 255 0 1 1 1 "52"
133 0 0 255 1 1 1 "53"
134 255 255 0 1 1 1 "54"
135 0 255 255 1 1 1 "55"
136 255 0 255 1 1 1 "56"
137 255 239 213 1 1 1 "57"
138 0 0 205 1 1 1 "58"
139 205 133 63 1 1 1 "59"
140 210 180 140 1 1 1 "6"
141 102 205 170 1 1 1 "60"
142 0 0 128 1 1 1 "61 "
143 0 139 139 1 1 1 "62"
144 46 139 87 1 1 1 "63"
145 255 228 225 1 1 1 "64"
146 106 90 205 1 1 1 "65"
147 221 160 221 1 1 1 "66"
148 233 150 122 1 1 1 "67 III"
149 165 42 42 1 1 1 "67 IV"
150 255 250 250 1 1 1 "67"
151 147 112 219 1 1 1 "68 I"
152 218 112 214 1 1 1 "68 II"
153 75 0 130 1 1 1 "68 III"
154 255 182 193 1 1 1 "69"
155 60 179 113 1 1 1 "70 I"
156 255 235 205 1 1 1 "70 II"
157 255 228 196 1 1 1 "70 m"
158 218 165 32 1 1 1 "71 I"
159 0 128 128 1 1 1 "71 II"
160 188 143 143 1 1 1 "71 m"
161 255 105 180 1 1 1 "72"
162 255 218 185 1 1 1 "73 I"
163 222 184 135 1 1 1 "73 II"
164 127 255 0 1 1 1 "73 III"
165 139 69 19 1 1 1 "74 I"
166 124 252 0 1 1 1 "74 II"
167 255 255 224 1 1 1 "75 i"
168 70 130 180 1 1 1 "75 m"
169 0 100 0 1 1 1 "75 s"
170 238 130 238 1 1 1 "76 I"
171 238 232 170 1 1 1 "76 s"
172 240 255 240 1 1 1 "77"
173 245 222 179 1 1 1 "78"
174 184 134 11 1 1 1 "79"
175 32 178 170 1 1 1 "8"
176 255 20 147 1 1 1 "80"
177 25 25 112 1 1 1 "81 "
178 112 128 144 1 1 1 "82"
179 34 139 34 1 1 1 "83 I"
180 248 248 255 1 1 1 "83 II"
181 245 255 250 1 1 1 "83 III"
182 255 160 122 1 1 1 "83 IV"
183 144 238 144 1 1 1 "84"
184 173 255 47 1 1 1 "85 I"
185 65 105 225 1 1 1 "85 II"
186 255 99 71 1 1 1 "85 III"
187 250 240 230 1 1 1 "85 IV"
188 128 0 0 1 1 1 "86"
189 50 205 50 1 1 1 "87"
190 244 164 96 1 1 1 "88 a"
191 255 255 240 1 1 1 "88 p"
192 123 104 238 1 1 1 "89 a"
193 255 165 0 1 1 1 "89 ip"
194 173 216 230 1 1 1 "89 m"
195 255 192 203 1 1 1 "89 p"
196 127 255 212 1 1 1 "89 t"
197 255 140 0 1 1 1 "9"
198 143 188 143 1 1 1 "90 a"
199 220 20 60 1 1 1 "90 ip"
200 253 245 230 1 1 1 "90 m"
201 255 250 240 1 1 1 "90 o"
202 0 206 209 1 1 1 "90 p"
203 0 255 127 1 1 1 "90 t"
204 128 0 128 1 1 1 "91 "
205 255 250 205 1 1 1 "92"
206 250 128 114 1 1 1 "93"
207 148 0 211 1 1 1 "94"
208 178 34 34 1 1 1 "95"
209 255 127 80 1 1 1 "96"
210 135 206 235 1 1 1 "97"
211 100 149 237 1 1 1 "98"
212 240 230 140 1 1 1 "99"
213 250 235 215 1 1 1 "BA17"
214 255 245 238 1 1 1 "BA18"

