#!ascii label  , from subject colin27 vox2ras=TkReg coords=white
1807
43148  59.566  -33.856  -9.571 0.0000000000
43149  58.912  -34.108  -9.768 0.0000000000
43150  57.532  -34.511  -10.157 0.0000000000
43151  56.187  -34.832  -10.527 0.0000000000
43152  55.152  -34.989  -10.770 0.0000000000
43153  54.186  -34.988  -10.873 0.0000000000
43154  53.265  -34.851  -10.726 0.0000000000
43155  52.388  -34.609  -10.464 0.0000000000
43156  51.527  -34.332  -10.322 0.0000000000
43166  57.294  -34.028  -10.875 0.0000000000
43167  56.708  -34.208  -11.029 0.0000000000
43168  55.738  -34.380  -11.277 0.0000000000
43169  54.777  -34.427  -11.461 0.0000000000
43170  53.791  -34.379  -11.534 0.0000000000
43171  52.796  -34.300  -11.369 0.0000000000
43172  51.955  -34.225  -11.095 0.0000000000
44362  61.619  -33.663  -9.323 0.0000000000
44363  60.650  -33.708  -9.090 0.0000000000
44364  60.000  -33.663  -9.452 0.0000000000
44379  61.160  -33.204  -9.584 0.0000000000
44380  60.465  -33.297  -9.730 0.0000000000
44381  59.636  -33.448  -10.145 0.0000000000
44382  58.491  -33.685  -10.500 0.0000000000
44383  57.723  -33.789  -10.825 0.0000000000
44384  50.741  -34.040  -10.096 0.0000000000
44385  50.092  -33.465  -10.591 0.0000000000
44386  49.540  -33.195  -10.366 0.0000000000
44399  59.050  -33.110  -10.916 0.0000000000
44400  58.129  -33.187  -11.161 0.0000000000
44401  57.185  -33.508  -11.339 0.0000000000
44402  56.208  -33.673  -11.618 0.0000000000
44403  55.311  -33.772  -11.785 0.0000000000
44404  54.448  -33.625  -11.998 0.0000000000
44405  53.370  -33.463  -12.068 0.0000000000
44406  52.207  -33.635  -11.742 0.0000000000
44407  51.083  -33.717  -11.205 0.0000000000
44408  50.445  -33.292  -11.223 0.0000000000
44421  54.103  -33.156  -12.245 0.0000000000
44422  53.864  -32.824  -12.349 0.0000000000
45576  62.511  -33.046  -9.964 0.0000000000
45577  62.165  -33.244  -9.698 0.0000000000
45589  62.792  -32.539  -10.447 0.0000000000
45590  61.955  -32.640  -9.947 0.0000000000
45591  60.914  -32.831  -10.120 0.0000000000
45592  60.299  -33.043  -10.205 0.0000000000
45593  50.067  -33.012  -11.244 0.0000000000
45594  49.449  -32.725  -10.868 0.0000000000
45595  48.826  -32.486  -10.396 0.0000000000
45607  61.902  -32.151  -10.360 0.0000000000
45608  61.319  -32.249  -10.559 0.0000000000
45609  60.088  -32.577  -10.846 0.0000000000
45610  58.757  -32.355  -11.578 0.0000000000
45611  57.599  -32.651  -11.712 0.0000000000
45612  56.597  -32.881  -11.885 0.0000000000
45613  55.645  -33.105  -12.053 0.0000000000
45614  55.032  -33.288  -12.062 0.0000000000
45615  53.266  -32.559  -12.362 0.0000000000
45616  52.569  -32.840  -12.206 0.0000000000
45617  51.621  -32.907  -12.004 0.0000000000
45618  50.664  -32.795  -11.652 0.0000000000
45619  50.001  -32.466  -11.449 0.0000000000
45631  58.521  -31.795  -11.983 0.0000000000
45632  57.957  -31.910  -12.075 0.0000000000
45633  56.986  -32.051  -12.169 0.0000000000
45634  55.948  -32.255  -12.292 0.0000000000
45635  54.723  -32.625  -12.335 0.0000000000
45636  53.854  -32.245  -12.452 0.0000000000
46694  62.411  -32.122  -10.443 0.0000000000
46695  62.151  -32.134  -10.345 0.0000000000
46696  48.837  -31.951  -10.884 0.0000000000
46697  48.342  -31.964  -10.264 0.0000000000
46702  62.807  -31.735  -10.947 0.0000000000
46703  61.978  -31.643  -10.785 0.0000000000
46704  60.815  -31.592  -11.359 0.0000000000
46705  59.695  -31.772  -11.672 0.0000000000
46706  58.949  -31.662  -11.946 0.0000000000
46707  52.798  -32.280  -12.360 0.0000000000
46708  52.198  -32.066  -12.308 0.0000000000
46709  51.263  -32.047  -12.050 0.0000000000
46710  50.401  -31.888  -11.814 0.0000000000
46711  49.538  -31.855  -11.445 0.0000000000
46720  60.134  -31.197  -11.956 0.0000000000
46721  59.350  -31.142  -12.171 0.0000000000
46722  58.418  -31.224  -12.256 0.0000000000
46723  57.405  -31.220  -12.374 0.0000000000
46724  56.381  -31.318  -12.468 0.0000000000
46725  55.314  -31.482  -12.585 0.0000000000
46726  54.254  -31.552  -12.603 0.0000000000
46727  53.147  -31.661  -12.500 0.0000000000
46728  52.313  -31.279  -12.439 0.0000000000
47821  46.947  -31.190  -7.651 0.0000000000
47822  46.348  -30.708  -8.019 0.0000000000
47830  47.504  -31.423  -9.407 0.0000000000
47831  46.892  -30.944  -9.035 0.0000000000
47832  46.258  -30.425  -8.695 0.0000000000
47840  48.400  -31.499  -10.705 0.0000000000
47841  47.742  -31.058  -10.286 0.0000000000
47842  47.105  -30.545  -9.913 0.0000000000
47847  62.521  -30.909  -11.400 0.0000000000
47848  61.565  -30.736  -11.664 0.0000000000
47849  60.691  -30.854  -11.911 0.0000000000
47850  51.707  -31.435  -12.279 0.0000000000
47851  50.973  -31.229  -12.188 0.0000000000
47852  49.969  -30.976  -12.032 0.0000000000
47853  48.740  -31.064  -11.305 0.0000000000
47854  48.121  -30.637  -11.015 0.0000000000
47860  60.858  -30.273  -12.176 0.0000000000
47861  59.962  -30.441  -12.318 0.0000000000
47862  58.866  -30.384  -12.452 0.0000000000
47863  57.845  -30.381  -12.520 0.0000000000
47864  56.823  -30.407  -12.605 0.0000000000
47865  55.786  -30.489  -12.700 0.0000000000
47866  54.747  -30.604  -12.794 0.0000000000
47867  53.716  -30.683  -12.756 0.0000000000
47868  52.735  -30.666  -12.695 0.0000000000
47869  51.725  -30.639  -12.535 0.0000000000
47870  50.710  -30.490  -12.473 0.0000000000
47871  50.176  -30.472  -12.381 0.0000000000
48960  43.499  -29.110  -6.066 0.0000000000
48971  45.855  -30.455  -7.514 0.0000000000
48972  45.069  -29.847  -7.468 0.0000000000
48973  44.412  -29.436  -7.175 0.0000000000
48984  45.793  -30.181  -8.286 0.0000000000
48985  45.362  -29.641  -8.494 0.0000000000
48996  46.762  -30.318  -9.737 0.0000000000
48997  46.065  -29.879  -9.371 0.0000000000
48998  45.418  -29.377  -9.018 0.0000000000
49006  47.785  -30.412  -10.862 0.0000000000
49007  47.033  -29.947  -10.559 0.0000000000
49008  46.239  -29.578  -10.138 0.0000000000
49014  62.281  -30.202  -11.833 0.0000000000
49015  49.898  -30.458  -12.323 0.0000000000
49016  49.320  -30.395  -12.141 0.0000000000
49017  48.201  -30.126  -11.596 0.0000000000
49018  47.418  -29.553  -11.840 0.0000000000
49024  61.518  -29.688  -12.264 0.0000000000
49025  60.376  -29.566  -12.482 0.0000000000
49026  59.314  -29.551  -12.571 0.0000000000
49027  58.276  -29.531  -12.617 0.0000000000
49028  57.264  -29.521  -12.683 0.0000000000
49029  56.232  -29.524  -12.804 0.0000000000
49030  55.194  -29.631  -12.960 0.0000000000
49031  54.176  -29.782  -12.991 0.0000000000
49032  53.196  -29.884  -13.012 0.0000000000
49033  52.265  -29.910  -12.990 0.0000000000
49034  51.250  -29.719  -13.088 0.0000000000
49035  50.081  -30.037  -12.714 0.0000000000
49036  49.021  -29.729  -12.781 0.0000000000
49037  48.014  -29.553  -12.370 0.0000000000
49038  47.624  -29.463  -12.296 0.0000000000
49043  50.403  -29.438  -13.333 0.0000000000
49044  49.781  -29.622  -13.144 0.0000000000
50052  52.639  -28.271  -3.816 0.0000000000
50053  51.913  -27.685  -4.098 0.0000000000
50058  55.228  -28.492  -4.343 0.0000000000
50059  54.488  -28.906  -4.713 0.0000000000
50060  53.546  -28.757  -4.673 0.0000000000
50061  52.710  -28.155  -4.910 0.0000000000
50062  52.177  -27.493  -5.023 0.0000000000
50067  54.983  -28.348  -5.305 0.0000000000
50068  54.354  -28.779  -5.596 0.0000000000
50069  53.466  -28.496  -5.764 0.0000000000
50070  52.696  -27.813  -5.870 0.0000000000
50071  52.313  -27.381  -5.514 0.0000000000
50072  42.985  -28.835  -5.657 0.0000000000
50073  42.409  -28.109  -5.842 0.0000000000
50080  55.706  -28.253  -6.621 0.0000000000
50081  55.186  -28.378  -6.311 0.0000000000
50082  54.313  -28.593  -6.526 0.0000000000
50083  53.439  -28.116  -6.700 0.0000000000
50084  52.916  -27.748  -6.467 0.0000000000
50085  44.043  -29.188  -7.048 0.0000000000
50086  43.252  -28.571  -6.829 0.0000000000
50087  42.473  -27.855  -6.499 0.0000000000
50096  55.724  -28.350  -6.884 0.0000000000
50097  55.176  -28.435  -7.126 0.0000000000
50098  54.304  -28.245  -7.289 0.0000000000
50099  53.755  -27.971  -7.279 0.0000000000
50100  44.917  -29.431  -8.106 0.0000000000
50101  44.315  -29.068  -7.770 0.0000000000
50102  43.604  -28.280  -8.026 0.0000000000
50112  44.945  -29.148  -8.625 0.0000000000
50113  44.309  -28.562  -8.790 0.0000000000
50114  43.596  -28.018  -8.739 0.0000000000
50127  45.896  -29.359  -9.935 0.0000000000
50128  45.213  -28.958  -9.596 0.0000000000
50129  44.454  -28.490  -9.513 0.0000000000
50139  46.688  -29.401  -11.382 0.0000000000
50140  45.930  -29.205  -10.695 0.0000000000
50141  44.826  -28.602  -10.628 0.0000000000
50142  44.326  -28.389  -10.985 0.0000000000
50147  46.820  -29.310  -12.074 0.0000000000
50148  46.125  -29.149  -11.809 0.0000000000
50149  45.297  -28.806  -11.578 0.0000000000
50150  44.502  -28.477  -11.507 0.0000000000
50169  48.894  -29.346  -13.342 0.0000000000
50170  48.296  -29.343  -13.109 0.0000000000
50171  47.394  -29.303  -12.705 0.0000000000
50172  46.426  -29.101  -12.665 0.0000000000
50173  45.600  -28.861  -12.478 0.0000000000
50174  44.737  -28.570  -12.407 0.0000000000
50186  49.584  -29.178  -13.651 0.0000000000
50187  48.649  -29.043  -13.775 0.0000000000
50188  47.768  -29.000  -13.656 0.0000000000
50189  46.756  -28.830  -13.577 0.0000000000
50190  45.906  -28.758  -13.271 0.0000000000
50191  45.143  -28.569  -13.126 0.0000000000
50206  48.190  -28.586  -14.356 0.0000000000
50207  47.338  -28.546  -14.215 0.0000000000
51291  55.855  -26.817  -3.177 0.0000000000
51292  50.784  -27.312  -2.828 0.0000000000
51299  55.712  -27.457  -3.804 0.0000000000
51300  51.123  -27.212  -3.478 0.0000000000
51301  50.296  -26.847  -3.036 0.0000000000
51302  49.705  -26.797  -2.538 0.0000000000
51307  63.204  -26.693  -6.050 0.0000000000
51308  62.816  -26.787  -5.691 0.0000000000
51309  62.281  -26.796  -5.360 0.0000000000
51310  61.941  -26.655  -5.131 0.0000000000
51311  55.351  -27.624  -4.920 0.0000000000
51312  51.424  -26.933  -4.325 0.0000000000
51313  50.747  -26.699  -3.663 0.0000000000
51314  41.704  -27.368  -5.078 0.0000000000
51315  41.538  -27.284  -4.396 0.0000000000
51317  63.285  -26.803  -6.520 0.0000000000
51318  62.967  -27.180  -6.338 0.0000000000
51319  62.324  -27.362  -6.055 0.0000000000
51320  61.479  -27.063  -5.671 0.0000000000
51321  60.818  -27.203  -5.902 0.0000000000
51322  55.970  -27.515  -6.290 0.0000000000
51323  55.442  -27.820  -5.838 0.0000000000
51324  52.382  -27.271  -5.793 0.0000000000
51325  51.987  -26.853  -5.255 0.0000000000
51326  41.972  -27.264  -6.153 0.0000000000
51330  63.320  -26.797  -6.803 0.0000000000
51331  63.148  -27.104  -6.830 0.0000000000
51332  62.472  -27.390  -6.961 0.0000000000
51333  61.532  -27.575  -6.645 0.0000000000
51334  60.487  -27.524  -6.508 0.0000000000
51335  59.243  -27.560  -6.859 0.0000000000
51336  58.123  -27.648  -6.990 0.0000000000
51337  57.082  -27.848  -6.990 0.0000000000
51338  56.168  -27.992  -6.779 0.0000000000
51339  55.682  -28.025  -6.414 0.0000000000
51340  53.053  -27.632  -6.744 0.0000000000
51341  52.643  -27.197  -6.340 0.0000000000
51342  52.289  -26.977  -5.829 0.0000000000
51343  42.964  -27.841  -7.690 0.0000000000
51344  42.384  -27.385  -7.116 0.0000000000
51352  62.115  -27.168  -7.481 0.0000000000
51353  61.565  -27.399  -7.388 0.0000000000
51354  60.718  -27.631  -7.344 0.0000000000
51355  59.616  -27.674  -7.648 0.0000000000
51356  58.464  -27.786  -7.597 0.0000000000
51357  57.411  -27.934  -7.581 0.0000000000
51358  56.225  -28.142  -7.454 0.0000000000
51359  55.194  -27.811  -7.869 0.0000000000
51360  54.104  -27.580  -7.528 0.0000000000
51361  53.387  -27.529  -7.129 0.0000000000
51362  53.009  -27.344  -6.820 0.0000000000
51363  43.100  -27.669  -8.382 0.0000000000
51364  42.571  -27.200  -8.076 0.0000000000
51375  59.244  -27.455  -8.264 0.0000000000
51376  58.635  -27.598  -8.205 0.0000000000
51377  57.714  -27.739  -8.170 0.0000000000
51378  56.772  -27.930  -8.115 0.0000000000
51379  56.083  -27.958  -8.005 0.0000000000
51380  43.847  -28.143  -9.353 0.0000000000
51381  43.017  -27.516  -9.224 0.0000000000
51382  42.706  -27.283  -8.640 0.0000000000
51395  44.648  -28.526  -9.966 0.0000000000
51396  44.166  -28.310  -9.925 0.0000000000
51397  43.528  -27.900  -10.013 0.0000000000
51409  44.436  -28.432  -10.252 0.0000000000
51410  44.063  -28.271  -10.550 0.0000000000
51411  43.366  -27.807  -10.853 0.0000000000
51418  43.892  -28.204  -11.299 0.0000000000
51419  43.338  -27.768  -11.751 0.0000000000
51435  43.947  -28.196  -12.196 0.0000000000
51436  43.423  -27.656  -12.644 0.0000000000
51449  46.119  -28.549  -13.819 0.0000000000
51450  45.450  -28.325  -13.829 0.0000000000
51451  44.184  -27.889  -13.475 0.0000000000
51452  43.443  -27.414  -13.199 0.0000000000
51466  47.603  -27.997  -14.819 0.0000000000
51467  46.394  -28.091  -14.457 0.0000000000
51468  45.138  -27.599  -14.456 0.0000000000
51469  44.341  -27.190  -14.334 0.0000000000
52629  63.238  -25.009  -0.655 0.0000000000
52630  63.281  -25.034  -0.182 0.0000000000
52631  62.819  -25.314  -0.229 0.0000000000
52632  62.418  -25.396  -0.392 0.0000000000
52633  62.055  -25.463  -0.547 0.0000000000
52646  63.264  -24.848  -1.009 0.0000000000
52647  62.973  -25.044  -1.073 0.0000000000
52648  62.671  -25.061  -1.348 0.0000000000
52649  62.327  -25.229  -1.552 0.0000000000
52650  61.883  -25.400  -1.351 0.0000000000
52665  63.286  -24.704  -1.849 0.0000000000
52666  63.182  -24.908  -2.243 0.0000000000
52667  62.595  -25.125  -2.624 0.0000000000
52668  62.270  -25.329  -2.762 0.0000000000
52669  62.109  -25.484  -3.077 0.0000000000
52671  55.648  -26.233  -2.489 0.0000000000
52672  49.300  -26.620  -2.365 0.0000000000
52681  63.329  -24.756  -2.967 0.0000000000
52682  63.034  -25.280  -3.843 0.0000000000
52683  62.475  -25.545  -3.833 0.0000000000
52684  62.148  -25.713  -3.824 0.0000000000
52685  61.864  -25.620  -3.667 0.0000000000
52686  55.612  -26.103  -3.531 0.0000000000
52687  50.131  -26.382  -3.473 0.0000000000
52688  49.383  -26.272  -2.857 0.0000000000
52689  48.274  -25.753  -2.620 0.0000000000
52690  47.604  -25.619  -2.411 0.0000000000
52695  63.269  -26.012  -5.352 0.0000000000
52696  62.671  -26.103  -4.881 0.0000000000
52697  62.222  -26.153  -4.725 0.0000000000
52698  61.606  -26.178  -4.773 0.0000000000
52699  61.100  -25.981  -4.953 0.0000000000
52700  55.566  -26.631  -4.564 0.0000000000
52701  51.317  -26.316  -4.615 0.0000000000
52702  50.614  -26.211  -4.048 0.0000000000
52703  49.658  -25.758  -3.620 0.0000000000
52704  48.882  -25.613  -3.171 0.0000000000
52705  41.505  -26.671  -5.000 0.0000000000
52706  41.445  -26.625  -4.419 0.0000000000
52709  63.529  -26.264  -6.231 0.0000000000
52710  61.327  -26.670  -5.331 0.0000000000
52711  60.772  -26.560  -5.517 0.0000000000
52712  59.762  -26.394  -5.800 0.0000000000
52713  59.186  -26.166  -5.891 0.0000000000
52714  56.354  -26.897  -6.124 0.0000000000
52715  55.707  -26.914  -5.576 0.0000000000
52716  51.551  -25.879  -5.076 0.0000000000
52717  50.805  -25.706  -4.456 0.0000000000
52718  50.160  -25.616  -4.128 0.0000000000
52719  41.550  -26.303  -5.543 0.0000000000
52720  41.479  -26.363  -4.935 0.0000000000
52723  63.464  -26.433  -6.747 0.0000000000
52724  63.280  -26.613  -7.115 0.0000000000
52725  62.959  -27.075  -7.146 0.0000000000
52726  60.515  -27.196  -6.013 0.0000000000
52727  59.946  -27.082  -6.181 0.0000000000
52728  58.785  -26.810  -6.319 0.0000000000
52729  57.650  -27.183  -6.616 0.0000000000
52730  56.727  -27.397  -6.549 0.0000000000
52731  52.636  -26.294  -6.351 0.0000000000
52732  52.194  -26.477  -5.786 0.0000000000
52733  41.770  -26.362  -6.710 0.0000000000
52736  63.104  -26.255  -7.442 0.0000000000
52737  62.615  -26.716  -7.474 0.0000000000
52738  61.642  -26.678  -7.818 0.0000000000
52739  60.793  -27.224  -7.857 0.0000000000
52740  60.255  -27.572  -7.883 0.0000000000
52741  55.353  -26.723  -8.178 0.0000000000
52742  54.442  -26.797  -7.799 0.0000000000
52743  53.628  -26.814  -7.360 0.0000000000
52744  53.029  -26.904  -6.890 0.0000000000
52745  41.981  -26.425  -7.776 0.0000000000
52753  61.228  -26.097  -8.025 0.0000000000
52754  60.703  -26.440  -8.119 0.0000000000
52755  59.818  -26.994  -8.260 0.0000000000
52756  58.799  -26.936  -8.499 0.0000000000
52757  57.910  -27.072  -8.555 0.0000000000
52758  56.984  -27.305  -8.578 0.0000000000
52759  56.101  -27.466  -8.304 0.0000000000
52760  42.561  -26.972  -9.582 0.0000000000
52761  42.280  -26.631  -8.914 0.0000000000
52771  42.784  -27.248  -10.260 0.0000000000
52772  42.321  -26.436  -9.972 0.0000000000
52783  42.818  -27.239  -11.306 0.0000000000
52784  42.417  -26.524  -10.925 0.0000000000
52790  42.899  -27.231  -12.197 0.0000000000
52791  42.545  -26.607  -11.847 0.0000000000
52806  43.017  -27.159  -12.941 0.0000000000
52807  42.701  -26.696  -12.625 0.0000000000
52827  43.881  -27.147  -14.017 0.0000000000
52828  43.283  -26.842  -13.649 0.0000000000
52829  42.858  -26.774  -13.123 0.0000000000
52843  46.999  -27.235  -15.207 0.0000000000
52844  45.874  -27.073  -15.117 0.0000000000
52845  44.786  -26.598  -15.035 0.0000000000
52846  43.847  -26.535  -14.451 0.0000000000
52847  43.311  -26.258  -14.162 0.0000000000
52865  45.506  -26.230  -15.487 0.0000000000
52866  44.982  -26.100  -15.396 0.0000000000
54079  63.546  -24.719  0.578 0.0000000000
54088  63.433  -24.719  -0.770 0.0000000000
54089  63.619  -24.511  -0.331 0.0000000000
54090  61.710  -25.303  -0.782 0.0000000000
54096  63.524  -24.515  -1.426 0.0000000000
54097  61.751  -25.465  -2.111 0.0000000000
54098  61.840  -25.275  -1.733 0.0000000000
54108  63.641  -24.420  -2.366 0.0000000000
54109  61.845  -25.514  -2.489 0.0000000000
54110  61.731  -25.275  -2.778 0.0000000000
54113  47.130  -25.585  -2.230 0.0000000000
54114  46.407  -25.363  -2.254 0.0000000000
54115  45.333  -25.207  -2.141 0.0000000000
54116  44.262  -25.049  -2.291 0.0000000000
54117  43.365  -25.041  -2.477 0.0000000000
54118  42.677  -25.173  -2.690 0.0000000000
54121  63.787  -24.499  -3.607 0.0000000000
54122  63.457  -24.887  -3.791 0.0000000000
54123  61.306  -25.307  -3.900 0.0000000000
54124  60.834  -24.921  -4.058 0.0000000000
54125  55.311  -24.987  -3.557 0.0000000000
54126  48.225  -25.328  -3.191 0.0000000000
54127  47.324  -25.186  -2.897 0.0000000000
54128  46.101  -24.846  -2.820 0.0000000000
54129  45.001  -24.721  -2.863 0.0000000000
54130  43.990  -24.646  -2.950 0.0000000000
54131  43.077  -24.712  -3.087 0.0000000000
54132  42.161  -25.157  -3.421 0.0000000000
54133  41.667  -25.738  -3.443 0.0000000000
54136  63.942  -24.616  -4.377 0.0000000000
54137  63.722  -25.055  -4.663 0.0000000000
54138  61.203  -25.729  -4.607 0.0000000000
54139  60.582  -25.388  -4.759 0.0000000000
54140  59.946  -24.981  -4.922 0.0000000000
54141  56.068  -25.448  -4.967 0.0000000000
54142  55.656  -25.494  -4.365 0.0000000000
54143  49.598  -25.148  -4.018 0.0000000000
54144  48.754  -25.031  -3.627 0.0000000000
54145  47.900  -24.893  -3.472 0.0000000000
54146  41.808  -25.061  -4.442 0.0000000000
54147  41.554  -25.757  -3.967 0.0000000000
54150  63.867  -25.524  -5.827 0.0000000000
54151  60.204  -25.972  -5.406 0.0000000000
54152  59.583  -25.517  -5.405 0.0000000000
54153  58.549  -25.877  -5.923 0.0000000000
54154  57.477  -25.784  -5.936 0.0000000000
54155  56.403  -25.964  -5.658 0.0000000000
54156  55.758  -26.070  -5.088 0.0000000000
54157  51.455  -25.098  -5.098 0.0000000000
54158  50.839  -25.084  -4.685 0.0000000000
54159  50.157  -25.133  -4.377 0.0000000000
54160  41.598  -25.167  -5.317 0.0000000000
54161  41.481  -25.861  -4.770 0.0000000000
54164  63.783  -25.647  -6.763 0.0000000000
54165  63.551  -26.167  -7.003 0.0000000000
54166  58.461  -26.408  -6.198 0.0000000000
54167  58.015  -26.447  -6.300 0.0000000000
54168  57.089  -26.616  -6.281 0.0000000000
54169  53.393  -25.338  -6.716 0.0000000000
54170  52.782  -25.436  -6.289 0.0000000000
54171  52.084  -25.509  -5.695 0.0000000000
54172  41.600  -25.319  -6.266 0.0000000000
54175  63.791  -25.229  -7.217 0.0000000000
54176  63.501  -25.750  -7.346 0.0000000000
54177  62.766  -25.699  -7.745 0.0000000000
54178  62.224  -26.222  -7.796 0.0000000000
54179  57.315  -25.427  -8.352 0.0000000000
54180  56.514  -25.530  -8.281 0.0000000000
54181  55.603  -25.661  -8.061 0.0000000000
54182  54.743  -25.830  -7.767 0.0000000000
54183  53.911  -25.818  -7.345 0.0000000000
54184  53.192  -26.112  -6.885 0.0000000000
54185  41.682  -25.367  -7.324 0.0000000000
54188  62.376  -25.115  -7.991 0.0000000000
54189  61.784  -25.591  -7.998 0.0000000000
54190  60.820  -25.555  -8.131 0.0000000000
54191  59.945  -25.767  -8.342 0.0000000000
54192  59.045  -26.000  -8.465 0.0000000000
54193  58.100  -25.991  -8.529 0.0000000000
54194  57.171  -26.333  -8.574 0.0000000000
54195  56.266  -26.534  -8.445 0.0000000000
54196  41.779  -25.420  -8.466 0.0000000000
54203  42.028  -25.509  -9.576 0.0000000000
54215  42.249  -25.646  -10.591 0.0000000000
54225  42.349  -25.817  -11.560 0.0000000000
54230  42.473  -26.027  -12.427 0.0000000000
54249  42.890  -25.732  -13.854 0.0000000000
54250  42.722  -26.285  -13.146 0.0000000000
54263  44.697  -25.998  -15.333 0.0000000000
54264  44.086  -25.728  -15.183 0.0000000000
54265  43.420  -25.825  -14.526 0.0000000000
54282  44.926  -25.538  -15.661 0.0000000000
54283  44.347  -25.224  -15.550 0.0000000000
55396  63.698  -24.107  1.111 0.0000000000
55413  63.788  -24.024  0.133 0.0000000000
55414  61.144  -24.970  -0.315 0.0000000000
55425  63.666  -24.361  -0.977 0.0000000000
55426  63.825  -23.909  -0.703 0.0000000000
55427  61.378  -24.972  -1.112 0.0000000000
55428  60.688  -24.367  -0.929 0.0000000000
55429  60.062  -24.068  -0.259 0.0000000000
55437  63.916  -23.881  -1.653 0.0000000000
55438  63.842  -23.629  -1.035 0.0000000000
55439  61.289  -24.808  -1.906 0.0000000000
55440  60.630  -24.241  -2.121 0.0000000000
55445  64.035  -23.906  -2.777 0.0000000000
55446  61.090  -24.771  -2.875 0.0000000000
55447  60.540  -24.265  -3.065 0.0000000000
55452  64.081  -23.961  -3.546 0.0000000000
55453  60.835  -24.742  -3.551 0.0000000000
55454  60.352  -24.439  -3.925 0.0000000000
55455  59.804  -24.254  -4.254 0.0000000000
55456  56.133  -23.892  -3.842 0.0000000000
55457  55.608  -24.125  -3.630 0.0000000000
55458  47.439  -24.696  -3.487 0.0000000000
55459  46.777  -24.514  -3.457 0.0000000000
55460  45.678  -24.337  -3.458 0.0000000000
55461  44.618  -24.285  -3.527 0.0000000000
55462  43.651  -24.317  -3.609 0.0000000000
55463  42.872  -24.470  -3.696 0.0000000000
55466  64.128  -24.197  -4.338 0.0000000000
55467  64.095  -24.627  -4.824 0.0000000000
55468  60.050  -24.682  -4.545 0.0000000000
55469  59.397  -24.567  -4.756 0.0000000000
55470  58.448  -24.413  -4.853 0.0000000000
55471  57.484  -24.390  -4.829 0.0000000000
55472  56.335  -24.529  -4.476 0.0000000000
55473  55.652  -24.763  -4.062 0.0000000000
55474  49.696  -24.784  -4.261 0.0000000000
55475  49.108  -24.498  -4.097 0.0000000000
55476  47.754  -24.097  -4.025 0.0000000000
55477  46.331  -23.863  -3.996 0.0000000000
55478  45.206  -23.784  -4.073 0.0000000000
55479  44.165  -23.846  -4.161 0.0000000000
55480  43.214  -24.007  -4.269 0.0000000000
55481  42.463  -24.471  -4.261 0.0000000000
55483  64.228  -24.203  -5.240 0.0000000000
55484  64.174  -24.817  -5.502 0.0000000000
55485  58.802  -25.026  -5.336 0.0000000000
55486  57.951  -25.033  -5.443 0.0000000000
55487  56.980  -25.113  -5.300 0.0000000000
55488  56.424  -25.258  -5.110 0.0000000000
55489  51.733  -24.559  -5.285 0.0000000000
55490  50.997  -24.341  -4.833 0.0000000000
55491  49.928  -24.271  -4.516 0.0000000000
55492  48.795  -23.727  -4.426 0.0000000000
55493  48.127  -23.422  -4.492 0.0000000000
55494  42.744  -23.992  -4.746 0.0000000000
55495  42.167  -24.322  -5.072 0.0000000000
55498  64.336  -24.215  -6.071 0.0000000000
55499  64.188  -24.878  -6.374 0.0000000000
55500  54.576  -24.205  -6.883 0.0000000000
55501  54.029  -24.651  -6.780 0.0000000000
55502  53.112  -24.594  -6.163 0.0000000000
55503  52.378  -24.659  -5.739 0.0000000000
55504  41.837  -24.414  -5.870 0.0000000000
55507  64.304  -24.160  -6.741 0.0000000000
55508  64.068  -24.535  -7.191 0.0000000000
55509  63.755  -24.876  -7.531 0.0000000000
55510  63.362  -25.079  -7.744 0.0000000000
55511  58.537  -24.139  -8.041 0.0000000000
55512  57.977  -24.681  -8.135 0.0000000000
55513  56.886  -24.604  -8.013 0.0000000000
55514  55.964  -24.651  -7.808 0.0000000000
55515  54.944  -24.714  -7.408 0.0000000000
55516  54.385  -25.253  -7.367 0.0000000000
55517  41.772  -24.375  -6.800 0.0000000000
55520  63.946  -24.176  -7.721 0.0000000000
55521  63.578  -24.325  -7.950 0.0000000000
55522  62.862  -24.580  -8.049 0.0000000000
55523  62.031  -24.536  -8.118 0.0000000000
55524  61.153  -24.625  -8.097 0.0000000000
55525  60.198  -24.700  -8.161 0.0000000000
55526  59.093  -24.753  -8.244 0.0000000000
55527  58.539  -25.366  -8.374 0.0000000000
55528  41.790  -24.314  -7.899 0.0000000000
55530  42.599  -23.600  -9.434 0.0000000000
55531  42.120  -24.213  -9.150 0.0000000000
55538  42.709  -23.800  -9.938 0.0000000000
55539  42.337  -24.672  -10.236 0.0000000000
55549  42.763  -23.963  -10.859 0.0000000000
55550  42.414  -24.901  -11.251 0.0000000000
55558  42.582  -24.116  -11.929 0.0000000000
55559  42.452  -25.143  -12.260 0.0000000000
55575  42.503  -24.398  -13.291 0.0000000000
55576  42.572  -25.527  -13.013 0.0000000000
55598  43.917  -24.966  -15.451 0.0000000000
55599  43.155  -24.775  -14.792 0.0000000000
55616  44.449  -24.647  -15.876 0.0000000000
55617  43.727  -24.326  -15.581 0.0000000000
56689  63.825  -23.270  1.545 0.0000000000
56700  63.881  -23.270  0.591 0.0000000000
56701  59.246  -23.714  0.155 0.0000000000
56712  63.845  -23.293  -0.440 0.0000000000
56713  60.056  -23.931  -0.749 0.0000000000
56714  59.398  -23.621  -0.458 0.0000000000
56725  63.971  -23.312  -2.255 0.0000000000
56726  63.846  -23.116  -1.362 0.0000000000
56727  59.992  -23.794  -1.419 0.0000000000
56728  59.021  -23.259  -1.757 0.0000000000
56729  58.090  -22.868  -1.692 0.0000000000
56736  64.011  -23.408  -3.135 0.0000000000
56737  59.891  -23.759  -2.595 0.0000000000
56738  59.082  -23.364  -2.862 0.0000000000
56739  58.110  -22.973  -2.683 0.0000000000
56740  57.204  -22.926  -3.087 0.0000000000
56741  56.381  -22.999  -3.038 0.0000000000
56747  64.062  -23.520  -3.983 0.0000000000
56748  60.130  -24.009  -3.314 0.0000000000
56749  59.576  -23.825  -3.653 0.0000000000
56750  58.601  -23.446  -3.599 0.0000000000
56751  57.655  -23.299  -3.667 0.0000000000
56752  56.679  -23.496  -3.742 0.0000000000
56753  56.012  -23.503  -3.446 0.0000000000
56758  64.111  -23.569  -4.875 0.0000000000
56759  59.455  -24.091  -4.252 0.0000000000
56760  58.947  -23.949  -4.270 0.0000000000
56761  58.068  -23.793  -4.308 0.0000000000
56762  57.218  -23.805  -4.284 0.0000000000
56763  46.759  -23.320  -4.458 0.0000000000
56764  45.766  -23.170  -4.595 0.0000000000
56765  44.660  -23.249  -4.754 0.0000000000
56766  43.650  -23.511  -4.791 0.0000000000
56767  43.104  -23.736  -4.786 0.0000000000
56774  64.267  -23.495  -5.803 0.0000000000
56775  52.023  -23.461  -5.280 0.0000000000
56776  51.435  -23.591  -5.051 0.0000000000
56777  50.439  -23.355  -4.806 0.0000000000
56778  49.412  -23.105  -4.715 0.0000000000
56779  48.458  -22.891  -4.759 0.0000000000
56780  47.507  -22.917  -4.767 0.0000000000
56781  46.414  -22.620  -5.057 0.0000000000
56782  45.240  -22.489  -5.572 0.0000000000
56783  43.980  -22.944  -5.538 0.0000000000
56784  42.870  -23.537  -5.387 0.0000000000
56785  42.236  -23.940  -5.621 0.0000000000
56792  64.354  -23.445  -6.655 0.0000000000
56793  55.128  -23.265  -6.657 0.0000000000
56794  54.419  -23.531  -6.429 0.0000000000
56795  53.488  -23.610  -5.942 0.0000000000
56796  52.577  -23.721  -5.576 0.0000000000
56797  52.032  -24.018  -5.361 0.0000000000
56798  45.009  -22.152  -6.334 0.0000000000
56799  44.377  -22.421  -6.320 0.0000000000
56800  43.201  -22.791  -6.584 0.0000000000
56801  42.261  -23.664  -6.226 0.0000000000
56804  64.308  -23.512  -7.269 0.0000000000
56805  64.140  -23.509  -7.722 0.0000000000
56806  58.198  -23.512  -7.783 0.0000000000
56807  57.267  -23.640  -7.714 0.0000000000
56808  56.386  -23.778  -7.577 0.0000000000
56809  55.600  -23.731  -7.189 0.0000000000
56810  54.927  -23.892  -6.914 0.0000000000
56811  42.907  -22.810  -7.735 0.0000000000
56812  42.231  -23.445  -7.246 0.0000000000
56815  63.850  -23.470  -8.099 0.0000000000
56816  63.242  -23.577  -8.312 0.0000000000
56817  62.432  -23.629  -8.329 0.0000000000
56818  61.545  -23.649  -8.181 0.0000000000
56819  60.596  -23.697  -8.047 0.0000000000
56820  59.683  -23.779  -7.996 0.0000000000
56821  58.950  -23.640  -7.941 0.0000000000
56822  44.728  -22.617  -9.458 0.0000000000
56823  44.031  -22.688  -9.107 0.0000000000
56824  43.159  -22.862  -8.608 0.0000000000
56825  42.359  -23.423  -8.298 0.0000000000
56828  45.743  -22.549  -10.225 0.0000000000
56829  45.108  -22.641  -9.975 0.0000000000
56830  44.127  -22.766  -9.844 0.0000000000
56831  43.212  -23.167  -9.494 0.0000000000
56832  42.614  -23.391  -9.025 0.0000000000
56835  45.801  -22.418  -10.444 0.0000000000
56836  45.334  -22.425  -10.420 0.0000000000
56837  44.321  -22.523  -10.565 0.0000000000
56838  43.393  -23.214  -10.358 0.0000000000
56845  43.902  -22.383  -11.070 0.0000000000
56846  43.241  -22.986  -11.361 0.0000000000
56854  42.619  -23.271  -12.492 0.0000000000
56859  42.519  -23.150  -13.385 0.0000000000
56860  42.492  -22.881  -13.799 0.0000000000
56880  42.638  -23.292  -14.275 0.0000000000
56881  42.482  -22.693  -13.977 0.0000000000
56896  44.136  -23.580  -16.139 0.0000000000
56897  43.260  -23.541  -15.333 0.0000000000
57986  64.043  -22.395  1.039 0.0000000000
57989  63.883  -22.415  0.100 0.0000000000
57992  63.811  -22.445  -0.818 0.0000000000
57999  63.736  -22.557  -1.963 0.0000000000
58000  63.767  -22.474  -1.394 0.0000000000
58001  57.484  -22.699  -2.101 0.0000000000
58007  63.817  -22.799  -2.749 0.0000000000
58008  57.440  -22.794  -2.592 0.0000000000
58009  56.921  -22.688  -2.522 0.0000000000
58014  63.781  -22.796  -3.626 0.0000000000
58015  63.511  -22.427  -3.962 0.0000000000
58019  63.911  -23.068  -4.473 0.0000000000
58020  63.660  -22.610  -4.497 0.0000000000
58024  63.973  -22.725  -5.400 0.0000000000
58025  63.591  -22.377  -5.041 0.0000000000
58026  52.270  -23.117  -5.346 0.0000000000
58027  51.803  -22.807  -5.215 0.0000000000
58028  50.909  -22.531  -5.124 0.0000000000
58029  49.905  -22.342  -5.148 0.0000000000
58030  48.933  -22.197  -5.225 0.0000000000
58031  47.994  -22.128  -5.350 0.0000000000
58032  47.048  -22.058  -5.512 0.0000000000
58033  46.187  -22.039  -5.768 0.0000000000
58039  64.309  -22.639  -6.466 0.0000000000
58040  57.294  -21.905  -6.834 0.0000000000
58041  56.803  -22.137  -6.784 0.0000000000
58042  55.860  -22.636  -6.640 0.0000000000
58043  54.818  -22.479  -6.258 0.0000000000
58044  53.863  -22.478  -5.883 0.0000000000
58045  52.663  -22.459  -5.480 0.0000000000
58046  51.495  -21.730  -5.458 0.0000000000
58047  50.393  -21.525  -5.645 0.0000000000
58048  49.400  -21.531  -5.786 0.0000000000
58049  48.486  -21.461  -6.022 0.0000000000
58050  47.578  -21.508  -6.162 0.0000000000
58051  46.677  -21.615  -6.416 0.0000000000
58052  45.644  -21.828  -6.571 0.0000000000
58053  44.799  -22.010  -6.938 0.0000000000
58054  44.077  -22.313  -7.025 0.0000000000
58060  64.484  -22.463  -7.365 0.0000000000
58061  64.340  -22.790  -7.755 0.0000000000
58062  59.571  -22.133  -7.576 0.0000000000
58063  58.920  -22.556  -7.574 0.0000000000
58064  57.624  -22.463  -7.237 0.0000000000
58065  56.648  -22.952  -7.239 0.0000000000
58066  56.120  -23.275  -7.155 0.0000000000
58067  48.087  -21.190  -6.849 0.0000000000
58068  47.350  -21.443  -7.203 0.0000000000
58069  46.418  -21.689  -7.486 0.0000000000
58070  45.425  -21.942  -7.712 0.0000000000
58071  44.474  -22.203  -7.744 0.0000000000
58072  43.636  -22.457  -7.582 0.0000000000
58078  64.663  -22.029  -8.059 0.0000000000
58079  64.292  -22.487  -8.298 0.0000000000
58080  63.663  -22.688  -8.634 0.0000000000
58081  62.849  -22.756  -8.763 0.0000000000
58082  61.954  -22.718  -8.518 0.0000000000
58083  61.064  -22.713  -8.104 0.0000000000
58084  59.977  -22.701  -7.840 0.0000000000
58085  59.369  -23.164  -7.848 0.0000000000
58086  48.755  -21.294  -8.134 0.0000000000
58087  48.209  -21.413  -7.886 0.0000000000
58088  47.242  -21.767  -8.245 0.0000000000
58089  46.232  -22.088  -8.549 0.0000000000
58090  45.027  -22.386  -8.778 0.0000000000
58091  43.945  -22.494  -8.331 0.0000000000
58092  43.385  -22.596  -8.074 0.0000000000
58096  48.714  -21.445  -8.592 0.0000000000
58097  48.020  -21.780  -8.860 0.0000000000
58098  47.142  -22.143  -9.231 0.0000000000
58099  46.020  -22.475  -9.639 0.0000000000
58100  45.244  -22.560  -9.486 0.0000000000
58103  48.609  -21.546  -9.278 0.0000000000
58104  47.966  -21.842  -9.705 0.0000000000
58105  47.097  -22.242  -10.175 0.0000000000
58106  46.246  -22.388  -10.448 0.0000000000
58107  45.723  -22.261  -10.656 0.0000000000
58108  45.090  -22.239  -10.725 0.0000000000
58111  46.819  -22.109  -10.709 0.0000000000
58112  46.221  -21.954  -10.821 0.0000000000
58113  45.425  -21.877  -10.908 0.0000000000
58114  44.508  -21.999  -11.056 0.0000000000
58115  43.645  -22.070  -11.463 0.0000000000
58121  42.908  -22.257  -12.168 0.0000000000
58122  42.552  -22.022  -12.819 0.0000000000
58127  42.549  -22.623  -12.870 0.0000000000
58128  42.473  -22.344  -13.515 0.0000000000
58143  42.887  -22.525  -15.058 0.0000000000
58144  42.541  -22.220  -14.267 0.0000000000
58163  44.153  -22.564  -16.341 0.0000000000
58164  43.480  -22.643  -15.814 0.0000000000
59335  64.123  -21.482  1.419 0.0000000000
59338  64.000  -21.508  0.545 0.0000000000
59341  63.764  -21.585  -0.380 0.0000000000
59344  63.529  -22.120  -2.043 0.0000000000
59345  63.590  -21.823  -1.433 0.0000000000
59348  63.562  -22.308  -2.549 0.0000000000
59349  63.340  -21.794  -2.285 0.0000000000
59352  63.629  -22.499  -3.037 0.0000000000
59353  63.346  -22.130  -3.292 0.0000000000
59358  63.321  -22.101  -4.488 0.0000000000
59363  64.165  -22.042  -6.249 0.0000000000
59364  63.693  -21.839  -5.636 0.0000000000
59367  64.573  -21.567  -7.060 0.0000000000
59368  64.212  -21.371  -6.466 0.0000000000
59369  57.725  -21.145  -6.650 0.0000000000
59370  57.115  -21.352  -6.561 0.0000000000
59371  56.243  -21.462  -6.394 0.0000000000
59372  55.292  -21.506  -6.218 0.0000000000
59373  54.321  -21.442  -6.021 0.0000000000
59374  53.313  -21.330  -5.834 0.0000000000
59375  52.227  -21.026  -5.883 0.0000000000
59376  50.983  -20.605  -6.505 0.0000000000
59377  49.794  -20.970  -6.509 0.0000000000
59378  48.997  -21.138  -6.559 0.0000000000
59379  48.534  -21.144  -6.637 0.0000000000
59382  65.301  -20.692  -8.476 0.0000000000
59383  64.924  -21.227  -7.976 0.0000000000
59384  60.192  -21.199  -7.572 0.0000000000
59385  59.415  -21.427  -7.299 0.0000000000
59386  58.335  -21.474  -6.956 0.0000000000
59387  57.621  -21.666  -6.832 0.0000000000
59388  50.747  -20.359  -7.915 0.0000000000
59389  49.952  -20.676  -7.495 0.0000000000
59390  49.207  -20.922  -7.291 0.0000000000
59391  48.619  -21.078  -7.184 0.0000000000
59397  65.374  -20.584  -8.698 0.0000000000
59398  64.927  -21.086  -8.749 0.0000000000
59399  64.156  -21.790  -9.013 0.0000000000
59400  63.330  -21.977  -9.163 0.0000000000
59401  62.374  -21.738  -8.972 0.0000000000
59402  61.482  -21.785  -8.414 0.0000000000
59403  60.702  -21.723  -7.903 0.0000000000
59404  59.975  -21.840  -7.627 0.0000000000
59405  50.665  -20.467  -8.845 0.0000000000
59406  49.966  -20.762  -8.492 0.0000000000
59407  49.232  -21.051  -8.154 0.0000000000
59408  48.811  -21.164  -7.758 0.0000000000
59415  64.941  -20.658  -9.340 0.0000000000
59416  64.483  -20.947  -9.355 0.0000000000
59417  63.744  -21.222  -9.427 0.0000000000
59418  63.040  -21.300  -9.323 0.0000000000
59419  50.534  -20.261  -9.429 0.0000000000
59420  49.889  -20.731  -9.294 0.0000000000
59421  49.275  -21.212  -9.012 0.0000000000
59428  50.434  -20.055  -9.704 0.0000000000
59429  49.902  -20.366  -9.768 0.0000000000
59430  48.824  -21.012  -9.927 0.0000000000
59431  47.698  -21.621  -10.331 0.0000000000
59432  47.201  -21.918  -10.583 0.0000000000
59436  48.437  -20.730  -10.342 0.0000000000
59437  47.945  -20.986  -10.488 0.0000000000
59438  46.994  -21.402  -10.788 0.0000000000
59439  45.906  -21.274  -10.893 0.0000000000
59440  44.936  -21.255  -11.001 0.0000000000
59441  44.021  -21.292  -11.271 0.0000000000
59442  43.252  -21.349  -11.793 0.0000000000
59446  42.728  -21.376  -12.458 0.0000000000
59447  42.479  -21.460  -13.178 0.0000000000
59451  42.470  -21.636  -13.790 0.0000000000
59455  42.744  -21.618  -14.862 0.0000000000
59456  42.544  -21.387  -14.267 0.0000000000
59472  43.699  -21.809  -16.128 0.0000000000
59473  43.143  -21.768  -15.536 0.0000000000
59498  44.375  -21.762  -16.539 0.0000000000
60640  63.578  -20.205  2.440 0.0000000000
60663  63.740  -20.132  2.276 0.0000000000
60681  64.008  -20.022  1.979 0.0000000000
60682  64.103  -20.523  1.677 0.0000000000
60693  64.099  -20.608  0.937 0.0000000000
60697  63.803  -20.616  0.117 0.0000000000
60700  63.475  -20.760  -0.816 0.0000000000
60704  63.161  -20.967  -1.778 0.0000000000
60705  62.836  -20.705  -2.300 0.0000000000
60709  63.014  -21.356  -2.736 0.0000000000
60710  62.600  -20.808  -3.111 0.0000000000
60711  62.297  -20.493  -3.647 0.0000000000
60714  62.876  -21.544  -3.820 0.0000000000
60715  62.531  -20.921  -4.283 0.0000000000
60716  62.237  -20.286  -4.449 0.0000000000
60721  63.001  -21.363  -5.108 0.0000000000
60722  62.808  -20.323  -5.430 0.0000000000
60723  62.325  -20.034  -5.043 0.0000000000
60728  64.626  -20.743  -6.909 0.0000000000
60729  63.827  -20.606  -6.277 0.0000000000
60730  63.488  -19.827  -6.175 0.0000000000
60731  58.070  -20.668  -6.638 0.0000000000
60732  57.418  -20.546  -6.502 0.0000000000
60733  56.608  -20.551  -6.387 0.0000000000
60734  55.702  -20.562  -6.302 0.0000000000
60735  54.752  -20.484  -6.288 0.0000000000
60736  53.842  -20.503  -6.238 0.0000000000
60737  52.914  -20.405  -6.382 0.0000000000
60738  52.064  -20.363  -6.670 0.0000000000
60742  65.442  -20.502  -8.196 0.0000000000
60743  65.167  -20.467  -7.608 0.0000000000
60744  61.306  -20.306  -8.114 0.0000000000
60745  60.896  -20.593  -7.823 0.0000000000
60746  59.940  -20.405  -7.275 0.0000000000
60747  58.870  -20.322  -6.807 0.0000000000
60748  54.257  -19.947  -6.551 0.0000000000
60749  53.565  -19.793  -6.939 0.0000000000
60750  52.596  -19.948  -7.233 0.0000000000
60751  51.674  -20.125  -7.500 0.0000000000
60754  65.651  -20.264  -8.631 0.0000000000
60755  65.445  -20.420  -8.891 0.0000000000
60756  62.560  -20.836  -9.152 0.0000000000
60757  61.704  -20.616  -8.527 0.0000000000
60758  61.212  -21.183  -8.152 0.0000000000
60759  53.166  -19.606  -7.850 0.0000000000
60760  52.326  -19.846  -8.181 0.0000000000
60761  51.456  -20.132  -8.496 0.0000000000
60764  65.677  -20.011  -9.040 0.0000000000
60765  65.304  -20.151  -9.382 0.0000000000
60766  64.757  -20.292  -9.697 0.0000000000
60767  64.041  -20.438  -9.676 0.0000000000
60768  63.235  -20.598  -9.473 0.0000000000
60769  52.993  -19.547  -8.687 0.0000000000
60770  52.061  -19.737  -9.166 0.0000000000
60771  51.179  -20.108  -9.160 0.0000000000
60777  51.778  -19.400  -9.599 0.0000000000
60778  51.064  -19.726  -9.644 0.0000000000
60779  50.215  -19.831  -9.958 0.0000000000
60780  49.440  -20.166  -10.166 0.0000000000
60787  48.751  -20.361  -10.341 0.0000000000
60788  48.123  -20.379  -10.434 0.0000000000
60789  47.349  -20.446  -10.585 0.0000000000
60790  46.370  -20.466  -10.699 0.0000000000
60791  45.340  -20.449  -10.817 0.0000000000
60792  44.372  -20.459  -11.041 0.0000000000
60793  43.524  -20.491  -11.454 0.0000000000
60800  42.831  -20.539  -12.021 0.0000000000
60801  42.464  -20.599  -12.802 0.0000000000
60806  42.425  -20.755  -13.726 0.0000000000
60810  42.923  -21.102  -15.288 0.0000000000
60811  42.614  -20.703  -14.693 0.0000000000
60814  43.958  -21.204  -16.319 0.0000000000
60815  43.408  -20.906  -15.885 0.0000000000
60816  42.892  -20.527  -15.373 0.0000000000
60840  44.519  -20.850  -16.642 0.0000000000
60841  43.902  -20.730  -16.296 0.0000000000
61947  63.632  -19.897  2.105 0.0000000000
61948  63.375  -19.855  2.269 0.0000000000
61964  63.770  -19.559  1.771 0.0000000000
61965  63.516  -19.484  1.870 0.0000000000
61966  62.833  -19.466  2.341 0.0000000000
61985  64.051  -19.483  1.365 0.0000000000
61986  64.148  -20.022  1.177 0.0000000000
61987  61.611  -18.776  1.707 0.0000000000
62000  64.036  -19.012  0.928 0.0000000000
62001  63.906  -19.557  0.636 0.0000000000
62002  60.615  -18.493  0.895 0.0000000000
62003  60.068  -18.754  0.662 0.0000000000
62004  59.083  -18.949  0.398 0.0000000000
62005  58.043  -18.991  0.391 0.0000000000
62013  63.520  -19.727  -0.293 0.0000000000
62019  63.033  -19.854  -1.200 0.0000000000
62020  62.733  -19.355  -1.431 0.0000000000
62026  62.891  -20.371  -1.840 0.0000000000
62027  62.453  -19.865  -2.185 0.0000000000
62028  61.915  -19.272  -2.575 0.0000000000
62036  62.283  -20.313  -3.048 0.0000000000
62037  61.869  -19.750  -3.426 0.0000000000
62045  61.925  -19.591  -4.711 0.0000000000
62050  63.003  -19.291  -6.009 0.0000000000
62051  62.423  -19.621  -5.384 0.0000000000
62056  64.849  -19.641  -7.146 0.0000000000
62057  64.053  -19.453  -6.564 0.0000000000
62058  63.620  -19.321  -6.312 0.0000000000
62059  57.908  -19.865  -6.606 0.0000000000
62060  57.010  -19.752  -6.565 0.0000000000
62061  56.101  -19.730  -6.509 0.0000000000
62062  55.213  -19.788  -6.538 0.0000000000
62063  54.677  -19.843  -6.541 0.0000000000
62069  65.712  -19.780  -8.156 0.0000000000
62070  65.459  -19.723  -7.634 0.0000000000
62071  61.304  -19.721  -8.018 0.0000000000
62072  60.504  -19.557  -7.486 0.0000000000
62073  59.544  -19.325  -7.113 0.0000000000
62074  58.490  -19.096  -6.906 0.0000000000
62075  57.463  -19.019  -6.938 0.0000000000
62076  56.515  -19.055  -6.965 0.0000000000
62077  55.566  -19.097  -7.055 0.0000000000
62078  54.547  -19.380  -7.058 0.0000000000
62079  53.861  -19.383  -7.635 0.0000000000
62084  65.837  -19.532  -8.832 0.0000000000
62085  62.613  -19.887  -9.098 0.0000000000
62086  61.907  -19.540  -8.555 0.0000000000
62087  55.095  -18.911  -7.682 0.0000000000
62088  54.400  -19.060  -7.986 0.0000000000
62089  53.733  -19.300  -8.354 0.0000000000
62093  65.697  -19.428  -9.386 0.0000000000
62094  65.402  -19.364  -9.812 0.0000000000
62095  65.033  -19.663  -9.932 0.0000000000
62096  64.369  -19.534  -9.969 0.0000000000
62097  63.514  -19.749  -9.627 0.0000000000
62098  54.997  -18.819  -8.418 0.0000000000
62099  54.336  -18.989  -8.742 0.0000000000
62100  53.628  -19.153  -9.039 0.0000000000
62101  52.913  -19.282  -9.256 0.0000000000
62105  65.177  -19.171  -10.048 0.0000000000
62106  64.840  -19.126  -10.140 0.0000000000
62107  64.545  -19.028  -10.160 0.0000000000
62108  54.930  -18.728  -9.068 0.0000000000
62109  54.275  -18.679  -9.340 0.0000000000
62110  53.387  -18.759  -9.499 0.0000000000
62111  52.418  -19.016  -9.668 0.0000000000
62112  51.534  -19.035  -9.885 0.0000000000
62113  50.648  -19.148  -10.048 0.0000000000
62114  49.672  -19.308  -10.223 0.0000000000
62115  48.829  -19.170  -10.316 0.0000000000
62116  48.095  -19.129  -10.275 0.0000000000
62117  47.454  -19.073  -10.317 0.0000000000
62122  49.051  -19.794  -10.340 0.0000000000
62123  48.443  -19.792  -10.371 0.0000000000
62124  47.724  -19.744  -10.407 0.0000000000
62125  46.815  -19.487  -10.465 0.0000000000
62126  45.728  -19.527  -10.600 0.0000000000
62127  44.713  -19.563  -10.782 0.0000000000
62128  43.799  -19.609  -11.123 0.0000000000
62134  43.024  -19.652  -11.625 0.0000000000
62135  42.507  -19.688  -12.349 0.0000000000
62140  42.223  -19.746  -13.213 0.0000000000
62145  42.260  -19.781  -14.186 0.0000000000
62149  43.058  -20.160  -15.779 0.0000000000
62150  42.550  -19.794  -15.194 0.0000000000
62167  44.860  -19.974  -17.013 0.0000000000
62168  43.728  -20.008  -16.382 0.0000000000
63250  63.078  -19.584  2.210 0.0000000000
63251  62.917  -19.361  2.176 0.0000000000
63259  63.515  -18.911  1.548 0.0000000000
63260  63.158  -19.044  1.870 0.0000000000
63261  62.747  -18.902  1.977 0.0000000000
63262  62.368  -18.716  1.938 0.0000000000
63263  61.935  -18.452  1.727 0.0000000000
63281  63.910  -18.915  1.250 0.0000000000
63282  61.572  -18.185  1.416 0.0000000000
63283  61.033  -18.048  0.977 0.0000000000
63302  64.017  -18.640  0.959 0.0000000000
63303  63.836  -18.520  0.594 0.0000000000
63304  60.399  -17.963  0.564 0.0000000000
63305  59.556  -18.051  0.282 0.0000000000
63306  58.574  -18.121  0.210 0.0000000000
63317  63.556  -18.607  -0.012 0.0000000000
63318  63.285  -18.253  -0.504 0.0000000000
63326  63.268  -19.007  -0.578 0.0000000000
63327  62.924  -18.605  -1.027 0.0000000000
63328  62.569  -18.261  -1.447 0.0000000000
63336  62.554  -18.971  -1.556 0.0000000000
63337  62.119  -18.604  -2.040 0.0000000000
63346  61.552  -18.548  -3.020 0.0000000000
63347  61.407  -18.195  -3.555 0.0000000000
63353  61.466  -18.632  -4.102 0.0000000000
63354  61.358  -18.205  -3.802 0.0000000000
63362  62.974  -18.390  -6.126 0.0000000000
63363  62.139  -18.592  -5.430 0.0000000000
63372  65.026  -18.547  -7.353 0.0000000000
63373  64.479  -18.592  -6.888 0.0000000000
63374  63.697  -18.663  -6.461 0.0000000000
63379  65.878  -18.777  -8.501 0.0000000000
63380  65.523  -18.907  -7.775 0.0000000000
63381  60.930  -18.846  -7.725 0.0000000000
63382  60.127  -18.545  -7.518 0.0000000000
63383  59.075  -18.251  -7.401 0.0000000000
63384  57.934  -18.278  -7.522 0.0000000000
63385  56.910  -18.480  -7.558 0.0000000000
63386  56.060  -18.651  -7.538 0.0000000000
63387  55.564  -18.772  -7.564 0.0000000000
63393  65.907  -18.650  -9.201 0.0000000000
63394  62.353  -18.877  -8.824 0.0000000000
63395  61.605  -18.632  -8.255 0.0000000000
63396  60.781  -17.967  -7.940 0.0000000000
63397  59.745  -17.658  -7.989 0.0000000000
63398  58.512  -17.617  -8.514 0.0000000000
63399  57.263  -18.063  -8.421 0.0000000000
63400  56.294  -18.349  -8.251 0.0000000000
63401  55.585  -18.613  -8.044 0.0000000000
63405  65.571  -18.562  -9.851 0.0000000000
63406  65.344  -18.959  -10.009 0.0000000000
63407  63.753  -18.915  -9.823 0.0000000000
63408  63.093  -18.947  -9.308 0.0000000000
63409  58.295  -17.431  -9.340 0.0000000000
63410  57.521  -17.668  -9.506 0.0000000000
63411  56.428  -18.149  -9.153 0.0000000000
63412  55.605  -18.519  -8.809 0.0000000000
63417  65.389  -18.141  -10.190 0.0000000000
63418  65.132  -18.557  -10.208 0.0000000000
63419  64.602  -18.544  -10.231 0.0000000000
63420  64.225  -18.727  -10.118 0.0000000000
63421  57.137  -17.510  -10.195 0.0000000000
63422  56.483  -17.740  -9.991 0.0000000000
63423  55.290  -18.189  -9.690 0.0000000000
63424  54.050  -18.158  -9.839 0.0000000000
63425  53.016  -18.202  -9.840 0.0000000000
63426  52.039  -18.284  -9.929 0.0000000000
63427  51.094  -18.332  -10.050 0.0000000000
63428  50.148  -18.395  -10.198 0.0000000000
63429  49.233  -18.430  -10.300 0.0000000000
63430  48.403  -18.426  -10.307 0.0000000000
63431  47.676  -18.448  -10.314 0.0000000000
63432  46.974  -18.485  -10.386 0.0000000000
63435  46.091  -18.518  -10.509 0.0000000000
63436  45.060  -18.589  -10.650 0.0000000000
63437  44.113  -18.693  -10.931 0.0000000000
63438  43.323  -18.767  -11.371 0.0000000000
63440  42.671  -18.796  -11.943 0.0000000000
63441  42.231  -18.810  -12.705 0.0000000000
63443  41.980  -18.816  -13.629 0.0000000000
63444  41.962  -18.903  -14.697 0.0000000000
63445  42.876  -19.565  -15.956 0.0000000000
63446  42.306  -18.972  -15.683 0.0000000000
63457  44.124  -19.251  -17.149 0.0000000000
63458  42.903  -18.843  -16.638 0.0000000000
63459  42.144  -18.494  -16.120 0.0000000000
63470  43.542  -18.578  -17.427 0.0000000000
63471  42.983  -18.419  -17.187 0.0000000000
64485  63.565  -18.311  1.243 0.0000000000
64486  63.037  -18.080  1.442 0.0000000000
64487  62.831  -18.100  1.567 0.0000000000
64488  62.498  -17.894  1.554 0.0000000000
64489  62.268  -18.121  1.675 0.0000000000
64498  63.756  -17.942  0.821 0.0000000000
64499  63.443  -17.728  1.109 0.0000000000
64500  62.069  -16.920  1.348 0.0000000000
64501  61.723  -17.330  1.424 0.0000000000
64502  61.458  -17.259  1.127 0.0000000000
64520  63.737  -17.768  0.628 0.0000000000
64521  63.664  -17.894  -0.180 0.0000000000
64522  60.801  -17.203  0.706 0.0000000000
64523  60.015  -17.232  0.317 0.0000000000
64524  59.087  -17.290  0.176 0.0000000000
64536  63.502  -17.577  -0.343 0.0000000000
64537  63.257  -17.541  -0.819 0.0000000000
64544  62.905  -17.534  -1.275 0.0000000000
64545  62.475  -17.561  -1.811 0.0000000000
64552  61.930  -17.534  -2.560 0.0000000000
64563  61.616  -17.603  -3.610 0.0000000000
64564  61.387  -17.976  -3.694 0.0000000000
64575  61.740  -17.725  -4.647 0.0000000000
64576  61.387  -17.992  -3.984 0.0000000000
64587  62.746  -17.530  -5.799 0.0000000000
64588  62.187  -17.727  -5.325 0.0000000000
64600  64.670  -17.537  -7.204 0.0000000000
64601  64.015  -17.697  -6.693 0.0000000000
64602  63.397  -17.831  -6.355 0.0000000000
64611  65.740  -16.982  -8.706 0.0000000000
64612  65.614  -17.767  -8.191 0.0000000000
64613  65.240  -17.989  -7.662 0.0000000000
64620  65.901  -17.140  -9.195 0.0000000000
64621  65.988  -17.830  -8.892 0.0000000000
64622  62.664  -18.222  -9.108 0.0000000000
64623  62.119  -18.079  -8.715 0.0000000000
64624  61.401  -17.620  -8.591 0.0000000000
64625  60.420  -17.282  -8.574 0.0000000000
64626  59.510  -17.260  -8.750 0.0000000000
64632  65.891  -16.871  -9.498 0.0000000000
64633  65.852  -17.525  -9.610 0.0000000000
64634  63.853  -18.369  -9.998 0.0000000000
64635  63.284  -17.998  -9.640 0.0000000000
64636  62.166  -17.354  -9.288 0.0000000000
64637  61.022  -16.881  -9.192 0.0000000000
64638  59.967  -16.887  -9.306 0.0000000000
64639  58.948  -17.167  -9.452 0.0000000000
64640  58.244  -17.355  -9.825 0.0000000000
64644  65.527  -17.521  -10.150 0.0000000000
64645  65.158  -17.727  -10.350 0.0000000000
64646  64.696  -17.792  -10.400 0.0000000000
64647  63.952  -17.720  -10.255 0.0000000000
64648  62.731  -16.720  -10.202 0.0000000000
64649  61.483  -16.507  -9.970 0.0000000000
64650  60.477  -16.570  -9.929 0.0000000000
64651  59.552  -16.807  -10.084 0.0000000000
64652  58.677  -17.053  -10.271 0.0000000000
64653  57.749  -17.238  -10.383 0.0000000000
64654  56.728  -17.053  -10.638 0.0000000000
64655  55.700  -17.348  -10.337 0.0000000000
64656  54.656  -17.419  -10.221 0.0000000000
64657  53.582  -17.392  -10.097 0.0000000000
64658  52.538  -17.449  -10.045 0.0000000000
64659  51.549  -17.492  -10.120 0.0000000000
64660  50.569  -17.476  -10.223 0.0000000000
64661  49.597  -17.531  -10.360 0.0000000000
64662  48.689  -17.650  -10.428 0.0000000000
64663  47.860  -17.694  -10.427 0.0000000000
64664  47.274  -17.890  -10.432 0.0000000000
64665  65.222  -17.026  -10.440 0.0000000000
64666  64.848  -17.025  -10.578 0.0000000000
64667  64.282  -16.874  -10.649 0.0000000000
64668  63.503  -16.579  -10.754 0.0000000000
64669  62.876  -16.319  -10.835 0.0000000000
64670  60.828  -16.356  -10.426 0.0000000000
64671  60.102  -16.468  -10.603 0.0000000000
64672  59.208  -16.678  -10.776 0.0000000000
64673  58.338  -16.778  -10.881 0.0000000000
64674  57.516  -16.690  -10.962 0.0000000000
64675  56.970  -16.516  -11.018 0.0000000000
64676  47.303  -17.363  -10.572 0.0000000000
64677  46.585  -17.516  -10.633 0.0000000000
64678  45.441  -17.558  -10.804 0.0000000000
64679  44.427  -17.772  -10.998 0.0000000000
64680  43.635  -17.965  -11.307 0.0000000000
64681  42.997  -17.974  -11.716 0.0000000000
64682  42.439  -17.955  -12.291 0.0000000000
64683  41.950  -17.898  -12.998 0.0000000000
64684  41.595  -17.779  -14.073 0.0000000000
64685  41.324  -17.261  -14.829 0.0000000000
64686  41.669  -18.127  -15.399 0.0000000000
64687  41.254  -17.254  -15.658 0.0000000000
64688  42.644  -18.299  -17.047 0.0000000000
64689  41.927  -17.884  -16.651 0.0000000000
64690  41.253  -17.030  -16.344 0.0000000000
64697  42.818  -17.975  -17.651 0.0000000000
64698  42.003  -17.251  -17.611 0.0000000000
64706  42.550  -17.286  -18.235 0.0000000000
65788  63.133  -17.980  1.544 0.0000000000
65789  62.766  -17.449  1.344 0.0000000000
65790  62.543  -17.128  1.354 0.0000000000
65794  63.439  -17.007  1.213 0.0000000000
65795  63.175  -17.152  1.125 0.0000000000
65796  62.820  -16.632  1.218 0.0000000000
65797  62.374  -16.591  1.297 0.0000000000
65798  61.812  -16.460  1.189 0.0000000000
65799  61.185  -16.433  0.859 0.0000000000
65813  63.602  -16.929  0.570 0.0000000000
65814  63.667  -17.051  0.239 0.0000000000
65815  60.481  -16.479  0.439 0.0000000000
65816  59.620  -16.546  0.142 0.0000000000
65835  63.790  -16.372  0.086 0.0000000000
65836  63.751  -16.629  -0.352 0.0000000000
65837  63.570  -16.888  -0.743 0.0000000000
65846  63.807  -16.294  -0.983 0.0000000000
65847  63.456  -16.568  -1.385 0.0000000000
65848  62.934  -16.866  -1.733 0.0000000000
65860  63.309  -16.266  -2.206 0.0000000000
65861  62.633  -16.741  -2.374 0.0000000000
65875  63.117  -16.104  -3.043 0.0000000000
65876  62.286  -16.641  -3.304 0.0000000000
65890  63.011  -16.049  -4.087 0.0000000000
65891  62.221  -16.801  -4.379 0.0000000000
65907  64.255  -15.739  -6.204 0.0000000000
65908  63.855  -15.990  -5.751 0.0000000000
65909  63.042  -16.384  -5.197 0.0000000000
65910  62.346  -17.177  -5.130 0.0000000000
65924  64.993  -16.111  -7.582 0.0000000000
65925  64.583  -16.174  -7.013 0.0000000000
65926  64.124  -16.629  -6.621 0.0000000000
65927  63.511  -16.946  -6.188 0.0000000000
65940  65.590  -16.000  -8.534 0.0000000000
65941  65.416  -16.617  -8.100 0.0000000000
65942  65.112  -17.055  -7.659 0.0000000000
65956  65.803  -16.319  -9.228 0.0000000000
65963  65.802  -16.372  -9.926 0.0000000000
65964  65.753  -16.989  -10.057 0.0000000000
65966  65.649  -15.975  -10.346 0.0000000000
65967  65.477  -16.407  -10.393 0.0000000000
65968  61.712  -16.266  -10.551 0.0000000000
65969  61.232  -16.305  -10.518 0.0000000000
65970  55.871  -16.726  -10.711 0.0000000000
65971  55.118  -16.724  -10.534 0.0000000000
65972  54.137  -16.433  -10.476 0.0000000000
65973  52.989  -16.590  -10.262 0.0000000000
65974  51.968  -16.656  -10.265 0.0000000000
65975  51.022  -16.666  -10.378 0.0000000000
65976  49.992  -16.428  -10.636 0.0000000000
65977  48.940  -16.818  -10.672 0.0000000000
65978  48.080  -17.012  -10.618 0.0000000000
65979  47.608  -17.157  -10.595 0.0000000000
65982  65.057  -16.268  -10.782 0.0000000000
65983  64.570  -16.249  -11.009 0.0000000000
65984  63.873  -15.974  -11.423 0.0000000000
65985  62.981  -16.040  -11.317 0.0000000000
65986  62.117  -16.087  -11.082 0.0000000000
65987  60.897  -16.212  -11.038 0.0000000000
65988  59.739  -16.264  -11.236 0.0000000000
65989  58.825  -16.364  -11.326 0.0000000000
65990  58.027  -16.318  -11.330 0.0000000000
65991  57.253  -15.996  -11.330 0.0000000000
65992  56.355  -16.210  -11.047 0.0000000000
65993  55.428  -16.130  -10.816 0.0000000000
65994  54.836  -16.204  -10.655 0.0000000000
65995  49.699  -15.789  -11.089 0.0000000000
65996  49.084  -16.031  -11.037 0.0000000000
65997  48.188  -16.293  -11.030 0.0000000000
65998  47.212  -16.643  -10.918 0.0000000000
65999  45.908  -16.414  -11.379 0.0000000000
66000  44.711  -16.879  -11.377 0.0000000000
66001  43.805  -17.237  -11.529 0.0000000000
66002  43.338  -17.531  -11.665 0.0000000000
66007  63.638  -15.507  -12.028 0.0000000000
66008  63.086  -15.633  -11.932 0.0000000000
66009  62.235  -15.802  -11.905 0.0000000000
66010  61.242  -15.883  -11.830 0.0000000000
66011  60.202  -15.902  -11.789 0.0000000000
66012  59.239  -15.925  -11.793 0.0000000000
66013  58.379  -15.906  -11.704 0.0000000000
66014  57.834  -15.913  -11.564 0.0000000000
66015  45.531  -15.785  -12.017 0.0000000000
66016  44.856  -16.109  -11.946 0.0000000000
66017  43.904  -16.463  -11.937 0.0000000000
66018  42.928  -17.025  -12.157 0.0000000000
66019  42.321  -17.380  -12.616 0.0000000000
66024  42.752  -16.305  -12.764 0.0000000000
66025  42.088  -16.739  -13.135 0.0000000000
66030  41.499  -16.589  -14.172 0.0000000000
66031  41.115  -16.490  -14.972 0.0000000000
66036  40.986  -16.459  -15.740 0.0000000000
66041  41.483  -17.036  -16.970 0.0000000000
67196  63.445  -16.573  0.746 0.0000000000
67197  63.276  -15.897  0.824 0.0000000000
67198  62.694  -15.776  1.111 0.0000000000
67199  62.135  -15.717  1.129 0.0000000000
67200  61.506  -15.581  0.884 0.0000000000
67201  60.899  -15.880  0.559 0.0000000000
67206  63.745  -15.802  0.295 0.0000000000
67207  63.604  -15.374  0.483 0.0000000000
67208  60.941  -15.301  0.452 0.0000000000
67209  60.178  -15.781  0.175 0.0000000000
67224  64.095  -15.634  -0.447 0.0000000000
67225  64.032  -15.856  -0.925 0.0000000000
67240  64.382  -15.232  -1.282 0.0000000000
67241  64.064  -15.718  -1.603 0.0000000000
67242  63.786  -15.889  -2.079 0.0000000000
67256  64.497  -15.024  -2.128 0.0000000000
67257  64.185  -15.406  -2.477 0.0000000000
67258  63.775  -15.766  -2.789 0.0000000000
67270  64.425  -14.860  -2.967 0.0000000000
67271  64.127  -15.280  -3.304 0.0000000000
67272  63.664  -15.676  -3.614 0.0000000000
67285  64.339  -14.829  -3.858 0.0000000000
67286  63.993  -15.297  -4.171 0.0000000000
67287  63.621  -15.710  -4.285 0.0000000000
67304  64.674  -14.723  -5.839 0.0000000000
67305  64.367  -15.038  -5.087 0.0000000000
67306  63.743  -15.667  -4.876 0.0000000000
67307  63.390  -15.916  -4.632 0.0000000000
67326  65.349  -14.836  -7.533 0.0000000000
67327  64.903  -15.099  -6.907 0.0000000000
67328  64.509  -15.286  -6.243 0.0000000000
67345  65.630  -15.061  -8.197 0.0000000000
67346  65.284  -15.620  -7.844 0.0000000000
67360  65.859  -15.277  -8.940 0.0000000000
67365  65.905  -15.379  -9.704 0.0000000000
67369  65.770  -15.309  -10.483 0.0000000000
67370  65.568  -15.744  -10.582 0.0000000000
67371  53.918  -15.750  -10.707 0.0000000000
67372  53.290  -15.815  -10.578 0.0000000000
67373  52.330  -15.863  -10.525 0.0000000000
67374  51.346  -15.929  -10.613 0.0000000000
67375  50.688  -16.059  -10.673 0.0000000000
67384  65.762  -14.841  -11.005 0.0000000000
67385  65.415  -15.243  -11.141 0.0000000000
67386  64.807  -15.595  -11.404 0.0000000000
67387  64.403  -15.742  -11.499 0.0000000000
67388  57.036  -15.460  -11.593 0.0000000000
67389  56.520  -15.506  -11.433 0.0000000000
67390  55.675  -15.403  -11.236 0.0000000000
67391  54.599  -15.545  -10.902 0.0000000000
67392  53.601  -15.254  -10.965 0.0000000000
67393  52.681  -15.206  -10.947 0.0000000000
67394  51.686  -15.247  -11.017 0.0000000000
67395  50.403  -15.302  -11.235 0.0000000000
67396  49.316  -15.453  -11.512 0.0000000000
67397  48.405  -15.615  -11.565 0.0000000000
67398  47.419  -15.790  -11.556 0.0000000000
67399  46.709  -15.994  -11.513 0.0000000000
67407  65.312  -14.654  -11.777 0.0000000000
67408  65.012  -14.906  -11.899 0.0000000000
67409  64.198  -15.134  -12.259 0.0000000000
67410  63.248  -15.230  -12.474 0.0000000000
67411  62.403  -15.384  -12.531 0.0000000000
67412  61.470  -15.498  -12.518 0.0000000000
67413  60.501  -15.497  -12.405 0.0000000000
67414  59.593  -15.458  -12.263 0.0000000000
67415  58.688  -15.335  -12.164 0.0000000000
67416  57.645  -15.345  -11.833 0.0000000000
67417  56.683  -14.984  -11.781 0.0000000000
67418  56.050  -14.979  -11.619 0.0000000000
67419  50.070  -14.699  -11.873 0.0000000000
67420  49.555  -14.880  -11.936 0.0000000000
67421  48.701  -15.031  -12.102 0.0000000000
67422  47.700  -15.119  -12.162 0.0000000000
67426  43.271  -16.164  -12.526 0.0000000000
67431  63.927  -14.629  -13.014 0.0000000000
67432  63.417  -14.784  -13.000 0.0000000000
67433  62.593  -14.933  -13.094 0.0000000000
67434  61.682  -15.030  -13.110 0.0000000000
67435  60.722  -14.994  -12.994 0.0000000000
67436  59.794  -14.931  -12.745 0.0000000000
67437  59.130  -14.990  -12.512 0.0000000000
67442  41.901  -15.984  -13.746 0.0000000000
67448  41.031  -15.962  -15.200 0.0000000000
68571  63.466  -15.085  0.561 0.0000000000
68572  63.006  -15.068  0.762 0.0000000000
68573  62.374  -15.029  0.954 0.0000000000
68574  61.917  -15.144  0.957 0.0000000000
68582  64.171  -15.059  -0.183 0.0000000000
68583  63.862  -14.867  0.218 0.0000000000
68584  63.404  -14.443  0.350 0.0000000000
68585  62.713  -14.449  0.550 0.0000000000
68586  61.672  -14.540  0.388 0.0000000000
68587  60.422  -14.949  0.005 0.0000000000
68597  64.434  -14.690  -0.862 0.0000000000
68598  64.242  -14.445  -0.331 0.0000000000
68599  63.931  -14.197  -0.031 0.0000000000
68600  61.555  -13.926  -0.258 0.0000000000
68611  64.591  -14.511  -1.764 0.0000000000
68620  64.612  -14.114  -3.260 0.0000000000
68621  64.617  -14.377  -2.675 0.0000000000
68628  64.575  -14.146  -3.722 0.0000000000
68629  64.527  -14.426  -3.440 0.0000000000
68635  64.599  -14.037  -4.152 0.0000000000
68636  64.518  -14.424  -4.266 0.0000000000
68649  64.654  -14.242  -4.942 0.0000000000
68650  64.534  -14.527  -4.748 0.0000000000
68669  65.341  -14.253  -6.898 0.0000000000
68670  64.996  -14.227  -5.981 0.0000000000
68696  65.673  -14.272  -7.723 0.0000000000
68715  65.968  -14.369  -8.538 0.0000000000
68726  66.112  -14.454  -9.380 0.0000000000
68737  66.083  -14.469  -10.205 0.0000000000
68745  65.970  -14.368  -10.942 0.0000000000
68746  65.744  -14.365  -11.418 0.0000000000
68747  55.624  -14.825  -11.588 0.0000000000
68748  55.025  -14.753  -11.453 0.0000000000
68749  54.020  -14.714  -11.401 0.0000000000
68750  53.044  -14.652  -11.419 0.0000000000
68751  52.103  -14.660  -11.457 0.0000000000
68752  51.249  -14.711  -11.525 0.0000000000
68755  65.503  -14.283  -11.861 0.0000000000
68756  65.216  -14.215  -12.350 0.0000000000
68757  64.794  -14.507  -12.520 0.0000000000
68758  58.700  -14.847  -12.485 0.0000000000
68773  64.939  -14.050  -12.935 0.0000000000
68774  64.348  -14.216  -13.235 0.0000000000
68775  63.593  -14.363  -13.551 0.0000000000
68776  62.798  -14.485  -13.654 0.0000000000
68777  61.900  -14.551  -13.668 0.0000000000
68778  60.972  -14.483  -13.527 0.0000000000
69878  63.067  -14.133  0.199 0.0000000000
69879  62.621  -13.964  0.083 0.0000000000
69880  62.047  -13.781  -0.156 0.0000000000
69889  64.384  -14.209  -0.783 0.0000000000
69890  64.188  -13.921  -0.608 0.0000000000
69891  63.463  -13.768  -0.304 0.0000000000
69892  62.668  -13.462  -0.609 0.0000000000
69906  64.511  -13.913  -1.407 0.0000000000
69907  64.077  -13.420  -1.165 0.0000000000
69908  63.415  -13.154  -1.198 0.0000000000
69909  62.634  -12.930  -1.570 0.0000000000
69919  64.647  -13.873  -2.954 0.0000000000
69920  64.670  -13.936  -2.267 0.0000000000
69931  64.603  -13.825  -3.593 0.0000000000
69939  64.672  -13.685  -4.317 0.0000000000
69947  64.888  -13.611  -5.210 0.0000000000
69961  65.602  -13.619  -7.149 0.0000000000
69962  65.247  -13.595  -6.192 0.0000000000
69992  65.981  -13.614  -8.032 0.0000000000
70012  66.230  -13.563  -8.963 0.0000000000
70020  66.253  -13.651  -9.875 0.0000000000
70026  66.162  -13.614  -10.752 0.0000000000
70030  65.894  -13.523  -11.684 0.0000000000
70031  65.681  -13.878  -11.904 0.0000000000
70036  65.182  -13.783  -12.920 0.0000000000
71178  64.580  -13.632  -2.094 0.0000000000
71179  64.425  -13.314  -1.966 0.0000000000
71180  64.011  -12.901  -1.859 0.0000000000
71181  63.446  -12.709  -1.923 0.0000000000
71184  64.620  -13.622  -3.229 0.0000000000
71185  64.593  -13.425  -2.786 0.0000000000
71186  64.396  -12.835  -2.646 0.0000000000
71187  63.920  -12.433  -2.553 0.0000000000
71188  63.102  -12.323  -2.565 0.0000000000
71193  64.625  -13.417  -3.646 0.0000000000
71194  64.603  -12.907  -3.595 0.0000000000
71195  64.333  -12.425  -3.321 0.0000000000
71196  63.825  -12.080  -3.334 0.0000000000
71197  63.088  -11.913  -3.654 0.0000000000
71202  64.767  -13.194  -4.433 0.0000000000
71203  64.734  -12.770  -4.495 0.0000000000
71204  62.796  -11.890  -4.666 0.0000000000
71215  65.064  -12.986  -5.437 0.0000000000
71216  64.826  -12.667  -5.032 0.0000000000
71217  62.500  -12.155  -5.568 0.0000000000
71234  65.759  -13.089  -7.519 0.0000000000
71235  65.408  -13.092  -6.582 0.0000000000
71236  63.209  -12.330  -7.300 0.0000000000
71237  62.532  -12.434  -6.694 0.0000000000
71268  66.136  -12.610  -8.782 0.0000000000
71269  66.114  -12.925  -8.421 0.0000000000
71270  62.875  -12.563  -8.047 0.0000000000
71290  66.166  -12.657  -9.146 0.0000000000
71291  66.302  -13.009  -9.005 0.0000000000
71292  62.797  -12.444  -9.289 0.0000000000
71307  66.057  -12.655  -9.777 0.0000000000
71308  66.258  -13.031  -9.519 0.0000000000
71309  62.644  -12.185  -10.226 0.0000000000
71319  66.188  -12.910  -10.153 0.0000000000
71320  66.129  -13.090  -10.456 0.0000000000
71321  62.468  -11.915  -10.684 0.0000000000
71328  66.048  -12.893  -11.326 0.0000000000
72421  64.511  -12.543  -3.990 0.0000000000
72422  64.280  -12.236  -4.018 0.0000000000
72423  63.862  -11.949  -4.181 0.0000000000
72424  63.455  -11.810  -4.478 0.0000000000
72433  64.599  -12.476  -4.643 0.0000000000
72434  64.336  -12.204  -4.840 0.0000000000
72435  63.925  -11.953  -4.977 0.0000000000
72436  63.474  -11.818  -5.073 0.0000000000
72448  65.213  -12.784  -6.180 0.0000000000
72449  64.854  -12.523  -5.695 0.0000000000
72450  64.396  -12.178  -5.761 0.0000000000
72451  63.854  -11.985  -5.769 0.0000000000
72452  63.204  -11.920  -5.628 0.0000000000
72466  65.802  -12.794  -7.846 0.0000000000
72467  65.367  -12.701  -7.113 0.0000000000
72468  64.859  -12.365  -6.806 0.0000000000
72469  64.331  -12.193  -6.711 0.0000000000
72470  63.554  -12.138  -6.694 0.0000000000
72471  62.951  -12.072  -6.135 0.0000000000
72497  66.026  -12.538  -8.615 0.0000000000
72498  65.754  -12.606  -8.326 0.0000000000
72499  65.243  -12.404  -7.931 0.0000000000
72500  64.766  -12.269  -7.748 0.0000000000
72501  64.292  -12.211  -7.688 0.0000000000
72502  63.709  -12.287  -7.857 0.0000000000
72519  65.911  -12.454  -8.972 0.0000000000
72520  65.515  -12.431  -8.754 0.0000000000
72521  64.952  -12.326  -8.782 0.0000000000
72522  64.706  -12.240  -8.603 0.0000000000
72523  64.295  -12.201  -8.670 0.0000000000
72524  63.626  -12.300  -8.902 0.0000000000
72535  66.007  -12.463  -9.656 0.0000000000
72536  64.945  -12.208  -9.304 0.0000000000
72537  64.722  -12.153  -9.415 0.0000000000
72538  64.225  -12.122  -9.643 0.0000000000
72539  63.458  -12.194  -9.972 0.0000000000
72550  66.112  -12.540  -10.231 0.0000000000
72551  65.794  -12.558  -10.320 0.0000000000
72552  64.926  -12.078  -10.023 0.0000000000
72553  64.649  -11.983  -10.226 0.0000000000
72554  64.047  -11.870  -10.684 0.0000000000
72555  63.009  -11.799  -10.958 0.0000000000
72564  63.618  -11.513  -11.428 0.0000000000
72565  63.052  -11.307  -11.677 0.0000000000
72566  62.388  -11.290  -11.622 0.0000000000
72571  65.797  -12.532  -11.770 0.0000000000
73913  65.930  -12.258  -9.356 0.0000000000
73914  65.532  -12.283  -8.810 0.0000000000
73915  65.317  -12.344  -8.881 0.0000000000
73927  65.930  -12.050  -9.888 0.0000000000
73928  65.674  -12.345  -9.793 0.0000000000
73929  65.020  -12.211  -9.100 0.0000000000
73942  65.709  -12.395  -10.012 0.0000000000
73945  64.824  -11.892  -10.770 0.0000000000
73946  64.542  -11.828  -10.826 0.0000000000
73960  64.305  -11.500  -11.622 0.0000000000
73961  63.460  -11.051  -12.099 0.0000000000
73962  62.681  -10.838  -12.174 0.0000000000
73963  61.800  -10.583  -12.095 0.0000000000
73970  63.906  -10.645  -12.809 0.0000000000
73971  63.033  -10.422  -12.723 0.0000000000
73972  62.353  -10.229  -12.572 0.0000000000
75365  61.119  -9.781  -12.042 0.0000000000
75372  63.291  -9.984  -13.271 0.0000000000
75373  62.531  -9.629  -13.119 0.0000000000
75374  61.793  -9.662  -12.588 0.0000000000
75379  63.105  -9.356  -13.609 0.0000000000
76654  61.900  -8.698  -12.955 0.0000000000
76655  61.331  -9.015  -12.348 0.0000000000
76661  62.604  -8.849  -13.509 0.0000000000
77926  63.204  -7.054  -10.213 0.0000000000
77935  61.981  -7.431  -11.676 0.0000000000
77946  61.447  -8.179  -12.119 0.0000000000
44361  62.339  -33.693  -9.786 0.0000000000
52621  55.352  -26.843  0.245 0.0000000000
52622  54.576  -26.662  0.161 0.0000000000
52635  55.401  -26.482  -0.395 0.0000000000
52636  54.344  -26.093  -0.614 0.0000000000
52637  53.441  -25.827  -0.554 0.0000000000
52652  55.353  -26.062  -1.348 0.0000000000
52653  54.453  -25.714  -1.356 0.0000000000
54091  53.803  -25.615  -1.070 0.0000000000
54092  53.016  -25.108  -0.859 0.0000000000
54093  52.222  -24.539  -0.429 0.0000000000
54094  51.907  -24.166  -0.103 0.0000000000
54099  54.894  -25.620  -1.906 0.0000000000
54100  54.007  -25.068  -1.703 0.0000000000
54101  53.296  -24.504  -1.384 0.0000000000
54111  54.935  -25.228  -2.635 0.0000000000
54112  54.282  -24.517  -2.308 0.0000000000
55430  52.754  -24.168  -0.953 0.0000000000
55431  52.281  -23.903  -0.358 0.0000000000
55432  51.983  -23.897  -0.034 0.0000000000
55441  53.673  -24.175  -1.870 0.0000000000
55442  53.209  -23.999  -1.412 0.0000000000
55448  54.792  -24.195  -2.903 0.0000000000
55449  54.178  -23.943  -2.314 0.0000000000
56715  58.248  -23.092  -0.687 0.0000000000
56716  57.142  -22.961  -0.509 0.0000000000
56717  56.202  -22.879  -0.525 0.0000000000
56718  55.263  -22.793  -0.774 0.0000000000
56719  54.232  -22.980  -0.916 0.0000000000
56720  53.282  -23.515  -0.965 0.0000000000
56721  52.725  -23.735  -0.614 0.0000000000
56730  54.952  -22.906  -1.730 0.0000000000
56731  53.990  -23.479  -1.725 0.0000000000
56732  53.486  -23.762  -1.540 0.0000000000
56742  55.443  -23.231  -2.772 0.0000000000
56743  54.608  -23.499  -2.349 0.0000000000
57993  57.411  -22.747  -1.311 0.0000000000
57994  56.590  -22.676  -1.158 0.0000000000
57995  55.845  -22.664  -1.171 0.0000000000
57996  55.384  -22.693  -1.321 0.0000000000
58002  56.793  -22.569  -1.852 0.0000000000
58003  56.089  -22.546  -1.700 0.0000000000
58004  55.561  -22.653  -1.603 0.0000000000
58010  56.183  -22.658  -2.370 0.0000000000
58011  55.605  -22.699  -2.070 0.0000000000
77945  62.020  -7.677  -12.651 0.0000000000
77955  62.483  -8.025  -13.441 0.0000000000
79297  63.708  -6.507  -10.379 0.0000000000
79298  63.117  -6.871  -10.780 0.0000000000
79311  63.378  -6.369  -11.476 0.0000000000
79312  62.711  -6.942  -11.498 0.0000000000
79324  62.967  -6.602  -12.395 0.0000000000
79325  62.399  -7.085  -12.267 0.0000000000
79337  62.610  -7.161  -13.056 0.0000000000
70034  65.806  -13.034  -12.341 0.0000000000
70035  65.483  -13.363  -12.758 0.0000000000
71331  65.865  -12.747  -12.070 0.0000000000
71332  65.653  -12.539  -12.867 0.0000000000
72562  65.704  -12.406  -11.247 0.0000000000
72563  65.511  -12.085  -11.955 0.0000000000
72572  65.623  -12.141  -12.475 0.0000000000
72576  65.655  -11.773  -13.753 0.0000000000
73943  65.577  -12.342  -10.519 0.0000000000
73944  65.069  -12.071  -10.403 0.0000000000
73957  65.541  -12.272  -11.072 0.0000000000
73958  65.370  -12.036  -11.488 0.0000000000
73959  64.951  -11.717  -11.568 0.0000000000
73967  65.394  -11.720  -12.624 0.0000000000
73968  65.111  -11.472  -12.563 0.0000000000
73969  64.656  -11.155  -12.571 0.0000000000
73976  65.534  -11.390  -13.579 0.0000000000
73977  65.325  -10.987  -13.574 0.0000000000
73978  64.949  -10.853  -13.354 0.0000000000
73979  64.476  -10.544  -13.338 0.0000000000
73994  65.729  -10.878  -14.702 0.0000000000
73995  65.552  -10.757  -14.259 0.0000000000
75376  65.149  -10.543  -13.894 0.0000000000
75377  64.791  -10.205  -13.946 0.0000000000
75378  63.937  -9.732  -13.815 0.0000000000
75393  65.660  -10.407  -14.795 0.0000000000
75394  65.359  -10.052  -14.589 0.0000000000
75395  64.669  -9.400  -14.502 0.0000000000
75396  64.073  -8.880  -14.416 0.0000000000
75406  65.867  -9.851  -15.565 0.0000000000
75407  65.651  -9.191  -15.482 0.0000000000
75416  66.907  -8.806  -17.346 0.0000000000
76660  63.263  -8.547  -14.081 0.0000000000
76673  65.186  -8.970  -15.116 0.0000000000
76687  66.179  -8.581  -16.198 0.0000000000
76688  65.628  -8.349  -15.639 0.0000000000
76689  65.133  -8.240  -15.321 0.0000000000
76698  66.959  -8.329  -17.368 0.0000000000
76699  66.759  -8.248  -16.820 0.0000000000
44377  63.050  -32.815  -10.591 0.0000000000
45588  63.151  -32.569  -10.795 0.0000000000
45606  63.125  -32.198  -10.918 0.0000000000
46701  63.174  -31.812  -11.375 0.0000000000
47846  63.168  -31.027  -11.719 0.0000000000
47858  63.866  -29.727  -12.748 0.0000000000
47859  63.567  -30.500  -12.571 0.0000000000
49012  63.346  -30.329  -12.102 0.0000000000
49013  62.978  -30.218  -11.822 0.0000000000
49021  64.165  -29.020  -12.933 0.0000000000
49022  63.454  -29.541  -12.370 0.0000000000
49023  62.546  -29.486  -12.169 0.0000000000
49042  51.016  -29.232  -13.577 0.0000000000
50155  64.219  -28.160  -12.956 0.0000000000
50156  63.672  -28.451  -12.640 0.0000000000
50157  62.850  -28.605  -12.411 0.0000000000
50158  61.862  -28.692  -12.484 0.0000000000
50159  60.789  -28.733  -12.642 0.0000000000
50160  59.703  -28.706  -12.667 0.0000000000
50161  58.669  -28.699  -12.689 0.0000000000
50162  57.683  -28.689  -12.726 0.0000000000
50163  56.708  -28.639  -12.856 0.0000000000
50164  55.612  -28.527  -13.160 0.0000000000
50165  54.573  -28.893  -13.258 0.0000000000
50166  53.600  -29.081  -13.330 0.0000000000
50167  52.637  -29.241  -13.384 0.0000000000
50168  51.982  -29.403  -13.341 0.0000000000
50180  55.328  -27.962  -13.419 0.0000000000
50181  54.842  -28.103  -13.498 0.0000000000
50182  53.981  -28.285  -13.637 0.0000000000
50183  52.997  -28.454  -13.767 0.0000000000
50184  51.727  -28.739  -13.879 0.0000000000
50185  50.636  -28.932  -13.891 0.0000000000
50202  51.406  -28.146  -14.297 0.0000000000
50203  50.924  -28.302  -14.302 0.0000000000
50204  50.077  -28.479  -14.334 0.0000000000
50205  49.141  -28.550  -14.351 0.0000000000
51425  63.845  -27.633  -12.815 0.0000000000
51426  63.080  -27.741  -12.640 0.0000000000
51427  62.134  -27.817  -12.651 0.0000000000
51428  61.102  -27.866  -12.776 0.0000000000
51429  60.036  -27.870  -12.775 0.0000000000
51430  59.001  -27.881  -12.767 0.0000000000
51431  58.029  -27.908  -12.781 0.0000000000
51432  57.152  -27.917  -12.856 0.0000000000
51433  56.327  -27.750  -13.138 0.0000000000
51434  55.661  -27.790  -13.367 0.0000000000
51442  64.360  -27.483  -13.216 0.0000000000
51443  55.834  -27.292  -13.452 0.0000000000
51444  55.180  -27.464  -13.650 0.0000000000
51445  54.344  -27.528  -13.852 0.0000000000
51446  53.473  -27.647  -14.023 0.0000000000
51447  52.495  -27.714  -14.257 0.0000000000
51448  51.750  -27.920  -14.347 0.0000000000
51461  51.880  -27.358  -14.577 0.0000000000
51462  51.187  -27.621  -14.627 0.0000000000
51463  50.451  -27.859  -14.687 0.0000000000
51464  49.648  -27.855  -14.839 0.0000000000
51465  48.643  -27.941  -14.893 0.0000000000
52797  63.966  -27.000  -13.045 0.0000000000
52798  63.281  -27.020  -12.945 0.0000000000
52799  62.373  -27.033  -12.886 0.0000000000
52800  61.362  -27.053  -12.917 0.0000000000
52801  60.319  -27.062  -12.922 0.0000000000
52802  59.287  -27.079  -12.894 0.0000000000
52803  58.295  -27.128  -12.879 0.0000000000
52804  57.385  -27.242  -12.951 0.0000000000
52805  56.836  -27.405  -13.042 0.0000000000
52814  64.378  -26.584  -13.489 0.0000000000
52815  63.544  -26.397  -13.291 0.0000000000
52816  62.623  -26.359  -13.242 0.0000000000
52817  61.618  -26.342  -13.232 0.0000000000
52818  60.582  -26.334  -13.226 0.0000000000
52819  59.555  -26.343  -13.201 0.0000000000
52820  58.552  -26.395  -13.198 0.0000000000
52821  57.571  -26.507  -13.231 0.0000000000
52822  56.518  -26.799  -13.377 0.0000000000
52823  55.496  -26.720  -13.791 0.0000000000
52824  54.691  -26.863  -14.031 0.0000000000
52825  53.863  -26.827  -14.194 0.0000000000
52826  53.104  -27.074  -14.327 0.0000000000
52837  53.231  -26.477  -14.494 0.0000000000
52838  52.437  -26.744  -14.655 0.0000000000
52839  51.488  -26.789  -14.922 0.0000000000
52840  50.348  -26.950  -15.133 0.0000000000
52841  49.141  -27.148  -15.255 0.0000000000
52842  48.090  -27.234  -15.303 0.0000000000
52861  49.486  -26.388  -15.528 0.0000000000
52862  48.576  -26.442  -15.634 0.0000000000
52863  47.544  -26.467  -15.674 0.0000000000
52864  46.490  -26.392  -15.602 0.0000000000
54237  64.619  -25.739  -13.928 0.0000000000
54238  63.856  -25.735  -13.642 0.0000000000
54239  62.914  -25.707  -13.595 0.0000000000
54240  61.898  -25.693  -13.604 0.0000000000
54242  59.831  -25.652  -13.543 0.0000000000
54243  58.826  -25.694  -13.550 0.0000000000
54244  57.848  -25.774  -13.565 0.0000000000
54245  56.907  -25.881  -13.647 0.0000000000
54246  55.886  -25.774  -14.030 0.0000000000
54247  54.870  -26.168  -14.190 0.0000000000
54248  54.326  -26.422  -14.224 0.0000000000
54257  55.567  -25.121  -14.368 0.0000000000
54258  54.926  -25.373  -14.472 0.0000000000
54259  53.905  -25.866  -14.524 0.0000000000
54260  52.866  -25.932  -14.838 0.0000000000
54261  51.958  -25.878  -15.091 0.0000000000
54262  51.053  -26.140  -15.251 0.0000000000
54276  51.242  -25.411  -15.512 0.0000000000
54277  50.240  -25.710  -15.661 0.0000000000
54278  49.098  -25.681  -15.929 0.0000000000
54279  48.062  -25.723  -16.077 0.0000000000
54280  47.016  -25.696  -16.075 0.0000000000
54281  45.974  -25.584  -15.940 0.0000000000
55566  64.139  -25.045  -14.019 0.0000000000
55567  63.237  -25.058  -13.965 0.0000000000
55568  62.222  -25.060  -13.980 0.0000000000
55569  61.175  -25.018  -13.936 0.0000000000
55570  60.139  -24.998  -13.907 0.0000000000
55571  59.127  -25.000  -13.876 0.0000000000
55572  58.136  -25.079  -13.919 0.0000000000
55573  57.183  -25.214  -13.957 0.0000000000
55574  56.553  -25.393  -13.984 0.0000000000
55589  60.495  -24.401  -14.334 0.0000000000
55590  59.480  -24.382  -14.299 0.0000000000
55591  58.484  -24.409  -14.308 0.0000000000
55592  57.460  -24.486  -14.354 0.0000000000
55593  56.286  -24.750  -14.348 0.0000000000
55594  55.228  -24.622  -14.686 0.0000000000
55595  54.136  -24.686  -14.991 0.0000000000
55596  53.135  -25.178  -15.069 0.0000000000
55597  52.523  -25.439  -15.121 0.0000000000
55608  53.261  -24.369  -15.438 0.0000000000
55609  52.162  -24.784  -15.530 0.0000000000
55610  50.826  -24.559  -16.096 0.0000000000
55611  49.635  -24.853  -16.244 0.0000000000
55612  48.567  -24.935  -16.397 0.0000000000
55613  47.526  -24.939  -16.427 0.0000000000
55614  46.503  -24.874  -16.360 0.0000000000
55615  45.417  -24.649  -16.226 0.0000000000
55630  50.582  -23.915  -16.460 0.0000000000
55631  50.014  -24.006  -16.535 0.0000000000
55632  49.048  -24.123  -16.731 0.0000000000
55633  48.009  -24.167  -16.809 0.0000000000
55634  46.991  -24.151  -16.726 0.0000000000
55635  46.106  -24.118  -16.573 0.0000000000
56892  52.767  -23.687  -16.016 0.0000000000
56893  51.718  -23.865  -16.203 0.0000000000
56894  51.002  -23.767  -16.437 0.0000000000
56895  44.794  -24.112  -16.246 0.0000000000
56911  50.512  -23.274  -16.740 0.0000000000
56912  49.528  -23.264  -16.956 0.0000000000
56913  48.501  -23.310  -17.106 0.0000000000
56914  47.439  -23.340  -17.102 0.0000000000
56915  46.391  -23.365  -16.912 0.0000000000
56916  45.247  -23.499  -16.561 0.0000000000
56917  44.586  -23.043  -16.451 0.0000000000
60683  59.882  -20.193  1.625 0.0000000000
60684  58.895  -20.329  1.610 0.0000000000
60685  57.853  -20.328  1.604 0.0000000000
60686  56.847  -20.326  1.526 0.0000000000
61949  63.073  -19.825  2.687 0.0000000000
61950  62.834  -20.054  3.052 0.0000000000
61967  62.576  -19.595  2.545 0.0000000000
61968  61.788  -19.327  2.136 0.0000000000
61969  61.174  -19.802  2.069 0.0000000000
61988  60.853  -19.200  1.421 0.0000000000
61989  59.586  -19.612  1.004 0.0000000000
61990  58.494  -19.737  0.896 0.0000000000
61991  57.469  -19.734  0.882 0.0000000000
