#!ascii label  , from subject colin27 vox2ras=TkReg coords=white
280
10532  31.558  -63.252  -29.305 0.0000000000
10533  31.194  -63.208  -29.288 0.0000000000
10545  33.258  -63.146  -30.548 0.0000000000
10546  32.719  -63.376  -30.351 0.0000000000
10547  31.643  -63.671  -29.996 0.0000000000
10548  30.495  -63.444  -29.678 0.0000000000
10549  29.619  -63.284  -30.092 0.0000000000
10553  35.343  -62.843  -32.005 0.0000000000
10554  34.764  -63.083  -31.818 0.0000000000
10555  33.516  -63.516  -31.424 0.0000000000
10556  32.410  -63.899  -30.921 0.0000000000
10558  28.990  -63.333  -30.609 0.0000000000
10566  36.764  -62.959  -33.034 0.0000000000
10567  35.586  -63.208  -32.699 0.0000000000
11354  35.117  -62.048  -29.607 0.0000000000
11355  34.616  -62.157  -29.424 0.0000000000
11356  33.708  -62.331  -29.153 0.0000000000
11357  32.751  -62.501  -28.919 0.0000000000
11358  31.691  -62.719  -28.904 0.0000000000
11359  30.705  -62.603  -29.126 0.0000000000
11374  35.844  -62.221  -30.802 0.0000000000
11375  35.101  -62.277  -30.227 0.0000000000
11376  34.122  -62.586  -29.998 0.0000000000
11377  33.216  -62.878  -29.829 0.0000000000
11378  32.303  -63.102  -29.497 0.0000000000
11379  31.802  -63.234  -29.346 0.0000000000
11380  29.913  -62.536  -29.697 0.0000000000
11381  29.299  -62.383  -30.478 0.0000000000
11391  38.619  -62.040  -31.978 0.0000000000
11392  37.861  -62.097  -31.897 0.0000000000
11393  36.970  -62.149  -31.777 0.0000000000
11394  36.153  -62.350  -31.541 0.0000000000
11395  35.338  -62.596  -31.343 0.0000000000
11396  34.389  -62.759  -30.928 0.0000000000
11397  33.671  -62.925  -30.562 0.0000000000
11398  28.559  -62.452  -31.394 0.0000000000
11407  39.200  -62.345  -32.541 0.0000000000
11408  38.269  -62.462  -32.549 0.0000000000
11409  37.381  -62.604  -32.681 0.0000000000
11410  36.422  -62.596  -32.337 0.0000000000
11411  35.750  -62.657  -32.025 0.0000000000
11412  28.331  -62.029  -32.170 0.0000000000
11413  27.870  -62.661  -32.231 0.0000000000
11414  27.284  -62.644  -32.927 0.0000000000
11422  26.565  -62.472  -33.412 0.0000000000
11423  25.649  -62.387  -33.805 0.0000000000
12184  36.487  -60.987  -28.526 0.0000000000
12185  35.921  -61.097  -28.376 0.0000000000
12186  34.875  -61.165  -28.115 0.0000000000
12187  33.822  -61.130  -28.044 0.0000000000
12188  33.006  -61.172  -28.136 0.0000000000
12198  38.221  -60.979  -29.754 0.0000000000
12199  37.654  -61.105  -29.532 0.0000000000
12200  36.587  -61.279  -29.115 0.0000000000
12201  35.349  -61.700  -29.099 0.0000000000
12202  34.263  -61.748  -28.660 0.0000000000
12203  33.283  -61.798  -28.466 0.0000000000
12204  32.288  -61.616  -28.496 0.0000000000
12205  31.110  -61.586  -28.889 0.0000000000
12206  30.281  -61.872  -29.374 0.0000000000
12218  39.772  -61.117  -30.856 0.0000000000
12219  38.947  -61.294  -30.638 0.0000000000
12220  38.076  -61.346  -30.327 0.0000000000
12221  37.084  -61.579  -30.144 0.0000000000
12222  35.996  -61.859  -30.001 0.0000000000
12223  35.391  -61.979  -29.729 0.0000000000
12224  30.444  -61.179  -29.608 0.0000000000
12225  29.805  -61.581  -30.291 0.0000000000
12226  29.405  -61.879  -30.588 0.0000000000
12238  40.878  -61.284  -31.904 0.0000000000
12239  40.245  -61.521  -31.611 0.0000000000
12240  39.322  -61.721  -31.572 0.0000000000
12241  38.397  -61.688  -31.253 0.0000000000
12242  37.495  -61.756  -31.067 0.0000000000
12243  36.588  -61.959  -30.900 0.0000000000
12244  30.400  -60.806  -32.043 0.0000000000
12245  29.898  -61.097  -31.443 0.0000000000
12246  29.289  -61.757  -31.085 0.0000000000
12253  42.415  -61.550  -33.117 0.0000000000
12254  41.446  -61.564  -32.658 0.0000000000
12255  40.642  -61.886  -32.376 0.0000000000
12256  39.933  -61.999  -32.183 0.0000000000
12257  30.375  -60.792  -32.488 0.0000000000
12258  29.909  -60.904  -32.352 0.0000000000
12259  28.993  -61.346  -32.352 0.0000000000
12260  28.094  -61.877  -32.712 0.0000000000
12261  27.684  -62.237  -32.838 0.0000000000
12263  28.752  -60.944  -33.124 0.0000000000
12264  28.192  -61.191  -33.145 0.0000000000
12265  27.268  -61.669  -33.284 0.0000000000
12266  26.138  -61.549  -33.777 0.0000000000
12267  25.105  -61.424  -34.001 0.0000000000
13030  37.495  -59.576  -27.847 0.0000000000
13031  37.035  -59.795  -27.620 0.0000000000
13032  36.151  -59.923  -27.301 0.0000000000
13033  35.284  -59.838  -27.216 0.0000000000
13043  38.331  -59.921  -28.678 0.0000000000
13044  37.726  -60.014  -28.281 0.0000000000
13045  36.640  -60.558  -28.086 0.0000000000
13046  35.535  -60.535  -27.674 0.0000000000
13047  34.423  -60.232  -27.608 0.0000000000
13048  33.312  -60.386  -28.061 0.0000000000
13049  32.577  -60.797  -28.278 0.0000000000
13060  39.171  -60.150  -29.595 0.0000000000
13061  38.443  -60.423  -29.249 0.0000000000
13062  37.330  -60.757  -28.779 0.0000000000
13063  36.773  -60.919  -28.608 0.0000000000
13064  32.697  -60.272  -28.434 0.0000000000
13065  31.957  -60.559  -28.865 0.0000000000
13066  31.097  -60.727  -29.418 0.0000000000
13077  39.949  -60.423  -30.500 0.0000000000
13078  39.257  -60.618  -30.079 0.0000000000
13079  38.612  -60.949  -29.989 0.0000000000
13080  32.522  -59.974  -31.090 0.0000000000
13081  31.773  -60.196  -30.157 0.0000000000
13082  30.730  -60.723  -30.179 0.0000000000
13083  30.231  -61.027  -30.144 0.0000000000
13096  41.206  -60.622  -31.900 0.0000000000
13097  40.546  -60.698  -31.163 0.0000000000
13098  32.736  -60.130  -32.052 0.0000000000
13099  31.803  -60.292  -31.650 0.0000000000
13100  30.820  -60.639  -31.247 0.0000000000
13101  30.249  -60.949  -30.657 0.0000000000
13111  41.845  -60.587  -32.594 0.0000000000
13112  32.880  -60.101  -32.987 0.0000000000
13113  32.036  -60.377  -32.737 0.0000000000
13114  30.950  -60.627  -32.530 0.0000000000
13115  30.143  -60.802  -32.869 0.0000000000
13116  29.623  -60.898  -32.732 0.0000000000
13119  32.845  -59.886  -33.498 0.0000000000
13120  32.245  -60.044  -33.530 0.0000000000
13121  31.312  -60.209  -33.508 0.0000000000
13122  30.333  -60.313  -33.429 0.0000000000
13123  29.318  -60.574  -33.284 0.0000000000
13124  28.319  -60.438  -33.451 0.0000000000
13125  27.428  -60.569  -33.542 0.0000000000
13126  26.493  -60.675  -33.735 0.0000000000
13127  25.516  -60.590  -33.885 0.0000000000
13942  37.346  -59.189  -27.544 0.0000000000
13943  36.656  -59.203  -27.106 0.0000000000
13944  35.730  -59.190  -26.822 0.0000000000
13945  34.797  -59.143  -27.182 0.0000000000
13957  38.304  -59.411  -28.489 0.0000000000
13958  37.843  -59.250  -28.001 0.0000000000
13959  33.914  -59.172  -28.182 0.0000000000
13960  33.147  -59.927  -28.379 0.0000000000
13973  39.070  -59.637  -29.330 0.0000000000
13974  38.646  -59.699  -28.892 0.0000000000
13975  33.723  -59.023  -29.446 0.0000000000
13976  32.822  -59.804  -29.010 0.0000000000
13977  32.169  -60.058  -29.361 0.0000000000
13987  40.279  -59.808  -30.679 0.0000000000
13988  39.629  -59.761  -29.995 0.0000000000
13989  34.984  -59.029  -31.454 0.0000000000
13990  34.170  -59.130  -30.686 0.0000000000
13991  32.967  -59.697  -30.179 0.0000000000
13992  32.385  -59.877  -29.640 0.0000000000
14004  35.164  -59.244  -32.302 0.0000000000
14005  34.322  -59.481  -31.845 0.0000000000
14006  33.416  -59.780  -31.373 0.0000000000
14017  35.163  -59.274  -33.148 0.0000000000
14018  34.432  -59.542  -32.818 0.0000000000
14019  33.587  -59.838  -32.440 0.0000000000
14024  35.083  -59.128  -33.531 0.0000000000
14025  34.561  -59.220  -33.586 0.0000000000
14026  33.564  -59.665  -33.487 0.0000000000
14027  32.626  -59.574  -33.926 0.0000000000
14028  31.570  -59.351  -34.045 0.0000000000
14029  30.501  -59.442  -33.932 0.0000000000
14030  29.510  -59.565  -33.844 0.0000000000
14031  28.524  -59.620  -33.801 0.0000000000
14032  27.556  -59.639  -33.777 0.0000000000
14033  26.614  -59.731  -33.781 0.0000000000
14034  25.847  -59.891  -33.767 0.0000000000
14037  34.448  -59.082  -33.892 0.0000000000
14038  34.054  -59.134  -34.000 0.0000000000
14039  33.174  -59.081  -34.199 0.0000000000
14040  32.230  -58.842  -34.285 0.0000000000
14830  37.164  -58.487  -27.261 0.0000000000
14853  37.686  -58.664  -27.763 0.0000000000
14915  34.982  -59.037  -33.737 0.0000000000
14916  31.448  -58.492  -34.282 0.0000000000
14917  30.591  -58.356  -34.151 0.0000000000
14918  29.615  -58.526  -34.037 0.0000000000
14919  28.660  -58.619  -34.000 0.0000000000
14920  27.686  -58.680  -33.990 0.0000000000
14921  26.698  -58.741  -33.893 0.0000000000
14922  25.616  -58.865  -33.738 0.0000000000
14927  34.678  -58.793  -34.089 0.0000000000
14928  33.735  -58.498  -34.460 0.0000000000
14929  32.721  -58.271  -34.557 0.0000000000
14930  31.820  -58.013  -34.458 0.0000000000
14931  31.061  -57.741  -34.250 0.0000000000
15783  30.357  -57.290  -34.016 0.0000000000
15784  29.651  -57.497  -33.945 0.0000000000
15785  28.771  -57.601  -33.943 0.0000000000
15786  27.832  -57.688  -33.976 0.0000000000
15787  26.864  -57.757  -33.948 0.0000000000
15788  25.890  -57.817  -33.776 0.0000000000
15797  31.387  -57.192  -34.362 0.0000000000
15798  30.829  -57.032  -34.089 0.0000000000
16721  28.126  -56.056  -33.292 0.0000000000
16722  27.288  -56.041  -33.320 0.0000000000
16723  26.320  -56.111  -33.342 0.0000000000
16724  25.440  -56.327  -33.252 0.0000000000
16732  30.354  -56.456  -33.839 0.0000000000
16733  29.706  -56.642  -33.714 0.0000000000
16734  28.896  -56.581  -33.633 0.0000000000
16735  27.989  -56.764  -33.718 0.0000000000
16736  27.057  -56.838  -33.744 0.0000000000
16737  26.124  -56.931  -33.691 0.0000000000
16738  25.333  -57.036  -33.504 0.0000000000
16745  30.973  -56.441  -34.098 0.0000000000
17756  25.274  -54.782  -30.791 0.0000000000
17768  29.436  -54.605  -31.907 0.0000000000
17769  28.971  -54.898  -31.876 0.0000000000
17770  28.090  -55.101  -31.878 0.0000000000
17771  27.073  -55.002  -31.847 0.0000000000
17772  25.752  -54.994  -31.659 0.0000000000
17781  30.196  -54.846  -33.120 0.0000000000
17782  29.705  -55.005  -32.699 0.0000000000
17783  28.802  -55.613  -32.887 0.0000000000
17784  27.666  -55.550  -32.636 0.0000000000
17785  26.602  -55.478  -32.637 0.0000000000
17786  25.568  -55.675  -32.705 0.0000000000
17796  29.726  -55.876  -33.399 0.0000000000
17797  29.273  -56.154  -33.446 0.0000000000
18780  25.528  -53.635  -26.874 0.0000000000
18797  27.703  -53.533  -27.730 0.0000000000
18798  27.186  -53.724  -27.639 0.0000000000
18799  26.007  -53.947  -27.379 0.0000000000
18813  28.610  -53.658  -28.363 0.0000000000
18814  28.078  -53.851  -28.114 0.0000000000
18815  27.015  -54.314  -28.151 0.0000000000
18816  25.827  -54.495  -28.332 0.0000000000
18829  29.293  -53.745  -29.393 0.0000000000
18830  28.897  -53.844  -28.946 0.0000000000
18831  27.888  -54.463  -28.970 0.0000000000
18832  26.730  -54.659  -29.095 0.0000000000
18833  25.624  -54.722  -29.278 0.0000000000
18849  29.312  -53.933  -29.836 0.0000000000
18850  28.636  -54.473  -29.910 0.0000000000
18851  27.496  -54.770  -30.098 0.0000000000
18852  26.330  -54.720  -30.007 0.0000000000
18853  25.432  -54.706  -30.114 0.0000000000
18865  29.338  -54.305  -31.021 0.0000000000
18866  28.370  -54.733  -30.961 0.0000000000
18867  27.567  -54.836  -31.125 0.0000000000
18868  26.702  -54.767  -30.900 0.0000000000
18869  25.901  -54.704  -30.695 0.0000000000
18875  30.130  -54.422  -32.740 0.0000000000
18876  29.777  -54.268  -32.049 0.0000000000
19953  25.273  -53.325  -26.644 0.0000000000
19970  27.388  -53.183  -27.599 0.0000000000
19971  26.601  -53.310  -27.329 0.0000000000
19972  25.865  -53.333  -26.985 0.0000000000
19989  28.528  -53.157  -28.319 0.0000000000
19990  27.936  -53.284  -27.858 0.0000000000
20003  29.428  -53.358  -29.544 0.0000000000
20004  29.100  -53.082  -28.948 0.0000000000
20017  29.689  -53.448  -30.481 0.0000000000
20032  30.293  -54.086  -32.960 0.0000000000
21144  25.543  -53.023  -26.790 0.0000000000
21167  27.353  -52.893  -27.667 0.0000000000
21168  26.930  -52.870  -27.579 0.0000000000
21169  25.903  -52.793  -27.258 0.0000000000
21192  28.203  -52.586  -28.501 0.0000000000
21193  27.572  -52.689  -28.022 0.0000000000
21194  26.490  -52.456  -27.937 0.0000000000
21195  25.570  -52.357  -27.859 0.0000000000
21214  29.220  -52.653  -29.460 0.0000000000
21215  28.642  -52.449  -29.001 0.0000000000
21216  27.838  -52.158  -28.869 0.0000000000
21217  26.878  -52.146  -28.663 0.0000000000
21218  25.838  -52.151  -28.574 0.0000000000
21232  28.233  -51.944  -29.406 0.0000000000
22440  27.815  -51.842  -29.399 0.0000000000
22441  27.220  -51.801  -29.384 0.0000000000
22442  26.148  -51.860  -29.397 0.0000000000
22457  26.669  -51.395  -30.050 0.0000000000
