#!ascii label  , from subject colin27 vox2ras=TkReg coords=white
431
28009  48.483  -46.513  -10.870 0.0000000000
28021  47.842  -46.284  -11.394 0.0000000000
28022  47.467  -46.048  -11.751 0.0000000000
28033  47.251  -46.194  -12.372 0.0000000000
29132  48.175  -45.433  -9.090 0.0000000000
29133  47.214  -45.445  -8.593 0.0000000000
29134  46.653  -45.489  -8.349 0.0000000000
29154  48.869  -45.496  -9.834 0.0000000000
29155  48.208  -45.041  -9.946 0.0000000000
29170  49.120  -45.975  -10.344 0.0000000000
29171  48.045  -45.417  -10.801 0.0000000000
29172  47.404  -44.968  -11.206 0.0000000000
29183  47.662  -45.755  -11.432 0.0000000000
29184  47.227  -45.406  -11.766 0.0000000000
29192  46.920  -45.476  -12.906 0.0000000000
30337  47.863  -44.985  -9.686 0.0000000000
30338  47.355  -45.019  -9.347 0.0000000000
30339  46.472  -45.089  -8.878 0.0000000000
30353  47.929  -44.792  -9.957 0.0000000000
30354  47.547  -44.710  -9.953 0.0000000000
30355  46.725  -44.518  -9.839 0.0000000000
30356  45.736  -44.541  -9.408 0.0000000000
30357  44.841  -44.503  -9.064 0.0000000000
30372  47.856  -44.828  -10.279 0.0000000000
30373  47.270  -44.583  -10.689 0.0000000000
30374  46.536  -44.148  -10.593 0.0000000000
30389  46.947  -44.628  -11.560 0.0000000000
30401  46.658  -44.645  -12.435 0.0000000000
31548  44.249  -44.330  -8.673 0.0000000000
31563  45.873  -44.055  -10.238 0.0000000000
31564  44.991  -44.024  -9.880 0.0000000000
31565  44.097  -43.918  -9.445 0.0000000000
31566  43.169  -43.379  -9.627 0.0000000000
31567  42.648  -43.155  -9.389 0.0000000000
31587  46.580  -44.135  -11.273 0.0000000000
31588  45.992  -43.775  -11.027 0.0000000000
31589  45.126  -43.512  -10.800 0.0000000000
31590  44.294  -43.487  -10.298 0.0000000000
31591  43.721  -43.433  -10.015 0.0000000000
31608  46.481  -44.112  -12.033 0.0000000000
31609  46.072  -43.722  -11.778 0.0000000000
31610  45.526  -43.384  -11.587 0.0000000000
31622  46.424  -44.100  -12.501 0.0000000000
31623  46.093  -43.515  -12.657 0.0000000000
31624  45.752  -43.348  -12.101 0.0000000000
32793  42.971  -43.058  -10.109 0.0000000000
32794  42.433  -42.835  -9.993 0.0000000000
32795  41.874  -42.650  -9.535 0.0000000000
32813  44.855  -43.217  -11.047 0.0000000000
32814  44.472  -43.105  -10.977 0.0000000000
32815  43.377  -42.866  -10.681 0.0000000000
32816  42.634  -42.545  -10.623 0.0000000000
32834  44.927  -43.073  -11.406 0.0000000000
32835  44.219  -42.478  -11.682 0.0000000000
32836  43.545  -42.364  -11.443 0.0000000000
32847  45.324  -42.730  -12.378 0.0000000000
32848  44.560  -42.077  -12.406 0.0000000000
33926  42.127  -42.262  -10.592 0.0000000000
33927  41.215  -42.081  -10.036 0.0000000000
33928  40.530  -41.836  -9.422 0.0000000000
33942  43.230  -42.300  -11.352 0.0000000000
33943  42.668  -42.126  -11.202 0.0000000000
33944  41.770  -41.631  -11.089 0.0000000000
33960  44.098  -41.920  -12.251 0.0000000000
33961  43.395  -41.714  -12.028 0.0000000000
33962  42.380  -41.199  -11.809 0.0000000000
33963  41.672  -40.802  -11.592 0.0000000000
33971  44.251  -41.318  -12.855 0.0000000000
33972  43.565  -40.741  -12.765 0.0000000000
35110  58.763  -39.861  -9.889 0.0000000000
35111  58.561  -39.887  -9.733 0.0000000000
35112  58.173  -40.167  -9.796 0.0000000000
35113  57.475  -40.287  -9.937 0.0000000000
35114  56.726  -40.220  -10.075 0.0000000000
35115  40.729  -41.412  -10.349 0.0000000000
35116  40.161  -41.165  -10.006 0.0000000000
35127  58.890  -39.799  -10.144 0.0000000000
35128  58.685  -40.211  -10.263 0.0000000000
35129  58.105  -40.576  -10.495 0.0000000000
35130  57.257  -40.560  -10.670 0.0000000000
35131  56.185  -40.260  -10.673 0.0000000000
35132  55.391  -39.934  -10.890 0.0000000000
35133  40.885  -40.928  -10.969 0.0000000000
35134  40.238  -40.238  -10.760 0.0000000000
35151  59.082  -39.997  -10.845 0.0000000000
35152  58.718  -40.480  -11.171 0.0000000000
35153  57.990  -40.762  -11.413 0.0000000000
35154  56.987  -40.523  -11.555 0.0000000000
35155  55.902  -40.070  -11.603 0.0000000000
35156  55.070  -39.656  -11.282 0.0000000000
35157  42.898  -40.491  -12.479 0.0000000000
35158  42.125  -40.141  -12.150 0.0000000000
35159  41.405  -39.946  -11.708 0.0000000000
35166  59.318  -40.187  -11.879 0.0000000000
35167  58.786  -40.606  -12.242 0.0000000000
35168  57.828  -40.610  -12.459 0.0000000000
35169  56.732  -40.190  -12.556 0.0000000000
35170  55.884  -39.763  -12.352 0.0000000000
35171  44.034  -40.203  -13.243 0.0000000000
35172  43.469  -39.773  -12.916 0.0000000000
35187  44.609  -39.671  -13.536 0.0000000000
36373  49.686  -37.752  -9.911 0.0000000000
36374  48.773  -37.753  -9.980 0.0000000000
36375  47.927  -37.582  -10.090 0.0000000000
36376  39.658  -39.976  -10.318 0.0000000000
36386  58.966  -39.300  -10.367 0.0000000000
36387  55.358  -39.761  -10.323 0.0000000000
36388  54.621  -39.391  -10.608 0.0000000000
36389  53.567  -38.891  -10.675 0.0000000000
36390  52.482  -38.507  -10.605 0.0000000000
36391  51.403  -38.148  -10.474 0.0000000000
36392  50.313  -37.911  -10.599 0.0000000000
36393  49.258  -37.782  -10.475 0.0000000000
36394  48.408  -37.638  -10.492 0.0000000000
36395  47.714  -37.516  -10.585 0.0000000000
36396  40.735  -39.523  -11.311 0.0000000000
36397  40.116  -39.422  -10.822 0.0000000000
36413  59.243  -39.443  -11.482 0.0000000000
36414  55.214  -39.468  -11.917 0.0000000000
36415  54.348  -39.051  -11.413 0.0000000000
36416  53.159  -38.530  -11.539 0.0000000000
36417  51.935  -38.254  -11.188 0.0000000000
36418  50.973  -38.038  -11.036 0.0000000000
36419  50.524  -37.987  -10.999 0.0000000000
36420  42.893  -39.082  -12.541 0.0000000000
36421  41.973  -39.124  -12.069 0.0000000000
36422  41.404  -39.057  -11.695 0.0000000000
36428  56.156  -39.623  -12.973 0.0000000000
36429  55.488  -39.131  -12.713 0.0000000000
36430  54.653  -38.831  -12.197 0.0000000000
36431  54.001  -38.632  -11.893 0.0000000000
36432  45.007  -38.511  -13.379 0.0000000000
36433  44.148  -39.023  -13.262 0.0000000000
36434  43.550  -39.045  -12.878 0.0000000000
36444  55.875  -39.220  -13.187 0.0000000000
36445  46.019  -39.243  -14.088 0.0000000000
36446  45.180  -39.155  -13.695 0.0000000000
36447  44.711  -39.079  -13.497 0.0000000000
37649  43.155  -36.881  -9.991 0.0000000000
37669  47.077  -37.494  -10.449 0.0000000000
37670  46.149  -37.355  -10.395 0.0000000000
37671  45.098  -37.266  -10.455 0.0000000000
37672  44.076  -37.207  -10.522 0.0000000000
37673  43.005  -37.206  -10.543 0.0000000000
37674  41.853  -37.469  -10.747 0.0000000000
37675  40.775  -37.853  -10.771 0.0000000000
37676  39.733  -38.639  -10.440 0.0000000000
37693  58.797  -37.891  -11.103 0.0000000000
37694  49.560  -37.813  -11.021 0.0000000000
37695  48.766  -37.655  -11.024 0.0000000000
37696  47.967  -37.451  -11.031 0.0000000000
37697  47.167  -37.381  -11.100 0.0000000000
37698  46.274  -37.307  -11.150 0.0000000000
37699  45.278  -37.305  -11.188 0.0000000000
37700  44.268  -37.378  -11.242 0.0000000000
37701  43.267  -37.525  -11.277 0.0000000000
37702  42.280  -37.776  -11.309 0.0000000000
37703  41.266  -38.318  -11.356 0.0000000000
37704  40.471  -38.723  -11.014 0.0000000000
37721  59.143  -38.815  -11.730 0.0000000000
37722  58.842  -38.141  -11.673 0.0000000000
37723  52.963  -38.175  -12.121 0.0000000000
37724  52.286  -38.080  -11.892 0.0000000000
37725  51.337  -37.867  -11.660 0.0000000000
37726  50.307  -37.773  -11.416 0.0000000000
37727  49.163  -37.540  -11.687 0.0000000000
37728  48.251  -37.388  -11.607 0.0000000000
37729  47.454  -37.271  -11.660 0.0000000000
37730  46.542  -37.197  -11.980 0.0000000000
37731  45.471  -37.333  -12.046 0.0000000000
37732  44.461  -37.574  -12.035 0.0000000000
37733  43.477  -37.862  -12.049 0.0000000000
37734  42.570  -38.209  -11.924 0.0000000000
37735  41.868  -38.458  -11.720 0.0000000000
37743  55.372  -38.816  -12.988 0.0000000000
37744  54.957  -38.592  -12.886 0.0000000000
37745  53.774  -38.177  -12.580 0.0000000000
37746  52.642  -37.795  -12.525 0.0000000000
37747  51.704  -37.606  -12.382 0.0000000000
37748  50.745  -37.453  -12.249 0.0000000000
37749  49.784  -37.406  -12.267 0.0000000000
37750  46.688  -37.429  -12.737 0.0000000000
37751  45.817  -37.734  -12.941 0.0000000000
37752  44.712  -37.944  -12.834 0.0000000000
37753  43.811  -38.346  -12.678 0.0000000000
37765  55.567  -38.815  -13.445 0.0000000000
37766  54.616  -38.175  -13.644 0.0000000000
37767  53.731  -37.797  -13.538 0.0000000000
37768  49.334  -37.717  -14.203 0.0000000000
37769  48.920  -37.811  -14.115 0.0000000000
37770  48.013  -37.898  -13.960 0.0000000000
37771  46.860  -37.952  -13.609 0.0000000000
37772  45.738  -38.465  -13.608 0.0000000000
37800  49.596  -38.133  -14.466 0.0000000000
37801  48.434  -38.492  -14.382 0.0000000000
37802  47.470  -38.608  -14.273 0.0000000000
37803  46.760  -38.858  -14.226 0.0000000000
39073  42.449  -36.949  -10.092 0.0000000000
39074  41.388  -37.135  -10.206 0.0000000000
39075  40.316  -37.462  -10.179 0.0000000000
39095  59.280  -37.491  -9.809 0.0000000000
39096  58.942  -37.489  -10.664 0.0000000000
39114  58.666  -37.395  -11.429 0.0000000000
39115  49.032  -37.383  -12.407 0.0000000000
39116  48.422  -37.324  -12.246 0.0000000000
39117  47.720  -37.222  -12.208 0.0000000000
39118  47.115  -37.246  -12.265 0.0000000000
39129  52.980  -37.586  -13.265 0.0000000000
39130  52.043  -37.369  -13.123 0.0000000000
39131  51.099  -37.228  -13.022 0.0000000000
39132  50.153  -37.230  -13.007 0.0000000000
39133  49.281  -37.315  -12.997 0.0000000000
39134  48.519  -37.331  -12.894 0.0000000000
39135  47.860  -37.290  -12.786 0.0000000000
39136  47.256  -37.360  -12.808 0.0000000000
39151  53.932  -37.888  -14.219 0.0000000000
39152  53.189  -37.582  -14.065 0.0000000000
39153  52.308  -37.406  -13.927 0.0000000000
39154  51.369  -37.288  -13.805 0.0000000000
39155  50.476  -37.277  -13.723 0.0000000000
39156  49.539  -37.421  -13.848 0.0000000000
39157  48.684  -37.514  -13.547 0.0000000000
39158  47.876  -37.501  -13.361 0.0000000000
39159  47.443  -37.482  -13.156 0.0000000000
39180  53.386  -37.988  -14.652 0.0000000000
39181  52.546  -37.821  -14.637 0.0000000000
39182  51.585  -37.715  -14.515 0.0000000000
39183  50.641  -37.614  -14.336 0.0000000000
39184  50.049  -37.499  -14.175 0.0000000000
40401  60.388  -36.091  -7.922 0.0000000000
40427  60.566  -36.199  -8.589 0.0000000000
40444  60.507  -36.196  -9.358 0.0000000000
40445  60.022  -36.876  -9.081 0.0000000000
40454  60.378  -36.103  -9.851 0.0000000000
40455  59.818  -36.567  -9.983 0.0000000000
40456  59.288  -37.055  -10.306 0.0000000000
40468  59.737  -36.259  -10.554 0.0000000000
40469  59.144  -36.625  -10.888 0.0000000000
41748  60.536  -35.588  -7.916 0.0000000000
41749  60.090  -35.693  -7.701 0.0000000000
41750  59.263  -35.905  -7.521 0.0000000000
41751  58.366  -35.986  -7.535 0.0000000000
41752  57.373  -36.077  -7.567 0.0000000000
41754  55.090  -35.669  -7.567 0.0000000000
41755  54.261  -35.312  -7.687 0.0000000000
41779  61.266  -35.103  -8.540 0.0000000000
41780  60.922  -35.385  -8.342 0.0000000000
41781  59.748  -35.360  -7.771 0.0000000000
41782  59.012  -35.389  -7.961 0.0000000000
41783  57.984  -35.630  -8.061 0.0000000000
41784  56.938  -35.702  -8.125 0.0000000000
41785  55.886  -35.678  -8.205 0.0000000000
41786  54.935  -35.491  -8.324 0.0000000000
41787  54.089  -35.224  -8.436 0.0000000000
41805  61.403  -35.103  -8.845 0.0000000000
41806  61.043  -35.640  -9.029 0.0000000000
41807  58.468  -35.197  -8.472 0.0000000000
41808  57.646  -35.302  -8.792 0.0000000000
41809  56.637  -35.472  -8.883 0.0000000000
41810  55.676  -35.524  -9.042 0.0000000000
41811  54.730  -35.433  -9.181 0.0000000000
41812  53.855  -35.211  -9.319 0.0000000000
41820  61.537  -35.203  -9.539 0.0000000000
41821  60.900  -35.718  -9.865 0.0000000000
41822  60.238  -35.993  -10.340 0.0000000000
41823  57.210  -35.132  -9.407 0.0000000000
41824  56.467  -35.228  -9.705 0.0000000000
41825  55.458  -35.355  -9.936 0.0000000000
41826  54.500  -35.316  -10.073 0.0000000000
41827  53.722  -35.157  -10.143 0.0000000000
41836  61.438  -35.273  -10.295 0.0000000000
43058  53.775  -35.177  -7.339 0.0000000000
43076  60.555  -35.290  -7.968 0.0000000000
43077  60.267  -35.144  -7.878 0.0000000000
43078  53.574  -34.949  -7.756 0.0000000000
43079  52.752  -34.552  -7.714 0.0000000000
43080  51.992  -34.084  -7.833 0.0000000000
43106  61.317  -34.849  -8.642 0.0000000000
43107  60.789  -34.742  -8.264 0.0000000000
43108  59.892  -34.796  -8.157 0.0000000000
43109  59.124  -34.865  -8.503 0.0000000000
43110  53.277  -34.882  -8.545 0.0000000000
43111  52.444  -34.526  -8.613 0.0000000000
43112  51.685  -34.190  -8.660 0.0000000000
43132  61.897  -34.444  -9.401 0.0000000000
43133  60.437  -34.260  -8.532 0.0000000000
43134  59.647  -34.219  -8.974 0.0000000000
43135  58.456  -34.752  -9.149 0.0000000000
43136  57.713  -34.927  -9.378 0.0000000000
43137  52.963  -34.898  -9.608 0.0000000000
43138  52.024  -34.511  -9.502 0.0000000000
43139  51.259  -34.221  -9.412 0.0000000000
43147  61.939  -34.855  -10.120 0.0000000000
44294  51.437  -33.685  -7.443 0.0000000000
44295  50.806  -33.335  -6.878 0.0000000000
44296  50.404  -33.047  -6.297 0.0000000000
44311  51.402  -33.819  -8.090 0.0000000000
44312  50.751  -33.424  -7.961 0.0000000000
44313  50.253  -33.360  -8.414 0.0000000000
44339  61.363  -34.364  -8.825 0.0000000000
44340  61.018  -34.130  -8.735 0.0000000000
44341  51.033  -33.902  -8.677 0.0000000000
44342  50.466  -33.653  -8.795 0.0000000000
44343  49.913  -33.423  -8.942 0.0000000000
44365  50.704  -33.979  -9.295 0.0000000000
44366  50.208  -33.737  -9.584 0.0000000000
44367  49.635  -33.402  -9.802 0.0000000000
45522  49.454  -32.518  -6.060 0.0000000000
45534  50.315  -32.957  -7.253 0.0000000000
45535  49.909  -32.722  -6.754 0.0000000000
45536  49.000  -32.199  -6.548 0.0000000000
45544  50.478  -33.116  -7.500 0.0000000000
45545  49.850  -33.006  -8.005 0.0000000000
45546  48.983  -32.421  -7.571 0.0000000000
45563  49.251  -33.096  -9.183 0.0000000000
45564  48.725  -32.634  -8.663 0.0000000000
45578  49.111  -33.039  -10.097 0.0000000000
45579  48.615  -32.617  -9.688 0.0000000000
46642  48.210  -31.762  -5.768 0.0000000000
46644  46.945  -31.283  -5.199 0.0000000000
46645  46.398  -31.128  -4.855 0.0000000000
46653  48.333  -31.763  -6.344 0.0000000000
46654  47.778  -31.447  -6.142 0.0000000000
46655  47.197  -31.187  -5.971 0.0000000000
46663  48.267  -31.907  -7.282 0.0000000000
46664  47.599  -31.470  -6.996 0.0000000000
46665  47.252  -31.226  -6.585 0.0000000000
46677  48.113  -32.097  -8.280 0.0000000000
46678  47.485  -31.629  -8.005 0.0000000000
46686  47.939  -32.038  -9.389 0.0000000000
46687  47.544  -31.651  -8.836 0.0000000000
47787  46.360  -30.901  -5.373 0.0000000000
47788  45.743  -30.807  -5.075 0.0000000000
47789  44.967  -30.603  -4.923 0.0000000000
47797  46.630  -30.915  -5.863 0.0000000000
47798  45.899  -30.628  -6.015 0.0000000000
47799  45.021  -30.380  -5.661 0.0000000000
47809  47.087  -31.192  -7.012 0.0000000000
47810  46.547  -30.883  -6.834 0.0000000000
47811  45.677  -30.463  -6.877 0.0000000000
48928  54.334  -29.205  -2.571 0.0000000000
48932  55.623  -29.097  -3.234 0.0000000000
48933  54.873  -29.272  -3.271 0.0000000000
48934  54.116  -29.168  -3.362 0.0000000000
48936  42.188  -29.303  -3.274 0.0000000000
48938  55.262  -28.963  -3.723 0.0000000000
48939  54.687  -29.146  -3.971 0.0000000000
48940  54.007  -29.142  -4.101 0.0000000000
48941  43.940  -30.229  -4.453 0.0000000000
48942  43.142  -29.702  -4.274 0.0000000000
48943  42.303  -29.002  -3.975 0.0000000000
48948  44.218  -30.065  -5.048 0.0000000000
48949  43.526  -29.401  -5.398 0.0000000000
48958  45.160  -30.229  -6.489 0.0000000000
48959  44.234  -29.603  -6.363 0.0000000000
50022  47.025  -27.663  0.077 0.0000000000
50024  41.556  -27.863  -1.086 0.0000000000
50028  53.750  -29.038  -1.776 0.0000000000
50029  52.868  -28.651  -1.720 0.0000000000
50030  51.831  -28.210  -1.689 0.0000000000
50031  50.586  -27.755  -1.642 0.0000000000
50032  49.541  -27.640  -1.079 0.0000000000
50033  49.016  -27.444  -0.914 0.0000000000
50035  41.454  -27.903  -1.792 0.0000000000
50041  56.241  -28.772  -3.233 0.0000000000
50042  53.513  -28.893  -2.622 0.0000000000
50043  52.651  -28.402  -2.711 0.0000000000
50044  51.544  -27.781  -2.841 0.0000000000
50045  50.770  -27.514  -2.416 0.0000000000
50046  41.645  -28.650  -2.468 0.0000000000
50047  41.469  -27.765  -2.631 0.0000000000
50049  56.444  -28.236  -3.356 0.0000000000
50050  55.822  -28.459  -3.625 0.0000000000
50051  53.394  -28.827  -3.564 0.0000000000
50054  41.747  -28.285  -3.557 0.0000000000
50055  41.489  -27.615  -3.209 0.0000000000
50063  42.980  -29.149  -5.023 0.0000000000
50064  42.319  -28.571  -4.735 0.0000000000
51267  47.966  -27.397  -0.411 0.0000000000
51268  47.264  -27.364  -0.254 0.0000000000
51269  46.421  -27.322  0.044 0.0000000000
51270  45.308  -27.031  0.130 0.0000000000
51271  44.228  -26.872  0.137 0.0000000000
51272  43.146  -26.869  -0.109 0.0000000000
51273  42.044  -27.026  -0.821 0.0000000000
51274  41.561  -27.430  -1.362 0.0000000000
51280  49.779  -27.348  -1.687 0.0000000000
51281  49.198  -27.210  -1.369 0.0000000000
51282  48.527  -27.086  -0.969 0.0000000000
51283  47.613  -26.958  -0.724 0.0000000000
51284  46.953  -27.004  -0.496 0.0000000000
51285  41.939  -26.542  -1.496 0.0000000000
51286  41.538  -27.007  -1.897 0.0000000000
51290  56.594  -27.392  -2.820 0.0000000000
51293  50.190  -27.209  -2.313 0.0000000000
51294  49.398  -26.929  -1.989 0.0000000000
51295  48.882  -26.876  -1.567 0.0000000000
51296  41.443  -27.063  -2.905 0.0000000000
51298  56.192  -27.905  -3.480 0.0000000000
51303  41.697  -27.790  -4.315 0.0000000000
51304  41.483  -27.302  -3.749 0.0000000000
52638  46.577  -26.852  -0.467 0.0000000000
52639  46.007  -26.641  -0.425 0.0000000000
52640  44.982  -26.416  -0.414 0.0000000000
52641  43.921  -26.288  -0.466 0.0000000000
52642  42.994  -26.309  -0.716 0.0000000000
52654  48.544  -26.731  -1.465 0.0000000000
52655  48.005  -26.581  -1.323 0.0000000000
52656  46.899  -26.485  -1.019 0.0000000000
52657  45.774  -25.981  -1.049 0.0000000000
52658  44.660  -25.858  -0.975 0.0000000000
52659  43.639  -25.791  -1.110 0.0000000000
52660  42.544  -25.982  -1.494 0.0000000000
52661  41.851  -26.246  -1.921 0.0000000000
52670  56.246  -26.505  -1.856 0.0000000000
52673  48.700  -26.447  -2.003 0.0000000000
52674  47.634  -25.989  -1.872 0.0000000000
52675  46.633  -25.805  -1.681 0.0000000000
52676  45.880  -25.571  -1.717 0.0000000000
52677  42.146  -25.693  -2.437 0.0000000000
52678  41.636  -26.342  -2.580 0.0000000000
52691  41.742  -25.817  -3.030 0.0000000000
52692  41.494  -26.366  -3.429 0.0000000000
54102  45.218  -25.588  -1.486 0.0000000000
54103  44.427  -25.447  -1.613 0.0000000000
54104  43.481  -25.397  -1.814 0.0000000000
54105  42.804  -25.419  -2.150 0.0000000000
37663  59.051  -38.478  -9.577 0.0000000000
37692  58.931  -38.432  -10.768 0.0000000000
39072  59.503  -37.660  -8.797 0.0000000000
40428  60.013  -36.890  -8.220 0.0000000000
