#!ascii label, from subject  
392
106391 37.113068 13.683113 -10.993764 0.000000
107653 36.858707 14.174852 -9.188599 0.000000
107654 36.067043 13.837749 -8.959211 0.000000
107662 36.963722 14.311370 -10.038300 0.000000
107663 36.311325 13.762189 -9.721637 0.000000
107667 37.264549 14.186791 -10.743972 0.000000
107668 36.701706 13.742120 -10.432428 0.000000
107673 37.665035 14.053775 -11.249498 0.000000
107682 38.874065 14.268976 -11.592119 0.000000
107683 38.209969 14.027181 -11.565953 0.000000
107695 40.466564 14.478974 -11.989028 0.000000
107696 39.625957 14.229486 -11.758447 0.000000
107697 38.809570 14.074769 -11.714440 0.000000
108915 37.719257 14.839763 -7.316144 0.000000
108926 37.818020 14.601250 -7.727927 0.000000
108927 37.012516 14.254725 -7.746711 0.000000
108935 38.525013 14.779372 -8.309913 0.000000
108936 37.927353 14.304256 -8.248337 0.000000
108937 36.684586 14.086974 -8.485898 0.000000
108946 38.652187 14.564953 -8.745957 0.000000
108947 37.714897 14.466255 -9.454259 0.000000
108954 38.604481 14.719232 -9.728131 0.000000
108955 37.760612 14.561921 -10.316373 0.000000
108962 38.691860 14.666323 -10.568751 0.000000
108963 38.001358 14.430824 -10.988551 0.000000
108970 38.960007 14.554435 -11.259215 0.000000
108971 38.255119 14.289924 -11.389313 0.000000
108982 40.484791 14.722863 -11.968163 0.000000
108983 39.803516 14.474641 -11.640045 0.000000
108994 42.475063 15.201203 -13.707268 0.000000
108995 41.930218 15.030176 -13.099957 0.000000
108996 41.193638 14.806591 -12.440473 0.000000
109012 44.809029 14.863723 -15.884934 0.000000
109020 45.002296 14.720744 -16.246664 0.000000
110157 39.233826 16.393576 -6.458054 0.000000
110158 38.595497 15.611635 -6.697568 0.000000
110166 40.048080 16.487350 -6.940737 0.000000
110167 39.416084 16.122780 -7.029115 0.000000
110168 38.447128 15.094485 -7.572660 0.000000
110176 40.104340 16.243601 -7.412015 0.000000
110177 39.158936 15.398559 -8.094044 0.000000
110178 38.488598 14.877447 -8.039531 0.000000
110185 41.064686 16.392143 -8.466488 0.000000
110186 40.407608 16.107254 -8.397295 0.000000
110187 39.521988 15.065968 -9.013165 0.000000
110195 41.215168 16.148048 -8.913903 0.000000
110196 40.366299 15.737821 -9.506615 0.000000
110197 39.670879 14.887083 -9.941575 0.000000
110204 41.285576 15.961717 -9.847896 0.000000
110205 40.644104 15.134006 -10.297035 0.000000
110206 39.697990 14.832031 -10.856012 0.000000
110210 41.498287 15.572057 -10.740068 0.000000
110211 40.634537 15.144559 -11.293572 0.000000
110212 40.022732 14.726085 -11.455948 0.000000
110221 41.420303 15.706369 -11.908633 0.000000
110222 40.872833 15.059076 -12.070968 0.000000
110223 40.282063 14.706985 -11.766556 0.000000
110237 43.321674 16.135538 -14.330930 0.000000
110238 42.895084 15.694613 -14.058564 0.000000
110239 41.865089 15.574025 -12.961973 0.000000
110240 41.414017 15.155425 -12.653908 0.000000
110249 44.626579 15.936885 -15.360842 0.000000
110250 44.022850 15.561714 -15.016219 0.000000
110251 43.487820 15.223624 -14.635283 0.000000
110260 45.012497 15.320311 -15.878731 0.000000
110261 44.610420 15.035888 -15.642997 0.000000
110272 45.553036 14.828400 -16.912207 0.000000
111324 39.956169 17.785410 -6.623831 0.000000
111325 39.584518 17.290899 -6.400956 0.000000
111326 39.014851 16.906399 -6.079651 0.000000
111337 40.231804 17.403719 -7.040565 0.000000
111338 39.862785 17.002443 -6.746477 0.000000
111345 41.095219 17.897358 -7.945452 0.000000
111346 40.673332 17.086063 -7.629594 0.000000
111354 41.973503 18.135809 -9.008686 0.000000
111355 41.371067 17.215893 -8.606454 0.000000
111356 41.052326 16.749165 -8.112142 0.000000
111364 42.337292 17.674814 -9.823099 0.000000
111365 41.906612 16.672573 -9.279737 0.000000
111374 43.181465 18.168640 -11.186886 0.000000
111375 42.593807 17.356945 -10.786805 0.000000
111376 42.129616 16.378042 -10.212943 0.000000
111383 43.390812 17.760874 -12.242988 0.000000
111384 42.691784 17.133038 -11.861569 0.000000
111385 42.091019 16.385788 -11.395541 0.000000
111390 43.441135 17.383078 -13.331492 0.000000
111391 42.787910 16.884245 -12.885159 0.000000
111392 42.149643 16.322872 -12.457724 0.000000
111402 44.421616 17.142214 -14.654332 0.000000
111403 43.724926 16.733051 -14.334876 0.000000
111404 42.969360 16.546305 -13.788847 0.000000
111405 42.397762 16.251551 -13.319977 0.000000
111413 45.641434 17.138470 -15.816255 0.000000
111414 45.141323 16.630402 -15.530937 0.000000
111415 44.351524 16.385660 -15.001485 0.000000
111423 45.972691 16.623392 -16.376226 0.000000
111424 45.799141 15.673392 -16.616674 0.000000
111436 46.407204 15.992816 -17.255657 0.000000
111437 45.940563 15.317431 -18.056219 0.000000
112527 39.851524 18.326046 -6.355175 0.000000
112528 39.404633 18.609673 -6.155478 0.000000
112529 38.978298 18.053795 -5.703838 0.000000
112540 40.185627 18.814768 -6.721611 0.000000
112541 39.791973 18.921783 -6.437602 0.000000
112549 41.204018 19.218628 -7.669119 0.000000
112550 40.705170 18.396946 -7.332589 0.000000
112558 42.051979 19.491230 -8.700784 0.000000
112559 41.582436 18.695456 -8.312356 0.000000
112566 42.918453 19.776958 -9.719629 0.000000
112567 42.436604 19.017918 -9.424645 0.000000
112575 43.412571 19.421087 -10.534004 0.000000
112576 42.812111 18.579796 -10.251578 0.000000
112584 44.409576 19.623735 -12.089457 0.000000
112585 43.898544 18.914513 -11.551249 0.000000
112592 44.537399 19.097219 -13.266724 0.000000
112593 43.997002 18.429665 -12.706814 0.000000
112602 45.362190 18.844574 -15.097930 0.000000
112603 44.811279 18.196228 -14.565517 0.000000
112604 44.150738 17.828733 -13.807378 0.000000
112613 45.879307 17.838278 -16.033978 0.000000
112614 45.340374 17.703695 -15.434001 0.000000
112621 46.510406 16.979704 -17.093586 0.000000
112632 46.649734 16.194126 -18.521156 0.000000
112633 45.994915 15.698714 -18.970865 0.000000
112645 46.528214 16.427347 -19.542078 0.000000
113911 39.230175 19.557838 -6.271813 0.000000
113912 38.795536 19.700502 -5.946366 0.000000
113926 40.115108 19.527447 -6.919499 0.000000
113927 39.644825 19.813799 -6.691216 0.000000
113928 39.109333 20.035189 -6.377177 0.000000
113938 41.102985 19.809931 -7.703259 0.000000
113939 40.508007 19.893135 -7.382213 0.000000
113940 39.840763 20.684801 -7.164567 0.000000
113948 42.016792 20.082554 -8.621537 0.000000
113949 41.424877 20.168905 -8.249549 0.000000
113950 40.621193 21.012707 -7.983580 0.000000
113958 42.814655 20.290527 -9.568498 0.000000
113959 42.294334 20.401117 -9.177256 0.000000
113960 41.417103 21.163782 -8.958726 0.000000
113961 39.292725 21.594999 -10.451947 0.000000
113962 39.004864 21.627310 -10.578984 0.000000
113971 43.015575 20.545351 -9.971755 0.000000
113972 42.336884 21.356211 -9.797003 0.000000
113973 39.741302 21.700918 -10.799306 0.000000
113974 39.423008 21.640909 -10.730339 0.000000
113975 38.623123 21.670782 -11.173052 0.000000
113983 44.516396 20.475452 -11.810244 0.000000
113984 43.962807 20.544313 -11.016378 0.000000
113985 39.647743 21.767353 -11.047736 0.000000
113986 39.078224 21.752592 -11.493750 0.000000
113987 38.395855 21.684713 -11.879761 0.000000
113996 44.719116 20.348669 -12.586019 0.000000
114006 45.438507 19.762632 -14.850908 0.000000
114007 45.188892 20.006987 -13.909615 0.000000
114017 46.048668 19.759747 -15.995743 0.000000
114018 45.843880 19.549540 -15.678220 0.000000
114026 46.311939 19.538179 -16.353447 0.000000
114027 46.459026 18.338573 -16.698868 0.000000
114034 46.862240 18.965872 -17.296616 0.000000
114035 46.895485 17.553677 -17.897560 0.000000
114044 47.150883 18.395695 -18.538700 0.000000
114045 46.972187 17.114355 -19.306917 0.000000
114057 47.191029 18.091396 -19.728003 0.000000
115369 39.479366 20.859453 -6.893208 0.000000
115370 38.804806 21.029209 -6.661850 0.000000
115371 37.478836 22.081722 -7.439143 0.000000
115383 40.085426 21.104809 -7.612882 0.000000
115384 39.182220 21.450983 -7.671154 0.000000
115385 37.967457 22.242954 -8.023947 0.000000
115386 36.662685 22.595060 -8.577716 0.000000
115398 40.621719 21.310833 -8.831636 0.000000
115399 39.576710 21.583416 -8.724581 0.000000
115400 38.229378 22.133617 -9.041325 0.000000
115401 36.896706 22.345171 -9.323616 0.000000
115409 41.453709 21.510067 -9.672124 0.000000
115410 40.571030 21.538792 -9.668526 0.000000
115411 39.569874 21.589117 -9.969121 0.000000
115412 38.334332 21.820250 -10.390151 0.000000
115413 37.114204 22.113503 -10.229034 0.000000
115422 42.721340 21.665272 -10.513079 0.000000
115423 41.413280 21.948000 -10.478451 0.000000
115424 40.243420 21.762646 -10.527435 0.000000
115425 39.934082 21.612570 -10.241253 0.000000
115426 37.889709 21.766907 -11.652278 0.000000
115427 37.030457 22.008614 -11.273878 0.000000
115436 44.416065 21.339060 -11.834288 0.000000
115437 43.218342 22.191631 -11.302488 0.000000
115438 41.596024 22.566730 -11.234320 0.000000
115439 39.952808 22.174110 -11.533247 0.000000
115440 38.750862 21.920221 -12.276759 0.000000
115441 38.025391 21.800087 -12.454494 0.000000
115442 37.424397 21.984282 -12.283430 0.000000
115451 44.923973 21.470837 -12.841979 0.000000
115452 43.855232 22.741655 -12.221413 0.000000
115453 42.072575 23.487154 -12.013735 0.000000
115454 40.351837 22.943066 -12.411405 0.000000
115455 39.208157 22.316669 -12.883421 0.000000
115456 38.381599 22.031733 -13.091068 0.000000
115457 37.876087 22.143572 -13.053524 0.000000
115468 45.590237 20.607527 -14.673806 0.000000
115469 45.456932 21.752497 -13.860874 0.000000
115470 44.560829 22.842110 -13.179128 0.000000
115471 42.781647 24.065926 -13.275452 0.000000
115472 40.737301 23.716684 -13.380821 0.000000
115473 39.592102 22.727835 -13.720820 0.000000
115474 38.703228 22.440310 -13.891848 0.000000
115475 38.207054 22.276985 -13.502521 0.000000
115487 46.140118 20.205629 -15.957892 0.000000
115488 45.949177 21.053837 -15.284420 0.000000
115489 45.757622 21.430414 -14.560072 0.000000
115490 42.435249 24.123215 -14.291672 0.000000
115491 41.091213 23.893930 -14.678032 0.000000
115492 39.821751 23.058380 -14.749962 0.000000
115493 39.214119 22.628332 -14.397031 0.000000
115502 46.709911 20.492975 -16.560293 0.000000
115503 46.329937 20.858614 -15.847539 0.000000
115504 40.588455 23.448023 -15.415220 0.000000
115505 40.284271 23.321854 -15.220735 0.000000
115515 47.736473 20.622166 -18.294888 0.000000
115516 47.311935 19.849316 -17.776175 0.000000
115523 47.934879 20.332705 -19.634583 0.000000
115524 47.508705 19.278337 -19.129244 0.000000
116908 36.830925 22.436203 -11.930727 0.000000
116920 37.407574 22.447166 -12.905224 0.000000
116930 45.495796 22.318672 -14.072547 0.000000
116931 45.130806 22.870024 -13.891786 0.000000
116932 44.171616 23.811407 -13.707711 0.000000
116933 38.527668 22.648914 -14.253164 0.000000
116934 38.121033 22.667456 -13.873492 0.000000
116945 46.094727 21.688032 -15.155576 0.000000
116946 45.736538 22.262886 -14.620200 0.000000
116947 44.786221 23.745813 -14.411118 0.000000
116948 43.360935 24.574747 -14.310225 0.000000
116949 42.263699 24.500727 -14.751188 0.000000
116950 39.494690 22.981333 -15.211568 0.000000
116951 38.919758 22.959372 -14.873426 0.000000
116952 38.308899 23.076511 -14.593281 0.000000
116959 46.903332 21.277298 -16.469355 0.000000
116960 46.526978 21.765198 -15.742295 0.000000
116961 45.714344 23.412758 -15.273264 0.000000
116962 44.381886 24.817392 -15.101734 0.000000
116963 42.868824 24.866339 -15.303476 0.000000
116964 41.292477 23.880751 -15.681334 0.000000
116965 39.942528 23.230047 -15.746600 0.000000
116966 39.201523 23.348413 -15.783978 0.000000
116973 47.931755 21.244913 -17.880415 0.000000
116974 47.578899 21.586647 -17.122347 0.000000
116975 46.792534 23.208300 -16.249086 0.000000
116976 45.555588 24.525558 -16.045538 0.000000
116977 43.898125 24.976919 -16.283363 0.000000
116978 42.059261 24.256607 -16.634470 0.000000
116979 40.830620 23.652754 -16.633635 0.000000
116980 40.085625 23.621603 -16.685293 0.000000
116988 48.211662 21.531527 -18.410946 0.000000
116989 48.083382 22.508583 -17.852760 0.000000
116990 42.885414 24.586922 -17.178757 0.000000
116991 42.084812 24.191202 -17.473455 0.000000
116999 48.534027 21.699461 -19.884830 0.000000
117009 48.809849 22.123745 -21.808313 0.000000
118274 37.027203 22.871643 -12.659439 0.000000
118284 37.427238 23.106529 -13.392313 0.000000
118291 37.900032 23.416653 -14.251937 0.000000
118301 38.883926 23.374512 -15.556838 0.000000
118302 38.488060 23.633926 -15.177291 0.000000
118312 39.556171 23.561241 -16.353186 0.000000
118313 39.029583 23.817562 -16.170004 0.000000
118320 47.581226 23.102757 -17.180756 0.000000
118321 46.644310 24.104671 -17.065285 0.000000
118322 45.278156 24.974865 -17.037439 0.000000
118323 43.991055 25.197483 -17.237095 0.000000
118324 41.373257 23.905569 -17.270634 0.000000
118325 40.667133 23.918589 -17.306746 0.000000
118326 39.848179 24.079954 -17.097134 0.000000
118333 48.474331 22.519909 -18.746504 0.000000
118334 47.769428 23.566502 -18.237890 0.000000
118335 46.359253 24.695465 -18.094608 0.000000
118336 44.706429 25.171150 -18.056160 0.000000
118337 42.960236 24.696115 -18.007851 0.000000
118338 41.622028 24.243124 -17.961582 0.000000
118339 40.747906 24.428116 -17.952967 0.000000
118349 48.575821 23.085043 -19.815159 0.000000
118350 47.428471 24.421219 -19.574841 0.000000
118351 45.568130 25.085537 -19.158951 0.000000
118352 43.854912 25.034962 -18.973221 0.000000
118353 42.547173 24.758375 -18.769844 0.000000
118354 41.630352 24.748413 -18.608904 0.000000
118368 48.504166 23.809958 -21.194349 0.000000
118369 47.422333 24.705692 -20.820274 0.000000
119684 46.218643 25.145662 -20.317001 0.000000
119685 44.701977 25.257889 -19.944700 0.000000
114046 46.450939 16.726631 -20.148449 0.000000
114058 46.808750 17.487236 -20.601248 0.000000
115533 48.205059 20.408562 -21.246778 0.000000
115534 47.429176 18.759937 -20.885284 0.000000
115535 46.833313 17.910429 -21.412464 0.000000
115544 48.293377 20.586199 -22.732658 0.000000
115545 47.580761 19.407923 -22.511667 0.000000
115558 48.160610 20.635944 -23.568323 0.000000
115559 47.656925 20.035099 -23.637764 0.000000
115560 46.661373 19.382204 -23.694180 0.000000
117018 48.948421 22.433849 -23.032192 0.000000
117019 48.577862 21.450754 -23.485655 0.000000
117020 47.906483 20.748604 -24.310402 0.000000
117032 48.768520 22.296188 -24.049339 0.000000
117033 48.248039 21.734278 -24.752897 0.000000
117008 49.000656 22.544556 -22.478825 0.000000
118367 48.938431 23.122860 -22.586327 0.000000
118381 48.958096 23.062977 -23.813452 0.000000
118392 48.512203 22.948742 -25.031712 0.000000
119696 48.537121 24.068281 -22.381187 0.000000
119697 47.817688 24.690069 -21.809376 0.000000
119698 46.745800 25.207422 -21.346699 0.000000
119699 45.524830 25.537134 -21.062159 0.000000
119711 48.706089 23.929287 -23.426506 0.000000
119712 48.123264 24.898653 -22.958899 0.000000
119713 47.256100 25.351889 -22.230337 0.000000
119714 46.457623 25.661341 -21.841019 0.000000
119723 48.618622 23.755741 -24.566872 0.000000
119724 48.365990 24.706261 -24.216013 0.000000
117021 46.914883 20.245476 -24.575897 0.000000
117022 45.750168 19.958662 -24.668650 0.000000
117023 44.736977 20.021025 -24.710485 0.000000
117034 47.302711 21.160738 -25.309954 0.000000
117035 46.103252 20.817514 -25.488382 0.000000
117036 44.913891 20.725973 -25.457560 0.000000
117037 44.150402 20.774912 -25.486519 0.000000
117046 43.442616 21.238016 -26.310705 0.000000
118393 47.686665 22.291023 -25.809202 0.000000
118394 46.582115 21.795885 -26.290905 0.000000
118395 45.274910 21.552155 -26.313812 0.000000
118396 44.203381 21.539917 -26.134464 0.000000
118397 43.644470 21.491867 -26.244280 0.000000
118398 43.433811 21.470201 -26.396217 0.000000
118409 47.027054 23.039640 -26.842529 0.000000
118410 45.797810 22.565889 -27.191599 0.000000
118411 44.519085 22.324360 -27.060753 0.000000
118412 43.642982 22.235958 -26.863556 0.000000
118413 43.114925 22.287600 -27.012318 0.000000
111447 45.584717 15.509975 -19.181194 0.000000
111448 45.143528 15.540713 -19.773266 0.000000
111449 44.920776 15.783453 -20.632381 0.000000
112646 45.747375 16.154217 -20.069916 0.000000
112647 45.075302 16.189508 -20.731543 0.000000
112648 44.946945 16.251398 -21.109180 0.000000
112659 45.360001 16.740776 -20.980310 0.000000
112660 45.157867 16.596441 -21.062075 0.000000
112661 44.946873 16.809181 -21.702429 0.000000
112672 44.766201 17.542809 -22.621603 0.000000
112673 44.553825 17.901396 -23.182676 0.000000
112681 44.285023 18.528463 -24.022806 0.000000
112688 44.063564 19.077330 -24.832083 0.000000
114059 45.779682 17.092552 -21.003004 0.000000
114060 45.154743 17.217196 -21.704300 0.000000
114061 44.879295 17.574224 -22.400070 0.000000
114071 46.263683 17.646200 -21.518967 0.000000
114072 45.524101 17.768066 -22.088686 0.000000
114073 44.916271 18.034113 -22.683523 0.000000
114074 44.579235 18.303881 -23.251671 0.000000
114075 44.340153 18.593851 -23.773558 0.000000
114086 44.280815 18.957140 -24.015337 0.000000
114087 44.130711 19.197559 -24.520338 0.000000
114096 43.881424 19.723883 -25.320156 0.000000
115546 46.399220 18.385347 -22.462812 0.000000
115547 45.164898 18.549307 -23.142176 0.000000
115548 44.589931 18.815414 -23.604925 0.000000
115549 44.408974 18.935432 -23.817583 0.000000
115561 45.453747 19.211634 -23.813974 0.000000
115562 44.645920 19.391930 -24.134226 0.000000
115563 44.166691 19.668455 -24.719587 0.000000
115564 43.950382 19.754166 -25.062767 0.000000
115572 43.828136 20.439505 -25.524469 0.000000
115573 43.708389 20.412243 -25.745304 0.000000
117024 44.251324 20.113823 -24.947186 0.000000
117038 43.803066 20.749155 -25.715069 0.000000
117039 43.592609 20.862762 -25.964806 0.000000
114103 43.613628 20.269085 -26.147636 0.000000
114114 43.342422 20.704786 -26.965780 0.000000
115579 43.271481 21.045588 -26.653912 0.000000
115587 43.117958 20.951141 -27.764803 0.000000
115588 42.909260 21.443424 -27.399294 0.000000
115597 42.870346 21.121637 -28.466141 0.000000
115598 42.609974 21.626719 -28.108208 0.000000
115607 42.477360 21.601042 -28.532398 0.000000
117047 43.299019 21.404165 -26.603020 0.000000
117055 42.795326 21.893143 -27.190918 0.000000
117064 42.435863 22.290712 -27.952848 0.000000
117072 42.019695 22.283041 -28.802849 0.000000
118414 42.868786 22.140360 -27.120268 0.000000
118425 42.783821 23.219366 -27.909479 0.000000
118426 42.521557 22.955320 -27.890490 0.000000
118438 41.953930 23.362949 -28.733988 0.000000
118448 41.431919 23.661692 -29.453316 0.000000
