#!ascii label, from subject  
163
86108 46.760254 -0.940006 -5.775042 0.000000
86109 45.838081 -1.042464 -5.809545 0.000000
86110 44.899391 -1.155264 -5.537836 0.000000
86111 43.722820 -1.119311 -5.379285 0.000000
86112 42.327946 -0.801102 -5.208264 0.000000
86113 41.008457 -0.441993 -5.865617 0.000000
87527 46.525867 -0.249692 -6.153293 0.000000
87528 45.787678 0.147040 -6.092470 0.000000
87529 44.779457 0.113991 -5.754768 0.000000
87530 43.723110 0.069047 -5.680819 0.000000
87531 42.588581 0.005570 -5.966213 0.000000
87532 41.202190 0.303412 -6.584004 0.000000
87542 47.208881 -0.272556 -6.264834 0.000000
87543 46.386902 0.172712 -6.234622 0.000000
89017 45.318836 0.975614 -6.306401 0.000000
89018 44.703407 0.952680 -6.199749 0.000000
89019 43.719086 0.855347 -6.332530 0.000000
89020 42.656677 0.696517 -6.566486 0.000000
89021 41.946430 0.513687 -6.662066 0.000000
89026 48.947727 1.289197 -7.515528 0.000000
89027 48.188591 1.109357 -7.186627 0.000000
89028 47.169479 1.038483 -6.886932 0.000000
89029 45.966164 1.065831 -6.553203 0.000000
89030 44.751564 1.342037 -6.892354 0.000000
89031 43.795696 1.342790 -7.045323 0.000000
89032 42.553028 1.487207 -7.508894 0.000000
89049 41.935986 1.940028 -8.338383 0.000000
90470 48.639122 1.928996 -7.715944 0.000000
90471 48.008671 1.951483 -7.648135 0.000000
90472 47.023647 2.024145 -7.614443 0.000000
90473 45.918030 1.996272 -7.635963 0.000000
90474 44.822327 1.863612 -7.696084 0.000000
90475 43.812687 1.776298 -7.759752 0.000000
90476 43.181133 1.703851 -7.688056 0.000000
90489 49.425617 1.939269 -7.839071 0.000000
90490 48.090210 2.569154 -7.933089 0.000000
90491 47.013412 2.695642 -8.204950 0.000000
90492 45.706169 2.812141 -8.827498 0.000000
90493 44.683533 2.477731 -8.825586 0.000000
90494 43.698368 2.212005 -8.805226 0.000000
90495 42.569942 2.105944 -8.559442 0.000000
90509 45.045528 3.162871 -9.776323 0.000000
90510 44.375790 2.993574 -10.110718 0.000000
90511 43.570812 2.667196 -10.005583 0.000000
90512 42.585693 2.543418 -9.934220 0.000000
90529 43.822865 3.092765 -10.981331 0.000000
90530 43.466007 2.868612 -10.946673 0.000000
91930 49.688709 2.876631 -8.176586 0.000000
91931 48.439056 3.160522 -8.182096 0.000000
91932 46.960182 3.455478 -8.732221 0.000000
91933 46.269333 3.142587 -8.901883 0.000000
91944 46.295666 4.012616 -9.471367 0.000000
91945 45.410294 3.627964 -9.887781 0.000000
91946 44.716740 3.327960 -10.255056 0.000000
91959 44.704460 3.872491 -10.894206 0.000000
91960 44.106297 3.506893 -11.278959 0.000000
91961 43.381950 3.063881 -11.577443 0.000000
91962 43.043888 2.880333 -11.533852 0.000000
93199 49.992775 3.618302 -8.371387 0.000000
93200 48.912788 3.751399 -8.330482 0.000000
93201 47.576443 4.171699 -8.785376 0.000000
93202 46.842339 4.039967 -9.118573 0.000000
93217 47.084095 4.762626 -9.308635 0.000000
93218 46.594467 4.522283 -9.547291 0.000000
93219 45.782612 4.441833 -10.161393 0.000000
93232 44.963482 4.386558 -10.975616 0.000000
93233 44.426022 4.058063 -11.462227 0.000000
93244 44.448757 4.471249 -11.802055 0.000000
93245 44.020638 4.145402 -12.373681 0.000000
93268 44.150944 4.574029 -14.580333 0.000000
93298 45.370903 4.494493 -16.808046 0.000000
94452 49.835632 4.050785 -8.422636 0.000000
94453 49.357288 4.191087 -8.390409 0.000000
94454 48.426479 4.433846 -8.546335 0.000000
94467 50.136158 4.359898 -8.382767 0.000000
94468 48.784531 4.939530 -8.482795 0.000000
94469 47.609230 5.094124 -9.086723 0.000000
94470 46.656231 5.237125 -9.882608 0.000000
94471 46.069660 4.982589 -10.179815 0.000000
94483 46.052910 5.442562 -10.541797 0.000000
94484 45.479374 5.148794 -10.917770 0.000000
94496 44.743458 5.055198 -11.817869 0.000000
94497 44.275776 4.696956 -12.444145 0.000000
94508 44.347710 5.210072 -12.894463 0.000000
94509 44.037704 4.572551 -13.390994 0.000000
94521 44.235188 5.011950 -14.200800 0.000000
94522 44.061035 4.595802 -14.000107 0.000000
94539 44.988369 5.725869 -15.894934 0.000000
94540 44.626583 5.262477 -15.380605 0.000000
94556 45.404644 5.069243 -16.618307 0.000000
94557 44.970810 5.071828 -16.069557 0.000000
94570 45.964355 5.007233 -17.156193 0.000000
95776 50.618183 5.377678 -8.313126 0.000000
95777 49.295151 5.707921 -8.202856 0.000000
95778 48.140026 5.893281 -8.921159 0.000000
95779 46.975266 6.051865 -10.113037 0.000000
95780 46.364799 5.706582 -10.466475 0.000000
95795 46.525341 6.531558 -10.922548 0.000000
95796 45.840736 6.039626 -11.331926 0.000000
95797 45.230137 5.503134 -11.595102 0.000000
95810 45.131039 6.415176 -12.756323 0.000000
95811 44.900265 5.737609 -12.286625 0.000000
95822 44.737324 6.617094 -13.715508 0.000000
95823 44.458698 5.969584 -13.385271 0.000000
95834 44.533764 6.178277 -14.583026 0.000000
95848 44.710957 6.057062 -15.360178 0.000000
97134 49.869759 6.446422 -8.414286 0.000000
97135 48.681118 6.671735 -8.694507 0.000000
97136 47.818882 6.608241 -9.639036 0.000000
97149 50.480469 7.069112 -8.720294 0.000000
97150 49.279888 7.339780 -8.950253 0.000000
97151 48.225136 7.269291 -9.755382 0.000000
97152 47.115513 7.120885 -10.784364 0.000000
97153 46.312489 6.802697 -11.537610 0.000000
97167 46.366188 7.486228 -12.351342 0.000000
97168 45.774139 6.797167 -12.281314 0.000000
98586 51.142208 7.871580 -9.004308 0.000000
98587 49.735237 8.241916 -9.294968 0.000000
98588 48.671276 7.984427 -10.015122 0.000000
98589 47.861572 7.807602 -10.651184 0.000000
98602 48.976166 8.595017 -10.407228 0.000000
98603 48.184929 8.478586 -11.163957 0.000000
98604 47.297096 8.029125 -11.659781 0.000000
98619 47.590927 8.642015 -12.111249 0.000000
100006 51.807995 8.670343 -9.224225 0.000000
100007 50.291721 9.104570 -10.004754 0.000000
100008 49.481876 8.815973 -10.270258 0.000000
100018 49.780876 9.629557 -10.965342 0.000000
100019 48.879288 9.363930 -11.370922 0.000000
100020 48.023491 8.974910 -11.855608 0.000000
101303 52.402107 9.335013 -9.424273 0.000000
101304 51.331921 9.447702 -9.978835 0.000000
101315 52.927605 10.020398 -9.756296 0.000000
101316 51.629250 10.145197 -10.469307 0.000000
101317 50.406334 10.018164 -11.017361 0.000000
101318 49.553429 9.970830 -11.512405 0.000000
101324 49.714718 10.474761 -11.846472 0.000000
102574 53.490852 10.780411 -10.289927 0.000000
102575 51.961018 11.207583 -11.151482 0.000000
102576 50.719048 10.862732 -11.479109 0.000000
102577 50.091343 10.673526 -11.737406 0.000000
102588 51.378593 11.970648 -11.923350 0.000000
102589 50.764835 11.701621 -12.042441 0.000000
103840 53.950138 11.743861 -10.803990 0.000000
103841 52.863605 11.706748 -11.195374 0.000000
103853 52.976944 12.389392 -11.587687 0.000000
103854 51.941814 12.456385 -11.990936 0.000000
103855 50.914429 12.468528 -12.401374 0.000000
103867 51.186836 13.055466 -12.738798 0.000000
105094 54.640881 12.284472 -10.965923 0.000000
105102 54.769711 13.107864 -11.383301 0.000000
105103 53.590065 12.989307 -11.715091 0.000000
105104 52.586914 13.059327 -12.044287 0.000000
105113 52.765240 13.593406 -12.320249 0.000000
105114 51.891800 13.577678 -12.791536 0.000000
105115 51.055412 13.468090 -13.392559 0.000000
105125 51.392277 13.921132 -13.845779 0.000000
106406 55.369488 14.152290 -11.740026 0.000000
106407 53.917458 13.936598 -12.124862 0.000000
106408 53.221111 13.754963 -12.251446 0.000000
106417 52.784813 14.253951 -13.018153 0.000000
106418 51.953453 14.114703 -13.428777 0.000000
106430 51.958855 14.413491 -14.180534 0.000000
