#!ascii label  , from subject colin27 vox2ras=TkReg coords=white
53
122474  26.125  26.396  -53.241 0.0000000000
123628  28.362  26.040  -53.817 0.0000000000
123629  27.329  26.224  -53.841 0.0000000000
123638  29.602  26.847  -54.097 0.0000000000
123639  29.015  26.599  -54.296 0.0000000000
123640  28.019  26.516  -54.412 0.0000000000
123641  27.161  26.628  -54.367 0.0000000000
124770  28.629  27.044  -54.911 0.0000000000
124771  27.637  26.960  -54.939 0.0000000000
124780  29.133  27.698  -55.338 0.0000000000
124781  28.241  27.468  -55.500 0.0000000000
124782  27.257  27.444  -55.462 0.0000000000
121327  29.296  24.790  -51.075 0.0000000000
121328  28.782  24.641  -51.102 0.0000000000
121329  27.948  24.623  -51.077 0.0000000000
122431  29.672  24.997  -51.047 0.0000000000
122432  26.674  24.862  -50.807 0.0000000000
122447  30.037  25.511  -51.514 0.0000000000
122448  29.339  25.017  -51.658 0.0000000000
122449  28.375  24.911  -51.780 0.0000000000
122450  27.136  25.075  -51.481 0.0000000000
122458  29.785  25.497  -52.212 0.0000000000
122459  29.096  25.347  -52.575 0.0000000000
122460  27.920  25.327  -52.488 0.0000000000
122461  26.836  25.644  -52.490 0.0000000000
122471  28.537  25.595  -53.198 0.0000000000
122472  27.581  25.742  -53.222 0.0000000000
122473  26.649  26.119  -53.220 0.0000000000
123614  30.304  26.244  -52.376 0.0000000000
123615  29.767  25.768  -52.700 0.0000000000
123626  30.294  26.655  -53.021 0.0000000000
123627  29.620  26.240  -53.422 0.0000000000
124736  30.768  27.274  -51.809 0.0000000000
124748  30.539  27.260  -52.732 0.0000000000
124760  30.306  27.064  -53.352 0.0000000000
124761  30.049  27.235  -53.906 0.0000000000
124769  29.578  27.436  -54.620 0.0000000000
124779  29.586  28.025  -55.061 0.0000000000
125807  30.789  28.358  -51.325 0.0000000000
125817  30.687  28.267  -52.321 0.0000000000
125833  30.458  28.123  -53.387 0.0000000000
125834  30.126  27.966  -54.166 0.0000000000
125847  30.234  28.633  -54.025 0.0000000000
125848  29.904  28.484  -54.666 0.0000000000
126753  30.577  29.353  -51.861 0.0000000000
126756  30.543  29.203  -52.770 0.0000000000
126768  30.358  29.383  -53.572 0.0000000000
126769  30.132  29.926  -54.114 0.0000000000
126782  30.132  29.205  -54.265 0.0000000000
126783  29.874  29.593  -54.904 0.0000000000
127844  30.410  30.160  -52.450 0.0000000000
127854  30.406  29.865  -53.028 0.0000000000
127855  30.119  30.651  -53.331 0.0000000000
