#!ascii label, from subject  
96
90705 42.109165 2.507270 -24.434351 0.000000
90706 41.511059 2.743207 -24.564259 0.000000
92130 42.915077 2.996691 -24.715008 0.000000
92131 42.120861 3.067159 -24.991692 0.000000
92132 41.546253 3.323798 -25.098686 0.000000
92151 42.584686 3.482552 -25.260811 0.000000
92152 42.090809 3.680568 -25.510954 0.000000
92153 41.547260 3.959104 -25.587336 0.000000
93408 44.231735 4.207863 -24.420250 0.000000
93409 43.582569 3.772866 -24.799677 0.000000
93410 43.037369 3.680163 -25.220123 0.000000
93432 43.278549 4.214024 -25.398981 0.000000
94647 45.235725 5.446714 -23.825546 0.000000
94648 44.837585 4.935618 -24.119097 0.000000
94655 44.146580 4.933496 -25.087576 0.000000
94656 43.614948 4.482905 -25.309389 0.000000
94673 43.989998 5.415518 -25.609566 0.000000
95911 45.879124 6.532074 -23.318850 0.000000
95912 45.495232 6.079751 -23.805515 0.000000
95913 45.124516 5.715653 -24.181677 0.000000
95919 45.215118 6.249707 -24.383383 0.000000
95920 44.843403 5.867277 -24.785370 0.000000
95931 44.383278 5.948039 -25.487797 0.000000
97281 46.321903 7.273388 -22.954571 0.000000
97285 45.680954 7.156847 -24.037798 0.000000
97286 45.411720 6.610873 -24.281254 0.000000
97291 45.461876 7.402033 -24.585733 0.000000
97292 45.198696 6.972732 -24.870749 0.000000
97293 44.782078 6.430335 -25.220215 0.000000
97299 44.959866 7.432919 -25.414612 0.000000
98729 46.811920 8.484773 -22.831532 0.000000
98730 46.451740 7.977604 -22.992697 0.000000
98735 46.423656 8.907033 -23.325768 0.000000
98736 46.127304 8.317828 -23.606628 0.000000
98741 45.463692 8.096807 -24.824949 0.000000
98742 45.141598 7.652904 -25.251381 0.000000
98748 45.255566 8.636554 -25.452560 0.000000
100176 46.685814 9.552365 -23.322285 0.000000
100177 46.243866 9.205593 -23.700808 0.000000
100184 46.261215 9.852403 -23.969709 0.000000
100185 45.859344 9.341668 -24.408318 0.000000
100193 45.424072 9.330536 -25.253927 0.000000
101437 47.176727 10.345530 -23.182409 0.000000
101447 46.647530 10.525492 -23.847506 0.000000
101458 46.076229 10.553728 -24.730526 0.000000
101459 45.702980 9.932854 -24.968367 0.000000
101469 45.964314 10.919636 -25.374561 0.000000
102678 47.638611 11.478840 -23.170506 0.000000
102679 47.427334 10.864691 -23.147791 0.000000
102692 47.274738 11.915309 -23.895763 0.000000
102693 47.166321 11.116973 -23.624008 0.000000
102704 47.136425 12.150245 -24.340427 0.000000
102705 46.769085 11.605285 -24.466681 0.000000
103961 47.703316 12.373924 -23.583988 0.000000
103971 47.444614 12.678694 -24.314198 0.000000
103972 47.109924 12.374667 -24.704660 0.000000
103981 47.345467 13.012152 -25.093533 0.000000
103982 46.842110 12.414114 -25.267050 0.000000
103994 47.241798 13.098474 -25.856941 0.000000
105205 48.286591 13.974129 -24.165285 0.000000
105206 47.909607 13.132401 -23.892754 0.000000
105218 48.215031 14.082308 -24.723610 0.000000
105219 47.906490 13.631231 -24.784031 0.000000
105231 47.745468 13.713362 -25.636818 0.000000
106504 48.656818 14.647215 -24.230053 0.000000
106515 48.458817 14.586109 -24.906616 0.000000
106516 48.197853 14.134115 -24.969681 0.000000
106528 48.529068 14.919502 -25.690155 0.000000
106529 48.175667 14.244833 -25.382395 0.000000
107791 48.967911 15.076125 -23.956688 0.000000
107801 49.191029 15.768061 -24.310850 0.000000
107802 48.853954 15.241395 -24.631800 0.000000
107812 49.100605 15.944717 -24.972984 0.000000
107813 48.804321 15.410934 -25.306980 0.000000
107820 49.105923 16.039988 -25.530479 0.000000
107821 48.893078 15.688774 -25.971527 0.000000
109109 49.284439 16.555382 -25.937778 0.000000
109110 49.040901 16.192900 -26.349300 0.000000
109116 49.229767 16.772068 -26.360588 0.000000
110341 49.472580 17.348717 -26.103859 0.000000
110348 49.342358 17.467274 -26.483709 0.000000
93433 42.731709 4.150223 -25.705677 0.000000
93434 42.058853 4.414662 -26.069420 0.000000
94674 43.434448 5.070174 -25.913605 0.000000
94675 42.581913 4.798400 -26.256361 0.000000
94676 42.238152 4.761199 -26.363062 0.000000
94694 43.272270 5.705841 -26.458187 0.000000
94695 42.851440 5.450786 -26.572638 0.000000
94696 42.179543 5.195257 -26.598148 0.000000
95932 43.946068 5.774142 -25.893911 0.000000
95949 44.170956 6.362280 -25.987837 0.000000
95950 43.673676 6.161464 -26.390825 0.000000
97300 44.645969 6.971085 -25.700735 0.000000
97313 44.110138 7.046268 -26.378353 0.000000
98749 44.901165 8.138608 -25.875950 0.000000
98750 44.464958 7.565661 -26.225721 0.000000
