#!ascii label  , from subject colin27 vox2ras=TkReg coords=white
291
23665  50.516  -49.654  -31.189 0.0000000000
24854  51.556  -48.796  -31.249 0.0000000000
24855  51.044  -49.158  -31.417 0.0000000000
24856  50.288  -49.420  -31.539 0.0000000000
24873  50.774  -48.687  -31.941 0.0000000000
24874  50.403  -48.860  -31.961 0.0000000000
24875  49.892  -49.099  -31.831 0.0000000000
24876  49.632  -49.294  -31.648 0.0000000000
24877  45.305  -49.427  -32.536 0.0000000000
24887  45.111  -49.489  -33.362 0.0000000000
24888  44.555  -49.547  -33.854 0.0000000000
24889  43.812  -49.622  -33.944 0.0000000000
25990  51.973  -48.173  -31.000 0.0000000000
26002  51.800  -48.566  -31.026 0.0000000000
26003  51.563  -48.355  -31.523 0.0000000000
26004  51.165  -48.054  -31.956 0.0000000000
26022  51.055  -48.511  -31.903 0.0000000000
26023  50.561  -48.124  -32.251 0.0000000000
26024  49.781  -48.413  -32.245 0.0000000000
26025  49.336  -48.832  -31.842 0.0000000000
26026  45.664  -48.454  -32.076 0.0000000000
26027  43.437  -48.115  -33.476 0.0000000000
26028  42.678  -48.718  -33.085 0.0000000000
26041  45.392  -48.524  -33.059 0.0000000000
26042  44.798  -48.607  -33.641 0.0000000000
26043  44.056  -48.755  -33.824 0.0000000000
26044  43.387  -48.940  -33.701 0.0000000000
27041  37.980  -47.378  -26.973 0.0000000000
27042  37.327  -47.081  -26.642 0.0000000000
27043  36.772  -46.615  -26.609 0.0000000000
27057  39.006  -47.418  -27.850 0.0000000000
27058  38.205  -47.950  -27.640 0.0000000000
27059  37.255  -47.878  -27.182 0.0000000000
27060  36.252  -47.384  -27.131 0.0000000000
27077  39.960  -47.285  -28.917 0.0000000000
27078  39.248  -47.840  -28.630 0.0000000000
27079  38.729  -47.932  -28.132 0.0000000000
27088  51.961  -47.254  -30.269 0.0000000000
27093  40.890  -47.225  -29.961 0.0000000000
27094  40.210  -47.767  -29.668 0.0000000000
27095  39.701  -47.812  -29.184 0.0000000000
27099  52.114  -47.942  -30.587 0.0000000000
27100  51.702  -47.495  -31.026 0.0000000000
27101  51.227  -46.984  -31.508 0.0000000000
27106  41.873  -47.024  -31.114 0.0000000000
27107  41.171  -47.747  -30.703 0.0000000000
27108  40.684  -47.799  -30.188 0.0000000000
27112  51.423  -47.822  -31.692 0.0000000000
27113  51.009  -47.392  -31.963 0.0000000000
27114  47.939  -47.967  -31.900 0.0000000000
27115  47.257  -47.841  -31.765 0.0000000000
27116  46.605  -47.848  -31.480 0.0000000000
27118  42.205  -47.300  -31.882 0.0000000000
27119  41.674  -47.723  -31.480 0.0000000000
27128  50.374  -47.319  -32.518 0.0000000000
27129  49.722  -47.553  -32.685 0.0000000000
27130  48.706  -47.825  -32.400 0.0000000000
27131  47.457  -47.321  -32.508 0.0000000000
27132  46.690  -47.576  -32.248 0.0000000000
27133  46.228  -47.970  -32.026 0.0000000000
27134  44.384  -46.982  -33.510 0.0000000000
27135  43.628  -47.196  -33.237 0.0000000000
27136  42.811  -47.465  -32.687 0.0000000000
27137  42.016  -48.111  -32.212 0.0000000000
27148  47.073  -46.941  -32.892 0.0000000000
27149  46.692  -47.103  -32.820 0.0000000000
27150  45.992  -47.620  -32.867 0.0000000000
27151  45.149  -47.561  -33.533 0.0000000000
27152  44.246  -47.830  -33.712 0.0000000000
28205  39.087  -46.333  -26.741 0.0000000000
28206  38.450  -46.615  -26.575 0.0000000000
28207  37.405  -46.281  -26.222 0.0000000000
28208  36.750  -46.008  -26.386 0.0000000000
28221  40.103  -46.231  -27.764 0.0000000000
28222  39.496  -46.490  -27.353 0.0000000000
28223  38.636  -47.182  -27.241 0.0000000000
28224  36.239  -46.301  -26.921 0.0000000000
28225  35.674  -46.626  -27.521 0.0000000000
28241  51.638  -46.448  -29.329 0.0000000000
28242  41.020  -46.125  -28.846 0.0000000000
28243  40.452  -46.374  -28.419 0.0000000000
28244  39.639  -47.076  -28.230 0.0000000000
28252  52.011  -46.916  -29.769 0.0000000000
28253  51.194  -46.414  -30.035 0.0000000000
28254  50.616  -46.101  -30.514 0.0000000000
28255  41.803  -46.038  -29.914 0.0000000000
28256  41.335  -46.295  -29.481 0.0000000000
28257  40.544  -46.955  -29.314 0.0000000000
28261  51.667  -46.894  -30.463 0.0000000000
28262  51.153  -46.569  -30.991 0.0000000000
28263  50.311  -46.074  -31.229 0.0000000000
28264  42.003  -46.249  -30.449 0.0000000000
28265  41.454  -46.900  -30.342 0.0000000000
28269  50.745  -46.614  -31.756 0.0000000000
28270  49.984  -46.196  -32.113 0.0000000000
28271  49.366  -46.201  -32.501 0.0000000000
28272  43.485  -45.850  -32.171 0.0000000000
28273  42.817  -46.309  -31.782 0.0000000000
28281  50.445  -46.809  -32.301 0.0000000000
28282  49.860  -46.734  -32.671 0.0000000000
28283  48.972  -46.681  -32.887 0.0000000000
28284  48.039  -46.795  -32.924 0.0000000000
28285  45.790  -46.042  -33.333 0.0000000000
28286  45.140  -46.345  -33.450 0.0000000000
28287  43.847  -46.247  -32.829 0.0000000000
28288  43.229  -46.762  -32.696 0.0000000000
28302  47.333  -46.662  -32.972 0.0000000000
28303  46.836  -46.614  -33.043 0.0000000000
28304  46.163  -46.603  -33.288 0.0000000000
28305  45.670  -47.045  -33.434 0.0000000000
29361  39.381  -45.220  -25.941 0.0000000000
29362  38.840  -45.254  -25.661 0.0000000000
29363  38.016  -45.170  -25.415 0.0000000000
29375  40.108  -45.390  -26.749 0.0000000000
29376  39.256  -45.817  -26.415 0.0000000000
29377  38.181  -45.819  -25.896 0.0000000000
29378  37.129  -45.317  -25.867 0.0000000000
29379  36.391  -45.463  -26.652 0.0000000000
29392  51.255  -45.640  -28.020 0.0000000000
29395  41.067  -45.295  -27.846 0.0000000000
29396  40.317  -45.808  -27.554 0.0000000000
29397  39.796  -45.873  -27.013 0.0000000000
29398  35.836  -45.676  -27.598 0.0000000000
29399  35.534  -46.255  -27.911 0.0000000000
29411  51.884  -46.197  -28.636 0.0000000000
29412  50.696  -45.920  -29.129 0.0000000000
29415  41.981  -45.185  -28.970 0.0000000000
29416  41.251  -45.711  -28.646 0.0000000000
29417  40.763  -45.780  -28.126 0.0000000000
29418  35.845  -45.401  -28.639 0.0000000000
29419  35.517  -46.044  -28.426 0.0000000000
29426  50.575  -45.992  -29.988 0.0000000000
29427  49.790  -45.568  -30.260 0.0000000000
29429  42.844  -45.067  -30.120 0.0000000000
29430  42.113  -45.622  -29.788 0.0000000000
29431  41.660  -45.688  -29.229 0.0000000000
29435  49.446  -45.656  -31.558 0.0000000000
29437  47.595  -44.597  -31.180 0.0000000000
29438  43.889  -44.902  -31.213 0.0000000000
29439  43.333  -45.064  -30.784 0.0000000000
29440  42.664  -45.617  -30.711 0.0000000000
29444  49.370  -45.881  -32.186 0.0000000000
29445  48.619  -45.710  -32.331 0.0000000000
29446  47.306  -44.957  -31.957 0.0000000000
29447  46.074  -44.899  -32.227 0.0000000000
29448  45.134  -44.949  -32.231 0.0000000000
29449  44.331  -45.040  -31.847 0.0000000000
29450  43.519  -45.438  -31.638 0.0000000000
29451  43.044  -45.565  -31.254 0.0000000000
29457  48.308  -46.217  -32.926 0.0000000000
29458  47.531  -45.935  -32.963 0.0000000000
29459  46.583  -45.489  -32.803 0.0000000000
29460  45.639  -45.512  -32.937 0.0000000000
29461  44.625  -45.514  -32.702 0.0000000000
29462  43.909  -45.547  -32.299 0.0000000000
29475  47.108  -46.328  -33.115 0.0000000000
29476  46.738  -46.115  -33.152 0.0000000000
29477  46.193  -45.894  -33.208 0.0000000000
30583  40.149  -44.332  -25.770 0.0000000000
30584  39.598  -44.628  -25.610 0.0000000000
30585  38.525  -44.610  -25.118 0.0000000000
30586  37.547  -44.477  -25.245 0.0000000000
30604  41.167  -44.222  -26.754 0.0000000000
30605  40.571  -44.482  -26.341 0.0000000000
30606  39.797  -45.123  -26.187 0.0000000000
30607  36.850  -44.312  -25.748 0.0000000000
30608  36.538  -44.636  -26.410 0.0000000000
30625  42.145  -44.117  -27.808 0.0000000000
30626  41.544  -44.369  -27.388 0.0000000000
30627  40.731  -45.072  -27.169 0.0000000000
30628  36.255  -44.813  -27.144 0.0000000000
30640  43.349  -43.966  -28.905 0.0000000000
30641  42.536  -44.258  -28.468 0.0000000000
30642  41.665  -44.946  -28.275 0.0000000000
30643  36.110  -44.728  -28.058 0.0000000000
30653  45.976  -43.869  -30.055 0.0000000000
30654  44.988  -43.945  -30.092 0.0000000000
30655  43.621  -44.315  -29.804 0.0000000000
30656  42.600  -44.863  -29.444 0.0000000000
30657  36.818  -44.120  -29.570 0.0000000000
30658  36.380  -44.617  -29.215 0.0000000000
30662  46.559  -44.162  -30.634 0.0000000000
30663  45.643  -44.224  -30.812 0.0000000000
30664  44.578  -44.570  -30.957 0.0000000000
30665  43.842  -44.684  -30.701 0.0000000000
30666  37.661  -43.896  -30.664 0.0000000000
30667  37.023  -44.402  -30.357 0.0000000000
30670  47.070  -44.440  -31.168 0.0000000000
30671  46.350  -44.463  -31.439 0.0000000000
30672  45.430  -44.598  -31.578 0.0000000000
30673  44.858  -44.764  -31.665 0.0000000000
30674  37.896  -44.249  -31.406 0.0000000000
31841  36.577  -43.603  -26.514 0.0000000000
31842  36.422  -44.287  -26.855 0.0000000000
31858  36.682  -43.273  -27.749 0.0000000000
31859  36.382  -44.099  -27.435 0.0000000000
31872  36.947  -43.330  -28.718 0.0000000000
31873  36.501  -43.971  -28.381 0.0000000000
31884  37.759  -43.036  -29.813 0.0000000000
31885  37.185  -43.618  -29.561 0.0000000000
31886  36.740  -43.908  -29.100 0.0000000000
31888  38.114  -43.294  -30.677 0.0000000000
31889  37.564  -43.648  -30.214 0.0000000000
31891  39.175  -43.000  -31.936 0.0000000000
31892  38.592  -43.362  -31.442 0.0000000000
31901  38.814  -43.817  -32.101 0.0000000000
33056  36.820  -42.421  -27.089 0.0000000000
33063  37.244  -42.372  -28.358 0.0000000000
33071  37.382  -42.915  -29.149 0.0000000000
33076  38.766  -42.387  -31.207 0.0000000000
23657  44.699  -50.576  -31.064 0.0000000000
23658  44.124  -50.536  -30.342 0.0000000000
23670  45.211  -50.562  -31.830 0.0000000000
24846  44.362  -49.587  -30.616 0.0000000000
24847  43.863  -49.812  -30.039 0.0000000000
24859  45.212  -49.144  -31.674 0.0000000000
24860  44.900  -49.774  -31.389 0.0000000000
24878  45.224  -49.817  -31.978 0.0000000000
25993  45.115  -48.230  -30.478 0.0000000000
25995  43.996  -49.165  -29.958 0.0000000000
26007  45.300  -48.468  -30.970 0.0000000000
26008  44.840  -49.035  -30.990 0.0000000000
27117  45.902  -47.985  -31.264 0.0000000000
20018  45.595  -53.108  -31.575 0.0000000000
20019  45.186  -52.939  -31.086 0.0000000000
20026  45.948  -53.198  -32.395 0.0000000000
21208  43.637  -52.319  -29.709 0.0000000000
21225  44.887  -52.311  -30.896 0.0000000000
21226  44.285  -52.289  -30.299 0.0000000000
21233  45.615  -52.158  -32.109 0.0000000000
21234  45.327  -52.414  -31.419 0.0000000000
21241  45.796  -52.241  -33.040 0.0000000000
21242  42.347  -52.365  -33.308 0.0000000000
21249  45.368  -52.315  -33.797 0.0000000000
21250  44.569  -52.399  -34.129 0.0000000000
21251  43.620  -52.481  -34.050 0.0000000000
21252  42.910  -52.575  -33.770 0.0000000000
22450  44.535  -51.444  -30.649 0.0000000000
22451  43.878  -51.403  -29.995 0.0000000000
22464  45.429  -51.281  -32.122 0.0000000000
22465  45.145  -51.536  -31.434 0.0000000000
22466  40.516  -51.581  -31.630 0.0000000000
22467  40.065  -51.724  -31.160 0.0000000000
22476  45.524  -51.374  -32.726 0.0000000000
22477  42.313  -51.583  -33.240 0.0000000000
22478  41.831  -51.675  -32.781 0.0000000000
22479  41.053  -51.876  -32.183 0.0000000000
22485  45.353  -51.359  -33.442 0.0000000000
22486  44.839  -51.387  -34.044 0.0000000000
22487  43.957  -51.448  -34.151 0.0000000000
22488  42.896  -51.512  -33.762 0.0000000000
23659  39.789  -50.464  -30.769 0.0000000000
23660  39.285  -50.879  -30.424 0.0000000000
23669  45.400  -50.769  -32.438 0.0000000000
23671  40.844  -50.443  -31.748 0.0000000000
23672  40.290  -50.737  -31.308 0.0000000000
23673  39.784  -51.101  -30.871 0.0000000000
23683  45.297  -50.438  -32.986 0.0000000000
23684  45.293  -50.204  -32.386 0.0000000000
23685  42.199  -50.820  -33.047 0.0000000000
23686  41.357  -50.791  -32.315 0.0000000000
23687  40.771  -51.068  -31.871 0.0000000000
23693  45.007  -50.430  -33.742 0.0000000000
23694  44.306  -50.469  -34.084 0.0000000000
23695  43.455  -50.502  -33.981 0.0000000000
23696  42.774  -50.435  -33.572 0.0000000000
24826  38.023  -49.626  -28.741 0.0000000000
24837  39.107  -49.523  -29.800 0.0000000000
24838  38.442  -50.141  -29.453 0.0000000000
24848  40.139  -49.708  -30.822 0.0000000000
24849  39.482  -49.983  -30.365 0.0000000000
24850  38.968  -50.267  -30.026 0.0000000000
24861  41.191  -49.724  -31.865 0.0000000000
24862  40.632  -49.961  -31.389 0.0000000000
24879  42.379  -49.782  -33.084 0.0000000000
24880  41.779  -50.034  -32.561 0.0000000000
24890  43.043  -49.639  -33.671 0.0000000000
25954  38.070  -48.444  -27.878 0.0000000000
25955  37.491  -48.780  -27.704 0.0000000000
25970  39.074  -48.294  -28.816 0.0000000000
25971  38.480  -48.587  -28.412 0.0000000000
25972  37.680  -49.309  -28.182 0.0000000000
25983  40.036  -48.229  -29.848 0.0000000000
25984  39.468  -48.482  -29.422 0.0000000000
25985  38.696  -49.248  -29.177 0.0000000000
25996  40.980  -48.267  -30.817 0.0000000000
25997  40.442  -48.492  -30.422 0.0000000000
25998  39.705  -49.206  -30.196 0.0000000000
26009  41.254  -48.547  -31.387 0.0000000000
26010  40.748  -49.281  -31.161 0.0000000000
26029  41.853  -49.132  -32.399 0.0000000000
