#!ascii label  , from subject colin27 vox2ras=TkReg coords=white
1651
19993  15.054  -52.481  -29.215 0.0000000000
20009  15.750  -53.050  -29.535 0.0000000000
20010  15.004  -53.187  -29.357 0.0000000000
21068  15.070  -52.151  -21.478 0.0000000000
21069  13.941  -52.145  -21.578 0.0000000000
21070  12.944  -51.991  -21.883 0.0000000000
21071  12.391  -51.847  -22.208 0.0000000000
21081  16.396  -52.127  -22.522 0.0000000000
21082  15.592  -52.465  -22.411 0.0000000000
21083  14.581  -52.606  -22.409 0.0000000000
21084  13.563  -52.444  -22.549 0.0000000000
21085  12.711  -52.120  -22.741 0.0000000000
21094  16.674  -52.050  -23.257 0.0000000000
21095  16.116  -52.432  -23.345 0.0000000000
21096  15.185  -52.705  -23.404 0.0000000000
21097  14.126  -52.632  -23.495 0.0000000000
21098  13.187  -52.316  -23.543 0.0000000000
21110  17.362  -51.728  -24.636 0.0000000000
21111  16.822  -52.049  -24.200 0.0000000000
21112  15.844  -52.509  -24.383 0.0000000000
21113  14.762  -52.598  -24.531 0.0000000000
21114  13.566  -52.243  -24.653 0.0000000000
21115  12.910  -52.078  -24.184 0.0000000000
21130  17.235  -51.888  -25.087 0.0000000000
21131  16.541  -52.142  -25.298 0.0000000000
21132  15.484  -52.318  -25.501 0.0000000000
21133  14.383  -52.151  -25.663 0.0000000000
21134  13.605  -51.936  -25.587 0.0000000000
21149  18.792  -51.852  -26.744 0.0000000000
21150  17.623  -51.863  -26.159 0.0000000000
21151  16.241  -52.038  -26.445 0.0000000000
21152  15.080  -51.898  -26.622 0.0000000000
21153  14.354  -51.803  -26.474 0.0000000000
21173  18.099  -51.957  -27.584 0.0000000000
21174  16.902  -51.935  -27.471 0.0000000000
21175  15.779  -51.797  -27.562 0.0000000000
21176  14.738  -51.669  -27.740 0.0000000000
21177  13.881  -51.772  -28.031 0.0000000000
21178  13.114  -52.045  -27.862 0.0000000000
21198  18.431  -52.269  -28.672 0.0000000000
21199  17.346  -52.005  -28.539 0.0000000000
21200  16.303  -51.877  -28.479 0.0000000000
21201  15.340  -51.817  -28.570 0.0000000000
21202  14.392  -51.982  -28.766 0.0000000000
21203  13.587  -52.451  -28.516 0.0000000000
21222  17.639  -52.448  -29.486 0.0000000000
21223  16.604  -52.276  -29.341 0.0000000000
21224  15.787  -52.116  -29.202 0.0000000000
22304  16.321  -51.363  -21.477 0.0000000000
22305  15.648  -51.171  -21.185 0.0000000000
22306  14.405  -51.260  -21.079 0.0000000000
22307  13.202  -51.308  -21.181 0.0000000000
22308  11.943  -51.371  -21.645 0.0000000000
22309  10.561  -51.022  -21.642 0.0000000000
22321  17.179  -51.244  -22.397 0.0000000000
22322  16.740  -51.519  -21.954 0.0000000000
22323  16.036  -51.952  -21.679 0.0000000000
22324  11.939  -51.741  -22.738 0.0000000000
22325  10.970  -51.438  -22.609 0.0000000000
22337  17.435  -51.300  -23.083 0.0000000000
22338  16.921  -51.691  -22.770 0.0000000000
22339  12.316  -51.897  -23.743 0.0000000000
22340  11.270  -51.627  -23.630 0.0000000000
22354  19.089  -51.026  -24.791 0.0000000000
22355  18.303  -51.155  -24.619 0.0000000000
22356  17.615  -51.431  -24.104 0.0000000000
22357  17.074  -51.708  -23.488 0.0000000000
22358  13.078  -51.825  -25.372 0.0000000000
22359  12.520  -51.843  -24.844 0.0000000000
22360  11.548  -51.754  -24.594 0.0000000000
22374  19.448  -51.571  -25.612 0.0000000000
22375  18.601  -51.352  -25.330 0.0000000000
22376  17.855  -51.582  -25.093 0.0000000000
22377  13.800  -51.776  -26.227 0.0000000000
22378  13.122  -51.695  -26.065 0.0000000000
22379  12.467  -51.791  -25.800 0.0000000000
22380  11.636  -51.909  -25.597 0.0000000000
22390  19.173  -51.727  -26.239 0.0000000000
22391  18.662  -51.622  -25.977 0.0000000000
22392  18.210  -51.634  -25.640 0.0000000000
22393  14.473  -51.638  -27.023 0.0000000000
22394  13.938  -51.616  -26.883 0.0000000000
22395  13.278  -51.670  -26.759 0.0000000000
22396  12.462  -51.906  -26.664 0.0000000000
22397  12.011  -51.915  -26.165 0.0000000000
22410  14.117  -51.635  -27.433 0.0000000000
22411  13.524  -51.705  -27.396 0.0000000000
22412  12.849  -51.850  -27.228 0.0000000000
23506  21.757  -49.902  -19.435 0.0000000000
23526  20.617  -49.921  -20.802 0.0000000000
23527  12.480  -49.791  -20.481 0.0000000000
23528  11.569  -49.865  -20.268 0.0000000000
23529  10.467  -49.920  -20.206 0.0000000000
23553  20.153  -49.936  -21.643 0.0000000000
23554  17.463  -50.324  -21.536 0.0000000000
23555  16.787  -50.638  -21.422 0.0000000000
23556  15.844  -50.190  -21.155 0.0000000000
23557  14.906  -50.287  -21.139 0.0000000000
23558  13.563  -50.136  -20.865 0.0000000000
23559  12.345  -50.574  -20.719 0.0000000000
23560  11.157  -50.572  -20.789 0.0000000000
23561  9.970  -50.474  -20.841 0.0000000000
23572  19.685  -50.051  -22.243 0.0000000000
23573  18.767  -50.128  -22.441 0.0000000000
23574  17.756  -50.657  -22.264 0.0000000000
23575  17.151  -51.063  -21.950 0.0000000000
23585  19.498  -50.378  -23.160 0.0000000000
23586  18.655  -50.513  -23.287 0.0000000000
23587  18.038  -50.960  -23.498 0.0000000000
23598  19.361  -50.672  -24.024 0.0000000000
23599  18.582  -50.798  -24.100 0.0000000000
23600  18.120  -51.044  -24.107 0.0000000000
24688  22.521  -49.502  -18.686 0.0000000000
24689  21.808  -49.383  -19.046 0.0000000000
24699  21.141  -49.386  -19.516 0.0000000000
24700  20.519  -48.976  -19.517 0.0000000000
24711  21.134  -49.857  -20.091 0.0000000000
24712  20.387  -49.407  -20.135 0.0000000000
24713  19.475  -49.241  -20.495 0.0000000000
24714  18.987  -49.248  -20.723 0.0000000000
24715  12.849  -49.300  -20.728 0.0000000000
24716  11.942  -49.004  -20.384 0.0000000000
24717  10.842  -49.128  -20.132 0.0000000000
24738  20.129  -49.735  -20.952 0.0000000000
24739  19.401  -49.631  -21.256 0.0000000000
24740  18.482  -49.372  -21.031 0.0000000000
24741  17.469  -49.609  -21.222 0.0000000000
24742  16.395  -49.425  -21.216 0.0000000000
24743  15.435  -49.352  -21.409 0.0000000000
24744  14.469  -49.440  -21.392 0.0000000000
24745  13.532  -48.955  -21.372 0.0000000000
24746  12.536  -48.650  -21.117 0.0000000000
24755  18.909  -49.824  -21.729 0.0000000000
24756  18.203  -49.997  -21.666 0.0000000000
24757  17.750  -50.198  -21.582 0.0000000000
24758  14.973  -48.959  -21.886 0.0000000000
24759  14.298  -48.890  -22.072 0.0000000000
24760  13.612  -48.616  -22.469 0.0000000000
24769  14.807  -48.758  -22.551 0.0000000000
24770  14.284  -48.759  -23.052 0.0000000000
24771  13.606  -48.645  -23.389 0.0000000000
24780  14.067  -48.824  -23.747 0.0000000000
24781  13.676  -48.732  -24.063 0.0000000000
25819  22.811  -48.600  -18.373 0.0000000000
25820  21.951  -48.467  -18.611 0.0000000000
25829  21.263  -48.596  -18.922 0.0000000000
25830  20.662  -48.519  -19.181 0.0000000000
25845  20.080  -48.456  -19.464 0.0000000000
25846  19.470  -48.528  -19.929 0.0000000000
25847  18.706  -48.560  -20.390 0.0000000000
25848  11.777  -48.397  -21.013 0.0000000000
25849  11.044  -48.456  -20.706 0.0000000000
25865  17.819  -48.421  -20.796 0.0000000000
25866  16.907  -48.432  -21.115 0.0000000000
25867  15.982  -48.348  -21.738 0.0000000000
25868  15.423  -48.777  -21.785 0.0000000000
25869  12.846  -48.387  -22.048 0.0000000000
25870  11.996  -48.253  -21.821 0.0000000000
25871  11.174  -48.244  -21.653 0.0000000000
25879  15.839  -48.059  -22.984 0.0000000000
25880  15.340  -48.553  -22.368 0.0000000000
25881  12.940  -48.431  -23.054 0.0000000000
25882  12.167  -48.250  -22.796 0.0000000000
25883  11.378  -48.187  -22.593 0.0000000000
25892  16.010  -48.330  -24.134 0.0000000000
25893  15.096  -48.675  -23.499 0.0000000000
25894  14.459  -48.815  -23.701 0.0000000000
25895  13.072  -48.503  -23.895 0.0000000000
25896  12.353  -48.318  -23.660 0.0000000000
25897  11.541  -48.117  -23.553 0.0000000000
25904  16.299  -48.600  -25.097 0.0000000000
25905  15.439  -48.766  -24.789 0.0000000000
25906  14.359  -48.815  -24.497 0.0000000000
25907  13.433  -48.490  -24.631 0.0000000000
25908  12.628  -48.117  -24.354 0.0000000000
25909  12.027  -48.092  -24.050 0.0000000000
25923  17.055  -48.497  -25.941 0.0000000000
25924  16.729  -48.648  -25.812 0.0000000000
25925  15.897  -48.889  -25.774 0.0000000000
25926  14.910  -48.880  -25.694 0.0000000000
25927  13.925  -48.457  -25.613 0.0000000000
25928  13.186  -47.979  -25.038 0.0000000000
25940  16.990  -48.525  -26.224 0.0000000000
25941  16.424  -48.736  -26.512 0.0000000000
25942  15.478  -48.861  -26.640 0.0000000000
25943  14.564  -48.536  -26.590 0.0000000000
25944  14.007  -48.066  -26.444 0.0000000000
26932  23.227  -47.751  -18.353 0.0000000000
26933  22.268  -47.607  -18.485 0.0000000000
26934  21.841  -47.895  -18.543 0.0000000000
26941  21.912  -47.112  -18.749 0.0000000000
26942  21.429  -47.635  -18.768 0.0000000000
26943  20.863  -48.059  -18.895 0.0000000000
26959  21.178  -46.930  -19.314 0.0000000000
26960  20.517  -47.501  -19.334 0.0000000000
26961  19.674  -47.591  -19.807 0.0000000000
26962  19.019  -47.717  -20.142 0.0000000000
26969  20.935  -46.660  -20.056 0.0000000000
26970  20.137  -46.814  -20.257 0.0000000000
26971  19.301  -46.920  -20.507 0.0000000000
26972  18.265  -47.182  -20.701 0.0000000000
26973  17.400  -47.382  -21.177 0.0000000000
26974  16.726  -47.568  -21.590 0.0000000000
26980  20.727  -46.474  -21.045 0.0000000000
26981  19.919  -46.480  -21.259 0.0000000000
26982  19.034  -46.422  -21.479 0.0000000000
26983  18.112  -46.484  -21.778 0.0000000000
26984  17.317  -46.776  -21.972 0.0000000000
26985  16.469  -47.386  -22.520 0.0000000000
26995  20.491  -46.343  -21.936 0.0000000000
26996  19.788  -46.233  -22.382 0.0000000000
26997  18.878  -46.178  -22.587 0.0000000000
26998  17.987  -46.316  -22.947 0.0000000000
26999  17.179  -46.877  -23.336 0.0000000000
27000  16.512  -47.591  -23.741 0.0000000000
27013  19.466  -46.128  -23.186 0.0000000000
27014  18.869  -46.270  -23.739 0.0000000000
27015  18.022  -46.716  -24.130 0.0000000000
27016  17.311  -47.416  -24.513 0.0000000000
27017  16.736  -48.110  -24.757 0.0000000000
27018  12.697  -47.720  -24.602 0.0000000000
27019  11.922  -47.472  -24.202 0.0000000000
27032  18.765  -46.631  -24.721 0.0000000000
27033  18.182  -47.267  -25.223 0.0000000000
27034  17.313  -48.110  -25.722 0.0000000000
27035  16.812  -48.430  -25.348 0.0000000000
27036  13.719  -47.610  -25.778 0.0000000000
27037  12.960  -47.315  -24.903 0.0000000000
27038  12.566  -47.010  -24.502 0.0000000000
27048  18.897  -46.885  -25.577 0.0000000000
27049  18.387  -47.305  -26.627 0.0000000000
27050  17.112  -48.134  -26.894 0.0000000000
27051  16.071  -48.405  -27.289 0.0000000000
27052  15.119  -48.388  -27.358 0.0000000000
27053  14.467  -47.745  -27.131 0.0000000000
27054  14.039  -47.599  -26.498 0.0000000000
27066  18.197  -47.010  -27.474 0.0000000000
27067  17.548  -47.315  -27.496 0.0000000000
27068  16.524  -47.609  -27.652 0.0000000000
27069  15.579  -47.828  -27.771 0.0000000000
27070  14.924  -47.943  -27.767 0.0000000000
28094  23.609  -46.837  -18.677 0.0000000000
28095  22.858  -47.124  -18.519 0.0000000000
28113  24.458  -46.224  -19.109 0.0000000000
28114  23.445  -45.913  -19.598 0.0000000000
28115  22.457  -46.607  -19.061 0.0000000000
28116  21.684  -46.877  -19.070 0.0000000000
28134  23.252  -45.664  -20.309 0.0000000000
28135  22.572  -45.993  -20.432 0.0000000000
28136  21.715  -46.525  -19.785 0.0000000000
28142  22.169  -46.062  -21.639 0.0000000000
28143  21.582  -46.374  -20.830 0.0000000000
28144  17.739  -46.830  -21.367 0.0000000000
28145  17.475  -46.897  -21.496 0.0000000000
28153  21.747  -45.836  -22.628 0.0000000000
28154  21.263  -46.283  -21.884 0.0000000000
28155  17.758  -46.636  -21.709 0.0000000000
28156  17.572  -46.759  -21.637 0.0000000000
28166  21.397  -45.446  -23.452 0.0000000000
28167  20.660  -45.996  -22.968 0.0000000000
28168  19.940  -46.094  -23.148 0.0000000000
28182  21.238  -45.147  -23.859 0.0000000000
28183  20.720  -45.419  -24.142 0.0000000000
28184  19.770  -46.004  -23.978 0.0000000000
28185  19.195  -46.300  -24.401 0.0000000000
28197  20.510  -45.288  -24.857 0.0000000000
28198  20.006  -45.781  -25.076 0.0000000000
28199  19.335  -46.325  -25.021 0.0000000000
28200  13.539  -46.851  -25.491 0.0000000000
28201  12.939  -46.400  -24.794 0.0000000000
28212  19.897  -45.650  -25.866 0.0000000000
28213  19.415  -46.388  -26.120 0.0000000000
28214  19.074  -46.676  -26.908 0.0000000000
28215  15.284  -46.529  -27.442 0.0000000000
28216  14.875  -46.790  -27.260 0.0000000000
28217  14.146  -46.887  -26.372 0.0000000000
28230  19.701  -45.718  -26.454 0.0000000000
28231  19.375  -46.062  -27.000 0.0000000000
28232  18.672  -46.448  -27.423 0.0000000000
28233  17.834  -46.503  -27.655 0.0000000000
28234  16.915  -46.694  -27.690 0.0000000000
28235  15.748  -46.777  -27.649 0.0000000000
28236  15.077  -47.422  -27.624 0.0000000000
29293  25.126  -45.713  -19.516 0.0000000000
29294  24.290  -45.568  -19.699 0.0000000000
29305  25.677  -45.146  -19.899 0.0000000000
29306  24.695  -44.917  -19.965 0.0000000000
29307  23.750  -45.165  -20.374 0.0000000000
29308  23.223  -45.557  -20.779 0.0000000000
29316  23.298  -44.997  -21.126 0.0000000000
29317  22.921  -45.619  -21.438 0.0000000000
29326  22.962  -44.884  -21.887 0.0000000000
29327  22.535  -45.480  -22.303 0.0000000000
29339  22.634  -44.799  -22.586 0.0000000000
29340  22.139  -45.087  -23.107 0.0000000000
29353  21.681  -44.840  -23.738 0.0000000000
29354  21.204  -44.909  -24.128 0.0000000000
29366  21.508  -44.509  -24.172 0.0000000000
29367  20.953  -44.669  -24.776 0.0000000000
29368  20.313  -45.194  -25.392 0.0000000000
29369  14.488  -45.828  -26.134 0.0000000000
29370  13.832  -45.932  -25.602 0.0000000000
29371  13.234  -45.550  -24.847 0.0000000000
29382  20.444  -44.624  -25.536 0.0000000000
29383  20.012  -45.025  -26.145 0.0000000000
29384  16.187  -45.550  -27.054 0.0000000000
29385  15.367  -46.077  -27.118 0.0000000000
29386  14.624  -46.223  -26.656 0.0000000000
29387  14.285  -46.238  -26.193 0.0000000000
29403  19.544  -45.222  -26.854 0.0000000000
29404  19.002  -45.417  -27.390 0.0000000000
29405  18.193  -45.544  -27.574 0.0000000000
29406  17.328  -45.770  -27.543 0.0000000000
29407  16.483  -46.022  -27.501 0.0000000000
29408  15.919  -46.090  -27.400 0.0000000000
30531  26.127  -44.656  -20.283 0.0000000000
30532  25.267  -44.170  -20.280 0.0000000000
30533  24.202  -44.173  -20.660 0.0000000000
30534  23.638  -44.602  -20.873 0.0000000000
30539  27.216  -44.426  -21.137 0.0000000000
30540  26.374  -44.113  -20.645 0.0000000000
30541  25.833  -44.058  -20.431 0.0000000000
30542  23.873  -43.729  -21.124 0.0000000000
30543  23.391  -44.148  -21.402 0.0000000000
30551  28.312  -44.277  -22.288 0.0000000000
30552  27.778  -44.189  -21.730 0.0000000000
30553  22.859  -44.174  -22.328 0.0000000000
30564  29.245  -44.161  -23.737 0.0000000000
30565  28.834  -44.258  -23.014 0.0000000000
30566  22.452  -44.297  -23.114 0.0000000000
30567  22.097  -44.581  -23.461 0.0000000000
30575  29.430  -44.124  -24.453 0.0000000000
30576  22.500  -43.791  -23.441 0.0000000000
30577  22.084  -44.114  -23.811 0.0000000000
30587  29.398  -44.175  -25.230 0.0000000000
30588  21.625  -44.020  -24.405 0.0000000000
30589  21.252  -43.866  -24.853 0.0000000000
30590  16.529  -44.334  -26.037 0.0000000000
30591  16.051  -44.585  -25.881 0.0000000000
30592  14.813  -45.040  -25.690 0.0000000000
30593  13.563  -44.732  -24.864 0.0000000000
30609  29.205  -44.135  -25.970 0.0000000000
30610  28.926  -44.184  -26.591 0.0000000000
30611  20.772  -44.023  -25.360 0.0000000000
30612  20.217  -44.171  -25.996 0.0000000000
30613  17.391  -44.210  -26.793 0.0000000000
30614  16.811  -44.512  -26.531 0.0000000000
30615  15.709  -45.277  -26.434 0.0000000000
30616  14.995  -45.710  -26.404 0.0000000000
30629  28.494  -44.307  -27.249 0.0000000000
30630  27.804  -44.303  -27.892 0.0000000000
30631  19.740  -44.417  -26.631 0.0000000000
30632  19.259  -44.532  -27.122 0.0000000000
30633  18.579  -44.532  -27.344 0.0000000000
30634  17.650  -44.511  -27.169 0.0000000000
30635  16.887  -45.277  -27.205 0.0000000000
30644  27.008  -44.060  -28.401 0.0000000000
30645  26.232  -44.213  -28.591 0.0000000000
30646  25.430  -44.394  -28.743 0.0000000000
30647  24.532  -44.486  -28.921 0.0000000000
30648  23.668  -44.574  -29.214 0.0000000000
30649  22.850  -44.692  -29.573 0.0000000000
30659  22.241  -44.918  -30.226 0.0000000000
30669  22.023  -44.829  -31.038 0.0000000000
30679  23.046  -44.591  -31.955 0.0000000000
30680  22.352  -44.937  -31.572 0.0000000000
31747  25.214  -43.727  -20.472 0.0000000000
31748  24.877  -43.686  -20.545 0.0000000000
31760  27.334  -43.592  -21.433 0.0000000000
31761  26.628  -43.385  -20.989 0.0000000000
31762  25.490  -43.421  -20.692 0.0000000000
31763  24.324  -43.249  -21.056 0.0000000000
31764  23.669  -43.453  -21.471 0.0000000000
31774  28.595  -43.561  -22.459 0.0000000000
31775  27.948  -43.339  -21.869 0.0000000000
31776  23.764  -42.890  -21.815 0.0000000000
31777  23.248  -43.465  -22.128 0.0000000000
31787  29.592  -43.341  -23.993 0.0000000000
31788  29.177  -43.300  -23.046 0.0000000000
31789  23.279  -42.729  -22.855 0.0000000000
31790  22.793  -43.583  -22.947 0.0000000000
31800  29.615  -43.341  -24.887 0.0000000000
31801  22.986  -42.663  -23.533 0.0000000000
31802  22.604  -43.176  -23.816 0.0000000000
31803  22.072  -43.663  -24.191 0.0000000000
31804  16.232  -43.305  -24.707 0.0000000000
31805  15.099  -43.513  -24.473 0.0000000000
31819  29.386  -43.335  -25.684 0.0000000000
31820  22.303  -42.803  -24.354 0.0000000000
31821  21.802  -43.260  -24.578 0.0000000000
31822  21.027  -43.326  -25.085 0.0000000000
31823  16.715  -43.836  -25.685 0.0000000000
31824  15.566  -44.118  -25.187 0.0000000000
31825  14.465  -44.157  -24.907 0.0000000000
31843  29.045  -43.347  -26.384 0.0000000000
31844  28.634  -43.388  -27.033 0.0000000000
31845  20.470  -43.401  -25.699 0.0000000000
31846  19.807  -43.473  -26.474 0.0000000000
31847  19.437  -43.020  -26.787 0.0000000000
31848  17.603  -43.591  -26.676 0.0000000000
31849  17.224  -43.713  -26.258 0.0000000000
31860  28.101  -43.408  -27.624 0.0000000000
31861  27.479  -43.327  -28.101 0.0000000000
31862  19.495  -43.995  -26.904 0.0000000000
31863  19.101  -43.538  -27.123 0.0000000000
31864  18.288  -43.615  -27.138 0.0000000000
31865  17.904  -43.625  -27.004 0.0000000000
31874  26.939  -43.122  -28.402 0.0000000000
31875  26.364  -43.285  -28.545 0.0000000000
31876  25.596  -43.399  -28.663 0.0000000000
31877  24.742  -43.497  -28.797 0.0000000000
31878  23.874  -43.572  -29.051 0.0000000000
31879  23.071  -43.645  -29.439 0.0000000000
31887  22.455  -43.735  -30.016 0.0000000000
31890  22.195  -43.831  -30.778 0.0000000000
31897  22.988  -43.562  -31.851 0.0000000000
31898  22.456  -44.090  -31.453 0.0000000000
31910  25.252  -43.507  -32.412 0.0000000000
31911  23.966  -43.556  -32.165 0.0000000000
32957  27.095  -42.613  -21.416 0.0000000000
32958  25.959  -42.351  -21.220 0.0000000000
32959  24.851  -42.536  -21.274 0.0000000000
32960  24.259  -42.662  -21.531 0.0000000000
32969  29.358  -41.899  -22.600 0.0000000000
32970  28.613  -42.553  -22.161 0.0000000000
32971  27.798  -42.547  -21.745 0.0000000000
32972  25.644  -41.718  -21.578 0.0000000000
32973  25.084  -41.870  -21.644 0.0000000000
32974  24.218  -42.137  -22.070 0.0000000000
32983  29.709  -42.408  -23.413 0.0000000000
32984  29.270  -42.574  -22.764 0.0000000000
32985  23.706  -41.913  -22.927 0.0000000000
32999  29.914  -42.457  -24.476 0.0000000000
33000  23.195  -42.164  -23.593 0.0000000000
33001  22.893  -42.587  -23.804 0.0000000000
33002  16.692  -42.258  -24.351 0.0000000000
33003  15.661  -42.713  -24.023 0.0000000000
33022  29.719  -42.443  -25.402 0.0000000000
33023  23.073  -41.924  -23.952 0.0000000000
33024  22.686  -42.281  -24.155 0.0000000000
33025  21.872  -42.406  -24.575 0.0000000000
33026  21.302  -42.701  -24.921 0.0000000000
33027  17.145  -42.639  -25.229 0.0000000000
33044  29.322  -42.475  -26.177 0.0000000000
33045  28.840  -42.496  -26.830 0.0000000000
33046  20.751  -42.696  -25.341 0.0000000000
33047  20.230  -42.681  -25.895 0.0000000000
33048  19.677  -42.528  -26.433 0.0000000000
33049  17.814  -42.460  -26.571 0.0000000000
33050  17.528  -42.807  -26.081 0.0000000000
33057  28.327  -42.528  -27.429 0.0000000000
33058  27.771  -42.552  -27.917 0.0000000000
33059  19.154  -42.539  -26.907 0.0000000000
33060  18.565  -42.699  -27.060 0.0000000000
33061  18.021  -42.789  -26.949 0.0000000000
33064  27.204  -42.491  -28.280 0.0000000000
33065  26.564  -42.432  -28.485 0.0000000000
33066  25.818  -42.465  -28.602 0.0000000000
33067  24.971  -42.527  -28.664 0.0000000000
33068  24.084  -42.594  -28.825 0.0000000000
33069  23.286  -42.640  -29.233 0.0000000000
33072  22.676  -42.673  -29.794 0.0000000000
33074  22.433  -42.704  -30.516 0.0000000000
33081  23.309  -42.778  -31.889 0.0000000000
33082  22.684  -42.872  -31.330 0.0000000000
33095  25.901  -42.483  -32.488 0.0000000000
33096  24.789  -42.437  -32.285 0.0000000000
33097  23.897  -42.264  -32.030 0.0000000000
34081  26.864  -41.972  -21.462 0.0000000000
34082  26.557  -42.110  -21.383 0.0000000000
34093  29.484  -40.963  -22.511 0.0000000000
34094  28.666  -41.297  -22.041 0.0000000000
34095  27.484  -41.672  -21.660 0.0000000000
34096  26.276  -41.548  -21.564 0.0000000000
34097  25.291  -41.231  -22.026 0.0000000000
34098  24.730  -41.589  -22.072 0.0000000000
34108  30.425  -40.828  -23.649 0.0000000000
34109  29.966  -41.409  -23.140 0.0000000000
34110  24.974  -40.851  -22.451 0.0000000000
34111  24.438  -41.253  -22.616 0.0000000000
34112  16.256  -40.776  -23.631 0.0000000000
34113  15.490  -41.227  -23.281 0.0000000000
34126  30.589  -40.890  -24.416 0.0000000000
34127  30.240  -41.613  -24.019 0.0000000000
34128  23.523  -41.305  -23.452 0.0000000000
34129  23.188  -41.032  -23.795 0.0000000000
34130  16.825  -41.154  -24.178 0.0000000000
34131  16.075  -41.753  -23.716 0.0000000000
34147  30.627  -40.793  -24.906 0.0000000000
34148  30.274  -41.387  -25.097 0.0000000000
34149  23.169  -41.724  -23.759 0.0000000000
34150  22.910  -41.435  -23.994 0.0000000000
34151  22.081  -41.576  -24.408 0.0000000000
34152  21.012  -41.796  -25.016 0.0000000000
34153  20.475  -41.285  -25.345 0.0000000000
34154  17.209  -41.430  -25.045 0.0000000000
34167  29.765  -41.565  -26.031 0.0000000000
34168  29.222  -41.616  -26.710 0.0000000000
34169  20.514  -42.233  -25.504 0.0000000000
34170  20.112  -41.730  -25.812 0.0000000000
34171  19.370  -41.707  -26.558 0.0000000000
34172  17.684  -41.490  -26.292 0.0000000000
34173  17.481  -41.761  -25.780 0.0000000000
34175  28.647  -41.612  -27.328 0.0000000000
34176  28.026  -41.693  -27.860 0.0000000000
34177  18.745  -41.791  -26.919 0.0000000000
34178  18.273  -41.957  -26.939 0.0000000000
34179  17.943  -41.677  -26.698 0.0000000000
34182  27.482  -41.852  -28.166 0.0000000000
34183  26.918  -41.652  -28.435 0.0000000000
34184  26.134  -41.575  -28.571 0.0000000000
34185  25.271  -41.580  -28.597 0.0000000000
34186  24.359  -41.625  -28.668 0.0000000000
34187  23.490  -41.668  -28.955 0.0000000000
34189  22.826  -41.674  -29.494 0.0000000000
34193  22.493  -41.630  -30.164 0.0000000000
34205  23.797  -41.291  -31.784 0.0000000000
34206  23.410  -41.686  -31.700 0.0000000000
34207  22.592  -41.471  -30.949 0.0000000000
34224  26.634  -41.460  -32.513 0.0000000000
34225  25.520  -41.446  -32.348 0.0000000000
34226  24.284  -41.370  -31.971 0.0000000000
34227  23.833  -41.774  -31.919 0.0000000000
34246  27.389  -40.876  -32.520 0.0000000000
34247  26.887  -40.690  -32.542 0.0000000000
35299  14.528  -40.472  -21.708 0.0000000000
35304  29.546  -40.188  -22.604 0.0000000000
35305  28.930  -40.377  -22.197 0.0000000000
35306  27.765  -40.279  -21.962 0.0000000000
35307  26.560  -40.700  -21.827 0.0000000000
35308  25.871  -40.910  -21.923 0.0000000000
35309  14.660  -40.478  -22.327 0.0000000000
35314  30.541  -40.037  -23.453 0.0000000000
35315  30.043  -40.513  -22.982 0.0000000000
35316  27.283  -39.603  -22.212 0.0000000000
35317  26.632  -39.857  -22.210 0.0000000000
35318  25.452  -40.299  -22.478 0.0000000000
35319  24.784  -40.674  -22.668 0.0000000000
35320  16.268  -39.959  -23.770 0.0000000000
35321  15.698  -40.247  -23.333 0.0000000000
35322  15.056  -40.761  -22.798 0.0000000000
35335  30.770  -40.322  -24.053 0.0000000000
35336  24.930  -39.854  -22.982 0.0000000000
35337  24.368  -40.362  -23.146 0.0000000000
35338  23.368  -40.493  -23.754 0.0000000000
35339  22.869  -40.462  -23.939 0.0000000000
35340  16.671  -40.322  -24.079 0.0000000000
35353  30.877  -40.210  -24.781 0.0000000000
35354  30.613  -40.590  -25.292 0.0000000000
35355  22.949  -40.839  -23.923 0.0000000000
35356  22.420  -40.720  -24.118 0.0000000000
35357  21.525  -40.781  -24.517 0.0000000000
35358  20.634  -40.665  -25.004 0.0000000000
35359  20.018  -40.310  -25.418 0.0000000000
35360  16.941  -40.299  -24.788 0.0000000000
35372  30.844  -40.002  -25.518 0.0000000000
35373  30.309  -40.473  -26.087 0.0000000000
35374  29.657  -40.907  -26.611 0.0000000000
35375  20.162  -40.926  -25.563 0.0000000000
35376  19.500  -40.650  -26.091 0.0000000000
35377  18.810  -40.345  -26.561 0.0000000000
35378  17.593  -40.835  -26.255 0.0000000000
35379  17.339  -40.450  -25.821 0.0000000000
35388  29.818  -40.228  -26.888 0.0000000000
35389  29.176  -40.634  -27.290 0.0000000000
35390  28.369  -40.721  -27.877 0.0000000000
35391  18.966  -41.043  -26.735 0.0000000000
35392  18.291  -40.844  -26.732 0.0000000000
35393  17.710  -40.533  -26.369 0.0000000000
35394  17.412  -39.714  -26.077 0.0000000000
35397  27.495  -40.878  -28.299 0.0000000000
35398  26.567  -40.699  -28.561 0.0000000000
35399  25.657  -40.648  -28.602 0.0000000000
35400  24.712  -40.662  -28.575 0.0000000000
35401  23.757  -40.706  -28.680 0.0000000000
35402  22.940  -40.723  -29.103 0.0000000000
35410  22.402  -40.692  -29.723 0.0000000000
35419  22.261  -40.559  -30.407 0.0000000000
35430  23.755  -40.796  -31.688 0.0000000000
35431  23.042  -40.566  -31.389 0.0000000000
35432  22.406  -40.226  -30.966 0.0000000000
35451  26.277  -40.507  -32.445 0.0000000000
35452  25.240  -40.397  -32.151 0.0000000000
35453  24.381  -40.187  -31.835 0.0000000000
35473  27.259  -40.234  -32.604 0.0000000000
35474  26.819  -40.315  -32.565 0.0000000000
36557  14.799  -39.606  -21.371 0.0000000000
36562  29.578  -39.861  -22.652 0.0000000000
36563  29.270  -39.820  -22.479 0.0000000000
36564  28.578  -39.767  -22.244 0.0000000000
36565  14.707  -39.478  -22.086 0.0000000000
36571  30.577  -39.397  -23.440 0.0000000000
36572  29.906  -39.546  -22.882 0.0000000000
36573  28.977  -39.168  -22.475 0.0000000000
36574  27.892  -39.219  -22.331 0.0000000000
36575  26.869  -39.135  -22.497 0.0000000000
36576  26.000  -39.342  -22.674 0.0000000000
36577  16.198  -39.644  -23.950 0.0000000000
36578  15.841  -39.453  -23.808 0.0000000000
36579  15.119  -39.426  -22.994 0.0000000000
36594  31.013  -39.479  -24.062 0.0000000000
36595  25.322  -39.406  -22.987 0.0000000000
36596  24.673  -39.423  -23.353 0.0000000000
36597  23.809  -39.586  -23.694 0.0000000000
36598  22.705  -39.772  -23.890 0.0000000000
36599  21.759  -39.395  -23.974 0.0000000000
36600  16.371  -39.617  -24.299 0.0000000000
36601  15.819  -38.869  -24.484 0.0000000000
36612  31.239  -39.194  -25.178 0.0000000000
36613  21.881  -40.113  -24.126 0.0000000000
36614  21.053  -39.793  -24.370 0.0000000000
36615  20.263  -39.690  -24.898 0.0000000000
36616  19.599  -39.569  -25.510 0.0000000000
36617  16.494  -39.089  -25.168 0.0000000000
36618  15.772  -38.423  -24.954 0.0000000000
36628  30.821  -39.371  -26.104 0.0000000000
36629  30.226  -39.474  -26.816 0.0000000000
36630  18.942  -39.591  -26.133 0.0000000000
36631  18.350  -39.671  -26.474 0.0000000000
36632  17.004  -39.084  -25.814 0.0000000000
36645  29.564  -39.565  -27.421 0.0000000000
36646  28.799  -39.698  -27.906 0.0000000000
36647  27.954  -39.772  -28.307 0.0000000000
36648  17.887  -39.734  -26.457 0.0000000000
36649  17.595  -39.455  -26.194 0.0000000000
36650  17.325  -39.006  -25.969 0.0000000000
36663  27.054  -39.767  -28.555 0.0000000000
36664  26.119  -39.716  -28.636 0.0000000000
36665  25.152  -39.703  -28.556 0.0000000000
36666  24.140  -39.733  -28.478 0.0000000000
36667  23.135  -39.776  -28.643 0.0000000000
36668  22.320  -39.795  -29.170 0.0000000000
36681  21.892  -39.763  -29.929 0.0000000000
36694  21.981  -39.616  -30.650 0.0000000000
36707  23.675  -39.616  -31.593 0.0000000000
36708  22.751  -39.562  -31.264 0.0000000000
36709  22.233  -39.534  -31.033 0.0000000000
36720  25.940  -39.400  -32.358 0.0000000000
36721  24.934  -39.437  -31.998 0.0000000000
36722  24.324  -39.467  -31.774 0.0000000000
36734  26.796  -39.777  -32.582 0.0000000000
37894  17.907  -38.727  -20.602 0.0000000000
37895  16.974  -38.837  -20.972 0.0000000000
37896  15.705  -38.673  -21.034 0.0000000000
37897  15.026  -39.089  -21.074 0.0000000000
37901  15.067  -38.037  -21.151 0.0000000000
37902  14.724  -38.559  -21.573 0.0000000000
37907  14.607  -38.455  -22.560 0.0000000000
37912  30.655  -38.484  -23.500 0.0000000000
37913  29.583  -38.403  -22.813 0.0000000000
37914  28.458  -38.332  -22.600 0.0000000000
37915  27.309  -38.345  -22.635 0.0000000000
37916  26.131  -38.460  -22.845 0.0000000000
37917  25.655  -38.939  -22.957 0.0000000000
37918  15.296  -38.641  -23.909 0.0000000000
37919  14.787  -38.213  -23.504 0.0000000000
37932  31.429  -37.880  -24.717 0.0000000000
37933  31.296  -38.463  -24.441 0.0000000000
37934  25.630  -38.121  -23.096 0.0000000000
37935  25.221  -38.576  -23.272 0.0000000000
37936  24.249  -38.678  -23.580 0.0000000000
37937  23.270  -38.727  -23.660 0.0000000000
37938  22.222  -38.642  -23.753 0.0000000000
37939  21.006  -38.551  -24.038 0.0000000000
37940  20.427  -37.865  -24.348 0.0000000000
37941  15.222  -38.141  -24.582 0.0000000000
37942  14.899  -38.103  -24.134 0.0000000000
37956  31.516  -37.740  -24.963 0.0000000000
37957  31.451  -38.096  -25.189 0.0000000000
37958  20.521  -39.162  -24.463 0.0000000000
37959  19.955  -38.514  -24.800 0.0000000000
37960  19.090  -38.580  -25.650 0.0000000000
37961  15.956  -38.242  -25.283 0.0000000000
37962  15.463  -37.894  -25.072 0.0000000000
37973  31.211  -38.398  -25.985 0.0000000000
37974  30.663  -38.523  -26.745 0.0000000000
37975  18.432  -38.693  -26.114 0.0000000000
37976  17.938  -38.793  -26.277 0.0000000000
37977  17.687  -38.584  -26.174 0.0000000000
37978  16.340  -38.136  -25.655 0.0000000000
37979  15.770  -37.755  -25.363 0.0000000000
37988  29.994  -38.610  -27.405 0.0000000000
37989  29.231  -38.698  -27.935 0.0000000000
37990  28.386  -38.770  -28.285 0.0000000000
37991  17.713  -39.054  -26.214 0.0000000000
37992  17.453  -38.536  -26.091 0.0000000000
37993  16.942  -38.150  -26.009 0.0000000000
38001  27.521  -38.803  -28.526 0.0000000000
38002  26.624  -38.788  -28.658 0.0000000000
38003  25.667  -38.760  -28.627 0.0000000000
38004  24.650  -38.756  -28.426 0.0000000000
38005  23.556  -38.784  -28.266 0.0000000000
38006  22.458  -38.789  -28.568 0.0000000000
38016  21.745  -38.813  -29.368 0.0000000000
38027  21.610  -38.813  -30.268 0.0000000000
38035  23.726  -38.982  -31.612 0.0000000000
38036  23.263  -38.703  -31.520 0.0000000000
38037  22.167  -38.650  -31.059 0.0000000000
38044  26.037  -38.421  -32.427 0.0000000000
38045  25.337  -38.542  -32.183 0.0000000000
38046  24.236  -38.622  -31.800 0.0000000000
38047  23.589  -37.933  -31.699 0.0000000000
38061  26.851  -38.673  -32.599 0.0000000000
39278  18.323  -37.592  -20.612 0.0000000000
39279  17.478  -38.052  -21.054 0.0000000000
39280  16.564  -38.097  -21.082 0.0000000000
39284  17.828  -37.416  -21.276 0.0000000000
39285  16.966  -37.449  -21.411 0.0000000000
39286  15.746  -37.578  -21.326 0.0000000000
39287  14.678  -37.498  -21.615 0.0000000000
39288  14.255  -37.233  -22.063 0.0000000000
39292  14.358  -37.717  -22.189 0.0000000000
39293  14.209  -37.169  -22.449 0.0000000000
39298  30.728  -37.526  -23.637 0.0000000000
39299  30.139  -37.490  -23.176 0.0000000000
39300  29.064  -37.447  -22.806 0.0000000000
39301  27.887  -37.451  -22.721 0.0000000000
39302  26.651  -37.495  -22.822 0.0000000000
39303  25.831  -37.253  -22.965 0.0000000000
39304  14.371  -37.455  -23.053 0.0000000000
39305  14.256  -36.909  -22.857 0.0000000000
39314  31.481  -37.549  -24.779 0.0000000000
39315  31.237  -37.538  -24.227 0.0000000000
39316  25.885  -37.797  -22.960 0.0000000000
39317  25.328  -37.663  -23.233 0.0000000000
39318  24.643  -37.880  -23.486 0.0000000000
39319  23.791  -37.875  -23.542 0.0000000000
39320  22.829  -37.772  -23.566 0.0000000000
39321  21.795  -37.553  -23.690 0.0000000000
39322  20.838  -37.260  -24.034 0.0000000000
39323  15.090  -37.642  -24.830 0.0000000000
39324  14.730  -37.324  -24.323 0.0000000000
39338  31.531  -37.419  -25.158 0.0000000000
39339  31.429  -37.497  -25.790 0.0000000000
39340  20.054  -37.101  -24.679 0.0000000000
39341  19.303  -37.433  -25.354 0.0000000000
39342  15.208  -37.171  -25.171 0.0000000000
39343  14.834  -37.040  -24.832 0.0000000000
39357  31.042  -37.581  -26.583 0.0000000000
39358  30.402  -37.644  -27.280 0.0000000000
39359  18.616  -37.589  -25.934 0.0000000000
39360  18.081  -37.787  -26.235 0.0000000000
39361  17.662  -37.860  -26.237 0.0000000000
39362  16.434  -37.217  -25.947 0.0000000000
39363  15.905  -37.374  -25.574 0.0000000000
39375  29.627  -37.713  -27.830 0.0000000000
39376  28.798  -37.801  -28.240 0.0000000000
39377  27.961  -37.890  -28.490 0.0000000000
39378  17.227  -37.542  -26.195 0.0000000000
39379  16.881  -37.413  -26.109 0.0000000000
39390  27.144  -37.909  -28.696 0.0000000000
39391  26.245  -37.861  -28.769 0.0000000000
39392  25.248  -37.817  -28.587 0.0000000000
39393  24.192  -37.776  -28.216 0.0000000000
39394  22.982  -37.719  -28.105 0.0000000000
39395  21.805  -37.534  -28.789 0.0000000000
39396  21.490  -36.812  -29.040 0.0000000000
39407  21.344  -37.907  -29.793 0.0000000000
39408  21.264  -37.019  -29.510 0.0000000000
39416  21.520  -37.874  -30.580 0.0000000000
39417  21.206  -37.142  -30.299 0.0000000000
39425  22.860  -37.508  -31.518 0.0000000000
39426  21.886  -37.391  -31.095 0.0000000000
39427  21.432  -37.214  -30.767 0.0000000000
39436  25.691  -37.887  -32.374 0.0000000000
39437  25.040  -37.492  -32.201 0.0000000000
39438  24.071  -37.454  -31.908 0.0000000000
39439  23.506  -37.378  -31.750 0.0000000000
39455  26.292  -37.581  -32.510 0.0000000000
39456  25.679  -37.392  -32.406 0.0000000000
40604  18.771  -36.558  -21.089 0.0000000000
40605  18.278  -37.106  -21.252 0.0000000000
40609  18.613  -36.302  -21.790 0.0000000000
40610  17.830  -36.675  -21.883 0.0000000000
40611  16.362  -36.849  -21.881 0.0000000000
40612  15.217  -36.833  -21.901 0.0000000000
40613  14.449  -36.894  -22.084 0.0000000000
40614  14.138  -36.984  -22.217 0.0000000000
40618  17.533  -36.191  -22.484 0.0000000000
40619  16.823  -36.303  -22.441 0.0000000000
40620  15.764  -36.269  -22.408 0.0000000000
40621  14.771  -36.377  -22.692 0.0000000000
40622  14.333  -36.864  -22.509 0.0000000000
40627  30.798  -36.590  -23.680 0.0000000000
40628  29.703  -36.502  -22.997 0.0000000000
40629  28.514  -36.512  -22.744 0.0000000000
40630  27.329  -36.576  -22.717 0.0000000000
40631  26.232  -36.580  -22.786 0.0000000000
40632  25.107  -36.711  -22.959 0.0000000000
40633  24.011  -36.338  -22.984 0.0000000000
40634  23.050  -36.118  -23.082 0.0000000000
40635  22.251  -35.861  -23.330 0.0000000000
40636  21.843  -35.622  -23.542 0.0000000000
40637  14.425  -36.507  -23.514 0.0000000000
40638  14.377  -36.664  -22.879 0.0000000000
40643  31.521  -37.168  -24.852 0.0000000000
40644  31.393  -36.640  -24.541 0.0000000000
40645  24.851  -37.355  -23.301 0.0000000000
40646  24.306  -37.193  -23.308 0.0000000000
40647  23.408  -37.029  -23.293 0.0000000000
40648  22.460  -36.779  -23.394 0.0000000000
40649  21.502  -36.234  -23.697 0.0000000000
40650  20.574  -36.206  -24.298 0.0000000000
40651  14.589  -36.365  -24.426 0.0000000000
40660  31.562  -37.117  -25.124 0.0000000000
40661  31.528  -36.777  -25.342 0.0000000000
40662  20.022  -36.086  -24.827 0.0000000000
40663  19.566  -36.326  -25.324 0.0000000000
40664  15.220  -36.185  -25.349 0.0000000000
40665  14.803  -36.629  -24.893 0.0000000000
40676  31.307  -36.697  -26.277 0.0000000000
40677  30.750  -36.702  -27.033 0.0000000000
40678  18.964  -36.480  -25.909 0.0000000000
40679  18.265  -36.557  -26.403 0.0000000000
40680  17.857  -37.190  -26.366 0.0000000000
40681  16.297  -36.124  -26.177 0.0000000000
40682  15.783  -36.587  -25.693 0.0000000000
40693  30.000  -36.743  -27.626 0.0000000000
40694  29.180  -36.832  -28.104 0.0000000000
40695  28.335  -36.970  -28.463 0.0000000000
40696  17.994  -35.912  -26.745 0.0000000000
40697  17.548  -36.546  -26.504 0.0000000000
40698  16.869  -36.707  -26.298 0.0000000000
40706  27.629  -37.188  -28.722 0.0000000000
40707  26.906  -37.021  -28.963 0.0000000000
40708  25.898  -36.945  -28.944 0.0000000000
40709  24.852  -36.881  -28.648 0.0000000000
40710  23.785  -36.743  -28.258 0.0000000000
40711  22.634  -36.577  -28.275 0.0000000000
40712  21.787  -36.375  -28.708 0.0000000000
40721  21.318  -36.281  -29.266 0.0000000000
40728  21.067  -36.323  -30.009 0.0000000000
40735  22.840  -36.732  -31.638 0.0000000000
40736  22.284  -36.630  -31.444 0.0000000000
40737  21.464  -36.383  -30.900 0.0000000000
40749  25.031  -36.758  -32.316 0.0000000000
40750  24.471  -36.711  -32.187 0.0000000000
40751  23.484  -36.627  -31.888 0.0000000000
40768  25.626  -36.613  -32.501 0.0000000000
41964  18.882  -35.553  -21.934 0.0000000000
41965  18.487  -36.152  -22.118 0.0000000000
41969  28.309  -34.744  -22.413 0.0000000000
41970  27.318  -34.909  -22.297 0.0000000000
41971  26.329  -34.977  -22.235 0.0000000000
41972  25.586  -34.965  -22.224 0.0000000000
41973  25.207  -35.210  -22.350 0.0000000000
41974  18.669  -35.182  -22.833 0.0000000000
41975  18.155  -35.826  -22.620 0.0000000000
41976  17.236  -35.861  -22.938 0.0000000000
41977  16.285  -35.780  -22.920 0.0000000000
41978  15.453  -35.797  -22.963 0.0000000000
41982  30.991  -35.553  -23.842 0.0000000000
41983  30.294  -35.548  -23.269 0.0000000000
41984  29.151  -35.413  -22.736 0.0000000000
41985  27.909  -35.662  -22.552 0.0000000000
41986  26.800  -35.739  -22.538 0.0000000000
41987  25.698  -35.681  -22.540 0.0000000000
41988  24.644  -35.509  -22.580 0.0000000000
41989  23.569  -35.359  -22.770 0.0000000000
41990  22.692  -35.197  -23.085 0.0000000000
41991  22.058  -35.142  -23.432 0.0000000000
41992  18.311  -35.281  -23.142 0.0000000000
41993  17.739  -35.334  -23.340 0.0000000000
41994  16.782  -35.308  -23.442 0.0000000000
41995  15.830  -35.279  -23.451 0.0000000000
41996  14.983  -35.610  -23.597 0.0000000000
42000  31.260  -35.935  -24.307 0.0000000000
42001  21.581  -35.216  -23.757 0.0000000000
42002  21.006  -35.313  -24.174 0.0000000000
42003  14.694  -35.728  -24.294 0.0000000000
42008  31.448  -35.892  -25.017 0.0000000000
42009  20.391  -35.285  -24.810 0.0000000000
42010  19.873  -35.585  -25.275 0.0000000000
42011  15.203  -35.588  -25.414 0.0000000000
42012  14.830  -35.728  -25.004 0.0000000000
42017  31.402  -35.873  -25.864 0.0000000000
42018  31.020  -35.815  -26.679 0.0000000000
42019  20.069  -34.960  -25.458 0.0000000000
42020  19.484  -35.336  -25.976 0.0000000000
42021  18.831  -35.724  -26.402 0.0000000000
42022  16.241  -35.414  -26.331 0.0000000000
42023  15.703  -35.500  -25.879 0.0000000000
42032  30.340  -35.813  -27.322 0.0000000000
42033  29.539  -35.858  -27.853 0.0000000000
42034  28.735  -36.008  -28.388 0.0000000000
42035  19.089  -35.025  -26.674 0.0000000000
42036  18.445  -35.288  -26.839 0.0000000000
42037  17.752  -35.262  -26.930 0.0000000000
42038  16.861  -35.377  -26.665 0.0000000000
42047  27.792  -36.210  -28.886 0.0000000000
42048  26.672  -35.984  -29.249 0.0000000000
42049  25.520  -36.097  -29.146 0.0000000000
42050  24.517  -35.950  -28.790 0.0000000000
42051  23.478  -35.730  -28.485 0.0000000000
42052  22.413  -35.485  -28.574 0.0000000000
42053  21.633  -35.587  -28.991 0.0000000000
42063  26.054  -35.439  -29.491 0.0000000000
42064  25.213  -35.279  -29.378 0.0000000000
42065  24.236  -35.034  -29.005 0.0000000000
42066  23.260  -34.781  -28.727 0.0000000000
42067  22.476  -34.623  -28.837 0.0000000000
42068  21.283  -35.582  -29.627 0.0000000000
42077  21.204  -35.525  -30.357 0.0000000000
42087  22.750  -36.182  -31.742 0.0000000000
42088  22.124  -35.550  -31.557 0.0000000000
42089  21.472  -35.213  -30.984 0.0000000000
42102  24.908  -36.240  -32.388 0.0000000000
42103  24.223  -35.717  -32.326 0.0000000000
42104  23.127  -35.366  -32.031 0.0000000000
42105  22.445  -34.689  -31.869 0.0000000000
42120  25.109  -35.430  -32.599 0.0000000000
42121  24.510  -35.049  -32.518 0.0000000000
43303  18.843  -34.268  -21.365 0.0000000000
43308  28.531  -34.024  -22.271 0.0000000000
43309  27.769  -34.080  -22.125 0.0000000000
43310  26.781  -34.155  -22.051 0.0000000000
43311  25.797  -34.243  -22.053 0.0000000000
43312  24.936  -34.558  -22.225 0.0000000000
43313  18.912  -34.388  -22.622 0.0000000000
43317  30.807  -34.697  -23.693 0.0000000000
43318  30.001  -34.523  -23.005 0.0000000000
43319  29.143  -34.321  -22.550 0.0000000000
43320  24.052  -34.517  -22.503 0.0000000000
43321  23.118  -34.327  -22.902 0.0000000000
43322  22.311  -34.333  -23.448 0.0000000000
43323  21.839  -34.625  -23.735 0.0000000000
43324  18.330  -34.585  -23.592 0.0000000000
43325  17.306  -34.772  -23.916 0.0000000000
43326  16.337  -34.738  -23.970 0.0000000000
43327  15.480  -34.847  -24.093 0.0000000000
43328  14.953  -35.122  -24.330 0.0000000000
43332  31.296  -35.040  -24.585 0.0000000000
43333  21.896  -34.076  -23.901 0.0000000000
43334  21.457  -34.397  -24.261 0.0000000000
43335  20.919  -34.683  -24.659 0.0000000000
43336  17.652  -34.170  -24.293 0.0000000000
43337  16.834  -34.163  -24.427 0.0000000000
43338  15.971  -34.228  -24.541 0.0000000000
43339  15.313  -34.550  -24.863 0.0000000000
43340  14.879  -35.195  -24.849 0.0000000000
43344  31.352  -35.184  -25.459 0.0000000000
43345  21.167  -34.133  -24.832 0.0000000000
43346  20.658  -34.358  -25.270 0.0000000000
43347  15.207  -35.024  -25.388 0.0000000000
43348  14.907  -35.288  -25.098 0.0000000000
43352  31.167  -35.003  -26.222 0.0000000000
43353  30.644  -34.949  -26.962 0.0000000000
43354  20.105  -34.353  -25.990 0.0000000000
43355  19.566  -34.357  -26.616 0.0000000000
43356  16.219  -34.739  -26.408 0.0000000000
43357  15.759  -34.500  -26.005 0.0000000000
43361  29.964  -34.933  -27.573 0.0000000000
43362  29.153  -34.936  -28.210 0.0000000000
43363  28.427  -35.338  -28.757 0.0000000000
43364  18.986  -34.340  -27.086 0.0000000000
43365  18.260  -34.289  -27.279 0.0000000000
43366  17.455  -34.235  -27.171 0.0000000000
43367  16.760  -34.068  -26.856 0.0000000000
43373  28.629  -34.586  -28.821 0.0000000000
43374  27.720  -34.965  -29.315 0.0000000000
43375  26.744  -35.133  -29.610 0.0000000000
43376  21.968  -34.949  -28.963 0.0000000000
43377  21.615  -35.019  -29.363 0.0000000000
43385  27.074  -34.525  -29.827 0.0000000000
43386  26.103  -34.619  -29.846 0.0000000000
43387  24.951  -34.394  -29.629 0.0000000000
43388  23.955  -34.141  -29.240 0.0000000000
43389  22.978  -33.957  -29.058 0.0000000000
43390  22.006  -34.201  -29.451 0.0000000000
43391  21.396  -34.855  -29.928 0.0000000000
43404  21.631  -34.182  -30.439 0.0000000000
43405  21.359  -34.868  -30.522 0.0000000000
43417  21.863  -34.340  -31.323 0.0000000000
43418  21.471  -34.623  -30.850 0.0000000000
43429  23.943  -34.599  -32.476 0.0000000000
43430  23.020  -34.220  -32.260 0.0000000000
43431  22.367  -33.960  -31.947 0.0000000000
43444  24.718  -34.480  -32.708 0.0000000000
44541  18.558  -33.401  -21.496 0.0000000000
44547  29.200  -33.054  -22.303 0.0000000000
44548  28.349  -33.263  -22.158 0.0000000000
44549  27.255  -33.272  -22.070 0.0000000000
44550  26.203  -33.340  -22.087 0.0000000000
44551  25.034  -33.363  -22.311 0.0000000000
44552  24.434  -33.939  -22.366 0.0000000000
44553  18.787  -33.157  -22.326 0.0000000000
44554  18.329  -32.886  -21.660 0.0000000000
44558  30.607  -33.596  -23.395 0.0000000000
44559  29.758  -33.520  -22.689 0.0000000000
44560  29.019  -33.649  -22.335 0.0000000000
44561  24.484  -32.782  -22.722 0.0000000000
44562  23.842  -33.349  -22.783 0.0000000000
44563  22.651  -33.323  -23.602 0.0000000000
44564  22.159  -33.753  -23.812 0.0000000000
44565  18.788  -33.463  -23.531 0.0000000000
44569  31.212  -33.941  -24.359 0.0000000000
44570  22.345  -32.921  -24.201 0.0000000000
44571  21.902  -33.396  -24.417 0.0000000000
44572  21.463  -33.829  -24.693 0.0000000000
44573  18.172  -33.583  -24.336 0.0000000000
44574  17.360  -33.509  -24.827 0.0000000000
44575  16.475  -33.649  -24.965 0.0000000000
44576  15.841  -33.884  -25.134 0.0000000000
44580  31.259  -34.199  -25.560 0.0000000000
44581  21.753  -33.138  -24.939 0.0000000000
44582  21.332  -33.432  -25.244 0.0000000000
44583  20.650  -33.735  -25.858 0.0000000000
44584  16.906  -33.203  -25.358 0.0000000000
44585  16.357  -33.427  -25.663 0.0000000000
44586  15.718  -34.121  -25.664 0.0000000000
44590  30.881  -34.150  -26.594 0.0000000000
44591  30.371  -34.103  -27.238 0.0000000000
44592  20.876  -33.124  -26.039 0.0000000000
44593  20.207  -33.420  -26.630 0.0000000000
44594  19.502  -33.707  -27.090 0.0000000000
44595  16.281  -33.738  -26.307 0.0000000000
44596  15.851  -34.077  -26.038 0.0000000000
44600  29.800  -34.053  -27.854 0.0000000000
44601  29.231  -33.929  -28.470 0.0000000000
44602  19.693  -33.063  -27.283 0.0000000000
44603  18.932  -33.332  -27.436 0.0000000000
44604  18.013  -33.281  -27.480 0.0000000000
44605  17.268  -33.265  -27.219 0.0000000000
44606  16.796  -33.272  -26.865 0.0000000000
44609  28.519  -33.765  -29.241 0.0000000000
44610  27.675  -34.065  -29.740 0.0000000000
44613  27.962  -33.326  -29.947 0.0000000000
44614  26.962  -33.650  -30.181 0.0000000000
44615  25.706  -33.630  -30.102 0.0000000000
44616  24.629  -33.484  -29.795 0.0000000000
44617  23.650  -33.299  -29.540 0.0000000000
44618  22.731  -33.264  -29.626 0.0000000000
44619  22.131  -33.339  -30.155 0.0000000000
44631  21.954  -33.329  -30.914 0.0000000000
44640  22.256  -33.287  -31.635 0.0000000000
44651  24.308  -33.969  -32.709 0.0000000000
44652  23.753  -33.397  -32.627 0.0000000000
44653  22.786  -33.280  -32.239 0.0000000000
44668  24.245  -32.866  -32.875 0.0000000000
45724  14.921  -31.480  -19.485 0.0000000000
45739  15.411  -31.817  -20.186 0.0000000000
45740  14.969  -31.330  -20.098 0.0000000000
45742  17.888  -32.619  -21.543 0.0000000000
45743  17.123  -32.246  -21.450 0.0000000000
45744  16.136  -32.090  -20.875 0.0000000000
45745  15.569  -31.554  -20.827 0.0000000000
45747  30.332  -31.983  -22.698 0.0000000000
45748  29.889  -32.453  -22.524 0.0000000000
45749  28.830  -32.342  -22.227 0.0000000000
45750  27.759  -32.388  -22.180 0.0000000000
45751  26.642  -32.409  -22.291 0.0000000000
45752  25.761  -32.660  -22.371 0.0000000000
45753  18.802  -32.207  -22.588 0.0000000000
45754  18.112  -32.212  -21.935 0.0000000000
45755  17.354  -31.771  -21.793 0.0000000000
45758  31.275  -31.977  -23.660 0.0000000000
45759  30.793  -32.395  -23.226 0.0000000000
45760  30.304  -33.002  -22.908 0.0000000000
45761  25.911  -32.044  -22.671 0.0000000000
45762  25.045  -32.238  -22.778 0.0000000000
45763  24.082  -32.285  -23.204 0.0000000000
45764  23.314  -32.596  -23.493 0.0000000000
45765  19.395  -31.852  -23.873 0.0000000000
45766  19.126  -32.334  -23.456 0.0000000000
45769  31.488  -32.378  -24.226 0.0000000000
45770  31.183  -33.081  -24.026 0.0000000000
45771  23.488  -31.941  -23.802 0.0000000000
45772  22.707  -32.331  -24.301 0.0000000000
45773  22.242  -32.798  -24.524 0.0000000000
45774  19.234  -32.038  -24.251 0.0000000000
45775  18.531  -32.549  -24.666 0.0000000000
45776  17.927  -33.087  -24.825 0.0000000000
45783  31.648  -32.496  -24.888 0.0000000000
45784  31.446  -33.028  -25.090 0.0000000000
45785  22.413  -31.978  -24.961 0.0000000000
45786  21.972  -32.601  -25.093 0.0000000000
45787  21.366  -32.582  -25.847 0.0000000000
45788  18.015  -32.270  -25.418 0.0000000000
45789  17.558  -32.739  -25.364 0.0000000000
45790  16.924  -32.784  -25.774 0.0000000000
45799  31.098  -33.136  -26.520 0.0000000000
45800  30.718  -33.605  -27.005 0.0000000000
45801  20.771  -32.492  -26.508 0.0000000000
45802  20.144  -32.446  -27.126 0.0000000000
45803  16.716  -32.883  -26.213 0.0000000000
45812  30.995  -32.728  -27.142 0.0000000000
45813  30.459  -33.065  -27.583 0.0000000000
45814  29.780  -33.470  -28.148 0.0000000000
45815  19.417  -32.370  -27.450 0.0000000000
45816  18.599  -32.346  -27.521 0.0000000000
45817  17.779  -32.404  -27.334 0.0000000000
45818  17.139  -32.611  -27.006 0.0000000000
45819  16.789  -32.936  -26.629 0.0000000000
45829  30.302  -32.513  -28.148 0.0000000000
45830  29.595  -32.840  -28.611 0.0000000000
45839  28.657  -32.586  -29.624 0.0000000000
45840  27.605  -32.321  -30.348 0.0000000000
45841  26.360  -32.702  -30.431 0.0000000000
45842  25.268  -32.732  -30.215 0.0000000000
45843  24.294  -32.646  -29.980 0.0000000000
45844  23.371  -32.487  -30.005 0.0000000000
45845  22.625  -32.653  -30.150 0.0000000000
45860  27.330  -31.582  -30.527 0.0000000000
45861  26.754  -31.776  -30.591 0.0000000000
45862  25.789  -31.903  -30.520 0.0000000000
45863  24.831  -31.948  -30.343 0.0000000000
45864  24.054  -31.971  -30.227 0.0000000000
45865  22.385  -32.644  -30.636 0.0000000000
45873  22.415  -32.487  -31.287 0.0000000000
45882  23.226  -32.457  -32.493 0.0000000000
45883  22.655  -32.395  -31.996 0.0000000000
45900  23.847  -32.382  -32.827 0.0000000000
46824  14.987  -31.212  -20.379 0.0000000000
46825  14.611  -30.814  -20.152 0.0000000000
46828  16.377  -31.769  -21.343 0.0000000000
46829  15.827  -31.405  -21.237 0.0000000000
46830  15.036  -30.881  -20.915 0.0000000000
46831  14.579  -30.447  -20.679 0.0000000000
46833  30.038  -31.789  -22.548 0.0000000000
46834  29.419  -31.464  -22.439 0.0000000000
46835  28.232  -31.492  -22.398 0.0000000000
46836  27.209  -31.631  -22.472 0.0000000000
46837  26.414  -31.662  -22.687 0.0000000000
46838  18.547  -31.506  -22.362 0.0000000000
46839  17.629  -31.290  -22.032 0.0000000000
46840  16.570  -31.257  -21.722 0.0000000000
46841  15.587  -30.709  -21.499 0.0000000000
46842  15.103  -30.403  -21.389 0.0000000000
46845  31.094  -31.677  -23.322 0.0000000000
46846  30.407  -31.277  -22.754 0.0000000000
46847  29.758  -31.058  -22.539 0.0000000000
46848  27.545  -30.940  -22.742 0.0000000000
46849  26.654  -31.046  -22.893 0.0000000000
46850  25.632  -31.243  -23.210 0.0000000000
46851  24.536  -31.592  -23.425 0.0000000000
46852  23.969  -31.737  -23.620 0.0000000000
46853  19.413  -31.427  -23.555 0.0000000000
46854  19.144  -31.730  -22.871 0.0000000000
46860  31.672  -31.438  -23.874 0.0000000000
46861  31.142  -31.239  -23.240 0.0000000000
46862  25.224  -30.682  -23.639 0.0000000000
46863  24.697  -30.946  -23.718 0.0000000000
46864  23.790  -31.237  -24.043 0.0000000000
46865  23.197  -31.694  -24.234 0.0000000000
46866  19.386  -31.561  -24.230 0.0000000000
46867  19.062  -31.660  -24.807 0.0000000000
46877  31.921  -32.044  -24.993 0.0000000000
46878  31.678  -32.502  -25.220 0.0000000000
46879  23.369  -30.905  -24.498 0.0000000000
46880  22.839  -31.377  -24.757 0.0000000000
46881  22.010  -31.620  -25.526 0.0000000000
46882  21.708  -32.126  -25.721 0.0000000000
46883  18.336  -31.701  -25.578 0.0000000000
46884  17.594  -32.166  -25.785 0.0000000000
46885  17.237  -32.444  -25.779 0.0000000000
46897  32.146  -31.677  -26.008 0.0000000000
46898  31.666  -32.423  -25.870 0.0000000000
46899  21.640  -31.357  -25.882 0.0000000000
46900  21.289  -31.709  -26.178 0.0000000000
46901  20.503  -31.720  -26.851 0.0000000000
46902  18.236  -31.342  -26.423 0.0000000000
46903  17.589  -31.869  -26.258 0.0000000000
46904  17.120  -32.341  -26.096 0.0000000000
46911  32.140  -31.290  -26.659 0.0000000000
46912  31.367  -31.946  -27.250 0.0000000000
46913  30.675  -32.344  -27.892 0.0000000000
46914  19.895  -31.688  -27.280 0.0000000000
46915  19.199  -31.569  -27.407 0.0000000000
46916  18.417  -31.471  -27.181 0.0000000000
46917  17.622  -31.900  -26.873 0.0000000000
46918  17.126  -32.376  -26.557 0.0000000000
46925  31.096  -31.329  -28.119 0.0000000000
46926  30.440  -31.770  -28.411 0.0000000000
46927  29.433  -31.668  -29.282 0.0000000000
46937  28.566  -31.482  -30.029 0.0000000000
46938  27.787  -31.188  -30.440 0.0000000000
46939  22.970  -32.172  -30.411 0.0000000000
46940  22.682  -32.333  -30.522 0.0000000000
46957  27.088  -30.997  -30.666 0.0000000000
46958  26.223  -31.029  -30.686 0.0000000000
46959  25.270  -31.126  -30.560 0.0000000000
46960  24.364  -31.243  -30.458 0.0000000000
46961  23.512  -31.559  -30.534 0.0000000000
46962  22.827  -31.762  -30.923 0.0000000000
46976  22.774  -31.539  -31.684 0.0000000000
46987  23.483  -31.904  -32.741 0.0000000000
46988  23.083  -31.397  -32.480 0.0000000000
47008  23.369  -30.691  -32.965 0.0000000000
47960  13.889  -30.311  -19.124 0.0000000000
47967  14.089  -30.208  -19.756 0.0000000000
47968  13.596  -29.757  -19.460 0.0000000000
47971  14.532  -30.196  -20.957 0.0000000000
47972  14.174  -29.915  -20.561 0.0000000000
47973  13.734  -29.639  -20.075 0.0000000000
47976  28.659  -30.923  -22.551 0.0000000000
47977  28.148  -30.927  -22.659 0.0000000000
47978  19.021  -30.252  -22.537 0.0000000000
47979  18.183  -30.499  -22.275 0.0000000000
47980  17.004  -30.376  -22.086 0.0000000000
47981  15.993  -30.210  -21.926 0.0000000000
47982  15.231  -30.005  -21.703 0.0000000000
47983  14.715  -29.972  -21.361 0.0000000000
47984  14.315  -29.701  -21.089 0.0000000000
47990  30.289  -30.207  -22.821 0.0000000000
47991  29.361  -30.497  -22.671 0.0000000000
47992  28.099  -30.350  -22.864 0.0000000000
47993  26.876  -30.262  -23.207 0.0000000000
47994  26.253  -30.697  -23.242 0.0000000000
47995  19.651  -30.575  -23.179 0.0000000000
47996  19.094  -31.018  -22.704 0.0000000000
48002  32.552  -30.062  -24.545 0.0000000000
48003  32.051  -30.372  -23.916 0.0000000000
48004  31.199  -30.509  -23.199 0.0000000000
48005  26.369  -29.875  -23.531 0.0000000000
48006  25.800  -30.265  -23.603 0.0000000000
48007  24.723  -30.314  -23.976 0.0000000000
48008  24.263  -30.721  -24.023 0.0000000000
48009  19.655  -30.929  -24.603 0.0000000000
48010  19.048  -31.325  -25.275 0.0000000000
48021  32.826  -30.064  -25.389 0.0000000000
48022  32.376  -30.989  -24.946 0.0000000000
48023  24.282  -30.120  -24.272 0.0000000000
48024  23.843  -30.460  -24.344 0.0000000000
48025  22.975  -30.582  -24.739 0.0000000000
48026  22.108  -30.743  -25.435 0.0000000000
48027  21.146  -30.498  -25.781 0.0000000000
48028  20.366  -30.397  -25.996 0.0000000000
48029  19.734  -30.476  -25.762 0.0000000000
48030  18.980  -31.041  -25.768 0.0000000000
48041  32.885  -29.997  -26.363 0.0000000000
48042  32.560  -30.827  -26.109 0.0000000000
48043  21.821  -31.163  -25.758 0.0000000000
48044  21.431  -31.033  -25.971 0.0000000000
48045  20.585  -30.948  -26.553 0.0000000000
48046  19.746  -30.631  -26.618 0.0000000000
48047  18.968  -30.822  -26.555 0.0000000000
48056  32.770  -29.903  -26.938 0.0000000000
48057  32.303  -30.568  -27.130 0.0000000000
48058  31.538  -30.745  -27.980 0.0000000000
48059  20.214  -31.287  -27.052 0.0000000000
48060  19.810  -31.054  -27.154 0.0000000000
48061  19.174  -30.947  -27.125 0.0000000000
48069  30.807  -30.693  -28.523 0.0000000000
48070  30.030  -30.696  -29.121 0.0000000000
48071  29.181  -30.584  -29.742 0.0000000000
48080  28.367  -30.423  -30.249 0.0000000000
48081  27.574  -30.256  -30.577 0.0000000000
48095  26.681  -30.067  -30.726 0.0000000000
48096  25.684  -30.230  -30.676 0.0000000000
48097  24.743  -30.352  -30.590 0.0000000000
48098  23.884  -30.499  -30.645 0.0000000000
48099  23.217  -30.636  -30.938 0.0000000000
48100  22.868  -30.634  -31.448 0.0000000000
48115  22.729  -30.522  -32.066 0.0000000000
48129  22.989  -30.279  -32.635 0.0000000000
48150  23.302  -30.048  -33.067 0.0000000000
49119  13.230  -29.156  -19.865 0.0000000000
49122  13.940  -29.181  -20.999 0.0000000000
49123  13.589  -29.160  -20.483 0.0000000000
49127  19.436  -29.621  -22.705 0.0000000000
49128  18.454  -29.504  -22.347 0.0000000000
49129  17.409  -29.475  -22.220 0.0000000000
49130  16.373  -29.402  -22.163 0.0000000000
49131  15.484  -29.327  -22.042 0.0000000000
49132  14.790  -29.274  -21.797 0.0000000000
49133  14.309  -29.201  -21.421 0.0000000000
49141  30.684  -29.428  -23.096 0.0000000000
49142  29.628  -29.428  -22.971 0.0000000000
49143  28.548  -29.488  -23.074 0.0000000000
49144  27.526  -29.534  -23.298 0.0000000000
49145  20.724  -29.598  -23.996 0.0000000000
49146  20.183  -29.903  -23.595 0.0000000000
49159  32.903  -29.257  -24.664 0.0000000000
49160  32.302  -29.465  -23.945 0.0000000000
49161  31.620  -29.546  -23.439 0.0000000000
49162  26.724  -29.505  -23.515 0.0000000000
49163  26.009  -29.467  -23.658 0.0000000000
49164  25.099  -29.523  -23.893 0.0000000000
49165  24.248  -29.381  -24.045 0.0000000000
49166  23.480  -29.441  -24.276 0.0000000000
49167  22.836  -29.583  -24.527 0.0000000000
49168  22.121  -29.530  -24.561 0.0000000000
49169  21.245  -29.575  -24.470 0.0000000000
49170  20.389  -30.080  -24.801 0.0000000000
49185  33.448  -28.597  -26.102 0.0000000000
49186  33.302  -29.035  -25.746 0.0000000000
49187  24.480  -29.840  -24.145 0.0000000000
49188  23.975  -29.857  -24.391 0.0000000000
49189  23.291  -29.987  -24.598 0.0000000000
49190  22.496  -30.071  -24.854 0.0000000000
49191  21.655  -30.041  -25.130 0.0000000000
49192  20.834  -30.100  -25.331 0.0000000000
49193  20.311  -30.198  -25.535 0.0000000000
49202  33.338  -28.798  -26.405 0.0000000000
49203  33.083  -29.307  -26.759 0.0000000000
49212  32.590  -29.597  -27.367 0.0000000000
49213  32.011  -29.847  -27.943 0.0000000000
49214  31.251  -29.854  -28.436 0.0000000000
49222  30.466  -29.750  -28.951 0.0000000000
49223  29.644  -29.662  -29.500 0.0000000000
49224  28.838  -29.558  -30.014 0.0000000000
49233  28.012  -29.456  -30.349 0.0000000000
49234  27.276  -29.397  -30.569 0.0000000000
49248  26.727  -29.229  -30.625 0.0000000000
49249  26.051  -29.334  -30.670 0.0000000000
49250  25.124  -29.449  -30.619 0.0000000000
49251  24.209  -29.552  -30.615 0.0000000000
49252  23.415  -29.650  -30.801 0.0000000000
49253  22.851  -29.702  -31.204 0.0000000000
49267  22.558  -29.685  -31.763 0.0000000000
49281  22.614  -29.586  -32.373 0.0000000000
49305  22.985  -29.461  -32.901 0.0000000000
50274  12.558  -28.487  -19.474 0.0000000000
50281  13.040  -28.493  -20.270 0.0000000000
50286  13.871  -28.509  -21.357 0.0000000000
50287  13.463  -28.511  -20.868 0.0000000000
50296  21.604  -28.074  -22.600 0.0000000000
50297  21.101  -28.288  -22.717 0.0000000000
50298  20.155  -28.815  -22.747 0.0000000000
50299  18.875  -28.627  -22.327 0.0000000000
50300  17.772  -28.540  -22.245 0.0000000000
50301  16.734  -28.473  -22.279 0.0000000000
50302  15.783  -28.464  -22.294 0.0000000000
50303  14.967  -28.483  -22.153 0.0000000000
50304  14.354  -28.476  -21.778 0.0000000000
50326  24.537  -28.263  -23.265 0.0000000000
50327  24.033  -28.348  -23.231 0.0000000000
50328  23.125  -28.478  -23.203 0.0000000000
50329  22.008  -28.491  -23.149 0.0000000000
50330  21.130  -29.077  -23.574 0.0000000000
50331  20.586  -29.374  -23.453 0.0000000000
50347  33.541  -27.635  -25.301 0.0000000000
50350  31.955  -28.984  -23.551 0.0000000000
50351  27.078  -28.987  -23.566 0.0000000000
50352  26.409  -28.897  -23.618 0.0000000000
50353  25.577  -28.744  -23.617 0.0000000000
50354  24.663  -28.710  -23.618 0.0000000000
50355  23.717  -28.911  -23.744 0.0000000000
50356  22.724  -29.048  -23.976 0.0000000000
50357  21.762  -29.130  -24.006 0.0000000000
50358  21.378  -29.249  -24.045 0.0000000000
50370  33.519  -28.137  -25.795 0.0000000000
50371  33.429  -28.485  -25.464 0.0000000000
50382  33.368  -28.307  -26.465 0.0000000000
50383  33.173  -28.600  -26.909 0.0000000000
50393  32.834  -28.905  -27.309 0.0000000000
50394  32.273  -28.899  -27.884 0.0000000000
50395  31.631  -29.208  -28.279 0.0000000000
50404  31.644  -28.583  -28.328 0.0000000000
50405  30.940  -28.853  -28.674 0.0000000000
50406  30.033  -28.768  -29.241 0.0000000000
50407  29.159  -28.673  -29.686 0.0000000000
50418  28.360  -28.639  -30.082 0.0000000000
50419  27.487  -28.535  -30.332 0.0000000000
50420  27.009  -27.992  -30.291 0.0000000000
50435  27.023  -28.897  -30.534 0.0000000000
50436  26.525  -28.485  -30.501 0.0000000000
50437  25.526  -28.592  -30.575 0.0000000000
50438  24.583  -28.647  -30.556 0.0000000000
50439  23.653  -28.726  -30.619 0.0000000000
50440  22.860  -28.803  -30.910 0.0000000000
50455  22.377  -28.845  -31.457 0.0000000000
50468  22.221  -28.832  -32.101 0.0000000000
50491  22.487  -28.733  -32.733 0.0000000000
51549  12.207  -27.914  -19.533 0.0000000000
51640  25.159  -28.408  -23.454 0.0000000000
51641  24.883  -28.215  -23.306 0.0000000000
51658  33.250  -28.125  -26.907 0.0000000000
51668  32.900  -28.038  -27.518 0.0000000000
51669  32.101  -28.035  -28.164 0.0000000000
51677  31.282  -27.939  -28.568 0.0000000000
51678  30.384  -27.942  -28.980 0.0000000000
51679  29.463  -27.844  -29.341 0.0000000000
51680  28.483  -27.729  -29.716 0.0000000000
51688  27.991  -28.070  -30.076 0.0000000000
51698  25.839  -27.930  -30.484 0.0000000000
53027  32.478  -27.607  -28.059 0.0000000000
46813  14.280  -30.996  -18.957 0.0000000000
46814  13.854  -30.606  -18.681 0.0000000000
47961  13.461  -30.078  -18.604 0.0000000000
49096  12.206  -29.559  -17.563 0.0000000000
49109  12.668  -29.446  -18.120 0.0000000000
49110  12.031  -29.110  -17.742 0.0000000000
49114  13.028  -29.272  -19.089 0.0000000000
50254  11.406  -28.601  -17.602 0.0000000000
50265  12.507  -28.846  -18.820 0.0000000000
50266  12.018  -28.613  -18.332 0.0000000000
50275  12.234  -28.464  -18.925 0.0000000000
51526  11.115  -28.209  -17.677 0.0000000000
51527  10.655  -28.022  -17.313 0.0000000000
51528  9.916  -27.420  -17.018 0.0000000000
51539  11.318  -28.007  -18.035 0.0000000000
51540  10.815  -27.466  -17.924 0.0000000000
51550  11.874  -27.904  -18.943 0.0000000000
51556  12.466  -27.766  -20.045 0.0000000000
51557  11.975  -27.473  -19.571 0.0000000000
51562  13.422  -27.804  -21.206 0.0000000000
51563  12.979  -27.806  -20.681 0.0000000000
51595  13.867  -27.737  -21.649 0.0000000000
52907  10.338  -27.224  -17.538 0.0000000000
52910  7.952  -25.698  -17.125 0.0000000000
52920  11.195  -27.404  -18.457 0.0000000000
52921  10.574  -26.731  -18.211 0.0000000000
52922  9.867  -26.144  -18.032 0.0000000000
52932  11.394  -26.963  -19.109 0.0000000000
52933  10.800  -26.302  -18.944 0.0000000000
52941  12.595  -27.311  -20.487 0.0000000000
52942  12.015  -26.794  -20.104 0.0000000000
52953  13.463  -27.294  -21.461 0.0000000000
52954  12.879  -26.887  -21.079 0.0000000000
52955  12.139  -26.095  -20.769 0.0000000000
52985  13.664  -26.714  -21.838 0.0000000000
52986  13.064  -26.262  -21.587 0.0000000000
54293  5.979  -24.921  -16.393 0.0000000000
54312  7.352  -25.600  -16.822 0.0000000000
54313  6.609  -25.275  -16.794 0.0000000000
54314  5.880  -24.728  -17.063 0.0000000000
54331  11.501  -24.672  -17.033 0.0000000000
54332  9.263  -25.940  -17.695 0.0000000000
54333  8.546  -25.523  -17.748 0.0000000000
54334  7.478  -25.211  -17.587 0.0000000000
54335  6.445  -24.667  -17.682 0.0000000000
54336  5.886  -24.458  -17.453 0.0000000000
54344  13.466  -24.910  -18.383 0.0000000000
54345  10.279  -26.026  -18.568 0.0000000000
54346  9.499  -25.529  -18.466 0.0000000000
54347  8.343  -24.838  -18.665 0.0000000000
54348  7.225  -24.635  -18.282 0.0000000000
54349  6.670  -24.416  -18.236 0.0000000000
54358  14.494  -24.751  -19.542 0.0000000000
54359  11.217  -26.259  -19.535 0.0000000000
54360  10.466  -25.642  -19.311 0.0000000000
54361  9.495  -24.903  -19.438 0.0000000000
54362  8.764  -24.522  -19.401 0.0000000000
54370  15.596  -24.536  -20.442 0.0000000000
54371  11.333  -25.699  -20.227 0.0000000000
54372  10.429  -25.029  -20.130 0.0000000000
54373  9.778  -24.528  -20.214 0.0000000000
54379  12.572  -25.856  -21.366 0.0000000000
54380  11.798  -25.326  -21.085 0.0000000000
55626  5.906  -24.432  -15.969 0.0000000000
55627  5.498  -24.038  -16.107 0.0000000000
55640  11.174  -24.454  -16.935 0.0000000000
55641  10.530  -24.308  -16.575 0.0000000000
55642  9.795  -24.179  -16.171 0.0000000000
55643  9.094  -24.068  -15.898 0.0000000000
55644  5.525  -24.377  -16.673 0.0000000000
55645  5.313  -24.026  -16.417 0.0000000000
55659  13.077  -24.685  -18.246 0.0000000000
55660  12.475  -24.566  -17.881 0.0000000000
55661  11.617  -24.219  -17.517 0.0000000000
55662  10.963  -24.041  -17.168 0.0000000000
55663  5.880  -24.257  -17.755 0.0000000000
55664  5.472  -24.108  -17.421 0.0000000000
55665  5.207  -23.867  -17.069 0.0000000000
55674  14.011  -24.568  -19.261 0.0000000000
55675  13.469  -24.417  -18.871 0.0000000000
55676  12.816  -24.209  -18.442 0.0000000000
55677  12.187  -24.001  -18.150 0.0000000000
55678  7.535  -24.357  -18.896 0.0000000000
55679  6.866  -24.235  -18.666 0.0000000000
55680  6.159  -24.068  -18.347 0.0000000000
55681  5.602  -23.908  -17.993 0.0000000000
55687  14.902  -24.456  -20.104 0.0000000000
55688  14.203  -24.172  -19.751 0.0000000000
55689  13.767  -24.183  -19.375 0.0000000000
55690  9.054  -24.307  -19.943 0.0000000000
55691  8.079  -24.070  -19.601 0.0000000000
55692  7.117  -23.923  -19.259 0.0000000000
55693  6.505  -23.847  -18.943 0.0000000000
55700  16.224  -24.066  -20.951 0.0000000000
55701  15.295  -23.953  -20.679 0.0000000000
55702  14.623  -23.936  -20.307 0.0000000000
55703  11.078  -24.947  -20.763 0.0000000000
55704  10.405  -24.435  -20.796 0.0000000000
55705  9.467  -23.930  -20.751 0.0000000000
55706  8.665  -23.841  -20.250 0.0000000000
56902  7.881  -24.125  -15.418 0.0000000000
56903  7.270  -24.037  -15.494 0.0000000000
56904  6.399  -23.988  -15.744 0.0000000000
56905  5.799  -23.863  -15.992 0.0000000000
56906  5.413  -23.776  -16.303 0.0000000000
56922  10.035  -23.918  -16.632 0.0000000000
56923  9.439  -23.728  -16.510 0.0000000000
56924  8.213  -23.581  -16.162 0.0000000000
56925  6.934  -23.441  -16.069 0.0000000000
56926  6.096  -23.405  -16.186 0.0000000000
56927  5.554  -23.419  -16.412 0.0000000000
56928  5.296  -23.456  -16.815 0.0000000000
56939  11.106  -23.761  -17.542 0.0000000000
56940  10.329  -23.506  -17.316 0.0000000000
56941  9.126  -23.217  -16.980 0.0000000000
56942  8.508  -23.105  -16.870 0.0000000000
56943  5.364  -23.654  -17.882 0.0000000000
56944  5.184  -23.289  -17.651 0.0000000000
56955  13.069  -23.948  -18.897 0.0000000000
56956  12.534  -23.676  -18.723 0.0000000000
56957  11.444  -23.349  -18.241 0.0000000000
56958  10.686  -23.084  -17.996 0.0000000000
56959  6.106  -23.619  -18.847 0.0000000000
56960  5.514  -23.271  -18.566 0.0000000000
56961  5.048  -22.900  -18.237 0.0000000000
56968  14.178  -23.749  -20.143 0.0000000000
56969  13.351  -23.564  -19.684 0.0000000000
56970  12.196  -23.111  -19.104 0.0000000000
56971  11.667  -22.908  -18.877 0.0000000000
56972  7.816  -23.698  -19.887 0.0000000000
56973  7.388  -23.574  -19.799 0.0000000000
56974  6.366  -23.226  -19.517 0.0000000000
56975  5.694  -22.886  -19.275 0.0000000000
56981  17.014  -23.128  -21.162 0.0000000000
56982  15.826  -23.342  -21.284 0.0000000000
56983  14.531  -23.266  -20.846 0.0000000000
56984  13.622  -22.885  -20.608 0.0000000000
56986  7.924  -23.438  -20.278 0.0000000000
56987  6.976  -23.016  -20.231 0.0000000000
56988  6.521  -22.901  -20.055 0.0000000000
56993  16.843  -22.328  -21.321 0.0000000000
56994  16.288  -22.532  -21.557 0.0000000000
56995  15.420  -22.706  -21.581 0.0000000000
58183  8.088  -22.972  -16.885 0.0000000000
58184  7.385  -22.960  -16.666 0.0000000000
58185  6.497  -22.902  -16.614 0.0000000000
58186  5.781  -22.953  -16.708 0.0000000000
58187  5.451  -23.114  -16.801 0.0000000000
58194  10.252  -22.910  -17.944 0.0000000000
58195  9.593  -22.862  -17.666 0.0000000000
58196  8.607  -22.697  -17.490 0.0000000000
58197  7.761  -22.577  -17.287 0.0000000000
58198  6.957  -22.425  -17.174 0.0000000000
58199  6.119  -22.400  -17.184 0.0000000000
58200  5.423  -22.654  -17.361 0.0000000000
58208  15.688  -21.974  -18.240 0.0000000000
58209  14.987  -21.888  -17.885 0.0000000000
58210  11.320  -22.721  -18.804 0.0000000000
58211  10.677  -22.613  -18.510 0.0000000000
58212  9.937  -22.505  -18.229 0.0000000000
58213  9.245  -22.437  -18.078 0.0000000000
58214  5.083  -22.597  -18.603 0.0000000000
58215  5.017  -22.405  -18.161 0.0000000000
58221  17.116  -22.047  -19.510 0.0000000000
58222  13.024  -22.728  -20.291 0.0000000000
58223  12.472  -22.706  -19.764 0.0000000000
58224  11.682  -22.460  -19.387 0.0000000000
58225  11.068  -22.333  -19.072 0.0000000000
58226  5.823  -22.613  -19.680 0.0000000000
58227  5.339  -22.383  -19.261 0.0000000000
58228  4.973  -22.106  -18.826 0.0000000000
58233  17.127  -21.967  -20.646 0.0000000000
58234  13.973  -22.572  -21.155 0.0000000000
58235  13.240  -22.216  -21.067 0.0000000000
58236  12.475  -22.182  -20.334 0.0000000000
58237  12.047  -22.222  -19.887 0.0000000000
58239  6.302  -22.388  -20.332 0.0000000000
58240  5.644  -22.187  -19.950 0.0000000000
58245  16.520  -21.753  -21.542 0.0000000000
58246  15.705  -21.913  -21.923 0.0000000000
58247  14.609  -22.223  -21.668 0.0000000000
58248  13.878  -22.138  -21.482 0.0000000000
59503  14.497  -21.722  -17.807 0.0000000000
59504  13.635  -21.476  -17.460 0.0000000000
59505  12.854  -21.206  -17.065 0.0000000000
59506  8.087  -22.339  -17.728 0.0000000000
59507  7.527  -22.095  -17.786 0.0000000000
59508  6.645  -21.875  -17.756 0.0000000000
59509  5.827  -21.833  -17.777 0.0000000000
59510  5.269  -21.889  -18.017 0.0000000000
59514  16.696  -21.834  -19.194 0.0000000000
59515  16.131  -21.612  -18.959 0.0000000000
59516  14.866  -21.310  -18.572 0.0000000000
59517  13.890  -21.115  -18.189 0.0000000000
59518  10.179  -22.240  -18.629 0.0000000000
59519  9.606  -22.071  -18.593 0.0000000000
59520  8.488  -21.978  -18.313 0.0000000000
59521  7.345  -21.447  -18.469 0.0000000000
59522  6.371  -21.331  -18.347 0.0000000000
59523  5.680  -21.403  -18.475 0.0000000000
59524  5.204  -21.650  -18.716 0.0000000000
59535  16.708  -21.503  -19.691 0.0000000000
59536  15.905  -21.058  -19.580 0.0000000000
59537  15.249  -20.849  -19.366 0.0000000000
59538  11.185  -22.047  -19.448 0.0000000000
59539  10.448  -21.840  -19.222 0.0000000000
59540  9.292  -21.491  -19.100 0.0000000000
59541  8.267  -21.151  -19.085 0.0000000000
59542  7.464  -20.864  -19.133 0.0000000000
59543  5.415  -21.797  -19.791 0.0000000000
59544  5.261  -21.677  -19.297 0.0000000000
59554  16.571  -21.058  -20.362 0.0000000000
59555  16.030  -20.648  -20.225 0.0000000000
59556  13.033  -21.662  -21.412 0.0000000000
59557  12.515  -21.653  -20.940 0.0000000000
59558  11.493  -21.598  -20.160 0.0000000000
59559  10.531  -21.183  -19.951 0.0000000000
59573  16.560  -21.053  -21.178 0.0000000000
59574  15.993  -20.802  -22.026 0.0000000000
59575  14.977  -21.273  -22.224 0.0000000000
59576  13.705  -21.428  -21.894 0.0000000000
59577  12.759  -21.204  -21.595 0.0000000000
59578  12.040  -21.068  -21.136 0.0000000000
59590  15.604  -20.168  -22.168 0.0000000000
59591  15.177  -20.399  -22.380 0.0000000000
59592  14.391  -20.639  -22.406 0.0000000000
60842  11.881  -20.696  -16.054 0.0000000000
60854  12.903  -20.968  -17.375 0.0000000000
60855  12.386  -20.751  -16.831 0.0000000000
60866  14.016  -20.842  -18.617 0.0000000000
60867  13.164  -20.656  -17.908 0.0000000000
60868  12.674  -20.622  -17.344 0.0000000000
60869  6.844  -20.939  -18.851 0.0000000000
60870  6.234  -20.895  -18.984 0.0000000000
60871  5.665  -21.138  -19.156 0.0000000000
60872  5.393  -21.408  -19.232 0.0000000000
60888  15.500  -20.624  -19.848 0.0000000000
60889  14.630  -20.480  -19.448 0.0000000000
60890  13.659  -20.451  -18.714 0.0000000000
60891  9.877  -21.133  -19.655 0.0000000000
60892  9.060  -20.751  -19.666 0.0000000000
60893  8.010  -20.360  -19.736 0.0000000000
60894  6.972  -20.509  -19.492 0.0000000000
60895  6.324  -20.598  -19.786 0.0000000000
60896  5.641  -21.203  -19.825 0.0000000000
60897  5.403  -21.418  -19.441 0.0000000000
60910  16.299  -20.574  -20.752 0.0000000000
60911  15.528  -20.183  -20.543 0.0000000000
60912  14.845  -20.077  -20.136 0.0000000000
60913  10.785  -20.933  -20.386 0.0000000000
60914  10.016  -20.419  -20.339 0.0000000000
60915  8.864  -20.032  -20.123 0.0000000000
60935  16.143  -20.387  -21.289 0.0000000000
60936  15.567  -19.854  -21.583 0.0000000000
60938  13.039  -20.866  -22.044 0.0000000000
60939  12.316  -20.376  -21.913 0.0000000000
60940  11.122  -20.461  -21.025 0.0000000000
60959  15.254  -19.847  -22.228 0.0000000000
60960  14.487  -19.773  -22.433 0.0000000000
60961  13.446  -20.309  -22.411 0.0000000000
62169  11.479  -20.144  -15.479 0.0000000000
62170  11.561  -20.496  -15.641 0.0000000000
62185  11.794  -20.080  -16.094 0.0000000000
62204  12.703  -20.150  -17.728 0.0000000000
62205  12.345  -20.131  -17.111 0.0000000000
62217  13.691  -20.138  -19.130 0.0000000000
62218  12.952  -19.990  -18.224 0.0000000000
62219  12.490  -19.844  -17.521 0.0000000000
62234  14.227  -19.863  -19.903 0.0000000000
62235  13.286  -19.677  -18.987 0.0000000000
63472  11.950  -19.510  -16.088 0.0000000000
63485  12.207  -19.544  -16.932 0.0000000000
63496  12.658  -19.443  -17.951 0.0000000000
63497  12.426  -19.516  -17.437 0.0000000000
