#!ascii label, from subject  
248
67302 38.701019 -13.307524 -4.378776 0.000000
67323 38.834122 -13.514352 -4.576331 0.000000
68647 38.541862 -12.989861 -4.054060 0.000000
68665 38.761127 -13.523642 -4.883482 0.000000
68666 38.322212 -13.002371 -4.507204 0.000000
68688 38.956951 -13.554205 -5.307066 0.000000
68689 38.325943 -13.114154 -5.005603 0.000000
68690 38.062027 -12.765122 -4.728317 0.000000
68700 39.717728 -13.431855 -5.846516 0.000000
68701 39.132774 -13.314543 -5.707273 0.000000
68702 38.827145 -13.218343 -5.605571 0.000000
69943 37.991699 -12.336380 -3.799508 0.000000
69944 37.636749 -11.853902 -3.492383 0.000000
69957 37.815620 -12.315230 -4.261450 0.000000
69958 37.599434 -11.876936 -3.756928 0.000000
69982 38.679573 -13.154416 -5.541038 0.000000
69983 38.419472 -12.991050 -5.372566 0.000000
69984 37.969448 -12.571391 -4.939291 0.000000
70002 39.990528 -12.949668 -6.077739 0.000000
70003 39.309658 -12.931283 -6.004414 0.000000
70004 38.690716 -12.887067 -5.776340 0.000000
70005 38.199337 -12.546271 -5.427169 0.000000
70006 37.949104 -12.350172 -5.119143 0.000000
71206 37.514641 -11.429973 -3.165434 0.000000
71223 37.754009 -12.207201 -4.523180 0.000000
71224 37.623245 -11.811234 -4.017070 0.000000
71253 37.778648 -12.068484 -4.707579 0.000000
71254 37.645729 -11.820930 -4.351072 0.000000
71283 39.680496 -12.429087 -6.107745 0.000000
71284 39.053772 -12.446845 -6.037094 0.000000
71285 38.570061 -12.201174 -5.743572 0.000000
71286 38.039497 -12.137093 -5.220334 0.000000
71302 40.211403 -11.816900 -6.002337 0.000000
71303 39.504860 -12.018424 -6.001514 0.000000
71304 39.020248 -12.128645 -5.980243 0.000000
72425 37.219002 -10.736704 -2.444149 0.000000
72426 37.207161 -10.850538 -2.254535 0.000000
72437 37.391434 -11.113825 -3.070933 0.000000
72438 37.337620 -11.152208 -2.785347 0.000000
72453 37.738735 -11.351254 -4.241598 0.000000
72454 37.634956 -11.501494 -4.059982 0.000000
72484 37.868717 -11.668262 -4.663290 0.000000
72485 37.682198 -11.801624 -4.493495 0.000000
72515 38.692444 -11.741090 -5.594837 0.000000
72516 38.263931 -11.812739 -5.301794 0.000000
72530 40.862347 -11.150427 -5.867062 0.000000
72531 40.215374 -11.329865 -5.834581 0.000000
72532 39.225407 -11.748601 -5.809534 0.000000
72545 41.524551 -10.510367 -5.860601 0.000000
72546 41.056801 -10.767852 -5.814094 0.000000
72547 40.758854 -10.875718 -5.761093 0.000000
73833 36.918587 -9.888083 -1.473780 0.000000
73834 36.887917 -10.122458 -1.350835 0.000000
73845 37.383308 -10.001698 -2.399650 0.000000
73846 37.241905 -10.321196 -2.247097 0.000000
73847 37.156872 -10.556048 -2.079098 0.000000
73856 37.581310 -10.316906 -2.976023 0.000000
73857 37.564384 -10.933627 -3.423306 0.000000
73867 38.539089 -10.505588 -4.310978 0.000000
73868 37.965042 -10.893559 -4.082199 0.000000
73869 37.695805 -11.215454 -3.983802 0.000000
73887 39.464127 -10.642776 -5.147429 0.000000
73888 38.665340 -10.965264 -4.887966 0.000000
73889 38.225750 -11.422506 -4.888907 0.000000
73907 39.959408 -10.803082 -5.511982 0.000000
73908 39.144417 -11.263653 -5.488973 0.000000
73909 38.547745 -11.485564 -5.295016 0.000000
73922 40.529701 -10.801236 -5.696229 0.000000
73923 39.782951 -11.226174 -5.705328 0.000000
73937 42.102654 -9.915405 -6.191217 0.000000
73938 41.756790 -10.130881 -6.026490 0.000000
73939 41.207119 -10.508099 -5.787756 0.000000
73953 42.621193 -9.389154 -6.588177 0.000000
73954 42.377750 -9.668885 -6.398095 0.000000
75277 36.388447 -8.854296 -0.651751 0.000000
75278 35.952641 -9.039811 -0.287376 0.000000
75283 36.957325 -9.431239 -1.315093 0.000000
75284 36.686417 -9.528350 -0.944710 0.000000
75288 38.113598 -9.203183 -2.579323 0.000000
75289 37.615982 -9.599412 -2.323612 0.000000
75290 37.285667 -9.708323 -1.945244 0.000000
75293 39.063843 -9.272717 -3.538162 0.000000
75294 38.471046 -9.613230 -3.352121 0.000000
75295 37.975231 -10.002129 -3.216125 0.000000
75298 39.436668 -9.665159 -4.204666 0.000000
75299 38.811359 -9.970626 -3.988577 0.000000
75300 38.330086 -10.233690 -3.810168 0.000000
75311 40.517693 -9.615812 -5.053297 0.000000
75312 39.819046 -10.017545 -4.806869 0.000000
75313 39.115250 -10.341196 -4.579540 0.000000
75327 40.930954 -9.828852 -5.509173 0.000000
75328 40.228142 -10.253557 -5.302922 0.000000
75338 41.352650 -9.908148 -5.791550 0.000000
75339 40.693565 -10.353624 -5.592417 0.000000
75349 42.435558 -9.444134 -6.408480 0.000000
75350 41.802525 -9.851276 -6.072274 0.000000
75351 41.126022 -10.283500 -5.742517 0.000000
75360 43.117397 -8.915585 -7.212750 0.000000
75361 42.704788 -9.301668 -6.702003 0.000000
75362 42.170406 -9.692762 -6.276956 0.000000
75370 43.549534 -8.448918 -7.811408 0.000000
76549 36.165215 -8.414875 -0.613784 0.000000
76550 35.647949 -8.172181 -0.425893 0.000000
76551 34.264194 -7.869630 -0.215239 0.000000
76558 37.094555 -8.143860 -1.241897 0.000000
76559 36.586975 -8.417795 -0.861773 0.000000
76560 36.019764 -8.154910 -0.637462 0.000000
76561 33.583099 -7.269832 -0.994758 0.000000
76562 32.730759 -7.336424 -1.513565 0.000000
76568 38.225246 -8.262734 -2.050446 0.000000
76569 37.653725 -8.626825 -1.769345 0.000000
76570 37.266979 -9.026036 -1.484042 0.000000
76576 39.311893 -8.459943 -3.000744 0.000000
76577 38.682957 -8.850706 -2.813451 0.000000
76580 40.434540 -8.492174 -3.889930 0.000000
76581 39.733398 -8.923245 -3.718091 0.000000
76594 41.503124 -8.427102 -4.955273 0.000000
76595 40.840157 -8.914784 -4.643007 0.000000
76596 40.132473 -9.303976 -4.413715 0.000000
76610 41.815697 -8.789516 -5.675597 0.000000
76611 41.208233 -9.210563 -5.300562 0.000000
76622 42.653324 -8.574629 -6.568589 0.000000
76623 42.120235 -9.023959 -6.146491 0.000000
76624 41.572231 -9.423674 -5.772718 0.000000
76632 43.015270 -8.718678 -6.896284 0.000000
76633 42.424644 -9.194643 -6.421136 0.000000
76634 41.875488 -9.510671 -6.058232 0.000000
76642 43.135818 -8.645717 -7.213579 0.000000
76643 42.766693 -9.078033 -6.749124 0.000000
76652 43.407314 -8.326286 -7.629538 0.000000
77818 35.444191 -7.831090 -0.557076 0.000000
77819 35.079781 -7.677811 -0.489491 0.000000
77824 36.979908 -7.727318 -1.247609 0.000000
77825 36.598946 -7.668227 -1.095220 0.000000
77826 35.637890 -7.569207 -0.738521 0.000000
77827 34.327850 -7.114009 -0.933489 0.000000
77828 33.395718 -7.043045 -1.628411 0.000000
77833 38.981918 -6.899523 -2.011252 0.000000
77834 38.454670 -7.207844 -1.903535 0.000000
77835 37.242882 -7.344709 -1.418055 0.000000
77836 35.992279 -6.720849 -1.124271 0.000000
77837 34.844933 -6.492295 -1.222041 0.000000
77845 40.104473 -6.883769 -2.419571 0.000000
77846 39.515709 -7.334404 -2.368113 0.000000
77847 38.844532 -8.037984 -2.406487 0.000000
77856 41.542820 -6.910494 -3.325512 0.000000
77857 40.790138 -7.355371 -3.063089 0.000000
77858 39.972946 -8.140256 -3.193598 0.000000
77876 42.606659 -6.901994 -4.386428 0.000000
77877 41.912983 -7.350195 -4.190131 0.000000
77878 41.121738 -8.152636 -4.155690 0.000000
77895 42.623779 -7.206648 -5.124378 0.000000
77896 42.205708 -8.021615 -5.436594 0.000000
77910 43.579258 -7.094957 -6.861142 0.000000
77911 42.962719 -7.652817 -6.330875 0.000000
77912 42.341209 -8.443123 -6.093767 0.000000
77923 43.748013 -7.619024 -7.330127 0.000000
77924 43.218899 -8.233185 -6.959285 0.000000
77932 44.077595 -7.725065 -7.834574 0.000000
77933 43.543072 -8.236293 -7.362989 0.000000
77943 43.769432 -8.064717 -7.702158 0.000000
79200 39.194897 -6.718505 -2.023434 0.000000
79201 38.573864 -6.344786 -1.992269 0.000000
79202 37.562241 -6.153806 -1.693737 0.000000
79203 36.315022 -5.661306 -1.428232 0.000000
79209 40.363789 -6.496066 -2.540698 0.000000
79210 39.413147 -6.267797 -2.250141 0.000000
79211 38.399567 -5.520328 -2.176979 0.000000
79219 41.948715 -6.572008 -3.517809 0.000000
79220 41.076187 -6.269570 -3.087217 0.000000
79234 42.942379 -6.646518 -4.588242 0.000000
79235 42.462566 -6.449344 -4.100953 0.000000
79255 43.826511 -6.232100 -5.464877 0.000000
79256 43.351051 -6.699964 -5.457596 0.000000
79271 43.839085 -6.515762 -6.353404 0.000000
79272 43.429794 -7.033234 -6.337060 0.000000
79286 44.834312 -6.490702 -7.787501 0.000000
79287 44.233101 -6.724385 -7.489850 0.000000
80558 37.783524 -5.494759 -1.977896 0.000000
80563 39.926018 -5.616084 -2.674644 0.000000
80572 42.416508 -5.497465 -4.076455 0.000000
80573 41.993481 -5.660049 -3.720734 0.000000
80574 40.394657 -4.928192 -3.322840 0.000000
80582 43.506275 -5.428848 -5.090371 0.000000
80583 43.012524 -5.735785 -4.540370 0.000000
80584 42.283440 -5.993772 -4.384003 0.000000
80602 44.749203 -5.351232 -5.674406 0.000000
80603 44.212494 -5.638103 -5.411199 0.000000
80604 43.717228 -6.100589 -5.112217 0.000000
80626 44.776112 -5.441734 -6.492434 0.000000
80627 44.499355 -6.108306 -6.892056 0.000000
80643 44.676899 -6.308612 -7.556882 0.000000
81918 42.221931 -4.903644 -4.009365 0.000000
81930 43.562920 -4.807477 -4.900402 0.000000
81931 42.675137 -4.329199 -4.323350 0.000000
81939 45.829449 -4.684049 -6.033545 0.000000
81940 44.941433 -4.843807 -5.812848 0.000000
81941 44.219612 -4.636615 -5.263182 0.000000
83295 43.774567 -3.338091 -4.798999 0.000000
83307 45.442810 -3.854024 -5.943087 0.000000
83308 44.433426 -3.737836 -5.257088 0.000000
83309 43.945553 -4.048928 -4.824749 0.000000
84703 46.085979 -2.325945 -5.552870 0.000000
84704 45.104012 -2.645891 -5.173045 0.000000
84721 46.072182 -3.199126 -5.835665 0.000000
65887 40.393955 -14.791074 -3.746151 0.000000
65888 40.259125 -14.640950 -3.604409 0.000000
65903 40.629192 -15.376729 -4.222493 0.000000
65904 40.381374 -15.045601 -3.966406 0.000000
65905 39.951042 -14.436906 -4.153705 0.000000
65919 40.523865 -15.221272 -4.717697 0.000000
65920 40.183849 -14.847825 -4.586817 0.000000
65921 39.905548 -14.504320 -4.505216 0.000000
67301 39.277008 -13.663231 -4.222798 0.000000
67319 40.518745 -14.974596 -5.086944 0.000000
67320 40.062840 -14.666778 -5.001595 0.000000
67321 39.564182 -14.245360 -4.933917 0.000000
67322 39.325726 -13.975863 -4.666831 0.000000
67336 41.773533 -14.701330 -5.676332 0.000000
67337 40.894299 -14.771968 -5.475693 0.000000
67338 40.116383 -14.432647 -5.352140 0.000000
67339 39.627644 -14.157862 -5.235709 0.000000
68664 39.116867 -13.842177 -4.985318 0.000000
68684 42.017540 -13.998488 -5.857218 0.000000
68685 41.062023 -13.939639 -5.860719 0.000000
68686 40.244633 -14.009713 -5.690710 0.000000
68687 39.585304 -13.839188 -5.543279 0.000000
68699 40.328011 -13.481636 -5.927842 0.000000
69981 41.534069 -13.355042 -5.880162 0.000000
70000 41.645943 -12.570808 -5.789931 0.000000
70001 40.840939 -12.967584 -5.999020 0.000000
71281 41.179619 -12.024412 -5.913239 0.000000
71282 40.413456 -12.304368 -6.061775 0.000000
71300 41.513752 -11.238182 -5.834051 0.000000
71301 40.893639 -11.567807 -5.919971 0.000000
72529 41.410843 -10.881063 -5.838310 0.000000
69979 43.076077 -12.811173 -5.438718 0.000000
69980 42.228302 -13.174877 -5.716058 0.000000
69999 42.331062 -12.342547 -5.596721 0.000000
71279 42.865475 -11.652065 -5.461155 0.000000
71280 42.012657 -11.500235 -5.725552 0.000000
71299 41.909393 -10.930221 -5.822529 0.000000
72514 42.627781 -10.900960 -5.714532 0.000000
72527 42.375240 -10.469331 -5.980048 0.000000
72528 41.872478 -10.614815 -5.896795 0.000000
72543 42.267658 -10.107526 -6.191041 0.000000
72544 41.918484 -10.271101 -6.061472 0.000000
73936 42.427315 -9.682935 -6.387616 0.000000
