#!ascii label, from subject  
33
134090 38.051277 41.960281 -51.170963 0.000000
134091 37.618900 41.858524 -50.993767 0.000000
134092 37.009190 41.689598 -50.578339 0.000000
134093 36.563515 41.519588 -50.039543 0.000000
135129 38.427628 42.880085 -52.307571 0.000000
135130 37.372425 42.833954 -52.289906 0.000000
135131 36.576138 42.433620 -51.288517 0.000000
135132 36.086040 41.951393 -50.190956 0.000000
135140 37.932236 43.733017 -53.274845 0.000000
135141 37.448925 43.632214 -53.201633 0.000000
136078 35.364254 42.230614 -50.113922 0.000000
136079 34.230610 42.864151 -50.671772 0.000000
136080 32.716492 42.718243 -50.126369 0.000000
136081 31.471346 42.538177 -50.455299 0.000000
136082 30.520870 42.473434 -51.295471 0.000000
136088 39.728703 43.950298 -53.475689 0.000000
136089 38.740868 43.960831 -53.556290 0.000000
136090 37.155602 43.578526 -53.168396 0.000000
136091 36.471985 43.461105 -53.123470 0.000000
136092 35.449474 43.041061 -51.726494 0.000000
136093 34.503975 43.343353 -51.942963 0.000000
136103 37.232933 44.026192 -54.005386 0.000000
136104 36.542423 43.930733 -54.247952 0.000000
137070 33.776093 43.407341 -52.226471 0.000000
137071 32.876842 43.252666 -51.731667 0.000000
137072 31.857162 43.045792 -51.324215 0.000000
137073 31.250467 42.793629 -51.235973 0.000000
137078 35.989925 43.865196 -54.409447 0.000000
137079 35.277943 43.500477 -53.866505 0.000000
137080 34.247772 43.346489 -53.381016 0.000000
137081 32.887421 43.145779 -53.629139 0.000000
137082 31.772480 43.102779 -52.745056 0.000000
137083 31.122211 42.980068 -51.937950 0.000000
