#!ascii label  , from subject colin27 vox2ras=TkReg coords=white
1083
153485  7.006  59.103  -29.112 0.0000000000
154207  9.018  59.768  -28.654 0.0000000000
154208  8.210  59.671  -28.709 0.0000000000
154209  7.269  59.712  -28.744 0.0000000000
154210  6.391  59.721  -28.877 0.0000000000
154964  9.548  60.900  -27.949 0.0000000000
154965  8.920  60.878  -27.962 0.0000000000
154966  7.904  60.898  -27.989 0.0000000000
154967  6.946  60.914  -28.082 0.0000000000
154968  6.170  60.912  -28.224 0.0000000000
154973  11.326  60.770  -28.920 0.0000000000
154974  11.022  60.575  -28.684 0.0000000000
154975  9.860  60.319  -28.423 0.0000000000
154976  8.581  60.301  -28.336 0.0000000000
154977  7.581  60.313  -28.383 0.0000000000
154978  6.661  60.349  -28.481 0.0000000000
154979  5.742  60.459  -28.637 0.0000000000
154989  11.274  60.477  -29.380 0.0000000000
154990  10.701  59.946  -29.004 0.0000000000
154991  10.187  59.693  -28.942 0.0000000000
155003  11.411  60.600  -30.300 0.0000000000
155011  11.308  60.720  -30.914 0.0000000000
155031  9.170  60.694  -32.798 0.0000000000
155053  6.834  60.719  -33.863 0.0000000000
155054  6.141  60.863  -34.081 0.0000000000
155737  11.295  61.897  -27.741 0.0000000000
155738  10.362  61.570  -27.509 0.0000000000
155739  9.360  61.415  -27.563 0.0000000000
155740  8.256  61.475  -27.577 0.0000000000
155741  7.214  61.500  -27.665 0.0000000000
155742  6.276  61.424  -27.780 0.0000000000
155743  5.359  61.231  -28.073 0.0000000000
155751  11.467  61.391  -28.760 0.0000000000
155752  10.735  61.083  -28.129 0.0000000000
155753  10.003  61.022  -27.879 0.0000000000
155767  11.531  61.454  -29.792 0.0000000000
155776  11.249  61.539  -30.776 0.0000000000
155777  10.854  62.017  -31.112 0.0000000000
155785  11.127  61.076  -31.212 0.0000000000
155786  10.555  61.497  -31.610 0.0000000000
155787  9.888  61.929  -31.918 0.0000000000
155810  10.220  60.907  -32.140 0.0000000000
155811  9.568  61.438  -32.321 0.0000000000
155812  8.360  61.420  -32.876 0.0000000000
155813  7.705  61.835  -32.981 0.0000000000
155829  7.983  60.858  -33.261 0.0000000000
155830  7.365  61.394  -33.346 0.0000000000
155831  6.414  61.505  -33.730 0.0000000000
155832  5.628  61.495  -34.174 0.0000000000
155833  5.355  61.987  -34.322 0.0000000000
155844  5.284  60.982  -34.563 0.0000000000
155845  5.073  61.513  -34.810 0.0000000000
155853  4.891  61.453  -35.743 0.0000000000
155859  5.205  62.261  -36.869 0.0000000000
155860  5.020  61.432  -36.648 0.0000000000
155875  5.082  62.505  -37.383 0.0000000000
155876  4.942  61.889  -37.778 0.0000000000
155888  4.252  61.859  -38.848 0.0000000000
155896  3.624  61.837  -39.593 0.0000000000
156480  11.417  63.098  -26.831 0.0000000000
156481  11.038  62.928  -26.717 0.0000000000
156482  10.121  62.715  -26.613 0.0000000000
156483  9.053  62.657  -26.644 0.0000000000
156484  7.942  62.685  -26.744 0.0000000000
156485  6.810  62.675  -26.777 0.0000000000
156486  5.633  62.444  -26.506 0.0000000000
156491  12.013  63.286  -27.392 0.0000000000
156492  11.663  62.971  -27.226 0.0000000000
156493  10.769  62.281  -27.056 0.0000000000
156494  9.732  62.077  -27.039 0.0000000000
156495  8.644  62.064  -27.122 0.0000000000
156496  7.541  62.091  -27.203 0.0000000000
156497  6.485  62.044  -27.261 0.0000000000
156498  5.700  61.783  -27.371 0.0000000000
156505  12.043  63.251  -27.659 0.0000000000
156506  11.884  62.703  -28.252 0.0000000000
156515  11.736  62.474  -29.341 0.0000000000
156518  11.374  62.399  -30.185 0.0000000000
156519  10.940  62.491  -30.751 0.0000000000
156528  10.466  62.503  -31.182 0.0000000000
156529  9.891  62.508  -31.627 0.0000000000
156530  9.189  62.822  -31.882 0.0000000000
156554  9.463  62.233  -32.038 0.0000000000
156555  8.711  62.399  -32.344 0.0000000000
156556  7.818  62.394  -32.709 0.0000000000
156557  7.115  62.671  -32.857 0.0000000000
156565  7.325  62.123  -33.036 0.0000000000
156566  6.690  62.284  -33.291 0.0000000000
156567  6.051  62.242  -33.677 0.0000000000
156568  5.609  62.439  -33.973 0.0000000000
156578  5.387  62.516  -34.467 0.0000000000
156584  5.444  62.950  -35.734 0.0000000000
156585  5.267  62.589  -35.359 0.0000000000
156595  5.396  62.839  -36.218 0.0000000000
156596  5.122  62.103  -36.137 0.0000000000
156609  5.250  62.992  -37.113 0.0000000000
156610  4.829  62.949  -37.791 0.0000000000
156621  4.273  62.822  -38.560 0.0000000000
156626  3.644  62.700  -39.304 0.0000000000
156627  3.212  62.669  -39.980 0.0000000000
157206  4.366  64.141  -23.275 0.0000000000
157213  4.473  63.892  -24.373 0.0000000000
157219  10.989  63.910  -25.834 0.0000000000
157220  9.960  63.809  -25.744 0.0000000000
157221  8.868  63.826  -25.805 0.0000000000
157222  7.747  63.844  -25.881 0.0000000000
157223  6.647  63.846  -25.950 0.0000000000
157224  5.702  63.766  -25.928 0.0000000000
157225  5.113  63.336  -25.611 0.0000000000
157226  4.657  63.525  -25.037 0.0000000000
157230  12.074  63.969  -26.595 0.0000000000
157231  11.450  63.451  -26.545 0.0000000000
157232  10.527  63.322  -26.262 0.0000000000
157233  9.491  63.248  -26.207 0.0000000000
157234  8.391  63.265  -26.283 0.0000000000
157235  7.271  63.278  -26.350 0.0000000000
157236  6.222  63.234  -26.315 0.0000000000
157237  5.588  63.230  -26.139 0.0000000000
157241  12.168  63.714  -27.318 0.0000000000
157242  11.890  63.495  -26.915 0.0000000000
157252  12.217  63.698  -28.107 0.0000000000
157253  11.973  63.550  -28.983 0.0000000000
157261  11.316  63.508  -29.951 0.0000000000
157262  10.775  64.033  -30.269 0.0000000000
157264  11.050  62.974  -30.418 0.0000000000
157265  10.409  63.497  -30.738 0.0000000000
157266  9.725  63.910  -30.963 0.0000000000
157273  10.071  63.005  -31.241 0.0000000000
157274  9.452  63.469  -31.356 0.0000000000
157275  8.372  63.425  -31.955 0.0000000000
157276  7.705  63.757  -32.043 0.0000000000
157298  8.092  62.907  -32.388 0.0000000000
157299  7.435  63.320  -32.425 0.0000000000
157300  6.445  63.248  -32.918 0.0000000000
157301  5.847  63.799  -33.166 0.0000000000
157302  5.719  64.139  -33.315 0.0000000000
157314  6.252  62.700  -33.364 0.0000000000
157315  5.955  62.982  -33.507 0.0000000000
157316  5.698  63.433  -33.845 0.0000000000
157329  5.733  63.787  -34.828 0.0000000000
157330  5.514  63.225  -34.609 0.0000000000
157339  5.629  63.497  -35.686 0.0000000000
157340  5.498  63.259  -35.097 0.0000000000
157351  5.371  63.717  -36.694 0.0000000000
157361  4.864  63.783  -37.505 0.0000000000
157362  4.202  63.723  -38.208 0.0000000000
157372  3.493  63.720  -39.111 0.0000000000
157373  3.169  64.284  -39.549 0.0000000000
157378  3.280  63.215  -39.645 0.0000000000
157379  3.147  63.686  -40.138 0.0000000000
157930  3.921  64.781  -22.617 0.0000000000
157938  3.992  64.755  -23.736 0.0000000000
157947  11.461  65.041  -24.841 0.0000000000
157948  10.874  64.927  -24.790 0.0000000000
157949  9.849  64.915  -24.831 0.0000000000
157950  8.764  64.980  -24.920 0.0000000000
157951  7.637  65.014  -24.977 0.0000000000
157952  6.495  65.053  -25.057 0.0000000000
157953  5.388  65.033  -25.086 0.0000000000
157954  4.439  64.746  -24.746 0.0000000000
157965  12.127  64.867  -25.547 0.0000000000
157966  11.616  64.664  -25.358 0.0000000000
157967  10.458  64.406  -25.288 0.0000000000
157968  9.363  64.394  -25.335 0.0000000000
157969  8.249  64.419  -25.404 0.0000000000
157970  7.117  64.423  -25.464 0.0000000000
157971  6.032  64.422  -25.547 0.0000000000
157972  5.126  64.233  -25.416 0.0000000000
157973  4.606  63.953  -25.126 0.0000000000
157984  12.229  64.692  -26.000 0.0000000000
157985  11.723  64.098  -26.045 0.0000000000
157994  12.452  64.664  -26.896 0.0000000000
158004  12.400  64.615  -27.773 0.0000000000
158005  12.139  64.548  -28.613 0.0000000000
158008  11.602  64.515  -29.371 0.0000000000
158009  10.911  64.584  -29.943 0.0000000000
158012  10.320  64.507  -30.354 0.0000000000
158013  9.713  64.464  -30.700 0.0000000000
158014  9.008  64.727  -30.878 0.0000000000
158018  9.287  64.169  -31.017 0.0000000000
158019  8.567  64.292  -31.296 0.0000000000
158020  7.736  64.243  -31.692 0.0000000000
158021  6.916  64.525  -31.798 0.0000000000
158022  6.113  64.765  -31.991 0.0000000000
158023  5.434  64.947  -32.178 0.0000000000
158041  7.281  63.978  -32.049 0.0000000000
158042  6.685  64.037  -32.320 0.0000000000
158043  5.997  64.284  -32.601 0.0000000000
158044  5.500  64.736  -32.759 0.0000000000
158057  5.888  64.748  -33.773 0.0000000000
158058  5.730  64.590  -33.460 0.0000000000
158069  5.941  64.535  -34.234 0.0000000000
158070  5.725  63.885  -34.184 0.0000000000
158082  5.959  64.546  -35.252 0.0000000000
158093  5.598  64.645  -36.315 0.0000000000
158100  4.954  64.636  -37.155 0.0000000000
158101  4.196  64.659  -37.800 0.0000000000
158102  3.585  65.097  -38.290 0.0000000000
158112  3.686  64.411  -38.481 0.0000000000
158113  3.306  64.838  -39.040 0.0000000000
158122  3.226  64.773  -39.844 0.0000000000
158129  3.576  64.494  -40.642 0.0000000000
158664  10.704  65.800  -23.863 0.0000000000
158665  9.775  65.900  -23.869 0.0000000000
158666  8.713  65.984  -23.876 0.0000000000
158667  7.599  66.073  -23.895 0.0000000000
158668  6.453  66.142  -23.906 0.0000000000
158669  5.344  66.170  -23.881 0.0000000000
158670  4.430  66.022  -23.679 0.0000000000
158671  3.880  65.647  -23.088 0.0000000000
158679  12.108  65.603  -24.649 0.0000000000
158680  11.393  65.484  -24.388 0.0000000000
158681  10.320  65.392  -24.334 0.0000000000
158682  9.270  65.446  -24.371 0.0000000000
158683  8.171  65.502  -24.403 0.0000000000
158684  7.032  65.567  -24.453 0.0000000000
158685  5.894  65.628  -24.504 0.0000000000
158686  4.846  65.589  -24.417 0.0000000000
158687  4.158  65.412  -24.013 0.0000000000
158696  12.326  65.380  -25.370 0.0000000000
158697  11.848  65.176  -24.880 0.0000000000
158707  12.619  65.521  -26.346 0.0000000000
158723  12.565  65.675  -27.363 0.0000000000
158738  12.289  65.522  -28.277 0.0000000000
158739  11.763  65.460  -28.984 0.0000000000
158742  11.083  65.440  -29.542 0.0000000000
158743  10.166  65.462  -30.053 0.0000000000
158744  9.563  65.851  -30.152 0.0000000000
158747  9.886  64.970  -30.412 0.0000000000
158748  9.287  65.387  -30.467 0.0000000000
158749  8.159  65.271  -30.897 0.0000000000
158750  6.990  65.663  -30.982 0.0000000000
158751  5.974  65.847  -31.003 0.0000000000
158752  5.359  65.911  -30.968 0.0000000000
158758  7.956  64.696  -31.306 0.0000000000
158759  7.366  64.952  -31.364 0.0000000000
158760  6.440  65.229  -31.456 0.0000000000
158761  5.329  65.520  -31.477 0.0000000000
158762  4.427  65.461  -31.967 0.0000000000
158763  3.274  65.591  -31.946 0.0000000000
158764  2.819  65.716  -32.089 0.0000000000
158780  5.536  65.773  -32.988 0.0000000000
158781  5.001  65.561  -32.504 0.0000000000
158782  3.704  65.772  -32.185 0.0000000000
158783  3.086  65.726  -32.182 0.0000000000
158796  6.372  65.930  -33.984 0.0000000000
158797  5.961  65.212  -33.652 0.0000000000
158798  5.522  65.262  -33.154 0.0000000000
158808  6.450  66.131  -34.840 0.0000000000
158809  6.234  65.295  -34.617 0.0000000000
158822  6.294  66.414  -35.342 0.0000000000
158823  5.966  65.790  -35.747 0.0000000000
158833  4.889  65.778  -36.932 0.0000000000
158834  4.213  66.340  -37.285 0.0000000000
158840  6.613  66.139  -38.325 0.0000000000
158841  4.471  65.216  -37.398 0.0000000000
158842  3.893  65.792  -37.694 0.0000000000
158843  3.354  65.778  -38.573 0.0000000000
158851  3.334  65.651  -39.375 0.0000000000
158860  5.543  65.519  -39.685 0.0000000000
158861  4.635  65.482  -40.359 0.0000000000
158862  3.901  65.751  -40.306 0.0000000000
158863  3.515  65.419  -40.082 0.0000000000
158867  4.333  64.951  -40.747 0.0000000000
158868  3.993  65.131  -40.681 0.0000000000
158869  3.711  65.231  -40.457 0.0000000000
159348  10.335  67.105  -21.978 0.0000000000
159349  9.273  67.063  -21.971 0.0000000000
159350  8.225  67.053  -21.882 0.0000000000
159362  12.552  67.480  -22.679 0.0000000000
159363  11.853  66.984  -22.748 0.0000000000
159364  10.874  66.737  -22.743 0.0000000000
159365  9.805  66.672  -22.637 0.0000000000
159366  8.729  66.716  -22.596 0.0000000000
159367  7.626  66.754  -22.526 0.0000000000
159379  12.592  67.014  -23.432 0.0000000000
159380  11.615  66.209  -23.581 0.0000000000
159381  10.346  66.243  -23.312 0.0000000000
159382  9.256  66.299  -23.250 0.0000000000
159383  8.163  66.391  -23.236 0.0000000000
159384  7.035  66.491  -23.227 0.0000000000
159395  12.609  66.362  -24.517 0.0000000000
159396  12.010  65.850  -24.235 0.0000000000
159404  12.849  66.398  -25.753 0.0000000000
159416  12.705  66.490  -26.717 0.0000000000
159428  12.418  66.718  -27.452 0.0000000000
159429  12.003  66.904  -27.950 0.0000000000
159441  12.317  66.291  -27.984 0.0000000000
159442  11.662  66.509  -28.557 0.0000000000
159443  10.942  66.718  -28.971 0.0000000000
159449  11.241  66.129  -29.151 0.0000000000
159450  10.497  66.378  -29.431 0.0000000000
159451  9.576  66.419  -29.855 0.0000000000
159452  8.947  66.529  -30.090 0.0000000000
159457  9.189  66.080  -30.189 0.0000000000
159458  8.536  66.148  -30.345 0.0000000000
159459  7.536  66.214  -30.527 0.0000000000
159460  6.458  66.357  -30.563 0.0000000000
159461  5.356  66.354  -30.544 0.0000000000
159462  4.327  66.393  -30.460 0.0000000000
159463  3.466  66.336  -30.756 0.0000000000
159464  2.894  66.258  -31.199 0.0000000000
159477  4.880  65.981  -30.898 0.0000000000
159478  4.240  65.857  -31.137 0.0000000000
159479  3.416  65.786  -31.411 0.0000000000
159480  2.833  65.944  -31.738 0.0000000000
159500  6.121  66.729  -33.017 0.0000000000
159501  5.770  66.494  -32.914 0.0000000000
159502  4.919  66.365  -32.577 0.0000000000
159503  3.956  66.281  -32.351 0.0000000000
159504  2.967  66.167  -32.235 0.0000000000
159518  6.336  66.583  -33.380 0.0000000000
159519  6.043  65.949  -33.335 0.0000000000
159532  6.691  66.725  -34.210 0.0000000000
159544  6.576  66.919  -35.038 0.0000000000
159545  6.070  66.903  -35.723 0.0000000000
159548  10.494  66.220  -37.018 0.0000000000
159549  10.040  66.307  -36.806 0.0000000000
159550  9.310  66.425  -36.732 0.0000000000
159551  5.299  66.830  -36.419 0.0000000000
159552  4.417  66.897  -36.992 0.0000000000
159557  8.498  66.494  -36.937 0.0000000000
159558  7.631  66.574  -37.378 0.0000000000
159559  6.856  66.729  -38.014 0.0000000000
159560  3.814  66.843  -37.527 0.0000000000
159561  3.436  66.647  -38.184 0.0000000000
159565  11.084  66.878  -38.091 0.0000000000
159566  6.155  66.748  -38.731 0.0000000000
159567  5.447  66.988  -39.280 0.0000000000
159568  3.412  66.503  -38.926 0.0000000000
159577  5.720  66.287  -39.309 0.0000000000
159578  4.989  66.492  -39.775 0.0000000000
159579  4.268  66.382  -39.971 0.0000000000
159580  3.704  66.378  -39.622 0.0000000000
159591  8.849  67.107  -42.877 0.0000000000
159596  8.790  67.189  -43.403 0.0000000000
159599  8.793  67.413  -43.856 0.0000000000
160049  12.551  68.334  -21.791 0.0000000000
160050  12.160  68.181  -21.640 0.0000000000
160051  11.013  67.847  -21.268 0.0000000000
160052  9.730  67.489  -21.322 0.0000000000
160053  8.787  67.298  -21.357 0.0000000000
160059  13.146  68.416  -22.361 0.0000000000
160060  12.829  68.190  -22.176 0.0000000000
160061  11.981  67.593  -22.075 0.0000000000
160062  11.237  67.193  -22.130 0.0000000000
160070  13.211  68.378  -22.601 0.0000000000
160071  13.177  67.909  -23.092 0.0000000000
160080  13.139  67.583  -24.148 0.0000000000
160093  13.050  67.451  -25.269 0.0000000000
160105  12.691  67.454  -26.307 0.0000000000
160106  12.265  67.860  -26.876 0.0000000000
160113  12.486  67.244  -27.005 0.0000000000
160114  11.887  67.621  -27.501 0.0000000000
160115  11.217  67.890  -27.963 0.0000000000
160130  11.532  67.309  -28.142 0.0000000000
160131  10.719  67.513  -28.577 0.0000000000
160132  9.985  67.853  -28.709 0.0000000000
160142  10.504  67.000  -29.056 0.0000000000
160143  9.816  67.341  -29.188 0.0000000000
160144  8.766  67.171  -29.761 0.0000000000
160145  7.644  67.487  -29.755 0.0000000000
160146  6.520  67.608  -29.676 0.0000000000
160147  5.393  67.632  -29.509 0.0000000000
160148  4.365  67.669  -29.356 0.0000000000
160149  3.768  67.882  -29.340 0.0000000000
160157  8.577  66.680  -30.100 0.0000000000
160158  8.023  66.798  -30.134 0.0000000000
160159  7.016  66.939  -30.153 0.0000000000
160160  5.906  66.969  -30.034 0.0000000000
160161  4.781  66.979  -29.888 0.0000000000
160162  3.633  67.250  -29.959 0.0000000000
160163  2.929  66.945  -30.808 0.0000000000
160175  3.521  67.470  -32.037 0.0000000000
160176  2.937  67.204  -31.899 0.0000000000
160177  2.707  66.727  -31.608 0.0000000000
160191  6.962  67.858  -32.895 0.0000000000
160192  6.172  67.215  -32.823 0.0000000000
160193  5.198  67.073  -32.519 0.0000000000
160194  4.222  67.115  -32.370 0.0000000000
160195  3.317  66.834  -32.249 0.0000000000
160196  2.807  66.745  -32.108 0.0000000000
160206  7.428  68.117  -33.497 0.0000000000
160207  6.891  67.295  -33.525 0.0000000000
160218  7.579  68.462  -34.080 0.0000000000
160219  7.117  67.764  -34.503 0.0000000000
160229  6.422  67.790  -35.470 0.0000000000
160230  5.565  67.799  -36.103 0.0000000000
160235  10.384  66.873  -37.073 0.0000000000
160236  9.731  67.281  -36.884 0.0000000000
160237  8.963  67.317  -36.829 0.0000000000
160238  4.672  67.799  -36.650 0.0000000000
160239  3.941  67.748  -37.249 0.0000000000
160242  10.611  67.565  -37.621 0.0000000000
160243  10.171  67.496  -37.122 0.0000000000
160244  8.124  67.494  -37.128 0.0000000000
160245  7.235  67.627  -37.633 0.0000000000
160246  6.442  67.709  -38.325 0.0000000000
160247  3.555  67.538  -37.944 0.0000000000
160248  3.504  67.258  -38.580 0.0000000000
160251  11.143  66.767  -38.801 0.0000000000
160252  10.948  67.595  -38.586 0.0000000000
160253  5.644  67.733  -38.947 0.0000000000
160254  4.716  67.477  -39.329 0.0000000000
160255  3.996  67.459  -39.191 0.0000000000
160256  3.663  67.068  -39.097 0.0000000000
160262  11.089  66.598  -39.292 0.0000000000
160263  10.855  67.255  -39.639 0.0000000000
160264  4.492  66.839  -39.664 0.0000000000
160265  4.134  66.947  -39.550 0.0000000000
160266  3.849  66.982  -39.370 0.0000000000
160270  10.176  67.423  -40.854 0.0000000000
160271  9.778  67.983  -41.281 0.0000000000
160274  9.884  66.932  -41.394 0.0000000000
160275  9.536  67.505  -41.747 0.0000000000
160278  8.948  67.664  -42.478 0.0000000000
160279  8.516  67.775  -43.033 0.0000000000
160282  8.481  67.832  -43.633 0.0000000000
160284  9.033  67.711  -44.147 0.0000000000
160285  8.609  67.798  -44.042 0.0000000000
160760  12.595  68.698  -21.579 0.0000000000
160761  11.829  68.625  -21.083 0.0000000000
160768  13.254  68.773  -22.332 0.0000000000
160769  13.012  68.688  -21.948 0.0000000000
160778  13.403  68.738  -22.981 0.0000000000
160779  13.287  68.613  -23.810 0.0000000000
160788  13.044  68.495  -24.795 0.0000000000
160800  12.496  68.557  -25.881 0.0000000000
160801  11.921  69.154  -26.179 0.0000000000
160808  12.315  68.159  -26.510 0.0000000000
160809  11.605  68.704  -26.893 0.0000000000
160810  10.789  69.122  -27.205 0.0000000000
160816  11.317  68.233  -27.574 0.0000000000
160817  10.461  68.610  -27.823 0.0000000000
160818  9.597  68.960  -27.998 0.0000000000
160833  10.117  68.113  -28.443 0.0000000000
160834  9.275  68.415  -28.605 0.0000000000
160835  7.860  68.784  -28.826 0.0000000000
160836  6.679  68.915  -28.784 0.0000000000
160837  5.579  68.954  -28.612 0.0000000000
160838  4.578  68.972  -28.480 0.0000000000
160839  3.812  69.047  -28.668 0.0000000000
160840  3.541  69.255  -29.006 0.0000000000
160851  9.051  67.750  -29.225 0.0000000000
160852  8.314  68.017  -29.301 0.0000000000
160853  7.176  68.228  -29.312 0.0000000000
160854  6.025  68.310  -29.200 0.0000000000
160855  4.952  68.287  -28.982 0.0000000000
160856  4.051  68.316  -28.923 0.0000000000
160857  3.486  68.513  -29.472 0.0000000000
160863  3.135  67.905  -30.555 0.0000000000
160864  2.844  67.373  -31.199 0.0000000000
160872  7.333  69.133  -31.986 0.0000000000
160873  6.750  68.969  -31.855 0.0000000000
160874  5.624  68.671  -31.810 0.0000000000
160875  4.347  68.120  -31.904 0.0000000000
160876  3.183  67.902  -31.447 0.0000000000
160877  2.811  67.321  -31.558 0.0000000000
160890  8.064  69.317  -32.493 0.0000000000
160891  7.529  68.802  -32.520 0.0000000000
160892  6.438  68.182  -32.337 0.0000000000
160893  5.406  67.814  -32.322 0.0000000000
160894  4.756  67.552  -32.333 0.0000000000
160906  8.151  69.194  -32.868 0.0000000000
160907  7.975  68.912  -33.489 0.0000000000
160917  7.758  69.095  -34.260 0.0000000000
160918  7.371  68.626  -34.590 0.0000000000
160927  7.375  69.193  -34.779 0.0000000000
160928  6.878  68.768  -35.230 0.0000000000
160929  5.926  68.749  -35.853 0.0000000000
160936  9.658  67.749  -36.976 0.0000000000
160937  9.393  67.786  -36.932 0.0000000000
160938  5.001  68.755  -36.367 0.0000000000
160939  4.187  68.725  -36.919 0.0000000000
160942  10.283  68.513  -37.697 0.0000000000
160943  9.790  68.150  -37.172 0.0000000000
160944  8.787  68.331  -37.052 0.0000000000
160945  7.712  68.559  -37.359 0.0000000000
160946  6.791  68.642  -37.946 0.0000000000
160947  3.882  68.548  -37.827 0.0000000000
160948  3.698  67.913  -38.400 0.0000000000
160951  10.611  68.461  -38.303 0.0000000000
160952  5.959  68.659  -38.593 0.0000000000
160953  5.084  68.566  -38.910 0.0000000000
160954  4.203  68.368  -38.707 0.0000000000
160955  3.748  67.650  -38.821 0.0000000000
160960  10.699  68.386  -39.197 0.0000000000
160963  10.398  68.361  -40.137 0.0000000000
160964  9.904  68.511  -40.938 0.0000000000
160966  12.753  68.890  -41.143 0.0000000000
160967  9.495  68.484  -41.551 0.0000000000
160968  12.259  68.722  -41.940 0.0000000000
160969  11.683  68.587  -42.695 0.0000000000
160970  9.042  68.433  -42.057 0.0000000000
160971  8.587  68.548  -42.651 0.0000000000
160972  11.116  68.483  -43.296 0.0000000000
160973  10.527  68.419  -43.743 0.0000000000
160974  8.364  68.555  -43.323 0.0000000000
160975  9.941  68.402  -44.099 0.0000000000
160976  9.279  68.431  -44.199 0.0000000000
160977  8.572  68.420  -44.028 0.0000000000
161397  12.615  69.517  -21.304 0.0000000000
161398  12.289  69.066  -21.142 0.0000000000
161405  13.304  69.349  -22.226 0.0000000000
161406  13.080  69.237  -21.852 0.0000000000
161416  13.343  69.397  -22.658 0.0000000000
161417  13.260  69.506  -23.374 0.0000000000
161427  12.912  69.540  -24.338 0.0000000000
161428  12.404  69.906  -24.979 0.0000000000
161439  12.606  69.220  -25.134 0.0000000000
161440  12.034  69.611  -25.622 0.0000000000
161447  11.441  69.653  -26.203 0.0000000000
161448  10.738  69.691  -26.738 0.0000000000
161449  10.048  69.881  -26.996 0.0000000000
161455  10.313  69.380  -27.255 0.0000000000
161456  9.564  69.562  -27.499 0.0000000000
161457  8.622  69.780  -27.742 0.0000000000
161458  7.915  69.811  -27.941 0.0000000000
161459  5.118  70.256  -27.633 0.0000000000
161460  4.695  70.147  -27.713 0.0000000000
161475  9.088  69.218  -28.040 0.0000000000
161476  8.349  69.280  -28.269 0.0000000000
161477  7.277  69.502  -28.275 0.0000000000
161478  6.200  69.514  -28.245 0.0000000000
161479  5.231  69.723  -27.979 0.0000000000
161480  4.205  69.733  -28.027 0.0000000000
161481  3.728  69.799  -28.605 0.0000000000
161499  3.894  70.220  -29.701 0.0000000000
161500  3.628  69.717  -29.422 0.0000000000
161510  5.636  70.055  -30.810 0.0000000000
161511  5.170  69.984  -30.734 0.0000000000
161512  4.150  69.789  -30.336 0.0000000000
161513  3.482  68.873  -30.290 0.0000000000
161522  7.758  69.824  -31.578 0.0000000000
161523  7.311  69.606  -31.576 0.0000000000
161524  6.026  69.728  -31.168 0.0000000000
161525  4.801  69.229  -31.235 0.0000000000
161526  3.759  68.797  -31.080 0.0000000000
161527  3.266  68.411  -30.858 0.0000000000
161540  7.968  69.614  -31.954 0.0000000000
161541  7.574  69.274  -32.018 0.0000000000
161554  15.028  69.141  -33.567 0.0000000000
161555  14.205  69.682  -33.903 0.0000000000
161556  13.747  70.038  -34.416 0.0000000000
161557  8.407  69.780  -32.619 0.0000000000
161558  8.322  69.502  -33.224 0.0000000000
161566  14.931  69.071  -34.562 0.0000000000
161567  14.312  69.593  -34.919 0.0000000000
161568  13.717  70.148  -35.153 0.0000000000
161569  8.516  70.041  -33.202 0.0000000000
161570  8.191  69.785  -33.838 0.0000000000
161578  15.095  69.186  -35.593 0.0000000000
161579  14.511  69.890  -35.958 0.0000000000
161580  13.813  70.385  -35.881 0.0000000000
161581  7.644  69.834  -34.551 0.0000000000
161582  7.059  69.773  -35.119 0.0000000000
161583  6.274  69.711  -35.593 0.0000000000
161590  14.811  70.136  -36.880 0.0000000000
161591  5.352  69.710  -36.038 0.0000000000
161592  4.557  69.698  -36.589 0.0000000000
161595  9.880  69.044  -37.577 0.0000000000
161596  9.235  69.279  -37.368 0.0000000000
161597  8.252  69.529  -37.361 0.0000000000
161598  7.193  69.611  -37.634 0.0000000000
161599  6.226  69.578  -38.164 0.0000000000
161600  4.181  69.636  -37.348 0.0000000000
161603  10.249  69.246  -38.078 0.0000000000
161604  5.411  69.449  -38.610 0.0000000000
161605  4.756  69.353  -38.601 0.0000000000
161606  4.289  69.569  -38.145 0.0000000000
161610  10.434  69.245  -38.853 0.0000000000
161611  14.830  69.850  -39.504 0.0000000000
161612  14.388  69.628  -39.760 0.0000000000
161613  13.716  69.740  -40.220 0.0000000000
161614  10.359  69.179  -39.669 0.0000000000
161615  10.057  69.296  -40.426 0.0000000000
161616  13.071  69.792  -40.787 0.0000000000
161617  12.475  69.887  -41.551 0.0000000000
161618  9.468  69.479  -41.343 0.0000000000
161619  8.978  70.001  -41.704 0.0000000000
161620  11.856  69.633  -42.396 0.0000000000
161621  11.265  69.405  -43.050 0.0000000000
161622  9.152  68.964  -41.765 0.0000000000
161623  8.741  69.485  -42.117 0.0000000000
161624  10.706  69.290  -43.536 0.0000000000
161625  10.159  69.223  -43.940 0.0000000000
161626  8.267  69.450  -42.935 0.0000000000
161627  9.581  69.185  -44.130 0.0000000000
161628  8.910  69.272  -44.159 0.0000000000
161629  8.376  69.357  -43.667 0.0000000000
162048  13.218  69.615  -22.036 0.0000000000
162049  13.034  70.115  -21.800 0.0000000000
162058  13.266  69.756  -22.286 0.0000000000
162059  13.198  70.277  -22.699 0.0000000000
162070  12.915  70.446  -23.649 0.0000000000
162071  12.422  70.552  -24.469 0.0000000000
162081  11.832  70.516  -25.166 0.0000000000
162082  11.282  70.774  -25.498 0.0000000000
162090  11.492  70.219  -25.716 0.0000000000
162091  10.886  70.492  -26.016 0.0000000000
162092  10.098  70.514  -26.508 0.0000000000
162093  9.388  70.813  -26.717 0.0000000000
162101  9.584  70.243  -26.984 0.0000000000
162102  8.861  70.423  -27.190 0.0000000000
162103  7.965  70.368  -27.522 0.0000000000
162104  7.014  70.532  -27.498 0.0000000000
162105  5.856  70.478  -27.510 0.0000000000
162106  4.877  70.729  -27.407 0.0000000000
162107  4.281  70.910  -27.476 0.0000000000
162116  7.348  70.038  -27.810 0.0000000000
162117  6.595  69.990  -27.856 0.0000000000
162118  5.949  69.915  -27.880 0.0000000000
162119  4.327  70.401  -27.686 0.0000000000
162120  3.880  70.584  -27.952 0.0000000000
162137  3.836  70.657  -29.240 0.0000000000
162138  3.713  70.558  -28.681 0.0000000000
162151  7.233  70.758  -30.557 0.0000000000
162152  6.515  70.728  -30.465 0.0000000000
162153  5.699  70.481  -30.524 0.0000000000
162154  4.794  70.581  -30.203 0.0000000000
162155  4.216  70.655  -29.704 0.0000000000
162166  7.833  70.328  -31.200 0.0000000000
162167  6.906  70.206  -30.939 0.0000000000
162168  6.302  70.280  -30.785 0.0000000000
162182  8.530  70.448  -31.884 0.0000000000
162195  13.627  70.206  -33.927 0.0000000000
162196  13.015  70.762  -34.363 0.0000000000
162197  12.500  71.324  -34.840 0.0000000000
162198  8.718  70.627  -32.704 0.0000000000
162205  13.206  70.634  -35.487 0.0000000000
162206  12.662  71.129  -35.313 0.0000000000
162207  8.474  70.698  -33.496 0.0000000000
162208  7.970  70.687  -34.260 0.0000000000
162215  14.169  70.477  -36.574 0.0000000000
162216  13.459  70.817  -36.361 0.0000000000
162217  12.920  71.039  -35.943 0.0000000000
162218  7.301  70.611  -34.837 0.0000000000
162219  6.617  70.606  -35.272 0.0000000000
162220  5.774  70.682  -35.693 0.0000000000
162225  14.506  70.786  -37.393 0.0000000000
162226  13.910  70.928  -36.994 0.0000000000
162227  4.957  70.658  -36.255 0.0000000000
162228  4.415  70.597  -36.927 0.0000000000
162230  14.874  70.901  -38.162 0.0000000000
162231  9.689  69.881  -37.851 0.0000000000
162232  8.819  70.551  -37.691 0.0000000000
162233  7.684  70.676  -37.588 0.0000000000
162234  6.570  70.566  -37.767 0.0000000000
162235  5.462  70.364  -38.188 0.0000000000
162236  4.764  70.621  -38.081 0.0000000000
162237  4.433  70.462  -37.683 0.0000000000
162238  15.227  70.483  -39.003 0.0000000000
162239  15.010  70.900  -38.697 0.0000000000
162240  10.050  70.033  -38.576 0.0000000000
162241  9.488  70.818  -38.324 0.0000000000
162242  5.052  69.877  -38.594 0.0000000000
162243  4.726  70.067  -38.399 0.0000000000
162244  4.483  70.221  -38.123 0.0000000000
162245  14.740  70.463  -39.426 0.0000000000
162246  14.379  70.827  -39.613 0.0000000000
162247  10.166  69.941  -39.434 0.0000000000
162248  9.806  70.831  -39.213 0.0000000000
162249  14.559  70.147  -39.631 0.0000000000
162250  14.150  70.509  -39.871 0.0000000000
162251  13.428  70.570  -40.432 0.0000000000
162252  10.140  69.730  -39.981 0.0000000000
162253  9.730  70.399  -40.363 0.0000000000
162254  12.823  70.646  -40.965 0.0000000000
162255  12.432  70.813  -41.480 0.0000000000
162256  9.120  70.513  -41.371 0.0000000000
162257  8.604  70.507  -41.901 0.0000000000
162258  12.029  70.629  -42.054 0.0000000000
162259  11.245  70.524  -42.907 0.0000000000
162260  10.673  70.981  -43.270 0.0000000000
162261  8.160  70.537  -42.588 0.0000000000
162262  7.835  70.980  -42.747 0.0000000000
162263  10.881  69.888  -43.330 0.0000000000
162264  10.235  70.299  -43.694 0.0000000000
162265  9.587  70.542  -43.940 0.0000000000
162266  8.117  70.339  -43.365 0.0000000000
162267  7.811  70.841  -42.993 0.0000000000
162268  9.854  69.705  -44.044 0.0000000000
162269  9.388  70.063  -44.089 0.0000000000
162270  8.641  70.126  -43.942 0.0000000000
162632  12.961  71.232  -22.069 0.0000000000
162642  12.892  71.366  -23.026 0.0000000000
162653  12.500  71.386  -23.906 0.0000000000
162654  11.835  71.476  -24.678 0.0000000000
162655  11.435  72.071  -24.805 0.0000000000
162666  11.437  71.083  -25.189 0.0000000000
162667  10.869  71.576  -25.431 0.0000000000
162668  10.149  72.066  -25.694 0.0000000000
162677  10.387  71.013  -26.017 0.0000000000
162678  9.785  71.502  -26.176 0.0000000000
162679  8.655  71.375  -26.732 0.0000000000
162680  7.580  71.828  -26.796 0.0000000000
162681  6.589  72.038  -26.778 0.0000000000
162682  5.992  72.227  -26.734 0.0000000000
162689  8.285  70.791  -27.128 0.0000000000
162690  7.692  71.027  -27.132 0.0000000000
162691  6.702  71.247  -27.113 0.0000000000
162692  5.599  71.579  -26.976 0.0000000000
162693  4.647  71.493  -27.140 0.0000000000
162694  4.068  71.490  -27.512 0.0000000000
162702  3.809  71.753  -28.524 0.0000000000
162703  3.738  71.424  -28.151 0.0000000000
162719  6.121  71.961  -29.649 0.0000000000
162720  5.414  71.949  -29.577 0.0000000000
162721  4.717  71.870  -29.409 0.0000000000
162722  4.097  71.544  -29.105 0.0000000000
162723  3.777  71.196  -28.750 0.0000000000
162736  7.785  71.300  -30.393 0.0000000000
162737  6.863  71.458  -29.988 0.0000000000
162738  5.967  71.292  -30.024 0.0000000000
162739  5.178  71.230  -29.922 0.0000000000
162740  4.585  71.176  -29.673 0.0000000000
162752  8.507  71.301  -31.055 0.0000000000
162762  8.896  71.434  -31.967 0.0000000000
162777  8.737  71.583  -32.940 0.0000000000
162784  12.135  71.735  -35.305 0.0000000000
162785  8.249  71.595  -33.809 0.0000000000
162786  7.441  71.679  -34.539 0.0000000000
162787  6.971  72.365  -34.698 0.0000000000
162795  12.973  71.255  -36.514 0.0000000000
162796  12.429  71.549  -36.141 0.0000000000
162797  6.946  71.156  -35.008 0.0000000000
162798  6.403  71.744  -35.203 0.0000000000
162799  5.410  71.674  -35.909 0.0000000000
162804  13.994  71.277  -37.490 0.0000000000
162805  13.410  71.352  -37.125 0.0000000000
162806  12.772  71.715  -37.017 0.0000000000
162807  4.886  71.515  -36.632 0.0000000000
162808  4.697  71.310  -37.279 0.0000000000
162809  14.351  71.403  -38.010 0.0000000000
162810  13.664  71.830  -37.924 0.0000000000
162811  13.138  71.822  -37.488 0.0000000000
162812  8.945  71.481  -38.151 0.0000000000
162813  8.168  71.918  -37.931 0.0000000000
162814  7.035  71.696  -37.694 0.0000000000
162815  6.005  71.391  -37.767 0.0000000000
162816  5.202  71.179  -37.832 0.0000000000
162817  4.749  71.051  -37.707 0.0000000000
162818  14.866  71.076  -39.057 0.0000000000
162819  14.511  71.494  -38.745 0.0000000000
162820  14.160  71.756  -38.362 0.0000000000
162821  9.194  71.835  -38.881 0.0000000000
162822  8.729  72.054  -38.360 0.0000000000
162823  14.829  70.858  -39.235 0.0000000000
162824  14.348  71.268  -39.395 0.0000000000
162825  13.900  71.677  -39.611 0.0000000000
162826  9.393  71.545  -39.882 0.0000000000
162827  14.138  71.025  -39.747 0.0000000000
162828  13.548  71.453  -40.106 0.0000000000
162829  12.915  71.983  -40.460 0.0000000000
162830  8.918  71.498  -41.001 0.0000000000
162831  8.365  72.013  -41.383 0.0000000000
162832  13.075  71.093  -40.609 0.0000000000
162833  12.511  71.605  -41.053 0.0000000000
162834  11.956  72.091  -41.518 0.0000000000
162835  8.679  71.009  -41.583 0.0000000000
162836  8.081  71.474  -41.995 0.0000000000
162837  7.608  71.872  -42.485 0.0000000000
162838  12.192  71.188  -41.681 0.0000000000
162839  11.713  71.610  -42.070 0.0000000000
162840  10.918  71.591  -42.917 0.0000000000
162841  7.897  71.111  -42.545 0.0000000000
162842  7.648  71.408  -42.824 0.0000000000
162843  10.233  71.445  -43.424 0.0000000000
162844  9.402  71.144  -43.819 0.0000000000
162845  8.447  71.059  -43.819 0.0000000000
162846  7.895  71.104  -43.353 0.0000000000
162847  9.336  70.607  -44.005 0.0000000000
162848  9.015  70.630  -44.048 0.0000000000
163168  12.564  72.176  -21.456 0.0000000000
163177  12.727  72.299  -22.368 0.0000000000
163188  12.460  72.422  -23.408 0.0000000000
163189  12.199  72.972  -23.682 0.0000000000
163197  12.234  71.989  -24.101 0.0000000000
163198  11.892  72.582  -24.237 0.0000000000
163199  11.146  72.637  -24.849 0.0000000000
163211  10.425  72.621  -25.356 0.0000000000
163212  9.595  72.597  -25.894 0.0000000000
163213  9.116  73.068  -26.022 0.0000000000
163223  9.146  72.018  -26.310 0.0000000000
163224  8.529  72.575  -26.350 0.0000000000
163225  7.360  72.675  -26.573 0.0000000000
163226  6.439  72.736  -26.619 0.0000000000
163227  5.474  72.598  -26.687 0.0000000000
163228  4.961  72.976  -26.657 0.0000000000
163235  4.990  71.996  -26.868 0.0000000000
163236  4.507  72.412  -27.008 0.0000000000
163237  3.889  72.211  -27.632 0.0000000000
163244  3.890  72.373  -28.492 0.0000000000
163245  3.736  72.190  -28.102 0.0000000000
163258  7.469  72.738  -29.624 0.0000000000
163259  6.662  72.535  -29.509 0.0000000000
163260  5.683  72.703  -29.356 0.0000000000
163261  4.902  72.719  -29.231 0.0000000000
163262  4.293  72.579  -28.895 0.0000000000
163277  8.198  72.319  -30.186 0.0000000000
163278  7.477  72.016  -29.837 0.0000000000
163293  8.825  72.371  -31.116 0.0000000000
163311  8.930  72.511  -32.150 0.0000000000
163325  8.449  72.720  -33.270 0.0000000000
163326  8.161  73.385  -33.524 0.0000000000
163336  7.986  72.263  -34.007 0.0000000000
163337  7.568  73.053  -34.139 0.0000000000
163338  6.563  73.011  -34.863 0.0000000000
163347  11.759  72.244  -36.068 0.0000000000
163349  5.803  72.822  -35.586 0.0000000000
163350  5.336  72.570  -36.376 0.0000000000
163356  12.146  72.142  -36.903 0.0000000000
163357  11.595  72.741  -36.875 0.0000000000
163358  5.166  72.143  -37.114 0.0000000000
163359  4.880  71.679  -37.287 0.0000000000
163360  13.365  72.227  -38.336 0.0000000000
163361  12.653  72.387  -37.873 0.0000000000
163362  11.975  72.573  -37.379 0.0000000000
163363  8.009  72.743  -38.201 0.0000000000
163364  7.393  72.950  -38.028 0.0000000000
163365  6.404  72.503  -37.642 0.0000000000
163366  5.569  71.968  -37.519 0.0000000000
163367  4.980  71.563  -37.481 0.0000000000
163368  14.262  71.886  -38.991 0.0000000000
163369  13.892  72.090  -38.723 0.0000000000
163370  13.110  72.515  -38.740 0.0000000000
163371  8.884  72.454  -39.212 0.0000000000
163372  8.425  72.836  -38.732 0.0000000000
163373  7.917  73.122  -38.362 0.0000000000
163374  14.333  71.683  -39.128 0.0000000000
163375  14.009  71.894  -39.286 0.0000000000
163376  13.397  72.323  -39.335 0.0000000000
163377  9.058  72.186  -39.579 0.0000000000
163378  8.634  72.796  -39.788 0.0000000000
163379  13.608  71.991  -39.692 0.0000000000
163380  12.978  72.424  -40.071 0.0000000000
163381  12.290  72.776  -40.516 0.0000000000
163382  8.952  72.151  -40.225 0.0000000000
163383  8.435  72.520  -40.832 0.0000000000
163384  12.540  72.313  -40.640 0.0000000000
163385  11.926  72.629  -41.144 0.0000000000
163386  11.341  72.931  -41.693 0.0000000000
163387  7.955  72.459  -41.589 0.0000000000
163388  7.607  72.413  -42.279 0.0000000000
163389  11.591  72.398  -41.768 0.0000000000
163390  10.927  72.582  -42.366 0.0000000000
163391  10.164  72.791  -42.879 0.0000000000
163392  7.446  72.209  -42.928 0.0000000000
163393  10.416  72.190  -43.071 0.0000000000
163394  9.631  72.305  -43.395 0.0000000000
163395  8.726  72.021  -43.681 0.0000000000
163396  7.905  71.868  -43.460 0.0000000000
163693  12.258  73.193  -20.848 0.0000000000
163704  12.580  73.216  -21.715 0.0000000000
163715  12.533  73.282  -22.599 0.0000000000
163725  12.297  73.374  -23.277 0.0000000000
163726  11.987  73.449  -23.749 0.0000000000
163734  11.449  73.470  -24.288 0.0000000000
163735  10.743  73.456  -24.881 0.0000000000
163747  10.057  73.395  -25.369 0.0000000000
163748  9.473  73.497  -25.707 0.0000000000
163749  8.805  73.583  -26.022 0.0000000000
163759  7.949  73.438  -26.311 0.0000000000
163760  7.111  73.433  -26.470 0.0000000000
163761  6.251  73.475  -26.527 0.0000000000
163762  5.438  73.505  -26.576 0.0000000000
163763  4.755  73.454  -26.787 0.0000000000
163769  4.123  73.187  -27.460 0.0000000000
163770  3.775  72.590  -27.781 0.0000000000
163773  4.007  73.358  -28.228 0.0000000000
163774  3.740  72.767  -28.015 0.0000000000
163779  7.815  73.442  -29.614 0.0000000000
163780  6.906  73.505  -29.295 0.0000000000
163781  5.985  73.517  -29.136 0.0000000000
163782  5.154  73.564  -29.037 0.0000000000
163783  4.519  73.522  -28.728 0.0000000000
163794  8.553  73.386  -30.309 0.0000000000
163806  8.956  73.449  -31.246 0.0000000000
163826  8.857  73.588  -32.231 0.0000000000
163841  8.494  73.820  -32.995 0.0000000000
163842  8.013  73.967  -33.555 0.0000000000
163850  7.527  74.118  -33.997 0.0000000000
163851  6.939  74.011  -34.521 0.0000000000
163861  6.190  74.132  -35.309 0.0000000000
163862  5.599  73.790  -36.126 0.0000000000
163871  5.584  73.461  -36.878 0.0000000000
163872  12.119  72.973  -38.343 0.0000000000
163873  11.600  73.141  -37.841 0.0000000000
163875  7.215  73.739  -38.219 0.0000000000
163876  6.622  73.853  -37.892 0.0000000000
163877  5.886  73.070  -37.377 0.0000000000
163878  12.466  72.875  -38.673 0.0000000000
163879  11.705  73.485  -38.915 0.0000000000
163881  8.125  73.460  -38.965 0.0000000000
163882  7.687  73.782  -38.774 0.0000000000
163883  7.070  74.230  -38.407 0.0000000000
163884  12.579  72.911  -39.409 0.0000000000
163885  11.837  73.546  -39.875 0.0000000000
163886  8.084  73.593  -39.509 0.0000000000
163887  7.702  74.062  -39.451 0.0000000000
163888  12.318  73.057  -40.126 0.0000000000
163889  11.665  73.401  -40.665 0.0000000000
163890  11.076  73.742  -41.136 0.0000000000
163891  8.029  73.405  -40.466 0.0000000000
163892  7.706  73.646  -41.157 0.0000000000
163893  11.371  73.286  -41.294 0.0000000000
163894  10.743  73.580  -41.809 0.0000000000
163895  10.016  73.832  -42.273 0.0000000000
163896  7.902  73.061  -41.188 0.0000000000
163897  7.582  73.271  -41.861 0.0000000000
163898  10.282  73.274  -42.470 0.0000000000
163899  9.475  73.414  -42.887 0.0000000000
163900  8.515  73.435  -43.174 0.0000000000
163901  7.571  73.193  -42.929 0.0000000000
163902  8.904  72.838  -43.451 0.0000000000
163903  8.165  72.702  -43.478 0.0000000000
163904  7.663  72.524  -43.322 0.0000000000
164185  12.418  74.170  -21.142 0.0000000000
164186  12.044  74.276  -20.239 0.0000000000
164195  12.532  74.109  -22.011 0.0000000000
164205  12.291  74.183  -22.859 0.0000000000
164206  12.093  74.692  -23.011 0.0000000000
164215  12.116  73.853  -23.363 0.0000000000
164216  11.770  74.339  -23.557 0.0000000000
164225  11.009  74.273  -24.347 0.0000000000
164226  10.228  74.271  -24.918 0.0000000000
164227  9.817  74.840  -24.911 0.0000000000
164235  9.799  73.900  -25.375 0.0000000000
164236  9.358  74.407  -25.433 0.0000000000
164237  8.233  74.419  -25.965 0.0000000000
164238  7.696  74.940  -25.955 0.0000000000
164246  7.604  73.916  -26.296 0.0000000000
164247  7.092  74.338  -26.292 0.0000000000
164248  6.113  74.239  -26.424 0.0000000000
164249  5.367  74.326  -26.524 0.0000000000
164250  4.684  74.340  -26.868 0.0000000000
164256  4.340  74.339  -27.522 0.0000000000
164261  4.373  74.433  -28.171 0.0000000000
164264  8.098  74.423  -29.615 0.0000000000
164265  7.165  74.444  -29.208 0.0000000000
164266  6.216  74.456  -28.985 0.0000000000
164267  5.402  74.418  -28.846 0.0000000000
164268  4.793  74.423  -28.624 0.0000000000
164274  8.746  74.452  -30.408 0.0000000000
164287  9.048  74.492  -31.356 0.0000000000
164308  8.886  74.602  -32.275 0.0000000000
164326  8.490  74.716  -33.051 0.0000000000
164327  7.953  74.778  -33.677 0.0000000000
164336  7.390  74.835  -34.230 0.0000000000
164337  6.772  74.970  -34.780 0.0000000000
164347  6.319  75.354  -35.388 0.0000000000
164348  5.756  75.002  -35.958 0.0000000000
164356  5.676  74.713  -36.754 0.0000000000
164359  6.325  74.585  -38.001 0.0000000000
164360  5.987  74.501  -37.569 0.0000000000
164361  11.233  74.072  -39.660 0.0000000000
164364  7.119  74.570  -38.894 0.0000000000
164365  6.560  74.922  -38.561 0.0000000000
164366  6.185  74.920  -38.109 0.0000000000
164367  11.208  74.039  -40.382 0.0000000000
164368  10.720  74.594  -40.100 0.0000000000
164369  7.699  74.103  -39.877 0.0000000000
164370  7.276  74.663  -39.674 0.0000000000
164371  6.850  74.968  -39.183 0.0000000000
164372  11.097  73.910  -40.812 0.0000000000
164373  10.420  74.415  -41.096 0.0000000000
164374  9.613  74.840  -41.320 0.0000000000
164375  7.839  73.850  -40.120 0.0000000000
164376  7.617  74.272  -40.599 0.0000000000
164377  10.156  74.142  -41.859 0.0000000000
164378  9.278  74.459  -42.061 0.0000000000
164379  8.038  74.701  -42.073 0.0000000000
164380  7.643  74.182  -41.569 0.0000000000
164381  8.883  73.922  -42.806 0.0000000000
164382  8.253  74.108  -42.755 0.0000000000
164383  7.650  73.956  -42.308 0.0000000000
164690  11.895  75.366  -19.541 0.0000000000
164698  12.397  74.833  -21.542 0.0000000000
164699  12.235  75.334  -20.666 0.0000000000
164708  12.331  74.846  -22.282 0.0000000000
164709  12.176  75.645  -21.713 0.0000000000
164722  12.190  74.786  -22.737 0.0000000000
164723  11.843  75.346  -22.820 0.0000000000
164738  10.996  75.251  -23.861 0.0000000000
164739  10.207  75.743  -24.051 0.0000000000
164740  9.760  76.095  -24.094 0.0000000000
164753  10.642  74.734  -24.418 0.0000000000
164754  10.237  75.084  -24.501 0.0000000000
164755  9.363  75.561  -24.763 0.0000000000
164756  8.687  75.966  -24.863 0.0000000000
164761  8.841  75.005  -25.440 0.0000000000
164762  8.250  75.503  -25.400 0.0000000000
164763  7.114  75.365  -25.902 0.0000000000
164764  6.290  75.848  -25.864 0.0000000000
164765  5.831  76.162  -25.899 0.0000000000
164770  6.592  74.749  -26.238 0.0000000000
164771  6.115  75.002  -26.224 0.0000000000
164772  5.392  75.435  -26.324 0.0000000000
164773  4.722  75.317  -26.875 0.0000000000
164780  4.554  75.412  -27.521 0.0000000000
164787  4.998  75.818  -28.455 0.0000000000
164788  4.679  75.464  -28.191 0.0000000000
164790  8.298  75.491  -29.666 0.0000000000
164791  7.379  75.470  -29.195 0.0000000000
164792  6.428  75.457  -28.903 0.0000000000
164793  5.533  75.454  -28.693 0.0000000000
164794  5.010  75.118  -28.606 0.0000000000
164798  9.288  76.113  -30.945 0.0000000000
164799  8.973  75.581  -30.505 0.0000000000
164806  9.384  76.169  -31.597 0.0000000000
164807  9.213  75.405  -31.518 0.0000000000
164821  9.051  75.665  -32.448 0.0000000000
164838  8.485  75.539  -33.319 0.0000000000
164839  7.939  75.551  -33.956 0.0000000000
164854  7.387  75.644  -34.494 0.0000000000
164855  6.895  75.839  -35.017 0.0000000000
164866  6.543  76.112  -35.435 0.0000000000
164867  6.097  76.111  -35.889 0.0000000000
164876  5.698  75.848  -36.580 0.0000000000
164879  5.699  75.663  -37.418 0.0000000000
164882  6.299  75.531  -38.873 0.0000000000
164883  6.016  75.581  -38.348 0.0000000000
164886  6.968  75.257  -40.130 0.0000000000
164887  6.540  75.640  -39.570 0.0000000000
164889  10.216  74.834  -40.449 0.0000000000
164890  9.526  75.254  -40.674 0.0000000000
164892  7.232  75.007  -40.499 0.0000000000
164894  9.174  75.100  -41.345 0.0000000000
164895  8.480  75.250  -41.388 0.0000000000
164896  7.589  75.186  -41.214 0.0000000000
165175  11.929  76.414  -18.732 0.0000000000
165182  12.041  76.435  -19.811 0.0000000000
165189  11.896  76.536  -20.892 0.0000000000
165200  11.437  76.623  -22.032 0.0000000000
165201  10.942  77.109  -22.125 0.0000000000
165216  11.014  76.132  -23.096 0.0000000000
165217  10.680  76.906  -22.611 0.0000000000
165231  10.611  75.913  -23.615 0.0000000000
165232  10.136  76.479  -23.473 0.0000000000
165233  9.245  76.556  -24.093 0.0000000000
165234  8.673  77.068  -23.995 0.0000000000
165250  8.891  76.182  -24.609 0.0000000000
165251  8.167  76.586  -24.678 0.0000000000
165252  7.136  77.005  -24.804 0.0000000000
165253  6.608  77.284  -24.791 0.0000000000
165270  7.674  75.948  -25.346 0.0000000000
165271  7.121  76.285  -25.367 0.0000000000
165272  6.264  76.740  -25.350 0.0000000000
165273  5.439  76.573  -25.970 0.0000000000
165274  5.128  77.059  -26.088 0.0000000000
165277  5.050  75.942  -26.457 0.0000000000
165278  4.834  76.481  -26.705 0.0000000000
165283  4.676  76.500  -27.591 0.0000000000
165291  5.211  76.516  -28.490 0.0000000000
165292  4.840  76.572  -28.174 0.0000000000
165295  8.427  76.585  -29.729 0.0000000000
165296  7.539  76.548  -29.267 0.0000000000
165297  6.596  76.523  -28.931 0.0000000000
165298  5.782  76.457  -28.699 0.0000000000
165305  9.024  76.708  -30.340 0.0000000000
165638  11.855  77.478  -19.102 0.0000000000
165642  11.623  77.447  -20.094 0.0000000000
165646  11.218  77.544  -21.068 0.0000000000
165647  10.639  77.857  -21.524 0.0000000000
165658  10.990  77.345  -21.767 0.0000000000
165659  10.529  77.501  -22.111 0.0000000000
165673  9.796  77.446  -22.796 0.0000000000
165674  8.929  77.921  -22.987 0.0000000000
165686  9.581  76.946  -23.455 0.0000000000
165687  9.081  77.299  -23.505 0.0000000000
165688  8.086  77.748  -23.651 0.0000000000
165699  7.611  77.284  -24.345 0.0000000000
165700  6.982  77.726  -24.198 0.0000000000
165701  6.052  77.634  -24.806 0.0000000000
165721  5.771  77.142  -25.397 0.0000000000
165722  5.379  77.623  -25.482 0.0000000000
165723  4.954  77.598  -26.220 0.0000000000
165738  4.709  77.563  -27.022 0.0000000000
165744  4.700  77.586  -27.820 0.0000000000
165752  5.362  77.226  -28.605 0.0000000000
165753  4.968  77.603  -28.405 0.0000000000
166091  9.938  78.239  -21.850 0.0000000000
166105  9.308  78.208  -22.408 0.0000000000
