#!ascii label  , from subject colin27 vox2ras=TkReg coords=white
615
76674  64.579  -8.442  -14.895 0.0000000000
76675  63.934  -8.223  -14.564 0.0000000000
77963  64.850  -7.040  -15.199 0.0000000000
77964  64.216  -7.519  -14.829 0.0000000000
77965  63.572  -7.719  -14.403 0.0000000000
77979  66.026  -7.436  -15.981 0.0000000000
77980  65.361  -7.596  -15.514 0.0000000000
77981  64.827  -7.773  -15.211 0.0000000000
77992  66.894  -7.309  -17.020 0.0000000000
77993  66.550  -7.687  -16.517 0.0000000000
79335  63.923  -6.135  -13.870 0.0000000000
79343  65.529  -5.739  -15.183 0.0000000000
79344  64.943  -6.180  -14.957 0.0000000000
79345  64.323  -6.570  -14.655 0.0000000000
79346  63.628  -6.924  -14.293 0.0000000000
79359  66.491  -5.721  -16.020 0.0000000000
79360  66.076  -6.298  -15.782 0.0000000000
79361  65.487  -6.702  -15.511 0.0000000000
79373  66.823  -6.114  -16.750 0.0000000000
79374  66.534  -6.777  -16.374 0.0000000000
79385  66.974  -6.382  -17.474 0.0000000000
80653  64.663  -5.338  -11.016 0.0000000000
80666  65.262  -4.432  -11.197 0.0000000000
80667  64.982  -4.877  -11.463 0.0000000000
80668  64.665  -5.181  -11.703 0.0000000000
80681  65.310  -4.348  -12.160 0.0000000000
80682  64.962  -4.811  -12.386 0.0000000000
80683  64.492  -5.292  -12.488 0.0000000000
80698  65.409  -4.458  -13.205 0.0000000000
80699  65.003  -4.990  -13.416 0.0000000000
80700  64.448  -5.539  -13.531 0.0000000000
80712  66.070  -4.367  -14.721 0.0000000000
80713  65.688  -4.775  -14.475 0.0000000000
80714  65.020  -5.449  -14.358 0.0000000000
80715  64.526  -5.908  -14.320 0.0000000000
80727  66.346  -4.634  -15.374 0.0000000000
80728  66.031  -5.400  -15.433 0.0000000000
80741  66.754  -5.046  -16.364 0.0000000000
80751  66.920  -5.330  -17.172 0.0000000000
80759  66.918  -5.508  -17.887 0.0000000000
82019  65.736  -3.960  -12.877 0.0000000000
82033  65.870  -4.149  -13.846 0.0000000000
82046  66.240  -3.895  -14.532 0.0000000000
82047  65.993  -4.283  -14.403 0.0000000000
82056  66.574  -3.837  -15.302 0.0000000000
82071  66.779  -4.100  -15.992 0.0000000000
82086  66.893  -4.329  -16.829 0.0000000000
82098  66.847  -4.553  -17.579 0.0000000000
82099  66.667  -4.670  -18.174 0.0000000000
82123  51.915  -4.343  -21.011 0.0000000000
82124  50.780  -4.415  -20.778 0.0000000000
83446  66.842  -3.552  -17.311 0.0000000000
83447  66.629  -3.346  -17.829 0.0000000000
83464  66.704  -3.956  -17.876 0.0000000000
83465  66.372  -3.754  -18.277 0.0000000000
83478  50.771  -2.733  -19.677 0.0000000000
83479  50.203  -3.474  -19.989 0.0000000000
83488  52.345  -3.205  -21.297 0.0000000000
83489  51.036  -3.215  -20.701 0.0000000000
83490  50.418  -3.864  -20.468 0.0000000000
83500  53.334  -3.052  -21.562 0.0000000000
83501  52.661  -2.619  -21.502 0.0000000000
84825  66.664  -2.788  -17.492 0.0000000000
84826  66.356  -2.829  -17.976 0.0000000000
84827  65.807  -2.482  -18.239 0.0000000000
84828  64.942  -2.433  -18.227 0.0000000000
84829  63.793  -2.827  -18.010 0.0000000000
84830  62.505  -2.482  -17.291 0.0000000000
84831  61.273  -2.337  -16.904 0.0000000000
84832  60.075  -2.098  -16.840 0.0000000000
84833  59.018  -2.059  -16.894 0.0000000000
84834  58.059  -2.083  -16.910 0.0000000000
84835  57.163  -2.099  -16.927 0.0000000000
84836  56.285  -2.141  -17.052 0.0000000000
84837  55.410  -2.213  -17.259 0.0000000000
84838  54.412  -2.365  -17.432 0.0000000000
84839  53.359  -2.308  -17.871 0.0000000000
84848  65.978  -3.142  -18.438 0.0000000000
84849  65.350  -3.070  -18.545 0.0000000000
84850  64.568  -3.103  -18.435 0.0000000000
84852  52.841  -1.937  -18.410 0.0000000000
84853  52.048  -2.047  -18.807 0.0000000000
84854  51.337  -2.218  -19.353 0.0000000000
84861  51.722  -1.769  -19.525 0.0000000000
84862  51.344  -2.089  -20.144 0.0000000000
84871  52.262  -2.278  -21.335 0.0000000000
84872  51.710  -2.224  -20.897 0.0000000000
84884  53.923  -2.275  -21.937 0.0000000000
84885  52.869  -1.957  -21.664 0.0000000000
86226  64.120  -1.138  -17.052 0.0000000000
86227  63.005  -0.955  -16.956 0.0000000000
86228  62.390  -0.864  -16.887 0.0000000000
86236  66.487  -2.435  -17.602 0.0000000000
86239  64.504  -1.740  -17.743 0.0000000000
86240  63.326  -1.686  -17.461 0.0000000000
86241  62.107  -1.386  -17.071 0.0000000000
86242  60.787  -1.342  -17.008 0.0000000000
86243  59.586  -1.273  -17.193 0.0000000000
86244  58.564  -1.425  -17.353 0.0000000000
86245  57.720  -1.550  -17.350 0.0000000000
86246  56.916  -1.566  -17.416 0.0000000000
86247  56.056  -1.574  -17.588 0.0000000000
86248  55.123  -1.635  -17.826 0.0000000000
86249  54.169  -1.664  -18.086 0.0000000000
86250  53.420  -1.651  -18.383 0.0000000000
86257  57.442  -1.100  -17.722 0.0000000000
86258  56.742  -0.984  -17.938 0.0000000000
86259  55.782  -0.939  -18.148 0.0000000000
86260  54.801  -0.955  -18.410 0.0000000000
86261  53.845  -1.057  -18.687 0.0000000000
86262  52.865  -1.287  -18.945 0.0000000000
86263  52.196  -1.454  -19.357 0.0000000000
86269  52.506  -1.012  -19.545 0.0000000000
86270  51.997  -1.295  -20.082 0.0000000000
86271  51.710  -1.733  -20.600 0.0000000000
86278  52.065  -1.453  -21.002 0.0000000000
86279  51.757  -1.774  -20.848 0.0000000000
86288  54.407  -1.729  -22.161 0.0000000000
86289  53.636  -1.157  -22.027 0.0000000000
86290  52.767  -0.879  -21.507 0.0000000000
86304  54.728  -0.981  -22.410 0.0000000000
86305  53.893  -0.344  -22.122 0.0000000000
87673  62.085  -0.847  -16.836 0.0000000000
87674  61.447  -0.746  -16.827 0.0000000000
87675  60.179  -0.289  -17.130 0.0000000000
87676  58.772  -0.439  -17.664 0.0000000000
87677  58.059  -0.985  -17.679 0.0000000000
87684  58.285  0.026  -17.967 0.0000000000
87685  57.638  -0.326  -18.080 0.0000000000
87686  56.442  -0.235  -18.476 0.0000000000
87687  55.415  -0.235  -18.702 0.0000000000
87688  54.383  -0.176  -19.069 0.0000000000
87689  53.368  -0.574  -19.257 0.0000000000
87690  52.853  -0.787  -19.423 0.0000000000
87697  54.136  0.325  -19.497 0.0000000000
87698  53.603  0.058  -19.590 0.0000000000
87699  52.760  -0.367  -20.054 0.0000000000
87700  52.233  -0.875  -20.510 0.0000000000
87706  52.836  -0.083  -20.929 0.0000000000
87707  52.449  -0.592  -20.905 0.0000000000
87714  53.760  0.453  -21.774 0.0000000000
87715  53.396  0.024  -21.623 0.0000000000
87716  52.808  -0.356  -21.261 0.0000000000
87727  55.546  -0.062  -22.760 0.0000000000
87728  54.241  0.318  -22.184 0.0000000000
87729  53.778  0.012  -22.031 0.0000000000
89158  59.031  0.618  -17.609 0.0000000000
89159  58.510  1.099  -18.026 0.0000000000
89166  58.562  0.213  -17.879 0.0000000000
89167  58.090  0.656  -18.238 0.0000000000
89168  57.027  0.542  -18.738 0.0000000000
89169  55.880  0.626  -19.133 0.0000000000
89170  55.116  0.236  -19.086 0.0000000000
89175  55.445  1.139  -19.591 0.0000000000
89176  54.755  0.698  -19.503 0.0000000000
89177  53.835  0.638  -19.916 0.0000000000
89178  53.333  0.240  -20.036 0.0000000000
89184  53.884  0.969  -20.520 0.0000000000
89185  53.343  0.413  -20.710 0.0000000000
89191  53.838  0.904  -21.381 0.0000000000
89192  53.447  0.493  -21.261 0.0000000000
89200  56.502  0.751  -23.004 0.0000000000
89201  55.377  1.103  -22.579 0.0000000000
89202  54.584  1.426  -21.996 0.0000000000
89217  57.514  1.020  -23.223 0.0000000000
89218  56.872  1.489  -23.030 0.0000000000
90609  58.742  1.556  -17.868 0.0000000000
90617  58.187  1.563  -18.426 0.0000000000
90618  57.296  1.545  -19.044 0.0000000000
90619  56.598  1.116  -19.181 0.0000000000
90625  56.915  2.050  -19.565 0.0000000000
90626  56.127  1.755  -19.768 0.0000000000
90627  55.005  1.447  -19.973 0.0000000000
90628  54.319  1.121  -20.051 0.0000000000
90635  55.869  2.261  -20.410 0.0000000000
90636  55.230  2.064  -20.656 0.0000000000
90637  54.388  1.472  -20.622 0.0000000000
90642  55.054  2.148  -21.442 0.0000000000
90643  54.575  1.723  -21.325 0.0000000000
90652  56.847  2.171  -22.827 0.0000000000
90653  56.421  1.868  -22.770 0.0000000000
90654  55.385  2.110  -22.087 0.0000000000
90655  54.843  1.897  -21.749 0.0000000000
90668  58.220  1.723  -23.361 0.0000000000
90669  57.204  1.993  -23.046 0.0000000000
90670  56.822  1.785  -22.954 0.0000000000
92034  58.966  2.023  -17.722 0.0000000000
92041  59.027  2.852  -18.064 0.0000000000
92042  58.543  2.467  -18.466 0.0000000000
92043  57.858  2.061  -18.846 0.0000000000
92048  58.206  2.932  -19.175 0.0000000000
92049  57.484  2.591  -19.552 0.0000000000
92050  56.740  2.282  -19.860 0.0000000000
92057  64.995  3.834  -20.729 0.0000000000
92058  64.267  3.730  -20.592 0.0000000000
92059  64.085  3.553  -20.635 0.0000000000
92060  57.183  3.006  -20.279 0.0000000000
92061  56.457  2.672  -20.541 0.0000000000
92062  55.772  2.399  -20.726 0.0000000000
92068  64.712  3.943  -21.347 0.0000000000
92069  64.165  3.742  -21.313 0.0000000000
92070  63.691  3.534  -21.180 0.0000000000
92071  63.515  3.277  -21.540 0.0000000000
92072  56.194  2.857  -21.568 0.0000000000
92073  55.630  2.491  -21.275 0.0000000000
92078  64.657  4.021  -21.740 0.0000000000
92079  64.037  3.694  -22.348 0.0000000000
92080  63.450  3.419  -22.158 0.0000000000
92081  62.925  2.997  -22.080 0.0000000000
92082  62.279  2.438  -22.812 0.0000000000
92083  61.696  2.745  -22.832 0.0000000000
92084  57.794  3.084  -22.690 0.0000000000
92085  56.964  2.607  -22.611 0.0000000000
92086  56.177  2.575  -22.220 0.0000000000
92087  55.773  2.597  -21.834 0.0000000000
92096  61.211  2.235  -23.166 0.0000000000
92097  59.959  2.333  -23.352 0.0000000000
92098  58.884  2.437  -23.311 0.0000000000
92099  57.983  2.528  -23.136 0.0000000000
92100  57.460  2.578  -22.912 0.0000000000
93315  59.355  3.275  -17.892 0.0000000000
93316  58.959  3.132  -18.400 0.0000000000
93321  66.065  4.278  -19.894 0.0000000000
93325  64.322  3.643  -19.988 0.0000000000
93326  59.218  3.590  -18.505 0.0000000000
93327  58.693  3.426  -19.061 0.0000000000
93328  58.113  3.219  -19.599 0.0000000000
93335  65.908  4.101  -20.203 0.0000000000
93338  64.314  3.676  -20.325 0.0000000000
93339  63.868  3.528  -20.476 0.0000000000
93340  63.437  3.460  -20.773 0.0000000000
93341  58.440  3.724  -19.870 0.0000000000
93342  57.721  3.411  -20.268 0.0000000000
93343  57.135  3.241  -20.739 0.0000000000
93350  65.689  4.030  -20.533 0.0000000000
93351  65.199  3.943  -21.046 0.0000000000
93352  63.872  3.557  -20.749 0.0000000000
93353  63.602  3.347  -21.091 0.0000000000
93354  63.029  3.377  -21.306 0.0000000000
93355  62.425  3.449  -21.696 0.0000000000
93356  58.371  4.004  -20.724 0.0000000000
93357  57.633  3.634  -21.213 0.0000000000
93358  56.859  3.203  -21.371 0.0000000000
93363  65.130  4.157  -21.475 0.0000000000
93364  64.718  4.190  -22.032 0.0000000000
93365  63.307  3.195  -21.663 0.0000000000
93366  62.750  3.136  -22.046 0.0000000000
93367  61.885  3.293  -22.357 0.0000000000
93368  61.020  3.558  -22.535 0.0000000000
93369  60.076  3.780  -22.470 0.0000000000
93370  58.716  3.891  -22.013 0.0000000000
93371  57.386  3.329  -22.043 0.0000000000
93372  56.666  2.991  -22.015 0.0000000000
93379  64.328  3.965  -22.761 0.0000000000
93381  61.291  3.021  -22.860 0.0000000000
93382  60.510  3.090  -23.023 0.0000000000
93383  59.426  3.231  -23.026 0.0000000000
93384  58.524  3.122  -22.951 0.0000000000
94567  59.787  3.554  -17.638 0.0000000000
94578  63.495  4.238  -18.693 0.0000000000
94579  62.426  4.476  -18.544 0.0000000000
94580  61.365  4.533  -18.403 0.0000000000
94581  60.396  4.282  -18.261 0.0000000000
94582  59.723  3.832  -18.110 0.0000000000
94588  66.105  4.544  -19.876 0.0000000000
94591  64.436  3.818  -19.631 0.0000000000
94592  63.779  3.809  -19.781 0.0000000000
94593  62.690  4.235  -19.588 0.0000000000
94594  61.605  4.554  -19.421 0.0000000000
94595  60.542  4.544  -19.248 0.0000000000
94596  59.471  4.141  -19.081 0.0000000000
94597  58.883  3.897  -19.519 0.0000000000
94602  65.874  4.382  -20.499 0.0000000000
94603  65.887  4.880  -20.227 0.0000000000
94604  63.540  3.576  -20.402 0.0000000000
94605  62.858  3.787  -20.633 0.0000000000
94606  61.799  4.341  -20.453 0.0000000000
94607  60.759  4.585  -20.242 0.0000000000
94608  59.784  4.505  -20.083 0.0000000000
94609  58.987  4.174  -20.034 0.0000000000
94615  65.624  4.153  -20.935 0.0000000000
94616  65.591  4.632  -21.123 0.0000000000
94617  62.541  3.613  -21.277 0.0000000000
94618  61.849  3.885  -21.488 0.0000000000
94619  60.886  4.410  -21.191 0.0000000000
94620  59.980  4.532  -20.961 0.0000000000
94621  59.169  4.350  -20.899 0.0000000000
94627  65.205  4.699  -21.728 0.0000000000
94628  64.765  4.652  -22.369 0.0000000000
94629  61.410  3.729  -22.113 0.0000000000
94630  60.879  4.048  -21.987 0.0000000000
94631  59.978  4.247  -21.720 0.0000000000
94632  59.442  4.291  -21.419 0.0000000000
94638  64.375  4.482  -23.049 0.0000000000
95874  65.773  5.603  -19.026 0.0000000000
95881  65.789  5.510  -19.808 0.0000000000
95887  65.687  5.446  -20.577 0.0000000000
95895  65.413  5.391  -21.326 0.0000000000
95896  65.038  5.380  -22.009 0.0000000000
95902  64.599  5.332  -22.653 0.0000000000
95903  64.150  5.243  -23.301 0.0000000000
97237  65.703  6.490  -18.474 0.0000000000
97247  65.688  6.330  -19.387 0.0000000000
97255  65.578  6.195  -20.170 0.0000000000
97262  65.380  6.128  -20.905 0.0000000000
97270  65.070  6.115  -21.609 0.0000000000
97271  64.705  6.134  -22.273 0.0000000000
97277  64.316  6.166  -22.907 0.0000000000
97278  63.916  6.169  -23.399 0.0000000000
98693  65.517  7.440  -17.858 0.0000000000
98699  65.555  7.211  -18.976 0.0000000000
98705  65.441  6.974  -19.831 0.0000000000
98711  65.216  6.797  -20.530 0.0000000000
98719  64.947  6.778  -21.215 0.0000000000
98720  64.703  6.841  -21.910 0.0000000000
98726  64.374  6.935  -22.551 0.0000000000
98727  63.892  7.106  -23.229 0.0000000000
98728  63.671  6.704  -23.547 0.0000000000
98733  63.613  7.650  -23.555 0.0000000000
98734  63.351  7.257  -23.904 0.0000000000
100084  65.266  7.991  -16.966 0.0000000000
100085  64.955  8.629  -17.253 0.0000000000
100086  64.668  9.032  -17.314 0.0000000000
100101  65.274  8.203  -17.772 0.0000000000
100102  65.097  8.629  -18.114 0.0000000000
100103  61.894  8.625  -18.157 0.0000000000
100104  61.065  8.336  -18.379 0.0000000000
100105  60.161  8.121  -18.631 0.0000000000
100106  59.215  7.963  -18.927 0.0000000000
100107  58.294  8.231  -19.102 0.0000000000
100108  57.406  8.725  -18.985 0.0000000000
100109  56.688  9.123  -18.513 0.0000000000
100116  65.270  8.046  -18.651 0.0000000000
100117  64.931  8.540  -18.792 0.0000000000
100118  61.689  8.464  -19.018 0.0000000000
100119  60.911  8.233  -19.314 0.0000000000
100120  60.038  8.075  -19.664 0.0000000000
100121  59.083  8.193  -19.947 0.0000000000
100122  58.230  8.776  -19.983 0.0000000000
100123  57.626  9.231  -19.598 0.0000000000
100130  65.142  7.689  -19.577 0.0000000000
100131  64.828  7.802  -20.135 0.0000000000
100132  61.526  8.400  -19.790 0.0000000000
100133  60.886  8.296  -20.329 0.0000000000
100134  59.940  8.268  -20.638 0.0000000000
100135  59.077  8.715  -20.917 0.0000000000
100136  58.429  9.188  -20.738 0.0000000000
100143  65.028  7.387  -20.262 0.0000000000
100144  64.741  7.752  -20.772 0.0000000000
100145  60.617  8.457  -21.085 0.0000000000
100146  60.007  8.692  -21.470 0.0000000000
100147  59.428  9.134  -21.652 0.0000000000
100157  64.871  7.254  -20.852 0.0000000000
100158  64.616  7.536  -21.579 0.0000000000
100159  64.358  7.880  -22.224 0.0000000000
100167  64.453  7.428  -22.220 0.0000000000
100168  64.113  7.780  -22.788 0.0000000000
100174  63.727  7.955  -23.377 0.0000000000
100175  63.427  8.114  -23.808 0.0000000000
100180  63.038  8.272  -24.438 0.0000000000
101343  64.428  9.152  -17.203 0.0000000000
101344  64.004  9.202  -17.166 0.0000000000
101345  63.344  9.033  -17.212 0.0000000000
101355  64.886  8.997  -17.772 0.0000000000
101356  64.434  9.195  -17.773 0.0000000000
101357  63.714  9.161  -17.892 0.0000000000
101358  62.787  8.896  -17.842 0.0000000000
101368  64.711  8.909  -18.411 0.0000000000
101369  64.116  9.087  -18.648 0.0000000000
101370  63.307  8.967  -18.752 0.0000000000
101371  62.466  8.736  -18.844 0.0000000000
101372  57.186  9.452  -19.015 0.0000000000
101373  56.804  9.721  -18.364 0.0000000000
101381  64.848  8.194  -19.405 0.0000000000
101382  64.420  8.670  -19.384 0.0000000000
101383  63.635  8.871  -19.613 0.0000000000
101384  62.782  8.804  -19.691 0.0000000000
101385  62.112  8.585  -19.601 0.0000000000
101386  58.028  9.555  -20.183 0.0000000000
101387  57.616  9.797  -19.486 0.0000000000
101394  64.814  7.969  -19.835 0.0000000000
101395  64.505  8.241  -20.375 0.0000000000
101396  63.803  8.676  -20.545 0.0000000000
101397  62.972  8.850  -20.664 0.0000000000
101398  61.897  8.561  -20.612 0.0000000000
101399  61.143  8.470  -20.997 0.0000000000
101400  58.829  9.494  -21.377 0.0000000000
101401  58.404  9.710  -20.826 0.0000000000
101406  64.397  8.132  -21.458 0.0000000000
101407  63.855  8.586  -21.554 0.0000000000
101408  63.118  8.903  -21.679 0.0000000000
101409  62.223  8.905  -21.741 0.0000000000
101410  61.056  8.808  -21.784 0.0000000000
101411  60.036  9.386  -22.203 0.0000000000
101412  59.349  9.659  -21.943 0.0000000000
101420  64.402  8.040  -21.955 0.0000000000
101421  63.919  8.399  -22.450 0.0000000000
101422  63.105  9.091  -22.743 0.0000000000
101423  62.403  9.302  -22.658 0.0000000000
101424  61.557  9.433  -22.665 0.0000000000
101425  60.776  9.577  -22.621 0.0000000000
101434  63.632  8.437  -23.296 0.0000000000
101435  63.228  9.055  -23.464 0.0000000000
101442  63.512  8.389  -23.624 0.0000000000
101443  63.244  8.893  -24.085 0.0000000000
101451  62.896  9.208  -24.959 0.0000000000
102604  57.283  10.609  -16.218 0.0000000000
102605  56.704  10.144  -15.718 0.0000000000
102612  57.196  10.567  -17.230 0.0000000000
102613  56.579  10.158  -16.855 0.0000000000
102620  57.810  10.753  -18.354 0.0000000000
102621  57.259  10.458  -18.026 0.0000000000
102622  56.758  10.099  -17.765 0.0000000000
102629  57.962  10.503  -19.097 0.0000000000
102630  57.361  10.153  -18.781 0.0000000000
102631  57.007  10.122  -18.263 0.0000000000
102639  58.613  10.602  -20.233 0.0000000000
102640  58.065  10.212  -19.780 0.0000000000
102641  57.730  10.167  -19.303 0.0000000000
102649  58.751  10.272  -21.060 0.0000000000
102650  58.306  10.088  -20.465 0.0000000000
102657  59.680  10.346  -22.187 0.0000000000
102658  59.106  10.104  -21.709 0.0000000000
102664  62.386  9.724  -23.376 0.0000000000
102665  61.810  10.019  -23.327 0.0000000000
102667  60.326  10.119  -22.620 0.0000000000
102675  62.642  9.804  -23.770 0.0000000000
102685  62.844  9.732  -24.322 0.0000000000
102698  62.900  9.566  -24.672 0.0000000000
103885  57.849  11.027  -16.796 0.0000000000
103893  58.418  11.228  -17.660 0.0000000000
103894  57.668  10.854  -17.627 0.0000000000
103902  59.224  11.452  -18.405 0.0000000000
103903  58.466  10.999  -18.788 0.0000000000
103911  59.103  11.169  -19.622 0.0000000000
103912  58.417  10.717  -19.521 0.0000000000
103919  59.275  10.970  -20.771 0.0000000000
103928  59.363  10.633  -21.510 0.0000000000
83416  59.941  -4.215  -15.559 0.0000000000
83417  58.998  -4.053  -15.393 0.0000000000
83418  58.000  -3.951  -15.400 0.0000000000
83419  57.051  -3.821  -15.504 0.0000000000
83429  61.676  -3.864  -16.511 0.0000000000
83430  60.673  -3.742  -16.086 0.0000000000
83431  59.670  -3.473  -15.947 0.0000000000
83432  58.685  -3.322  -15.876 0.0000000000
83433  57.718  -3.243  -15.901 0.0000000000
83434  56.798  -3.233  -15.999 0.0000000000
83449  62.646  -3.733  -17.275 0.0000000000
83450  61.863  -3.093  -16.906 0.0000000000
84811  61.158  -3.190  -16.617 0.0000000000
84812  60.364  -2.929  -16.502 0.0000000000
84813  59.368  -2.746  -16.415 0.0000000000
84814  58.383  -2.671  -16.399 0.0000000000
84815  57.439  -2.653  -16.426 0.0000000000
84816  56.516  -2.696  -16.518 0.0000000000
90648  63.903  3.515  -23.109 0.0000000000
90649  63.501  3.086  -22.968 0.0000000000
90650  63.145  2.552  -23.033 0.0000000000
90651  62.809  2.145  -23.055 0.0000000000
90661  63.749  3.107  -23.148 0.0000000000
90662  63.593  1.963  -23.630 0.0000000000
90663  63.046  1.372  -23.361 0.0000000000
90664  62.330  1.270  -23.177 0.0000000000
92093  63.943  3.176  -23.288 0.0000000000
92094  63.993  2.598  -23.968 0.0000000000
93380  64.110  3.603  -23.513 0.0000000000
93390  63.962  3.311  -24.283 0.0000000000
94639  64.024  4.250  -23.687 0.0000000000
94645  63.727  4.225  -24.293 0.0000000000
95904  63.775  5.535  -23.685 0.0000000000
95909  63.824  4.869  -23.814 0.0000000000
95910  63.451  5.251  -24.277 0.0000000000
97279  63.526  6.210  -23.831 0.0000000000
97284  63.070  6.338  -24.475 0.0000000000
80719  57.354  -5.376  -14.480 0.0000000000
80720  56.285  -5.550  -14.433 0.0000000000
80721  55.335  -5.626  -14.540 0.0000000000
80722  54.464  -5.667  -14.738 0.0000000000
80734  56.567  -4.923  -14.742 0.0000000000
80735  55.749  -4.978  -14.866 0.0000000000
80736  54.853  -5.087  -15.079 0.0000000000
80737  53.725  -5.141  -15.380 0.0000000000
82048  57.914  -5.168  -14.652 0.0000000000
82049  57.704  -4.969  -14.732 0.0000000000
82061  58.327  -4.824  -14.881 0.0000000000
82062  57.305  -4.578  -14.974 0.0000000000
82063  56.273  -4.334  -15.225 0.0000000000
82064  55.352  -4.486  -15.356 0.0000000000
82065  54.589  -4.583  -15.537 0.0000000000
82075  55.738  -3.971  -15.622 0.0000000000
82076  55.036  -3.983  -15.827 0.0000000000
82077  54.062  -4.190  -16.022 0.0000000000
83420  56.318  -3.735  -15.678 0.0000000000
83435  55.815  -3.376  -16.095 0.0000000000
83436  54.779  -3.352  -16.425 0.0000000000
83437  53.829  -3.541  -16.656 0.0000000000
83451  54.303  -3.005  -16.931 0.0000000000
83452  53.591  -2.980  -17.212 0.0000000000
84817  55.614  -2.742  -16.697 0.0000000000
84818  54.905  -2.742  -16.945 0.0000000000
77967  59.616  -7.429  -14.518 0.0000000000
77968  58.543  -7.350  -14.054 0.0000000000
77969  57.548  -7.072  -13.855 0.0000000000
77970  56.604  -7.035  -13.723 0.0000000000
77971  55.591  -7.059  -13.697 0.0000000000
77972  54.514  -7.148  -13.839 0.0000000000
77973  53.372  -7.487  -13.971 0.0000000000
77974  52.333  -7.352  -14.313 0.0000000000
77975  51.341  -7.304  -14.693 0.0000000000
77982  61.489  -7.473  -15.725 0.0000000000
77983  60.675  -7.625  -15.208 0.0000000000
77984  60.161  -7.456  -14.847 0.0000000000
77985  50.903  -6.799  -15.232 0.0000000000
77986  50.357  -7.109  -15.210 0.0000000000
78004  66.987  -7.407  -17.720 0.0000000000
78012  66.840  -7.463  -18.276 0.0000000000
78013  66.461  -7.546  -18.734 0.0000000000
79347  59.490  -6.419  -14.640 0.0000000000
79348  58.842  -6.482  -14.384 0.0000000000
79349  57.917  -6.328  -14.200 0.0000000000
79350  56.926  -6.236  -14.055 0.0000000000
79351  55.919  -6.283  -14.078 0.0000000000
79352  54.884  -6.305  -14.195 0.0000000000
79353  53.634  -6.248  -14.596 0.0000000000
79354  52.548  -6.695  -14.664 0.0000000000
79355  51.927  -6.900  -14.755 0.0000000000
79362  61.466  -6.377  -15.729 0.0000000000
79363  60.727  -6.634  -15.278 0.0000000000
79364  60.083  -6.886  -14.869 0.0000000000
79365  53.140  -5.691  -15.121 0.0000000000
79366  52.591  -5.994  -15.097 0.0000000000
79367  51.504  -6.244  -15.346 0.0000000000
79368  50.406  -6.511  -15.645 0.0000000000
79375  63.384  -6.607  -17.478 0.0000000000
79376  62.726  -6.789  -16.757 0.0000000000
79377  62.100  -7.037  -16.171 0.0000000000
79378  51.075  -5.583  -16.018 0.0000000000
79379  50.479  -5.874  -16.118 0.0000000000
79386  64.652  -6.604  -18.611 0.0000000000
79387  63.977  -6.851  -18.136 0.0000000000
79392  66.921  -6.506  -18.131 0.0000000000
79393  66.573  -6.602  -18.641 0.0000000000
79394  66.019  -6.737  -18.988 0.0000000000
80716  59.482  -6.040  -14.680 0.0000000000
80717  59.147  -5.922  -14.601 0.0000000000
80718  58.351  -5.560  -14.548 0.0000000000
80729  61.482  -5.490  -15.850 0.0000000000
80730  60.829  -5.688  -15.422 0.0000000000
80731  59.831  -5.828  -14.887 0.0000000000
80732  58.921  -5.329  -14.722 0.0000000000
80733  58.515  -5.216  -14.691 0.0000000000
80738  52.684  -5.423  -15.492 0.0000000000
80739  52.128  -5.711  -15.470 0.0000000000
80742  63.335  -5.881  -17.432 0.0000000000
80743  62.841  -5.636  -16.957 0.0000000000
80744  62.095  -6.023  -16.240 0.0000000000
80745  53.419  -4.560  -15.923 0.0000000000
80746  52.817  -4.801  -15.937 0.0000000000
80747  51.795  -5.213  -16.017 0.0000000000
80748  50.609  -5.083  -16.720 0.0000000000
80752  64.642  -5.470  -18.530 0.0000000000
80753  63.816  -5.799  -17.956 0.0000000000
80754  63.304  -5.526  -17.453 0.0000000000
80760  66.640  -5.612  -18.463 0.0000000000
80761  66.069  -5.727  -18.864 0.0000000000
80762  65.348  -6.034  -18.820 0.0000000000
82057  61.483  -5.100  -15.935 0.0000000000
82058  61.118  -4.964  -15.757 0.0000000000
82059  60.290  -4.965  -15.364 0.0000000000
82060  59.385  -4.829  -15.070 0.0000000000
82072  62.565  -4.657  -16.925 0.0000000000
82073  61.870  -4.902  -16.269 0.0000000000
82074  61.210  -4.345  -16.015 0.0000000000
82078  53.148  -4.138  -16.425 0.0000000000
82079  52.252  -4.405  -16.539 0.0000000000
82080  51.421  -4.526  -16.772 0.0000000000
82087  64.663  -4.968  -18.585 0.0000000000
82088  64.232  -4.690  -18.318 0.0000000000
82089  63.275  -4.838  -17.537 0.0000000000
82090  52.573  -3.833  -16.929 0.0000000000
82091  51.818  -3.888  -17.188 0.0000000000
82092  50.744  -4.134  -17.540 0.0000000000
82100  66.189  -4.704  -18.638 0.0000000000
82101  65.174  -4.797  -18.715 0.0000000000
82102  64.643  -4.197  -18.564 0.0000000000
83415  60.642  -4.423  -15.729 0.0000000000
83428  62.190  -4.269  -16.721 0.0000000000
83438  53.130  -3.532  -16.945 0.0000000000
83448  63.595  -3.928  -17.959 0.0000000000
83453  52.536  -3.118  -17.525 0.0000000000
83454  51.450  -3.310  -17.878 0.0000000000
83455  50.713  -3.439  -18.303 0.0000000000
83466  65.715  -3.832  -18.644 0.0000000000
83467  64.955  -3.743  -18.623 0.0000000000
83468  64.261  -3.640  -18.366 0.0000000000
83469  51.920  -2.706  -18.185 0.0000000000
83470  51.164  -2.761  -18.719 0.0000000000
83471  50.342  -3.285  -19.057 0.0000000000
84840  52.534  -2.422  -18.145 0.0000000000
84851  64.186  -3.161  -18.324 0.0000000000
83427  66.901  -3.413  -16.448 0.0000000000
84803  66.869  -2.631  -15.992 0.0000000000
84810  66.854  -2.673  -16.827 0.0000000000
86216  66.668  -1.863  -16.304 0.0000000000
86217  66.519  -1.531  -16.401 0.0000000000
86223  66.627  -2.155  -17.204 0.0000000000
86224  66.234  -1.550  -16.963 0.0000000000
86225  65.239  -1.305  -17.099 0.0000000000
86237  66.282  -2.115  -17.718 0.0000000000
86238  65.561  -1.815  -17.771 0.0000000000
87658  66.317  -1.393  -16.432 0.0000000000
87659  65.819  -1.208  -16.389 0.0000000000
87660  64.839  -0.984  -16.309 0.0000000000
87661  63.675  -0.780  -16.251 0.0000000000
