#!ascii label  , from subject colin27 vox2ras=TkReg coords=white
125
141562  6.444  44.225  -2.993 0.0000000000
141563  5.746  43.930  -3.639 0.0000000000
141570  6.246  44.618  -3.647 0.0000000000
141571  5.712  44.475  -4.185 0.0000000000
142568  6.410  45.101  -2.210 0.0000000000
142569  5.859  45.799  -2.014 0.0000000000
142586  6.507  45.226  -3.137 0.0000000000
142600  6.385  45.356  -4.059 0.0000000000
142601  5.653  45.040  -4.732 0.0000000000
142611  6.254  45.836  -4.846 0.0000000000
142612  5.540  45.548  -5.318 0.0000000000
143479  6.222  45.802  -2.574 0.0000000000
143493  6.312  46.215  -3.247 0.0000000000
143494  5.696  46.911  -3.078 0.0000000000
143506  6.486  46.436  -4.160 0.0000000000
143513  6.502  46.738  -4.938 0.0000000000
143514  6.086  46.249  -5.465 0.0000000000
143515  5.450  46.002  -5.817 0.0000000000
143518  6.413  46.930  -5.580 0.0000000000
143519  5.963  46.620  -6.079 0.0000000000
144350  6.114  46.978  -3.604 0.0000000000
144363  6.226  47.477  -4.262 0.0000000000
144364  5.568  48.221  -4.123 0.0000000000
144375  6.478  47.620  -5.181 0.0000000000
144383  6.450  47.567  -6.075 0.0000000000
144384  5.814  47.105  -6.650 0.0000000000
144387  6.283  47.827  -6.779 0.0000000000
144388  5.729  47.598  -7.317 0.0000000000
145230  6.026  48.343  -4.733 0.0000000000
145231  5.218  48.931  -4.492 0.0000000000
145242  6.304  48.592  -5.532 0.0000000000
145243  5.737  48.991  -5.030 0.0000000000
145256  6.483  48.544  -6.404 0.0000000000
145259  6.392  48.510  -7.266 0.0000000000
145260  5.897  48.190  -7.788 0.0000000000
145265  6.234  48.755  -7.958 0.0000000000
145266  5.554  48.403  -8.447 0.0000000000
145276  5.156  48.645  -9.082 0.0000000000
145282  -0.327  48.462  -9.758 0.0000000000
145294  -0.080  48.995  -10.290 0.0000000000
146167  5.259  49.411  -4.967 0.0000000000
146177  6.278  49.253  -6.034 0.0000000000
146178  5.632  49.579  -5.515 0.0000000000
146179  5.089  49.815  -5.112 0.0000000000
146195  6.388  49.512  -6.743 0.0000000000
146196  5.948  49.851  -6.164 0.0000000000
146210  6.466  49.463  -7.614 0.0000000000
146215  6.286  49.406  -8.501 0.0000000000
146216  5.734  49.037  -9.020 0.0000000000
146219  6.083  49.661  -9.360 0.0000000000
146220  5.311  49.170  -9.637 0.0000000000
146222  -0.662  48.803  -10.176 0.0000000000
146226  5.814  49.779  -10.082 0.0000000000
146227  5.108  49.497  -10.450 0.0000000000
146232  2.132  49.026  -11.358 0.0000000000
146233  -0.451  49.339  -10.783 0.0000000000
146245  2.232  49.218  -11.681 0.0000000000
146246  1.996  49.257  -11.695 0.0000000000
146247  -0.323  49.866  -11.400 0.0000000000
147074  5.459  50.229  -5.949 0.0000000000
147084  6.315  50.156  -7.240 0.0000000000
147101  6.351  50.460  -7.951 0.0000000000
147102  6.078  50.616  -7.360 0.0000000000
147105  6.464  50.369  -8.931 0.0000000000
147108  6.363  50.378  -9.893 0.0000000000
147115  5.799  50.348  -10.998 0.0000000000
147116  4.723  49.682  -11.232 0.0000000000
147127  5.743  50.897  -12.149 0.0000000000
147128  4.967  50.290  -11.981 0.0000000000
147131  2.474  49.508  -12.152 0.0000000000
147132  2.209  49.476  -12.034 0.0000000000
147133  0.045  50.223  -11.908 0.0000000000
147140  5.599  51.110  -12.717 0.0000000000
147141  5.121  50.795  -12.665 0.0000000000
147142  4.247  50.469  -12.900 0.0000000000
147144  2.708  49.878  -12.712 0.0000000000
147145  2.332  49.834  -12.615 0.0000000000
147146  0.398  50.672  -12.659 0.0000000000
147151  3.936  50.668  -13.557 0.0000000000
147152  3.504  50.455  -13.460 0.0000000000
147153  2.911  50.257  -13.350 0.0000000000
147154  2.451  50.166  -13.159 0.0000000000
147155  2.160  50.096  -12.976 0.0000000000
147884  6.131  50.984  -8.009 0.0000000000
147904  6.465  51.149  -9.404 0.0000000000
147911  6.493  51.259  -10.404 0.0000000000
147914  6.302  51.469  -11.538 0.0000000000
147916  6.097  51.696  -12.879 0.0000000000
147917  5.270  51.135  -13.192 0.0000000000
147918  4.771  50.859  -13.126 0.0000000000
147923  6.151  51.977  -14.073 0.0000000000
147924  5.431  51.452  -13.981 0.0000000000
147925  4.458  51.003  -13.802 0.0000000000
147926  3.626  50.812  -14.055 0.0000000000
147927  3.128  50.655  -14.084 0.0000000000
147928  2.654  50.464  -13.828 0.0000000000
147929  2.335  50.360  -13.538 0.0000000000
147934  6.211  52.107  -14.644 0.0000000000
147935  5.695  51.821  -15.008 0.0000000000
147936  4.707  51.411  -14.891 0.0000000000
147937  3.841  51.104  -14.781 0.0000000000
147938  3.178  50.924  -14.681 0.0000000000
147939  2.721  50.751  -14.469 0.0000000000
147940  2.484  50.654  -14.157 0.0000000000
147946  5.565  51.894  -15.712 0.0000000000
147947  4.916  51.714  -15.993 0.0000000000
147948  3.972  51.418  -15.776 0.0000000000
147949  3.282  51.226  -15.517 0.0000000000
147950  2.804  51.055  -15.132 0.0000000000
147951  2.573  50.922  -14.779 0.0000000000
147958  4.675  51.734  -16.713 0.0000000000
147959  4.042  51.671  -16.912 0.0000000000
147960  3.312  51.477  -16.522 0.0000000000
147961  2.906  51.320  -15.977 0.0000000000
147962  2.658  51.134  -15.316 0.0000000000
148698  6.345  52.506  -11.899 0.0000000000
148700  6.330  52.779  -12.677 0.0000000000
148703  6.337  52.687  -13.472 0.0000000000
148707  6.376  52.656  -14.437 0.0000000000
148708  6.249  52.240  -15.027 0.0000000000
148717  5.553  51.945  -16.151 0.0000000000
148726  5.210  51.875  -16.805 0.0000000000
148727  4.614  51.739  -17.139 0.0000000000
148734  4.970  51.771  -17.710 0.0000000000
149489  6.222  53.511  -13.846 0.0000000000
