#!ascii label  , from subject colin27 vox2ras=TkReg coords=white
244
50512  39.753  -28.051  -35.256 0.0000000000
50524  39.879  -28.097  -36.141 0.0000000000
50538  40.184  -28.588  -37.570 0.0000000000
50539  39.993  -28.123  -36.882 0.0000000000
50552  40.238  -28.612  -38.500 0.0000000000
50562  40.116  -28.714  -39.149 0.0000000000
50563  39.785  -28.759  -39.480 0.0000000000
50572  40.099  -28.262  -39.676 0.0000000000
51776  39.770  -27.351  -35.670 0.0000000000
51790  40.103  -27.734  -37.325 0.0000000000
51791  39.950  -27.342  -36.588 0.0000000000
51801  40.285  -27.733  -38.090 0.0000000000
51811  40.406  -27.777  -39.156 0.0000000000
51819  40.389  -27.603  -40.243 0.0000000000
51827  40.315  -27.098  -41.122 0.0000000000
51828  39.574  -27.172  -41.274 0.0000000000
51829  39.119  -27.155  -41.226 0.0000000000
53153  40.187  -26.883  -37.362 0.0000000000
53164  40.535  -26.752  -38.416 0.0000000000
53170  41.245  -26.160  -39.866 0.0000000000
53171  40.937  -26.541  -39.634 0.0000000000
53178  41.327  -26.164  -40.287 0.0000000000
53179  40.971  -26.758  -40.712 0.0000000000
53186  41.400  -26.148  -41.015 0.0000000000
53187  40.984  -26.408  -41.561 0.0000000000
53188  40.156  -26.568  -41.810 0.0000000000
53189  39.174  -26.459  -41.487 0.0000000000
53190  38.673  -25.672  -41.288 0.0000000000
53195  40.784  -26.146  -42.108 0.0000000000
53196  40.371  -25.945  -42.237 0.0000000000
54585  41.226  -25.243  -38.940 0.0000000000
54586  40.895  -25.702  -38.716 0.0000000000
54592  41.354  -25.645  -39.593 0.0000000000
54593  41.056  -25.973  -39.353 0.0000000000
54601  42.139  -24.961  -40.913 0.0000000000
54602  41.820  -25.440  -40.659 0.0000000000
54603  38.278  -25.198  -40.783 0.0000000000
54608  42.085  -25.017  -41.318 0.0000000000
54609  41.644  -25.635  -41.562 0.0000000000
54610  41.238  -25.836  -42.015 0.0000000000
54611  39.789  -25.945  -42.024 0.0000000000
54612  39.208  -25.183  -41.804 0.0000000000
54613  38.604  -24.917  -41.272 0.0000000000
54619  41.998  -24.926  -41.820 0.0000000000
54620  41.595  -25.144  -42.098 0.0000000000
54621  40.952  -25.430  -42.372 0.0000000000
54622  40.109  -25.182  -42.297 0.0000000000
54623  39.632  -24.695  -42.178 0.0000000000
55956  41.486  -24.662  -38.936 0.0000000000
55957  41.112  -24.931  -38.495 0.0000000000
55963  42.296  -24.228  -40.278 0.0000000000
55964  41.940  -24.679  -39.786 0.0000000000
55972  42.402  -24.466  -40.993 0.0000000000
55973  42.159  -24.791  -40.544 0.0000000000
55974  37.920  -24.233  -40.283 0.0000000000
55980  42.673  -23.876  -42.006 0.0000000000
55981  42.409  -24.471  -41.690 0.0000000000
55982  38.600  -24.031  -41.481 0.0000000000
55983  38.326  -24.296  -40.898 0.0000000000
55989  42.539  -23.792  -42.272 0.0000000000
55990  42.221  -24.215  -42.293 0.0000000000
55991  41.488  -24.573  -42.480 0.0000000000
55992  40.777  -24.540  -42.580 0.0000000000
55993  40.001  -24.060  -42.357 0.0000000000
55994  39.247  -24.141  -42.003 0.0000000000
55999  41.845  -23.887  -42.643 0.0000000000
56000  41.311  -23.850  -42.738 0.0000000000
56001  40.658  -23.702  -42.678 0.0000000000
56002  40.245  -23.499  -42.562 0.0000000000
57236  42.116  -23.558  -39.442 0.0000000000
57237  41.807  -24.137  -39.152 0.0000000000
57238  37.512  -23.848  -39.834 0.0000000000
57244  31.771  -22.814  -39.504 0.0000000000
57250  42.789  -22.928  -40.906 0.0000000000
57251  42.585  -23.474  -40.602 0.0000000000
57252  37.278  -23.430  -40.218 0.0000000000
57253  36.194  -22.817  -40.643 0.0000000000
57254  34.781  -22.825  -40.651 0.0000000000
57255  33.741  -22.929  -40.805 0.0000000000
57256  33.125  -22.836  -40.900 0.0000000000
57262  42.806  -23.172  -41.502 0.0000000000
57263  42.675  -23.957  -41.399 0.0000000000
57264  38.176  -23.091  -41.707 0.0000000000
57265  37.570  -23.184  -41.052 0.0000000000
57266  36.593  -22.645  -41.295 0.0000000000
57272  42.623  -23.152  -42.417 0.0000000000
57273  42.198  -23.481  -42.664 0.0000000000
57274  39.231  -23.299  -42.258 0.0000000000
57275  38.740  -23.379  -41.928 0.0000000000
57281  42.280  -22.835  -42.876 0.0000000000
57282  41.788  -23.070  -42.954 0.0000000000
57283  41.054  -23.004  -42.930 0.0000000000
57284  40.365  -22.981  -42.734 0.0000000000
57285  39.808  -23.138  -42.512 0.0000000000
58473  31.198  -22.503  -38.732 0.0000000000
58479  42.640  -22.027  -40.157 0.0000000000
58480  42.430  -22.533  -39.700 0.0000000000
58481  32.256  -22.744  -40.341 0.0000000000
58482  31.879  -22.485  -39.932 0.0000000000
58483  31.618  -22.514  -39.331 0.0000000000
58487  42.786  -22.243  -40.969 0.0000000000
58488  42.688  -22.666  -40.478 0.0000000000
58489  35.113  -22.568  -41.326 0.0000000000
58490  34.215  -22.624  -41.428 0.0000000000
58491  33.363  -22.550  -41.361 0.0000000000
58492  32.609  -22.427  -40.943 0.0000000000
58493  32.114  -22.267  -40.474 0.0000000000
58498  42.894  -22.196  -41.920 0.0000000000
58499  37.539  -22.665  -41.883 0.0000000000
58500  36.786  -22.475  -41.765 0.0000000000
58501  35.813  -22.347  -41.793 0.0000000000
58502  34.710  -22.205  -41.997 0.0000000000
58503  33.791  -22.001  -41.873 0.0000000000
58504  33.049  -21.934  -41.552 0.0000000000
58510  42.831  -22.024  -42.659 0.0000000000
58511  39.171  -22.677  -42.558 0.0000000000
58512  38.236  -22.453  -42.501 0.0000000000
58513  36.982  -22.160  -42.413 0.0000000000
58514  36.257  -22.117  -42.263 0.0000000000
58519  42.560  -22.221  -43.028 0.0000000000
58520  42.124  -22.108  -43.356 0.0000000000
58521  41.405  -22.062  -43.370 0.0000000000
58522  40.531  -22.208  -43.124 0.0000000000
58523  39.614  -22.327  -42.890 0.0000000000
58524  38.905  -22.266  -42.801 0.0000000000
58530  42.010  -21.627  -43.635 0.0000000000
58531  41.824  -21.794  -43.551 0.0000000000
59812  32.005  -21.614  -39.374 0.0000000000
59813  31.623  -21.870  -39.113 0.0000000000
59814  31.007  -21.866  -38.270 0.0000000000
59822  32.468  -21.273  -40.400 0.0000000000
59823  32.126  -21.644  -39.992 0.0000000000
59824  31.755  -22.142  -39.643 0.0000000000
59830  42.843  -21.283  -40.302 0.0000000000
59831  32.622  -21.427  -40.976 0.0000000000
59832  32.286  -21.934  -40.674 0.0000000000
59838  42.904  -21.229  -41.307 0.0000000000
59839  35.805  -21.976  -42.385 0.0000000000
59840  35.242  -21.754  -42.424 0.0000000000
59841  34.348  -21.284  -42.318 0.0000000000
59842  33.432  -21.126  -41.875 0.0000000000
59851  42.930  -21.053  -42.358 0.0000000000
59852  37.920  -21.768  -43.097 0.0000000000
59853  37.224  -21.568  -43.044 0.0000000000
59854  36.035  -21.458  -42.765 0.0000000000
59855  34.984  -20.996  -42.722 0.0000000000
59856  34.470  -20.712  -42.586 0.0000000000
59864  42.830  -21.236  -43.271 0.0000000000
59865  42.478  -21.718  -43.365 0.0000000000
59866  41.251  -21.485  -43.642 0.0000000000
59867  40.738  -21.438  -43.587 0.0000000000
59868  39.797  -21.506  -43.428 0.0000000000
59869  38.613  -21.649  -43.278 0.0000000000
59870  37.725  -21.345  -43.419 0.0000000000
59877  42.815  -20.799  -43.812 0.0000000000
59878  42.349  -21.212  -43.748 0.0000000000
59879  41.639  -21.289  -43.792 0.0000000000
59880  41.099  -21.132  -43.815 0.0000000000
61165  33.920  -20.410  -37.745 0.0000000000
61166  32.888  -20.552  -37.885 0.0000000000
61167  31.873  -20.779  -37.787 0.0000000000
61168  30.748  -21.114  -37.687 0.0000000000
61169  29.537  -20.715  -37.448 0.0000000000
61192  34.454  -20.575  -38.513 0.0000000000
61193  33.401  -20.722  -38.776 0.0000000000
61194  32.317  -21.273  -38.974 0.0000000000
61195  31.462  -21.463  -38.253 0.0000000000
61196  31.077  -21.520  -38.013 0.0000000000
61207  34.994  -20.488  -39.302 0.0000000000
61208  34.024  -20.486  -39.605 0.0000000000
61209  32.903  -20.946  -40.087 0.0000000000
61210  32.404  -21.263  -39.703 0.0000000000
61215  43.062  -20.312  -40.533 0.0000000000
61218  35.452  -20.289  -40.097 0.0000000000
61219  34.630  -20.233  -40.247 0.0000000000
61220  33.948  -20.268  -40.804 0.0000000000
61221  33.333  -20.666  -41.356 0.0000000000
61233  43.021  -20.170  -41.588 0.0000000000
61234  34.996  -19.713  -42.371 0.0000000000
61235  34.168  -20.231  -42.127 0.0000000000
61236  33.527  -20.588  -41.892 0.0000000000
61249  43.097  -20.063  -42.399 0.0000000000
61250  37.275  -21.037  -43.482 0.0000000000
61251  36.700  -20.595  -43.236 0.0000000000
61252  35.420  -20.267  -42.775 0.0000000000
61253  34.718  -20.514  -42.617 0.0000000000
61261  43.137  -20.268  -43.035 0.0000000000
61262  40.763  -20.941  -43.853 0.0000000000
61263  40.155  -20.735  -43.860 0.0000000000
61264  39.073  -20.716  -43.818 0.0000000000
61265  37.772  -20.529  -43.699 0.0000000000
61266  36.959  -19.865  -43.538 0.0000000000
61272  43.079  -20.229  -43.703 0.0000000000
61273  42.726  -20.265  -44.172 0.0000000000
61274  41.982  -20.421  -44.317 0.0000000000
61275  40.993  -20.471  -44.167 0.0000000000
61276  40.163  -20.039  -44.182 0.0000000000
62494  33.420  -19.790  -37.250 0.0000000000
62495  32.391  -19.848  -37.339 0.0000000000
62496  31.314  -19.896  -37.391 0.0000000000
62497  30.194  -19.862  -37.370 0.0000000000
62498  29.131  -19.713  -37.498 0.0000000000
62499  28.046  -19.410  -37.786 0.0000000000
62539  44.193  -18.783  -40.503 0.0000000000
62540  43.552  -19.207  -40.802 0.0000000000
62545  35.819  -19.792  -40.826 0.0000000000
62546  34.963  -19.850  -40.802 0.0000000000
62547  34.470  -19.993  -40.793 0.0000000000
62562  43.292  -19.292  -42.022 0.0000000000
62566  36.201  -19.443  -41.691 0.0000000000
62567  35.105  -19.545  -41.654 0.0000000000
62568  34.476  -19.878  -41.268 0.0000000000
62577  43.292  -19.504  -42.768 0.0000000000
62580  36.578  -19.488  -42.843 0.0000000000
62581  35.637  -19.616  -42.316 0.0000000000
62586  43.347  -19.344  -43.403 0.0000000000
62587  39.517  -20.106  -44.070 0.0000000000
62588  38.672  -19.599  -43.963 0.0000000000
62589  37.470  -19.332  -43.515 0.0000000000
62590  36.901  -19.464  -43.400 0.0000000000
62596  43.207  -19.252  -44.162 0.0000000000
62597  42.485  -19.352  -44.590 0.0000000000
62598  41.540  -19.544  -44.577 0.0000000000
62599  40.613  -19.444  -44.428 0.0000000000
62600  39.634  -19.385  -44.223 0.0000000000
63739  32.970  -18.937  -37.183 0.0000000000
63740  31.932  -18.914  -37.298 0.0000000000
63741  30.791  -18.774  -37.411 0.0000000000
63742  29.710  -18.906  -37.518 0.0000000000
63743  28.880  -18.911  -37.749 0.0000000000
63757  30.115  -18.140  -37.732 0.0000000000
63758  29.329  -18.201  -38.037 0.0000000000
63781  44.090  -18.530  -40.988 0.0000000000
63802  43.796  -18.566  -41.714 0.0000000000
63815  43.668  -18.540  -42.762 0.0000000000
62500  27.031  -19.588  -37.688 0.0000000000
62501  26.120  -19.415  -37.590 0.0000000000
62517  27.756  -18.801  -38.146 0.0000000000
62518  27.222  -18.949  -38.068 0.0000000000
62519  26.605  -19.039  -37.909 0.0000000000
63744  26.174  -18.839  -37.894 0.0000000000
63759  28.325  -18.454  -38.257 0.0000000000
63760  27.443  -18.362  -38.427 0.0000000000
63761  26.472  -18.350  -38.214 0.0000000000
