#!ascii label  , from subject colin27 vox2ras=TkReg coords=white
309
124532  8.766  27.458  -31.736 0.0000000000
124533  7.827  27.540  -31.244 0.0000000000
124557  9.466  27.963  -32.328 0.0000000000
124558  8.697  28.209  -32.223 0.0000000000
125601  7.339  27.968  -31.033 0.0000000000
125602  6.981  28.490  -30.729 0.0000000000
125609  8.071  28.204  -31.835 0.0000000000
125610  7.429  28.419  -31.416 0.0000000000
125611  7.121  28.981  -31.348 0.0000000000
125621  9.267  28.574  -34.845 0.0000000000
125622  8.674  28.748  -34.606 0.0000000000
125623  8.240  28.787  -32.386 0.0000000000
125624  7.634  28.903  -31.943 0.0000000000
125625  7.306  28.947  -31.646 0.0000000000
125643  9.575  28.509  -35.107 0.0000000000
125644  8.813  28.780  -34.891 0.0000000000
125645  8.508  29.014  -34.973 0.0000000000
125659  9.981  28.665  -35.439 0.0000000000
125660  9.170  28.958  -35.340 0.0000000000
125661  8.721  28.979  -35.097 0.0000000000
125680  10.307  29.034  -35.732 0.0000000000
125681  9.706  28.989  -35.607 0.0000000000
126543  6.314  29.468  -29.472 0.0000000000
126551  6.610  29.493  -30.280 0.0000000000
126558  6.885  29.565  -31.065 0.0000000000
126570  8.293  28.936  -34.518 0.0000000000
126571  8.128  29.103  -34.495 0.0000000000
126572  7.730  29.604  -32.497 0.0000000000
126573  7.225  29.545  -31.760 0.0000000000
126587  8.468  28.842  -34.639 0.0000000000
126588  8.163  29.153  -34.734 0.0000000000
126589  7.619  29.927  -34.372 0.0000000000
126603  8.875  29.444  -35.454 0.0000000000
126604  8.374  29.397  -35.208 0.0000000000
126605  7.631  29.978  -34.822 0.0000000000
126623  10.654  29.597  -35.759 0.0000000000
126624  9.525  29.607  -35.586 0.0000000000
126625  8.547  30.069  -35.512 0.0000000000
126626  7.827  30.271  -35.277 0.0000000000
127636  6.106  30.377  -29.102 0.0000000000
127640  6.684  32.309  -30.792 0.0000000000
127646  6.879  32.216  -31.242 0.0000000000
127654  7.134  31.980  -31.857 0.0000000000
127663  7.298  31.124  -33.584 0.0000000000
127664  7.255  31.693  -32.601 0.0000000000
127681  7.394  30.702  -34.272 0.0000000000
127699  7.495  31.077  -34.654 0.0000000000
127714  10.107  30.326  -35.498 0.0000000000
127715  9.058  30.793  -35.348 0.0000000000
128694  5.947  31.071  -28.796 0.0000000000
128695  5.682  31.465  -28.239 0.0000000000
128699  6.608  32.706  -30.465 0.0000000000
128700  5.969  31.695  -28.861 0.0000000000
128704  6.743  32.534  -30.871 0.0000000000
128711  7.205  32.213  -32.105 0.0000000000
128712  7.020  32.284  -31.548 0.0000000000
128725  7.274  31.923  -32.821 0.0000000000
128726  7.207  31.958  -32.168 0.0000000000
128744  7.322  31.669  -33.772 0.0000000000
128759  10.102  31.624  -34.841 0.0000000000
128760  9.178  31.741  -34.937 0.0000000000
128774  9.793  31.058  -35.229 0.0000000000
129771  5.526  32.471  -27.866 0.0000000000
129776  6.454  33.614  -29.717 0.0000000000
129777  6.376  33.455  -29.565 0.0000000000
129782  6.601  33.166  -30.256 0.0000000000
129783  6.509  33.046  -30.054 0.0000000000
129787  6.861  32.872  -31.058 0.0000000000
129791  7.205  32.531  -32.368 0.0000000000
129792  7.069  32.647  -31.733 0.0000000000
129804  7.305  32.641  -33.110 0.0000000000
129818  10.071  32.714  -33.782 0.0000000000
129830  9.435  32.463  -34.299 0.0000000000
129887  5.116  33.367  -39.006 0.0000000000
129904  4.791  32.923  -39.527 0.0000000000
130813  6.198  34.645  -28.600 0.0000000000
130814  5.434  33.440  -27.495 0.0000000000
130819  6.376  34.115  -29.257 0.0000000000
130820  6.293  33.998  -29.064 0.0000000000
130824  6.580  33.909  -29.897 0.0000000000
130827  6.740  33.639  -30.683 0.0000000000
130837  7.079  32.989  -32.006 0.0000000000
130838  6.901  33.299  -31.462 0.0000000000
130851  7.137  33.049  -32.477 0.0000000000
130852  6.880  33.584  -32.078 0.0000000000
130863  10.425  33.186  -33.276 0.0000000000
130864  9.151  33.492  -33.587 0.0000000000
130865  6.991  33.620  -32.852 0.0000000000
130875  8.751  33.065  -34.091 0.0000000000
130923  4.504  34.051  -38.965 0.0000000000
130937  6.405  33.327  -40.230 0.0000000000
130938  5.493  32.639  -39.761 0.0000000000
130939  4.596  32.994  -39.978 0.0000000000
130940  4.280  33.537  -39.620 0.0000000000
130955  6.188  33.652  -40.878 0.0000000000
130956  5.620  33.328  -40.815 0.0000000000
130957  4.749  33.310  -40.613 0.0000000000
130958  4.218  33.613  -40.322 0.0000000000
131914  6.328  34.836  -28.746 0.0000000000
131918  6.546  34.663  -29.422 0.0000000000
131925  6.670  34.539  -30.276 0.0000000000
131937  6.704  34.306  -31.333 0.0000000000
131947  8.300  35.086  -33.494 0.0000000000
131948  6.645  34.469  -32.356 0.0000000000
131954  8.899  34.238  -33.234 0.0000000000
131955  6.710  34.618  -33.278 0.0000000000
131963  6.695  35.094  -34.245 0.0000000000
131991  4.791  34.747  -38.469 0.0000000000
132000  4.226  34.705  -38.945 0.0000000000
132001  3.925  34.554  -39.527 0.0000000000
132014  7.064  34.254  -39.485 0.0000000000
132015  3.790  34.429  -40.305 0.0000000000
132016  3.713  34.980  -40.809 0.0000000000
132029  6.607  34.250  -40.734 0.0000000000
132030  5.861  34.212  -41.449 0.0000000000
132031  4.936  33.949  -41.398 0.0000000000
132032  4.040  34.314  -41.064 0.0000000000
132033  3.792  35.222  -41.118 0.0000000000
132047  5.174  34.637  -41.881 0.0000000000
132048  4.477  34.805  -41.778 0.0000000000
132049  3.979  35.194  -41.491 0.0000000000
132050  3.855  35.505  -41.317 0.0000000000
132873  6.442  35.401  -28.885 0.0000000000
132877  6.614  35.415  -29.716 0.0000000000
132884  6.563  35.470  -30.763 0.0000000000
132894  6.456  35.309  -31.810 0.0000000000
132902  6.269  35.493  -32.781 0.0000000000
132903  5.859  36.051  -33.389 0.0000000000
132911  6.220  35.490  -33.655 0.0000000000
132912  5.736  36.016  -34.045 0.0000000000
132918  6.121  35.608  -34.177 0.0000000000
132919  5.956  35.831  -34.745 0.0000000000
132922  6.531  35.378  -35.720 0.0000000000
132927  5.830  35.397  -36.885 0.0000000000
132933  4.447  35.636  -38.236 0.0000000000
132943  4.635  35.257  -38.269 0.0000000000
132944  4.294  35.280  -38.669 0.0000000000
132956  7.173  35.396  -39.330 0.0000000000
132957  3.995  35.215  -39.183 0.0000000000
132958  3.769  35.301  -39.604 0.0000000000
132972  6.942  35.247  -40.373 0.0000000000
132973  3.615  35.179  -40.047 0.0000000000
132974  3.583  35.370  -40.567 0.0000000000
132991  6.322  35.431  -41.452 0.0000000000
132992  5.659  35.076  -41.948 0.0000000000
132993  3.614  35.641  -40.979 0.0000000000
133010  5.698  35.830  -42.100 0.0000000000
133011  4.977  35.542  -42.234 0.0000000000
133012  4.170  35.644  -42.023 0.0000000000
133013  3.842  35.814  -41.579 0.0000000000
133014  3.741  35.731  -41.236 0.0000000000
133859  6.552  36.210  -30.052 0.0000000000
133869  6.388  36.439  -30.751 0.0000000000
133870  6.156  36.777  -31.297 0.0000000000
133885  6.342  36.126  -31.470 0.0000000000
133886  5.982  36.657  -31.972 0.0000000000
133898  6.217  36.031  -32.179 0.0000000000
133899  5.780  36.453  -32.777 0.0000000000
133909  5.355  36.760  -33.675 0.0000000000
133910  5.014  37.329  -33.882 0.0000000000
133917  5.336  36.520  -34.657 0.0000000000
133918  4.923  37.187  -34.500 0.0000000000
133922  5.405  36.285  -35.609 0.0000000000
133923  4.791  36.978  -35.371 0.0000000000
133927  5.356  35.983  -36.670 0.0000000000
133928  4.513  36.860  -36.448 0.0000000000
133929  3.964  37.349  -36.830 0.0000000000
133935  5.199  35.532  -37.503 0.0000000000
133936  4.504  36.143  -37.655 0.0000000000
133937  3.943  37.008  -37.449 0.0000000000
133945  7.273  36.302  -38.407 0.0000000000
133946  7.037  36.287  -39.130 0.0000000000
133947  4.164  35.891  -38.544 0.0000000000
133948  3.869  36.539  -38.351 0.0000000000
133959  6.858  36.167  -39.971 0.0000000000
133960  4.071  35.600  -38.943 0.0000000000
133961  3.902  35.967  -39.226 0.0000000000
133978  6.657  36.219  -40.854 0.0000000000
133980  3.585  35.965  -40.213 0.0000000000
133997  6.337  36.446  -41.455 0.0000000000
133998  3.528  36.277  -40.728 0.0000000000
134014  5.970  36.480  -41.912 0.0000000000
134015  5.254  36.773  -42.295 0.0000000000
134016  4.490  36.464  -42.248 0.0000000000
134017  3.908  36.433  -41.953 0.0000000000
134018  3.665  36.482  -41.360 0.0000000000
134033  5.028  37.456  -42.381 0.0000000000
134034  4.696  37.322  -42.288 0.0000000000
134035  4.175  37.251  -42.101 0.0000000000
134036  3.850  37.177  -41.773 0.0000000000
134883  6.375  36.877  -29.784 0.0000000000
134884  6.125  37.619  -29.586 0.0000000000
134896  6.387  36.712  -30.299 0.0000000000
134897  6.102  37.293  -30.620 0.0000000000
134913  5.808  37.288  -31.621 0.0000000000
134928  5.523  37.199  -32.437 0.0000000000
134929  5.290  37.730  -32.483 0.0000000000
134942  5.401  36.987  -33.010 0.0000000000
134943  5.122  37.582  -33.180 0.0000000000
134955  4.726  37.790  -34.174 0.0000000000
134961  4.450  37.715  -35.231 0.0000000000
134962  4.178  38.025  -35.626 0.0000000000
134968  7.535  37.055  -36.167 0.0000000000
134969  4.417  37.332  -35.814 0.0000000000
134970  4.034  37.745  -36.191 0.0000000000
134976  7.303  36.891  -37.448 0.0000000000
134986  7.235  36.760  -38.148 0.0000000000
134987  6.957  37.113  -38.553 0.0000000000
135000  6.637  37.049  -39.617 0.0000000000
135017  6.484  36.870  -40.394 0.0000000000
135034  6.232  37.101  -41.078 0.0000000000
135035  5.922  37.502  -41.493 0.0000000000
135053  6.084  36.999  -41.630 0.0000000000
135054  5.685  37.454  -41.929 0.0000000000
135071  5.260  37.809  -42.280 0.0000000000
135843  5.818  38.368  -29.155 0.0000000000
135851  5.607  38.425  -30.238 0.0000000000
135852  5.211  39.019  -30.494 0.0000000000
135868  5.554  38.009  -31.318 0.0000000000
135869  5.158  38.834  -31.094 0.0000000000
135884  5.443  37.726  -32.027 0.0000000000
135885  5.069  38.403  -32.261 0.0000000000
135896  4.753  38.502  -33.521 0.0000000000
135911  4.475  38.544  -34.793 0.0000000000
135912  4.335  38.899  -35.299 0.0000000000
135926  4.308  38.185  -35.364 0.0000000000
135927  4.136  38.530  -35.737 0.0000000000
135981  6.061  37.907  -40.363 0.0000000000
135995  5.929  37.813  -41.134 0.0000000000
136827  5.385  39.039  -28.791 0.0000000000
136828  5.043  39.790  -28.478 0.0000000000
136837  5.419  38.946  -29.546 0.0000000000
136838  4.976  39.664  -29.504 0.0000000000
136849  5.232  39.158  -30.071 0.0000000000
136850  4.797  39.601  -30.575 0.0000000000
136870  4.682  39.507  -31.689 0.0000000000
136886  4.669  39.388  -32.807 0.0000000000
136897  4.560  39.387  -33.924 0.0000000000
136908  4.439  39.490  -35.001 0.0000000000
136909  4.223  39.150  -35.595 0.0000000000
137885  4.770  40.623  -29.096 0.0000000000
137895  4.451  40.578  -30.082 0.0000000000
137912  4.191  40.573  -31.214 0.0000000000
137913  3.894  41.001  -31.968 0.0000000000
137932  4.324  40.285  -32.252 0.0000000000
137933  4.068  41.001  -32.701 0.0000000000
137951  4.457  40.232  -33.228 0.0000000000
137952  4.256  41.010  -33.570 0.0000000000
137967  4.473  40.237  -34.198 0.0000000000
138933  4.901  41.543  -28.786 0.0000000000
138953  4.580  41.584  -29.730 0.0000000000
138970  4.030  41.593  -30.625 0.0000000000
138971  3.630  41.618  -31.486 0.0000000000
138985  3.565  41.643  -32.274 0.0000000000
139871  5.067  42.635  -29.503 0.0000000000
139876  4.370  42.576  -30.378 0.0000000000
168815  7.869  32.371  -34.584 0.0000000000
168816  8.058  32.034  -35.050 0.0000000000
168817  7.791  33.789  -34.383 0.0000000000
168818  7.990  31.220  -35.249 0.0000000000
168819  8.490  31.754  -35.028 0.0000000000
168820  7.787  31.850  -34.939 0.0000000000
168821  8.256  32.657  -34.529 0.0000000000
168822  7.616  31.861  -34.689 0.0000000000
168823  8.510  33.876  -33.866 0.0000000000
168824  7.676  35.133  -34.597 0.0000000000
168825  8.075  34.798  -34.153 0.0000000000
168826  7.067  34.788  -37.854 0.0000000000
168827  7.512  36.066  -35.277 0.0000000000
168828  7.370  32.153  -33.883 0.0000000000
168829  8.659  32.122  -34.803 0.0000000000
168830  6.826  34.659  -37.672 0.0000000000
168831  7.066  34.460  -38.165 0.0000000000
168832  7.285  34.853  -38.572 0.0000000000
168833  7.091  34.449  -38.380 0.0000000000
168834  7.347  35.290  -38.757 0.0000000000
168835  8.820  32.430  -34.570 0.0000000000
168836  7.413  32.440  -33.686 0.0000000000
168837  7.724  32.670  -34.229 0.0000000000
168838  8.970  32.751  -34.266 0.0000000000
168839  7.327  35.532  -38.908 0.0000000000
168840  6.702  34.288  -38.382 0.0000000000
168841  5.683  34.922  -37.710 0.0000000000
168842  5.923  34.133  -38.267 0.0000000000
168843  7.118  34.418  -38.648 0.0000000000
168844  7.214  34.515  -39.092 0.0000000000
168845  6.447  33.338  -39.288 0.0000000000
168846  5.968  33.294  -38.804 0.0000000000
168847  7.255  34.815  -39.058 0.0000000000
168848  7.414  33.529  -33.747 0.0000000000
168849  8.502  32.925  -34.299 0.0000000000
168850  6.319  35.201  -36.725 0.0000000000
168851  7.373  35.698  -38.607 0.0000000000
168852  7.274  35.824  -38.887 0.0000000000
168853  4.993  35.157  -37.972 0.0000000000
168854  5.210  34.182  -38.543 0.0000000000
168855  7.224  34.542  -34.497 0.0000000000
168856  8.493  34.187  -33.735 0.0000000000
168857  4.742  35.543  -37.940 0.0000000000
168858  6.578  35.208  -36.412 0.0000000000
168859  7.402  36.562  -36.553 0.0000000000
168860  7.593  36.500  -35.292 0.0000000000
168861  7.345  35.625  -37.967 0.0000000000
168862  8.241  34.526  -33.960 0.0000000000
168863  7.996  34.075  -34.382 0.0000000000
168864  6.797  34.982  -36.755 0.0000000000
168865  7.288  35.789  -36.042 0.0000000000
168866  7.710  35.942  -34.544 0.0000000000
168867  7.964  35.224  -34.208 0.0000000000
