#!ascii label, from subject  
39
100240 43.674900 9.533450 -28.103302 0.000000
100241 43.080326 9.229023 -28.400400 0.000000
100242 42.574646 9.036971 -28.490616 0.000000
100264 43.616669 10.049644 -28.447067 0.000000
100265 43.346741 9.914368 -28.580494 0.000000
100266 42.846382 9.743241 -28.707127 0.000000
100267 42.369568 9.635474 -28.722404 0.000000
101513 44.773518 10.927949 -27.968649 0.000000
101514 44.278336 10.540991 -28.195650 0.000000
101515 43.815819 10.177555 -28.371120 0.000000
101532 44.174309 11.031161 -28.632193 0.000000
101533 43.742661 10.589123 -28.683292 0.000000
101534 43.159565 10.450126 -28.888071 0.000000
101535 42.643955 10.346130 -28.924215 0.000000
102752 45.212994 11.464232 -27.896708 0.000000
102753 44.788612 11.239226 -28.208460 0.000000
102770 45.048206 11.750297 -28.303049 0.000000
102771 44.584984 11.541893 -28.565395 0.000000
102772 44.037834 11.534473 -28.941845 0.000000
102773 43.471405 11.184822 -29.074465 0.000000
102774 42.941917 11.083136 -29.136032 0.000000
102775 42.435863 11.066715 -29.089077 0.000000
102788 43.677380 11.835433 -29.231718 0.000000
102789 43.246017 11.802258 -29.324053 0.000000
102790 42.728188 11.831130 -29.357552 0.000000
104022 45.435436 12.123538 -28.184948 0.000000
104037 45.723366 12.675405 -28.294052 0.000000
104038 45.173000 12.408851 -28.580414 0.000000
104039 44.545269 12.364042 -28.982124 0.000000
104040 44.018074 12.351298 -29.265516 0.000000
104052 43.587372 12.439104 -29.438225 0.000000
105277 44.316231 13.248832 -29.419109 0.000000
105278 43.891712 12.823387 -29.476196 0.000000
105276 45.057461 13.218610 -29.005384 0.000000
106570 45.571987 14.052158 -28.980869 0.000000
106571 44.930466 14.065755 -29.349049 0.000000
107848 45.982285 15.013193 -29.005739 0.000000
107849 45.372417 14.686025 -29.288036 0.000000
105275 45.690533 13.286562 -28.608768 0.000000
