#!ascii label  , from subject colin27 vox2ras=TkReg coords=white
148
137865  4.617  40.544  -26.970 0.0000000000
137876  4.864  40.623  -28.103 0.0000000000
138907  4.472  41.676  -26.974 0.0000000000
138920  4.777  41.520  -27.833 0.0000000000
139824  4.496  42.564  -27.112 0.0000000000
139838  5.314  43.084  -28.200 0.0000000000
139839  4.854  42.396  -27.685 0.0000000000
139854  5.459  43.087  -28.946 0.0000000000
139855  5.115  42.357  -28.484 0.0000000000
139870  5.390  43.238  -29.406 0.0000000000
140758  4.334  43.268  -26.881 0.0000000000
140775  5.482  43.855  -27.966 0.0000000000
140776  4.920  43.198  -27.512 0.0000000000
140789  5.697  43.739  -28.703 0.0000000000
141808  5.605  44.703  -27.762 0.0000000000
141809  4.910  44.060  -27.296 0.0000000000
141816  5.958  44.520  -28.541 0.0000000000
142854  6.366  45.902  -27.967 0.0000000000
142855  5.813  45.510  -27.585 0.0000000000
142856  5.004  45.090  -27.028 0.0000000000
142859  6.533  46.006  -28.644 0.0000000000
142860  6.204  45.288  -28.289 0.0000000000
143750  5.635  46.601  -26.831 0.0000000000
143758  6.738  46.680  -28.041 0.0000000000
143759  6.117  46.240  -27.415 0.0000000000
143760  5.460  45.902  -27.090 0.0000000000
144608  6.580  47.861  -26.973 0.0000000000
144609  5.889  47.429  -26.580 0.0000000000
144617  7.324  48.169  -27.997 0.0000000000
144618  6.941  47.565  -27.684 0.0000000000
144619  6.355  47.037  -27.228 0.0000000000
145465  7.364  49.150  -27.007 0.0000000000
145466  6.925  48.703  -26.822 0.0000000000
145467  6.072  48.380  -26.287 0.0000000000
145471  7.449  48.838  -27.538 0.0000000000
145472  7.076  48.207  -27.395 0.0000000000
146365  7.035  49.809  -26.186 0.0000000000
146366  6.704  49.735  -26.005 0.0000000000
146367  5.886  49.370  -25.727 0.0000000000
146371  7.184  49.577  -26.523 0.0000000000
146372  6.476  49.108  -26.229 0.0000000000
146373  6.050  48.919  -26.059 0.0000000000
146375  7.651  49.621  -27.248 0.0000000000
147231  7.164  50.155  -26.065 0.0000000000
147232  6.369  50.487  -25.436 0.0000000000
147237  8.321  50.828  -26.972 0.0000000000
147238  7.935  50.476  -26.725 0.0000000000
147241  8.324  50.826  -27.319 0.0000000000
147242  8.057  50.243  -27.649 0.0000000000
147270  8.224  50.852  -27.944 0.0000000000
148028  7.116  51.670  -25.037 0.0000000000
148034  8.348  51.564  -26.006 0.0000000000
148035  7.504  51.016  -25.746 0.0000000000
148036  6.787  51.117  -25.274 0.0000000000
148038  8.506  51.292  -26.859 0.0000000000
148039  8.116  51.063  -26.324 0.0000000000
148044  8.473  51.453  -27.692 0.0000000000
148782  7.789  52.565  -24.511 0.0000000000
148789  8.751  52.290  -25.448 0.0000000000
148790  7.916  51.816  -25.345 0.0000000000
148793  9.474  52.789  -26.032 0.0000000000
148794  8.964  52.130  -26.432 0.0000000000
148803  9.383  52.807  -26.827 0.0000000000
148804  8.902  52.279  -27.402 0.0000000000
149569  9.829  53.696  -26.604 0.0000000000
142846  4.338  45.162  -26.362 0.0000000000
143751  4.851  46.014  -26.459 0.0000000000
143752  4.146  45.634  -25.770 0.0000000000
144605  4.937  47.519  -25.560 0.0000000000
144610  5.157  47.010  -26.241 0.0000000000
144611  4.590  46.543  -25.659 0.0000000000
145461  5.820  48.800  -25.954 0.0000000000
145462  5.363  48.496  -25.686 0.0000000000
145463  4.670  48.251  -24.800 0.0000000000
145468  5.452  47.777  -26.084 0.0000000000
146368  5.026  49.268  -25.177 0.0000000000
146369  4.595  49.380  -24.453 0.0000000000
147225  6.037  50.869  -25.139 0.0000000000
147226  5.640  50.789  -25.057 0.0000000000
147227  4.903  50.570  -24.791 0.0000000000
147228  4.389  50.186  -24.293 0.0000000000
147233  5.396  50.083  -25.195 0.0000000000
147234  4.727  49.906  -24.806 0.0000000000
147235  4.534  49.832  -24.538 0.0000000000
148029  6.127  51.317  -24.937 0.0000000000
148030  5.171  51.268  -24.661 0.0000000000
148031  4.478  50.989  -24.347 0.0000000000
148774  6.906  52.827  -24.054 0.0000000000
148775  5.874  52.779  -23.971 0.0000000000
148783  6.539  52.199  -24.465 0.0000000000
148784  5.480  52.010  -24.333 0.0000000000
148785  4.726  51.645  -24.133 0.0000000000
140797  5.618  43.712  -29.363 0.0000000000
140798  5.306  43.554  -29.812 0.0000000000
140801  4.821  43.434  -30.281 0.0000000000
140802  4.042  43.584  -30.797 0.0000000000
141819  5.879  44.347  -29.218 0.0000000000
141820  5.492  44.477  -29.974 0.0000000000
141821  5.075  45.001  -30.410 0.0000000000
141825  5.120  43.967  -30.212 0.0000000000
141826  4.609  44.492  -30.573 0.0000000000
142863  6.521  46.176  -29.165 0.0000000000
142864  6.179  45.435  -29.397 0.0000000000
142865  5.405  45.541  -30.296 0.0000000000
143764  6.801  46.737  -28.961 0.0000000000
143770  6.367  46.620  -29.592 0.0000000000
143771  5.720  46.471  -30.210 0.0000000000
144628  7.320  48.236  -28.439 0.0000000000
144629  7.116  47.681  -28.606 0.0000000000
144637  6.624  47.557  -29.454 0.0000000000
144638  5.904  47.487  -30.075 0.0000000000
145485  7.485  48.764  -28.361 0.0000000000
145486  7.283  48.387  -28.745 0.0000000000
145502  7.334  48.875  -28.923 0.0000000000
145503  6.929  48.493  -29.282 0.0000000000
145504  6.118  48.438  -29.834 0.0000000000
146401  7.775  49.522  -28.034 0.0000000000
146423  7.496  49.485  -28.730 0.0000000000
146424  7.090  49.364  -29.265 0.0000000000
146425  6.384  49.313  -29.631 0.0000000000
146426  5.459  49.358  -29.930 0.0000000000
147271  7.782  50.446  -28.551 0.0000000000
147272  7.091  50.748  -29.221 0.0000000000
147273  6.247  50.875  -29.479 0.0000000000
147274  5.423  50.936  -29.616 0.0000000000
147285  7.301  50.016  -29.115 0.0000000000
147286  6.688  50.079  -29.455 0.0000000000
147287  5.844  50.164  -29.708 0.0000000000
147288  4.796  50.367  -29.804 0.0000000000
148070  8.105  51.408  -28.351 0.0000000000
148071  7.508  51.447  -28.916 0.0000000000
148072  6.684  51.608  -29.286 0.0000000000
148073  5.730  51.696  -29.479 0.0000000000
148074  4.550  51.567  -29.616 0.0000000000
148824  8.438  52.155  -28.153 0.0000000000
148825  7.875  52.161  -28.638 0.0000000000
148826  7.155  52.321  -29.013 0.0000000000
148827  6.263  52.511  -29.277 0.0000000000
149577  9.185  53.386  -27.477 0.0000000000
149578  8.579  53.006  -28.037 0.0000000000
149592  8.150  52.715  -28.417 0.0000000000
149593  7.602  52.920  -28.678 0.0000000000
149594  6.817  53.205  -28.917 0.0000000000
150388  9.313  54.448  -27.324 0.0000000000
150389  8.351  54.194  -28.069 0.0000000000
150390  7.215  54.728  -28.388 0.0000000000
150397  8.064  53.327  -28.402 0.0000000000
150398  7.447  53.767  -28.567 0.0000000000
