#!ascii label  , from subject colin27 vox2ras=TkReg coords=white
323
87030  10.495  0.033  34.037 0.0000000000
87041  10.771  0.081  33.209 0.0000000000
87052  11.026  0.185  32.202 0.0000000000
88465  10.417  0.477  34.316 0.0000000000
88466  10.181  0.774  34.916 0.0000000000
88480  10.653  0.660  33.557 0.0000000000
88496  10.804  0.821  32.723 0.0000000000
88513  10.833  1.027  31.963 0.0000000000
88531  10.940  0.899  31.220 0.0000000000
88549  11.135  0.732  30.242 0.0000000000
90022  10.393  1.028  34.418 0.0000000000
90023  10.208  1.663  34.458 0.0000000000
90034  10.477  1.195  33.907 0.0000000000
90035  10.175  1.894  33.532 0.0000000000
90046  10.462  1.351  33.104 0.0000000000
90047  9.896  1.964  32.658 0.0000000000
90048  9.312  2.132  32.146 0.0000000000
90059  10.393  1.428  32.272 0.0000000000
90060  9.773  1.810  31.817 0.0000000000
90061  8.967  1.968  31.547 0.0000000000
90062  8.426  1.894  31.182 0.0000000000
90071  10.368  1.476  31.403 0.0000000000
90072  9.681  1.889  30.873 0.0000000000
90073  8.928  1.915  30.927 0.0000000000
90074  8.480  1.871  30.848 0.0000000000
90082  10.470  1.787  30.313 0.0000000000
90083  9.982  2.047  30.427 0.0000000000
90092  11.097  1.575  29.481 0.0000000000
91499  9.834  2.477  34.998 0.0000000000
91504  9.945  2.685  33.906 0.0000000000
91505  9.623  2.902  33.172 0.0000000000
91509  9.825  2.439  33.159 0.0000000000
91510  9.242  2.642  32.582 0.0000000000
91511  8.243  2.752  32.147 0.0000000000
91512  7.246  2.646  31.898 0.0000000000
91513  6.506  2.579  31.755 0.0000000000
91519  8.725  2.283  32.074 0.0000000000
91520  8.016  2.142  31.669 0.0000000000
91521  6.985  2.253  31.429 0.0000000000
91522  5.978  2.488  31.406 0.0000000000
91523  5.071  2.685  31.215 0.0000000000
91529  9.261  1.995  30.580 0.0000000000
91530  8.765  2.012  30.494 0.0000000000
91531  7.843  1.969  30.762 0.0000000000
91532  6.579  2.152  30.702 0.0000000000
91533  5.508  2.380  30.658 0.0000000000
91534  4.529  2.734  30.613 0.0000000000
91535  3.940  2.918  30.418 0.0000000000
91542  10.230  2.207  29.842 0.0000000000
91543  9.632  2.189  30.033 0.0000000000
91544  8.443  2.243  29.803 0.0000000000
91545  7.270  2.147  29.830 0.0000000000
91546  6.130  2.283  29.869 0.0000000000
91547  5.088  2.572  29.856 0.0000000000
91548  4.231  2.773  30.001 0.0000000000
91549  3.695  2.986  30.070 0.0000000000
91559  10.422  2.372  29.096 0.0000000000
91560  9.211  2.727  28.782 0.0000000000
91561  7.922  2.588  28.952 0.0000000000
91562  6.795  2.488  29.011 0.0000000000
91563  5.777  2.676  29.137 0.0000000000
91564  5.160  2.830  29.240 0.0000000000
92811  9.646  3.662  34.652 0.0000000000
92815  9.607  3.570  33.338 0.0000000000
92816  9.362  3.140  32.883 0.0000000000
92819  9.310  3.860  32.811 0.0000000000
92820  8.872  3.422  32.483 0.0000000000
92821  7.496  3.405  32.020 0.0000000000
92822  6.480  2.965  31.988 0.0000000000
92823  6.067  2.746  31.791 0.0000000000
92825  6.988  3.853  31.930 0.0000000000
92826  6.402  3.593  31.921 0.0000000000
92827  5.481  3.151  31.761 0.0000000000
92828  4.239  3.240  31.171 0.0000000000
92829  3.577  3.630  31.023 0.0000000000
92831  3.989  2.988  30.724 0.0000000000
92832  3.489  3.317  30.551 0.0000000000
92835  4.615  2.967  29.391 0.0000000000
92836  3.919  3.108  29.584 0.0000000000
92837  3.413  3.409  29.716 0.0000000000
92845  8.408  3.082  28.135 0.0000000000
92846  7.400  2.983  28.219 0.0000000000
92847  6.382  3.020  28.385 0.0000000000
92848  5.278  3.310  28.565 0.0000000000
92849  4.205  3.404  28.973 0.0000000000
92850  3.676  3.454  29.274 0.0000000000
92864  7.933  3.600  27.384 0.0000000000
92865  6.973  3.446  27.695 0.0000000000
92866  6.160  3.506  27.875 0.0000000000
92896  7.075  3.679  24.043 0.0000000000
92897  6.167  3.574  23.991 0.0000000000
92898  5.354  3.438  23.802 0.0000000000
94058  9.603  4.544  34.641 0.0000000000
94061  9.746  4.474  33.958 0.0000000000
94063  9.634  4.386  32.986 0.0000000000
94064  9.029  4.095  32.466 0.0000000000
94065  8.310  3.918  32.190 0.0000000000
94067  9.390  4.568  32.306 0.0000000000
94068  8.674  4.434  31.955 0.0000000000
94069  7.600  4.218  31.817 0.0000000000
94070  6.588  4.236  31.738 0.0000000000
94071  5.628  4.100  31.755 0.0000000000
94072  4.601  3.976  31.595 0.0000000000
94073  3.746  4.005  31.289 0.0000000000
94076  3.082  4.150  30.910 0.0000000000
94077  2.550  4.768  30.409 0.0000000000
94084  2.783  3.920  29.996 0.0000000000
94085  2.273  4.827  29.481 0.0000000000
94093  5.141  3.699  28.146 0.0000000000
94094  4.625  3.771  28.239 0.0000000000
94095  3.367  4.067  28.753 0.0000000000
94096  2.470  5.202  28.411 0.0000000000
94103  7.308  3.815  27.256 0.0000000000
94104  6.687  3.902  27.268 0.0000000000
94105  5.528  3.951  27.581 0.0000000000
94106  4.412  4.372  27.478 0.0000000000
94107  3.315  5.025  27.468 0.0000000000
94108  2.607  5.646  27.702 0.0000000000
94117  7.615  4.139  26.645 0.0000000000
94118  6.516  4.342  26.541 0.0000000000
94119  5.441  4.524  26.488 0.0000000000
94120  4.378  4.963  26.356 0.0000000000
94121  3.495  5.488  26.612 0.0000000000
94126  7.398  4.474  25.673 0.0000000000
94127  6.408  4.593  25.560 0.0000000000
94128  5.481  4.722  25.427 0.0000000000
94129  4.792  5.086  25.192 0.0000000000
94134  7.266  4.341  24.730 0.0000000000
94135  6.334  4.363  24.612 0.0000000000
94136  5.585  4.464  24.416 0.0000000000
94137  5.072  4.703  24.097 0.0000000000
95337  9.615  5.439  34.560 0.0000000000
95340  10.015  5.225  33.489 0.0000000000
95343  10.494  5.569  32.159 0.0000000000
95344  9.983  5.027  32.575 0.0000000000
95347  10.398  5.607  31.282 0.0000000000
95348  9.530  5.002  31.582 0.0000000000
95349  8.227  4.825  31.313 0.0000000000
95350  7.084  4.805  31.276 0.0000000000
95351  6.013  4.851  31.383 0.0000000000
95352  4.960  4.822  31.444 0.0000000000
95353  3.971  4.723  31.383 0.0000000000
95354  3.412  4.543  31.223 0.0000000000
95362  10.371  5.717  30.760 0.0000000000
95363  9.804  5.508  30.764 0.0000000000
95364  8.810  5.371  30.742 0.0000000000
95365  7.671  5.388  30.727 0.0000000000
95366  6.544  5.483  30.824 0.0000000000
95367  5.450  5.626  31.048 0.0000000000
95368  4.330  5.635  31.171 0.0000000000
95369  3.131  5.365  31.043 0.0000000000
95370  2.382  5.758  30.128 0.0000000000
95381  2.012  5.995  29.114 0.0000000000
95390  2.200  6.158  28.160 0.0000000000
95398  2.918  5.783  27.082 0.0000000000
95399  2.491  6.250  27.442 0.0000000000
95408  3.961  5.631  25.871 0.0000000000
95409  3.211  6.261  26.401 0.0000000000
95410  2.769  6.273  26.987 0.0000000000
95417  4.385  5.958  24.981 0.0000000000
95418  3.775  6.173  25.739 0.0000000000
96637  10.145  6.401  33.760 0.0000000000
96645  11.171  6.900  32.464 0.0000000000
96646  10.821  6.598  32.779 0.0000000000
96647  10.355  5.744  32.965 0.0000000000
96658  11.340  6.805  32.106 0.0000000000
96659  10.994  6.155  31.738 0.0000000000
96675  11.546  6.657  31.271 0.0000000000
96676  10.904  6.071  30.805 0.0000000000
96677  10.234  5.906  30.312 0.0000000000
96678  9.345  5.842  30.156 0.0000000000
96679  8.288  5.871  30.118 0.0000000000
96680  7.165  5.998  30.178 0.0000000000
96681  6.043  6.224  30.380 0.0000000000
96682  4.939  6.480  30.690 0.0000000000
96683  3.789  6.546  30.791 0.0000000000
96684  2.878  6.489  30.501 0.0000000000
96701  11.470  6.630  30.471 0.0000000000
96702  10.871  6.352  29.971 0.0000000000
96703  9.976  6.262  29.647 0.0000000000
96704  8.956  6.309  29.542 0.0000000000
96705  7.871  6.463  29.575 0.0000000000
96706  6.763  6.725  29.727 0.0000000000
96707  5.642  7.061  29.973 0.0000000000
96708  4.485  7.362  30.209 0.0000000000
96709  3.320  7.432  30.205 0.0000000000
96710  2.379  7.029  29.674 0.0000000000
96726  2.045  7.088  28.578 0.0000000000
96739  2.191  6.885  27.725 0.0000000000
96748  2.990  7.182  26.382 0.0000000000
96749  2.585  6.866  27.028 0.0000000000
96758  4.140  6.932  24.961 0.0000000000
96759  3.639  6.875  25.675 0.0000000000
98047  10.491  7.153  33.513 0.0000000000
98060  11.350  7.294  32.546 0.0000000000
98061  10.967  7.392  33.102 0.0000000000
98078  12.354  7.817  31.305 0.0000000000
98079  11.945  7.374  31.803 0.0000000000
98097  12.486  7.943  30.852 0.0000000000
98098  12.109  7.339  30.681 0.0000000000
98115  11.584  7.050  29.740 0.0000000000
98116  10.702  6.765  29.219 0.0000000000
98117  9.703  6.698  28.963 0.0000000000
98118  8.627  6.828  28.956 0.0000000000
98119  7.540  7.063  29.027 0.0000000000
98120  6.432  7.425  29.176 0.0000000000
98121  5.256  7.832  29.339 0.0000000000
98122  4.044  8.160  29.505 0.0000000000
98123  2.907  8.130  29.422 0.0000000000
98124  2.333  7.793  28.962 0.0000000000
98141  11.319  7.384  28.927 0.0000000000
98142  10.569  7.213  28.375 0.0000000000
98143  9.411  7.090  28.292 0.0000000000
98144  8.347  7.261  28.303 0.0000000000
98145  7.263  7.560  28.339 0.0000000000
98146  6.125  8.031  28.395 0.0000000000
98147  4.822  8.545  28.407 0.0000000000
98148  3.551  8.681  28.659 0.0000000000
98149  2.607  8.506  28.513 0.0000000000
98150  2.160  7.940  28.376 0.0000000000
98167  10.107  7.423  27.708 0.0000000000
98168  9.158  7.411  27.603 0.0000000000
98169  8.132  7.602  27.546 0.0000000000
98170  7.049  7.999  27.504 0.0000000000
98171  5.863  8.531  27.355 0.0000000000
98172  4.846  8.919  27.432 0.0000000000
98173  2.285  8.369  27.831 0.0000000000
98174  2.133  7.623  27.809 0.0000000000
98194  9.893  7.676  27.074 0.0000000000
98195  9.062  7.690  26.742 0.0000000000
98196  7.943  7.860  26.736 0.0000000000
98197  6.901  8.275  26.492 0.0000000000
98198  5.988  8.691  26.422 0.0000000000
98199  2.572  7.906  27.000 0.0000000000
98200  2.329  7.337  27.397 0.0000000000
98215  8.641  7.913  26.174 0.0000000000
98216  7.884  7.997  25.910 0.0000000000
98217  7.130  8.250  25.655 0.0000000000
98218  3.832  7.587  25.281 0.0000000000
98219  3.233  7.958  25.924 0.0000000000
98223  4.325  7.556  24.602 0.0000000000
99458  10.358  8.484  34.411 0.0000000000
99473  11.434  8.602  33.294 0.0000000000
99474  10.781  8.040  33.597 0.0000000000
99475  10.112  7.703  34.097 0.0000000000
99491  12.388  8.780  32.229 0.0000000000
99492  11.847  8.124  32.553 0.0000000000
99493  11.278  7.895  33.018 0.0000000000
99510  12.649  8.502  31.281 0.0000000000
99511  12.295  8.092  31.859 0.0000000000
99526  12.577  8.245  30.146 0.0000000000
99527  12.131  7.563  29.939 0.0000000000
99540  12.438  8.566  29.004 0.0000000000
99541  11.993  7.799  29.286 0.0000000000
99551  12.333  8.753  28.432 0.0000000000
99552  11.662  8.156  28.106 0.0000000000
99553  10.809  7.605  27.816 0.0000000000
99554  3.996  9.019  27.763 0.0000000000
99555  3.081  9.018  27.938 0.0000000000
99556  2.572  8.802  27.938 0.0000000000
99567  11.307  8.609  26.938 0.0000000000
99568  10.713  7.920  27.275 0.0000000000
99569  5.197  8.954  26.645 0.0000000000
99570  4.292  9.149  26.848 0.0000000000
99571  3.407  9.162  27.085 0.0000000000
99572  2.656  8.849  27.342 0.0000000000
99589  11.118  8.823  26.388 0.0000000000
99590  10.285  8.337  26.195 0.0000000000
99591  9.264  8.000  26.114 0.0000000000
99592  6.377  8.571  25.740 0.0000000000
99593  5.513  8.887  25.799 0.0000000000
99594  4.599  9.031  25.945 0.0000000000
99595  3.727  9.048  26.196 0.0000000000
99596  2.972  8.774  26.457 0.0000000000
99612  10.058  8.801  24.999 0.0000000000
99613  8.975  8.209  25.348 0.0000000000
99614  7.714  8.135  25.068 0.0000000000
99615  6.760  8.382  25.003 0.0000000000
99616  5.897  8.714  25.003 0.0000000000
99617  4.984  8.844  25.043 0.0000000000
99618  4.013  8.468  25.321 0.0000000000
99619  3.423  8.638  25.919 0.0000000000
99622  10.011  9.077  24.459 0.0000000000
99623  9.404  8.795  24.169 0.0000000000
99624  8.288  8.386  24.295 0.0000000000
99625  7.243  8.369  24.274 0.0000000000
99626  6.315  8.563  24.234 0.0000000000
99627  5.453  8.619  24.192 0.0000000000
99628  4.721  8.252  24.302 0.0000000000
99631  9.204  9.006  23.504 0.0000000000
99632  8.593  8.771  23.475 0.0000000000
99633  7.670  8.570  23.553 0.0000000000
99634  6.761  8.599  23.537 0.0000000000
100882  11.038  8.864  33.988 0.0000000000
100895  11.949  8.970  32.914 0.0000000000
100915  13.014  9.351  30.689 0.0000000000
100922  12.887  9.314  29.608 0.0000000000
100930  12.649  9.387  28.659 0.0000000000
100931  12.333  9.018  28.083 0.0000000000
100944  12.531  9.645  28.020 0.0000000000
100945  12.138  9.294  27.392 0.0000000000
100957  11.656  9.404  26.469 0.0000000000
100958  11.096  9.087  26.037 0.0000000000
100972  11.413  9.679  25.835 0.0000000000
100973  10.872  9.330  25.380 0.0000000000
100977  10.513  9.479  24.570 0.0000000000
100978  10.020  9.304  24.098 0.0000000000
100982  10.377  9.784  23.902 0.0000000000
100983  9.759  9.437  23.374 0.0000000000
102207  12.531  10.296  27.686 0.0000000000
102208  12.236  10.275  26.886 0.0000000000
102222  11.846  10.334  26.109 0.0000000000
102233  11.417  10.348  25.288 0.0000000000
102234  10.986  9.875  24.889 0.0000000000
102237  11.391  10.853  24.860 0.0000000000
102238  10.984  10.440  24.366 0.0000000000
102242  10.443  10.398  23.147 0.0000000000
103500  12.125  11.094  26.575 0.0000000000
103505  11.807  11.302  25.856 0.0000000000
103506  11.588  11.777  25.366 0.0000000000
103509  11.568  11.155  25.194 0.0000000000
103510  11.351  11.538  24.687 0.0000000000
103514  10.993  11.446  23.717 0.0000000000
