#!ascii label  , from subject colin27 vox2ras=TkReg coords=white
621
100880  12.267  9.852  33.291 0.0000000000
100894  12.398  9.623  32.803 0.0000000000
100906  12.822  9.500  31.776 0.0000000000
102129  12.491  10.331  33.224 0.0000000000
102144  12.776  10.367  32.277 0.0000000000
102155  13.061  10.486  31.200 0.0000000000
102165  13.104  10.255  30.102 0.0000000000
102175  12.952  10.201  29.191 0.0000000000
102190  12.737  10.260  28.417 0.0000000000
103393  12.687  11.036  32.676 0.0000000000
103403  12.817  11.208  31.904 0.0000000000
103404  12.534  11.802  32.474 0.0000000000
103416  12.846  11.414  31.156 0.0000000000
103417  12.529  11.987  31.601 0.0000000000
103433  12.939  11.194  30.393 0.0000000000
103434  12.532  12.014  30.703 0.0000000000
103451  12.960  10.931  29.626 0.0000000000
103452  12.593  11.819  29.635 0.0000000000
103470  12.795  11.021  28.907 0.0000000000
103471  12.455  11.769  28.536 0.0000000000
103489  12.643  10.961  28.178 0.0000000000
103490  12.358  11.329  27.482 0.0000000000
104643  12.135  12.578  32.155 0.0000000000
104661  12.020  12.685  31.251 0.0000000000
104662  11.243  13.281  30.944 0.0000000000
104680  11.994  12.734  30.248 0.0000000000
104681  11.173  13.421  29.860 0.0000000000
104698  11.994  12.706  29.145 0.0000000000
104699  11.247  13.462  28.666 0.0000000000
104711  11.963  12.513  27.992 0.0000000000
104712  11.354  13.285  27.446 0.0000000000
104718  11.890  12.154  26.775 0.0000000000
104719  11.380  13.058  26.321 0.0000000000
104724  11.667  12.213  25.899 0.0000000000
104725  11.303  12.632  25.265 0.0000000000
105919  10.223  13.748  30.685 0.0000000000
105920  9.036  14.105  30.561 0.0000000000
105921  7.785  14.136  30.519 0.0000000000
105922  6.663  13.869  30.437 0.0000000000
105923  5.667  13.682  30.276 0.0000000000
105939  10.020  14.057  29.448 0.0000000000
105940  8.577  14.302  29.619 0.0000000000
105941  7.358  14.183  29.576 0.0000000000
105942  6.363  13.907  29.597 0.0000000000
105943  5.723  13.902  29.242 0.0000000000
105944  5.173  13.882  29.656 0.0000000000
105955  10.420  14.060  28.073 0.0000000000
105956  9.119  14.447  28.497 0.0000000000
105957  8.100  14.414  28.953 0.0000000000
105958  5.578  14.081  28.737 0.0000000000
105959  5.248  14.053  28.919 0.0000000000
105960  4.929  14.118  29.179 0.0000000000
105970  10.637  13.902  26.880 0.0000000000
105971  9.708  14.481  27.390 0.0000000000
105983  10.756  13.682  25.761 0.0000000000
105984  9.897  14.477  26.238 0.0000000000
105997  10.157  14.225  25.146 0.0000000000
107215  7.428  14.359  28.802 0.0000000000
107216  6.714  14.175  28.982 0.0000000000
107217  6.193  14.004  29.077 0.0000000000
107218  4.743  14.399  29.057 0.0000000000
107232  8.835  14.668  27.642 0.0000000000
107233  8.003  14.619  28.154 0.0000000000
107234  6.980  14.477  28.279 0.0000000000
107235  6.065  14.229  28.493 0.0000000000
107236  5.401  14.333  28.312 0.0000000000
107237  4.944  14.451  28.481 0.0000000000
107238  4.657  14.827  28.423 0.0000000000
107253  9.064  14.834  26.856 0.0000000000
107254  8.212  14.858  27.219 0.0000000000
107255  7.331  14.740  27.483 0.0000000000
107256  6.442  14.588  27.626 0.0000000000
107257  5.688  14.553  27.683 0.0000000000
107258  5.079  14.817  27.567 0.0000000000
107259  4.773  14.833  27.930 0.0000000000
107272  9.141  14.929  26.113 0.0000000000
107273  8.392  15.139  26.353 0.0000000000
107274  7.619  15.043  26.715 0.0000000000
107275  6.775  14.905  26.847 0.0000000000
107276  5.931  14.815  26.982 0.0000000000
107277  5.436  14.842  27.196 0.0000000000
107288  9.455  14.803  25.413 0.0000000000
107289  8.780  15.206  25.612 0.0000000000
107299  9.660  14.708  24.526 0.0000000000
107300  9.048  15.237  24.772 0.0000000000
107317  9.327  15.209  24.075 0.0000000000
108545  4.926  15.142  27.141 0.0000000000
108546  4.646  15.391  27.305 0.0000000000
108550  8.163  15.306  26.137 0.0000000000
108551  7.871  15.338  26.165 0.0000000000
108552  7.163  15.342  26.195 0.0000000000
108553  6.266  15.324  26.248 0.0000000000
108554  5.224  15.267  26.576 0.0000000000
108555  4.505  15.825  26.052 0.0000000000
108563  8.209  15.386  25.841 0.0000000000
108564  7.675  15.630  25.609 0.0000000000
108565  6.859  15.831  25.560 0.0000000000
108566  5.839  15.934  25.398 0.0000000000
108567  4.975  15.872  25.576 0.0000000000
108568  4.580  16.116  25.466 0.0000000000
108577  8.341  15.590  25.079 0.0000000000
108578  7.633  16.192  24.725 0.0000000000
108579  6.675  16.302  24.960 0.0000000000
108580  6.150  16.415  24.859 0.0000000000
108598  8.731  15.924  23.893 0.0000000000
109805  4.167  16.331  26.350 0.0000000000
109808  5.277  16.211  25.155 0.0000000000
109809  4.872  16.368  25.110 0.0000000000
109810  4.327  16.592  25.296 0.0000000000
109817  7.097  16.555  24.528 0.0000000000
109818  6.583  16.713  24.503 0.0000000000
109819  5.626  16.759  24.583 0.0000000000
109820  4.806  16.835  24.714 0.0000000000
109821  4.464  17.035  24.738 0.0000000000
109838  7.506  16.890  23.809 0.0000000000
109839  6.510  17.130  24.044 0.0000000000
109840  5.988  17.307  24.009 0.0000000000
111010  4.018  17.198  25.641 0.0000000000
111019  5.144  17.184  24.407 0.0000000000
111020  4.796  17.381  24.452 0.0000000000
111021  4.305  17.520  24.740 0.0000000000
111036  6.964  17.378  23.595 0.0000000000
111037  6.431  17.605  23.599 0.0000000000
111038  5.479  17.772  23.813 0.0000000000
111039  4.739  17.934  24.132 0.0000000000
111040  4.495  18.054  24.348 0.0000000000
111049  7.394  17.826  22.862 0.0000000000
111050  6.279  18.135  23.165 0.0000000000
111051  5.753  18.343  23.195 0.0000000000
112197  4.468  18.733  24.660 0.0000000000
112198  4.152  18.013  25.145 0.0000000000
112208  4.999  18.380  23.630 0.0000000000
112209  4.702  18.649  23.946 0.0000000000
112210  4.386  18.176  24.566 0.0000000000
112218  6.636  18.492  22.585 0.0000000000
112219  5.975  18.615  22.769 0.0000000000
112220  5.336  18.798  22.959 0.0000000000
112221  4.947  18.847  23.334 0.0000000000
112230  7.290  18.850  21.870 0.0000000000
112231  6.259  18.997  22.234 0.0000000000
112232  5.724  18.974  22.508 0.0000000000
113549  4.590  19.504  24.879 0.0000000000
113558  4.746  19.549  23.982 0.0000000000
113567  5.155  19.276  22.586 0.0000000000
113568  4.890  19.641  22.819 0.0000000000
113569  4.418  20.378  22.002 0.0000000000
113579  6.565  19.493  21.546 0.0000000000
113580  5.447  19.492  22.068 0.0000000000
113581  4.651  20.114  21.783 0.0000000000
113582  4.223  20.572  21.553 0.0000000000
115007  5.190  20.993  23.903 0.0000000000
115008  4.870  20.325  24.319 0.0000000000
115017  5.084  21.079  23.420 0.0000000000
115018  4.885  20.583  23.257 0.0000000000
115026  4.489  20.675  22.316 0.0000000000
115027  4.068  20.943  21.713 0.0000000000
115035  5.870  20.131  21.142 0.0000000000
115036  5.074  20.262  21.237 0.0000000000
115037  4.340  20.573  21.211 0.0000000000
115038  3.969  20.960  21.183 0.0000000000
115050  5.354  20.707  20.642 0.0000000000
115051  4.529  20.820  20.751 0.0000000000
115052  4.087  20.905  20.874 0.0000000000
116459  5.440  21.520  23.453 0.0000000000
116460  5.044  21.215  23.059 0.0000000000
116469  5.234  21.604  22.830 0.0000000000
116470  4.688  21.403  22.427 0.0000000000
116471  4.187  21.241  21.914 0.0000000000
116479  4.230  21.740  21.791 0.0000000000
116480  3.927  21.557  21.343 0.0000000000
116489  4.871  21.244  20.245 0.0000000000
116490  4.010  21.554  20.533 0.0000000000
116502  4.527  21.840  19.828 0.0000000000
116503  3.969  22.112  19.922 0.0000000000
117857  6.870  22.884  24.142 0.0000000000
117858  6.140  22.171  23.815 0.0000000000
117866  7.171  22.936  23.681 0.0000000000
117867  6.662  22.602  23.266 0.0000000000
117868  5.831  22.081  22.916 0.0000000000
117869  5.186  21.975  22.448 0.0000000000
117877  6.308  22.593  22.630 0.0000000000
117878  5.630  22.548  22.253 0.0000000000
117879  4.694  22.314  21.907 0.0000000000
117880  3.979  22.291  21.455 0.0000000000
117887  3.739  22.363  20.881 0.0000000000
117897  3.703  22.721  20.102 0.0000000000
119220  8.147  23.606  22.886 0.0000000000
119221  7.393  23.066  23.017 0.0000000000
119222  6.781  22.771  22.717 0.0000000000
119230  8.306  23.807  22.397 0.0000000000
119231  7.743  23.545  22.258 0.0000000000
119232  6.593  23.127  22.121 0.0000000000
119233  5.319  23.227  21.545 0.0000000000
119234  4.293  22.993  21.368 0.0000000000
119235  3.854  22.771  21.122 0.0000000000
119243  5.228  23.726  21.183 0.0000000000
119244  4.718  23.682  21.069 0.0000000000
119245  3.884  23.418  20.693 0.0000000000
119254  3.708  23.406  19.408 0.0000000000
119255  3.518  23.809  19.899 0.0000000000
119268  3.641  23.927  18.700 0.0000000000
119269  3.391  24.133  19.301 0.0000000000
119283  4.004  24.128  18.035 0.0000000000
120514  9.486  24.752  21.576 0.0000000000
120515  8.545  24.113  21.807 0.0000000000
120516  7.327  23.829  21.508 0.0000000000
120517  6.172  23.735  21.338 0.0000000000
120518  5.528  23.737  21.236 0.0000000000
120527  9.575  24.861  21.038 0.0000000000
120528  9.026  24.597  20.976 0.0000000000
120529  8.009  24.380  20.902 0.0000000000
120530  6.822  24.324  20.853 0.0000000000
120531  5.528  24.221  20.880 0.0000000000
120532  4.469  24.395  20.631 0.0000000000
120533  3.749  24.487  20.183 0.0000000000
120543  3.371  24.712  19.587 0.0000000000
120552  3.538  24.558  18.238 0.0000000000
120553  3.224  24.839  18.834 0.0000000000
120562  3.915  24.806  17.476 0.0000000000
120563  3.300  25.147  18.120 0.0000000000
121712  10.020  25.176  21.157 0.0000000000
121721  10.312  25.578  20.511 0.0000000000
121722  9.631  25.060  20.492 0.0000000000
121723  8.688  24.846  20.250 0.0000000000
121724  7.559  24.808  20.205 0.0000000000
121725  6.371  24.915  20.287 0.0000000000
121726  5.220  25.089  20.328 0.0000000000
121727  4.234  25.227  20.191 0.0000000000
121728  3.617  25.243  19.851 0.0000000000
121737  10.022  25.437  20.031 0.0000000000
121738  9.445  25.342  19.661 0.0000000000
121739  8.298  25.281  19.519 0.0000000000
121740  7.138  25.344  19.641 0.0000000000
121741  6.034  25.595  19.747 0.0000000000
121742  4.936  25.818  19.773 0.0000000000
121743  3.983  25.920  19.684 0.0000000000
121744  3.328  25.674  19.265 0.0000000000
121752  9.016  25.544  19.065 0.0000000000
121753  8.416  25.683  18.901 0.0000000000
121754  3.185  25.775  18.477 0.0000000000
121762  3.844  25.554  17.009 0.0000000000
121763  3.354  25.827  17.617 0.0000000000
121776  4.174  25.899  16.359 0.0000000000
121777  3.648  26.164  16.994 0.0000000000
122879  10.427  26.033  19.586 0.0000000000
122880  9.683  25.770  19.008 0.0000000000
122881  7.725  25.655  19.116 0.0000000000
122882  6.861  25.915  19.096 0.0000000000
122883  5.757  26.278  19.155 0.0000000000
122884  4.650  26.516  19.203 0.0000000000
122885  3.734  26.524  19.126 0.0000000000
122886  3.314  26.359  18.745 0.0000000000
122894  10.134  26.317  18.490 0.0000000000
122895  9.093  25.963  18.440 0.0000000000
122896  7.866  26.112  18.480 0.0000000000
122897  6.660  26.517  18.441 0.0000000000
122898  5.472  27.035  18.394 0.0000000000
122899  4.288  27.063  18.606 0.0000000000
122900  3.575  26.930  18.516 0.0000000000
122901  3.307  26.627  18.078 0.0000000000
122916  9.610  26.467  17.839 0.0000000000
122917  8.676  26.490  17.741 0.0000000000
122918  7.543  26.707  17.723 0.0000000000
122919  6.473  27.083  17.789 0.0000000000
122920  5.872  27.349  17.837 0.0000000000
122921  3.467  26.683  17.334 0.0000000000
122935  4.222  26.752  15.841 0.0000000000
122936  3.804  26.764  16.687 0.0000000000
124066  5.445  27.536  17.781 0.0000000000
124067  4.721  27.539  17.965 0.0000000000
124068  3.925  27.403  18.070 0.0000000000
124069  3.511  27.137  18.093 0.0000000000
124086  10.423  27.033  17.648 0.0000000000
124087  9.449  26.921  17.126 0.0000000000
124088  8.353  27.036  17.002 0.0000000000
124089  7.204  27.303  17.054 0.0000000000
124090  6.087  27.641  17.277 0.0000000000
124091  5.138  27.970  17.318 0.0000000000
124092  4.287  27.865  17.370 0.0000000000
124093  3.669  27.286  17.531 0.0000000000
124103  10.173  27.515  16.648 0.0000000000
124104  9.168  27.537  16.250 0.0000000000
124105  7.957  27.584  16.310 0.0000000000
124106  6.799  28.010  16.357 0.0000000000
124107  5.706  28.184  16.739 0.0000000000
124108  5.157  28.307  16.886 0.0000000000
124109  4.093  27.698  16.547 0.0000000000
124110  3.651  27.168  17.033 0.0000000000
124121  8.534  27.948  15.730 0.0000000000
124122  7.660  28.143  15.779 0.0000000000
124123  7.117  28.363  15.837 0.0000000000
124124  4.473  27.668  15.311 0.0000000000
125193  10.956  27.818  17.138 0.0000000000
125194  4.726  28.279  16.940 0.0000000000
125195  4.306  28.163  16.875 0.0000000000
125205  10.704  28.369  16.029 0.0000000000
125206  9.949  27.873  15.992 0.0000000000
125207  6.696  28.520  15.850 0.0000000000
125208  6.011  28.528  16.127 0.0000000000
125209  5.177  28.539  16.423 0.0000000000
125210  4.597  28.282  16.518 0.0000000000
125219  9.536  28.391  15.284 0.0000000000
125220  8.265  28.419  15.277 0.0000000000
125221  7.272  28.761  15.318 0.0000000000
125222  6.298  28.911  15.577 0.0000000000
125223  5.529  28.911  15.775 0.0000000000
125224  4.806  28.633  15.689 0.0000000000
125227  9.219  28.908  14.630 0.0000000000
125228  8.587  28.792  14.795 0.0000000000
125229  7.969  28.770  14.974 0.0000000000
125230  4.761  28.534  14.570 0.0000000000
126208  10.265  28.830  14.991 0.0000000000
126209  7.129  29.246  14.905 0.0000000000
126210  6.584  29.307  15.074 0.0000000000
126211  5.824  29.309  15.229 0.0000000000
126212  5.312  29.154  15.389 0.0000000000
126218  10.694  29.637  14.524 0.0000000000
126219  9.948  29.308  14.362 0.0000000000
126220  8.741  29.334  14.248 0.0000000000
126221  7.763  29.240  14.616 0.0000000000
126222  6.936  29.656  14.595 0.0000000000
126223  6.150  29.787  14.672 0.0000000000
126224  5.313  29.454  14.692 0.0000000000
126235  9.689  29.745  13.826 0.0000000000
126236  9.245  29.679  13.851 0.0000000000
126237  5.014  29.291  13.750 0.0000000000
127218  11.044  29.954  14.625 0.0000000000
127228  11.233  30.472  14.378 0.0000000000
127229  10.715  30.159  13.981 0.0000000000
127230  10.042  29.911  13.751 0.0000000000
127231  8.078  29.641  14.155 0.0000000000
127232  7.489  29.928  14.138 0.0000000000
127233  6.610  30.337  14.089 0.0000000000
127234  5.847  30.308  14.073 0.0000000000
127235  5.371  29.997  13.840 0.0000000000
127247  10.250  30.392  13.375 0.0000000000
127248  9.472  30.167  13.420 0.0000000000
127249  8.348  30.102  13.661 0.0000000000
127250  7.269  30.539  13.668 0.0000000000
127251  6.744  30.721  13.697 0.0000000000
127252  5.600  30.535  13.517 0.0000000000
127253  5.325  30.141  13.012 0.0000000000
128275  11.179  30.749  13.943 0.0000000000
128276  6.439  30.785  13.696 0.0000000000
128277  6.200  30.644  13.870 0.0000000000
128286  11.430  31.816  13.690 0.0000000000
128287  10.945  31.218  13.213 0.0000000000
128288  9.868  30.806  12.817 0.0000000000
128289  8.816  30.797  12.943 0.0000000000
128290  7.778  30.945  13.116 0.0000000000
128291  6.775  31.154  13.281 0.0000000000
128292  6.038  31.001  13.497 0.0000000000
128293  5.604  31.025  13.018 0.0000000000
128303  10.750  31.749  12.559 0.0000000000
128304  10.235  31.535  12.411 0.0000000000
128305  9.257  31.417  12.351 0.0000000000
128306  8.230  31.518  12.498 0.0000000000
128307  7.359  31.616  12.735 0.0000000000
128308  5.368  31.013  12.315 0.0000000000
129413  11.403  32.381  13.139 0.0000000000
129414  11.052  32.011  12.643 0.0000000000
129415  6.282  31.488  13.130 0.0000000000
129416  5.909  31.633  12.981 0.0000000000
129417  5.607  31.596  12.568 0.0000000000
129433  11.211  32.560  12.421 0.0000000000
129434  10.676  32.305  12.038 0.0000000000
129435  9.712  32.006  11.817 0.0000000000
129436  8.689  32.063  11.885 0.0000000000
129437  7.591  32.363  12.089 0.0000000000
129438  6.535  32.042  12.638 0.0000000000
129439  5.789  32.174  12.484 0.0000000000
129440  5.440  31.994  11.910 0.0000000000
129457  10.088  32.619  11.413 0.0000000000
129458  9.205  32.600  11.381 0.0000000000
129459  8.267  32.754  11.521 0.0000000000
129460  7.715  32.898  11.635 0.0000000000
130472  11.440  33.398  12.446 0.0000000000
130473  11.142  32.872  12.012 0.0000000000
130474  7.336  33.032  11.707 0.0000000000
130475  6.764  32.896  11.998 0.0000000000
130476  6.042  32.799  12.174 0.0000000000
130477  5.677  32.550  12.053 0.0000000000
130487  11.417  33.895  11.832 0.0000000000
130488  10.880  33.400  11.371 0.0000000000
130489  9.758  33.160  10.938 0.0000000000
130490  8.754  33.230  10.999 0.0000000000
130491  7.761  33.445  11.234 0.0000000000
130492  6.986  33.515  11.530 0.0000000000
130493  6.284  33.499  11.692 0.0000000000
130494  5.526  33.130  11.502 0.0000000000
130504  10.734  33.949  10.832 0.0000000000
130505  10.223  33.820  10.628 0.0000000000
130506  9.264  33.792  10.525 0.0000000000
130507  8.395  33.851  10.695 0.0000000000
130508  4.992  33.290  10.496 0.0000000000
131456  11.530  34.465  12.242 0.0000000000
131466  11.373  34.454  11.436 0.0000000000
131467  11.034  34.174  10.954 0.0000000000
131468  7.241  33.908  11.184 0.0000000000
131469  6.701  34.189  11.200 0.0000000000
131470  5.917  34.153  11.288 0.0000000000
131471  5.364  34.135  10.848 0.0000000000
131480  11.208  34.735  10.838 0.0000000000
131481  10.693  34.489  10.484 0.0000000000
131482  9.784  34.481  10.110 0.0000000000
131483  8.708  34.486  10.206 0.0000000000
131484  7.608  34.413  10.674 0.0000000000
131485  6.811  34.881  10.728 0.0000000000
131486  4.935  34.313  10.151 0.0000000000
131495  9.241  34.924  9.834 0.0000000000
131496  8.692  35.108  9.833 0.0000000000
131497  4.640  34.612  9.396 0.0000000000
132512  11.588  35.330  11.879 0.0000000000
132523  11.481  35.324  11.111 0.0000000000
132524  6.252  34.748  10.994 0.0000000000
132525  5.704  34.873  10.886 0.0000000000
132526  5.246  34.884  10.536 0.0000000000
132536  11.144  35.366  10.412 0.0000000000
132537  10.452  35.115  9.961 0.0000000000
132538  9.796  35.128  9.745 0.0000000000
132539  8.107  35.035  10.101 0.0000000000
132540  7.370  35.540  10.127 0.0000000000
132541  6.290  35.461  10.573 0.0000000000
132542  5.500  35.551  10.517 0.0000000000
132543  4.928  35.397  10.025 0.0000000000
132554  10.875  35.759  9.820 0.0000000000
132555  10.211  35.686  9.524 0.0000000000
132556  9.255  35.560  9.521 0.0000000000
132557  8.231  35.633  9.692 0.0000000000
132558  7.775  35.788  9.782 0.0000000000
132559  4.634  35.585  9.194 0.0000000000
133516  11.698  36.158  11.453 0.0000000000
133534  11.558  35.996  10.774 0.0000000000
133535  7.225  36.130  9.860 0.0000000000
133536  6.655  36.218  10.049 0.0000000000
133537  5.923  36.163  10.289 0.0000000000
133538  5.291  36.236  10.192 0.0000000000
133556  11.414  36.302  10.129 0.0000000000
133557  10.898  36.510  9.335 0.0000000000
133558  9.852  36.259  9.140 0.0000000000
133559  8.800  36.343  9.216 0.0000000000
133560  7.780  36.197  9.560 0.0000000000
133561  7.154  36.521  9.664 0.0000000000
133562  4.841  36.369  9.678 0.0000000000
133578  10.866  37.023  8.987 0.0000000000
133579  10.355  36.893  8.865 0.0000000000
133580  9.544  36.818  8.847 0.0000000000
133581  4.518  36.542  8.830 0.0000000000
133598  4.407  37.003  8.442 0.0000000000
134542  11.889  36.892  10.838 0.0000000000
134543  6.207  36.563  10.035 0.0000000000
134544  5.788  36.754  10.031 0.0000000000
134545  5.234  36.889  9.934 0.0000000000
134558  12.304  38.044  10.180 0.0000000000
134559  11.857  37.406  9.753 0.0000000000
134560  11.256  37.205  9.116 0.0000000000
134561  8.234  36.703  9.162 0.0000000000
134562  7.632  37.004  9.209 0.0000000000
134563  6.564  37.025  9.630 0.0000000000
134564  5.707  37.426  9.709 0.0000000000
134565  4.897  37.398  9.508 0.0000000000
134577  11.554  37.710  8.997 0.0000000000
134578  10.903  37.516  8.683 0.0000000000
134579  9.958  37.420  8.501 0.0000000000
134580  8.754  37.276  8.713 0.0000000000
134581  7.874  37.697  8.751 0.0000000000
134582  4.527  37.601  8.749 0.0000000000
134583  4.337  37.934  8.234 0.0000000000
134596  4.337  37.326  8.191 0.0000000000
135488  12.332  38.536  9.721 0.0000000000
135489  11.964  38.139  9.148 0.0000000000
135490  7.173  37.636  9.112 0.0000000000
135491  6.426  38.040  9.244 0.0000000000
135492  5.525  38.201  9.430 0.0000000000
135493  4.859  38.339  9.181 0.0000000000
135501  12.195  38.764  8.960 0.0000000000
135502  11.530  38.449  8.481 0.0000000000
135503  10.558  38.152  8.202 0.0000000000
135504  9.563  38.111  8.156 0.0000000000
135505  8.490  38.292  8.255 0.0000000000
135506  7.398  38.350  8.660 0.0000000000
135507  6.661  38.761  8.803 0.0000000000
135508  4.488  38.526  8.626 0.0000000000
135509  4.209  38.584  7.946 0.0000000000
135519  10.991  38.797  7.898 0.0000000000
135520  10.241  38.787  7.737 0.0000000000
135521  9.315  38.839  7.700 0.0000000000
135522  8.557  38.982  7.805 0.0000000000
136458  12.452  39.499  9.269 0.0000000000
136459  6.042  38.724  9.098 0.0000000000
136460  5.424  38.975  9.114 0.0000000000
136461  4.814  39.062  8.932 0.0000000000
136467  12.094  39.431  8.459 0.0000000000
136468  11.520  39.370  7.880 0.0000000000
136469  7.954  38.857  8.158 0.0000000000
136470  7.242  39.147  8.331 0.0000000000
136471  6.238  39.485  8.605 0.0000000000
136472  5.246  39.682  8.701 0.0000000000
136473  4.471  39.485  8.369 0.0000000000
136474  4.050  39.407  7.602 0.0000000000
136480  10.879  39.422  7.453 0.0000000000
136481  9.999  39.515  7.157 0.0000000000
136482  8.960  39.499  7.306 0.0000000000
136483  8.019  39.477  7.699 0.0000000000
136484  7.119  39.866  7.942 0.0000000000
136485  6.388  40.226  8.039 0.0000000000
136490  9.390  39.995  6.834 0.0000000000
136491  8.888  39.965  7.009 0.0000000000
137445  12.431  40.386  8.654 0.0000000000
137450  11.970  40.278  7.719 0.0000000000
137451  11.401  39.948  7.381 0.0000000000
137452  5.741  40.184  8.286 0.0000000000
137453  4.989  40.453  8.143 0.0000000000
137454  4.318  40.250  7.760 0.0000000000
137455  3.943  40.034  7.306 0.0000000000
137459  11.545  40.489  7.088 0.0000000000
137460  10.897  40.258  6.831 0.0000000000
137461  10.098  40.150  6.657 0.0000000000
137462  8.477  39.911  7.198 0.0000000000
137463  7.789  40.164  7.288 0.0000000000
137464  6.903  40.534  7.472 0.0000000000
137465  5.860  40.855  7.623 0.0000000000
137466  5.184  40.868  7.750 0.0000000000
137467  4.044  40.529  7.317 0.0000000000
137479  10.410  40.618  6.298 0.0000000000
137480  9.640  40.506  6.308 0.0000000000
137481  8.620  40.421  6.647 0.0000000000
137482  7.523  40.797  6.786 0.0000000000
137483  6.629  41.153  6.992 0.0000000000
137484  6.096  41.337  7.082 0.0000000000
138458  12.603  41.429  8.977 0.0000000000
138470  12.370  41.287  7.930 0.0000000000
138471  4.841  40.849  7.720 0.0000000000
138472  4.624  40.641  7.778 0.0000000000
138487  11.847  41.243  6.888 0.0000000000
138488  11.402  40.800  6.701 0.0000000000
138489  5.692  41.421  7.104 0.0000000000
138490  5.098  41.238  7.393 0.0000000000
138491  4.407  40.939  7.373 0.0000000000
138492  4.021  40.824  7.068 0.0000000000
138507  11.654  41.622  6.300 0.0000000000
138508  11.151  41.278  6.061 0.0000000000
138509  10.100  41.017  5.740 0.0000000000
138510  9.096  41.021  5.836 0.0000000000
138511  8.067  41.180  6.069 0.0000000000
138512  7.130  41.446  6.350 0.0000000000
138513  6.174  41.795  6.481 0.0000000000
138514  5.257  41.763  6.811 0.0000000000
138515  4.586  41.572  6.921 0.0000000000
138516  4.013  41.271  6.605 0.0000000000
138527  11.092  41.792  5.462 0.0000000000
138528  10.532  41.715  5.183 0.0000000000
138529  9.557  41.483  5.217 0.0000000000
138530  8.551  41.733  5.218 0.0000000000
138531  7.481  41.812  5.701 0.0000000000
138532  6.843  41.872  6.011 0.0000000000
138542  10.356  42.045  4.677 0.0000000000
138543  9.794  41.884  4.716 0.0000000000
138544  9.219  41.812  4.847 0.0000000000
139517  12.493  42.325  8.262 0.0000000000
139528  12.292  42.169  7.238 0.0000000000
139536  11.918  42.177  6.253 0.0000000000
139537  11.602  41.809  6.012 0.0000000000
139538  5.925  42.301  6.021 0.0000000000
139539  5.388  42.233  6.272 0.0000000000
139540  4.697  42.074  6.449 0.0000000000
139541  4.317  41.797  6.505 0.0000000000
139550  11.868  42.469  5.796 0.0000000000
139551  11.529  42.224  5.498 0.0000000000
139552  11.067  42.005  5.159 0.0000000000
139553  8.315  42.201  4.791 0.0000000000
139554  7.714  42.255  5.093 0.0000000000
139555  6.595  42.436  5.513 0.0000000000
139556  5.583  42.672  5.761 0.0000000000
139557  4.802  42.615  5.942 0.0000000000
139558  4.055  42.212  5.983 0.0000000000
139573  11.488  42.658  4.964 0.0000000000
139574  10.976  42.423  4.625 0.0000000000
139575  10.068  42.287  4.309 0.0000000000
139576  8.993  42.304  4.374 0.0000000000
139577  8.034  42.567  4.539 0.0000000000
139578  7.303  42.751  4.788 0.0000000000
139591  10.496  42.767  3.995 0.0000000000
139592  9.735  42.690  3.881 0.0000000000
140456  12.349  43.172  7.558 0.0000000000
140465  12.242  42.894  6.674 0.0000000000
140475  12.068  43.040  5.681 0.0000000000
140476  11.719  42.775  5.170 0.0000000000
140477  5.850  43.109  5.259 0.0000000000
140478  5.057  43.199  5.441 0.0000000000
140479  4.262  43.067  5.509 0.0000000000
140480  3.823  42.762  5.397 0.0000000000
140497  8.339  42.883  4.050 0.0000000000
140498  7.629  43.118  4.270 0.0000000000
140499  6.595  43.384  4.555 0.0000000000
140500  5.481  43.668  4.861 0.0000000000
140501  4.574  43.751  4.992 0.0000000000
140510  10.120  43.157  3.489 0.0000000000
140511  9.035  43.163  3.517 0.0000000000
140512  8.110  43.384  3.716 0.0000000000
140513  7.390  43.630  3.903 0.0000000000
140520  11.049  43.789  3.310 0.0000000000
140521  10.580  43.703  3.175 0.0000000000
140522  9.768  43.617  3.072 0.0000000000
141421  12.310  43.958  6.703 0.0000000000
141447  5.906  44.094  4.305 0.0000000000
141448  5.093  44.314  4.484 0.0000000000
141449  4.220  44.493  4.461 0.0000000000
141467  11.298  43.859  3.407 0.0000000000
141468  8.480  43.635  3.331 0.0000000000
141469  7.907  43.953  3.375 0.0000000000
141470  6.784  44.308  3.645 0.0000000000
141471  5.692  44.705  3.920 0.0000000000
141472  4.895  44.898  4.082 0.0000000000
141487  8.945  44.089  2.821 0.0000000000
141488  7.806  44.662  2.889 0.0000000000
141489  6.948  45.049  3.004 0.0000000000
142466  3.859  44.856  4.168 0.0000000000
142485  6.234  45.063  3.400 0.0000000000
142505  8.746  45.105  2.278 0.0000000000
108540  4.554  15.395  28.410 0.0000000000
