#!ascii label  , from subject colin27 vox2ras=TkReg coords=white
670
154037  12.976  60.470  -6.012 0.0000000000
154759  11.476  60.946  -4.466 0.0000000000
154764  12.284  60.902  -5.563 0.0000000000
154765  11.849  60.935  -5.045 0.0000000000
154771  12.657  60.948  -6.466 0.0000000000
155562  11.189  61.277  -4.679 0.0000000000
155563  10.563  61.414  -4.257 0.0000000000
155564  9.365  61.983  -4.078 0.0000000000
155565  8.600  62.409  -4.140 0.0000000000
155567  11.993  61.264  -5.631 0.0000000000
155568  11.505  61.469  -5.320 0.0000000000
155569  10.635  62.052  -5.215 0.0000000000
155572  12.138  61.393  -6.039 0.0000000000
155573  11.714  61.961  -6.456 0.0000000000
155585  12.280  61.477  -6.983 0.0000000000
155586  11.769  62.018  -7.555 0.0000000000
155640  14.378  61.691  -12.893 0.0000000000
155652  15.568  61.570  -13.630 0.0000000000
155653  14.967  61.624  -13.213 0.0000000000
156252  7.885  62.554  -3.904 0.0000000000
156253  7.120  62.756  -3.658 0.0000000000
156254  6.246  63.095  -3.523 0.0000000000
156255  5.565  63.160  -2.933 0.0000000000
156272  9.871  62.302  -4.887 0.0000000000
156273  9.057  62.643  -4.685 0.0000000000
156274  8.232  62.959  -4.659 0.0000000000
156275  7.330  63.010  -4.247 0.0000000000
156276  6.762  63.075  -3.966 0.0000000000
156287  10.999  62.399  -5.976 0.0000000000
156288  10.222  62.730  -5.622 0.0000000000
156289  9.389  63.108  -5.415 0.0000000000
156290  8.793  63.065  -5.033 0.0000000000
156306  11.158  62.614  -7.036 0.0000000000
156307  10.332  63.140  -6.500 0.0000000000
156308  9.902  63.217  -5.923 0.0000000000
156329  11.087  62.495  -8.202 0.0000000000
156330  10.487  63.071  -7.619 0.0000000000
156338  10.030  62.810  -8.871 0.0000000000
156339  9.293  63.016  -9.124 0.0000000000
156381  14.368  62.498  -12.834 0.0000000000
156391  15.575  62.433  -13.697 0.0000000000
156392  14.988  62.482  -13.229 0.0000000000
156401  16.146  62.316  -14.399 0.0000000000
156924  4.393  63.900  -1.979 0.0000000000
156933  4.904  63.453  -2.593 0.0000000000
156934  4.370  64.030  -2.963 0.0000000000
156949  5.941  63.431  -3.876 0.0000000000
156950  5.260  63.737  -3.667 0.0000000000
156951  4.552  64.227  -3.481 0.0000000000
156972  8.103  63.263  -4.977 0.0000000000
156973  7.623  63.345  -4.841 0.0000000000
156974  6.388  63.552  -4.413 0.0000000000
156975  5.567  63.980  -4.368 0.0000000000
156987  9.134  63.488  -5.683 0.0000000000
156988  8.442  63.540  -5.438 0.0000000000
156989  7.233  63.868  -5.313 0.0000000000
156990  6.410  64.152  -5.240 0.0000000000
157003  9.971  63.476  -6.621 0.0000000000
157004  9.452  63.651  -6.339 0.0000000000
157005  8.512  64.095  -6.381 0.0000000000
157025  10.012  63.524  -7.089 0.0000000000
157026  9.452  63.831  -7.562 0.0000000000
157042  9.902  63.407  -7.965 0.0000000000
157043  9.235  63.457  -8.568 0.0000000000
157044  8.582  63.513  -8.968 0.0000000000
157045  8.052  63.728  -9.190 0.0000000000
157058  8.891  63.164  -9.227 0.0000000000
157059  8.375  63.279  -9.647 0.0000000000
157060  7.711  63.774  -9.732 0.0000000000
157070  7.571  64.050  -10.282 0.0000000000
157082  12.212  63.774  -12.067 0.0000000000
157096  14.398  63.398  -12.837 0.0000000000
157097  13.805  63.398  -12.516 0.0000000000
157105  15.490  63.311  -13.787 0.0000000000
157106  14.957  63.362  -13.279 0.0000000000
157112  16.189  62.670  -14.744 0.0000000000
157113  15.897  63.242  -14.459 0.0000000000
157122  16.262  62.872  -15.191 0.0000000000
157123  15.937  63.650  -15.487 0.0000000000
157138  16.303  63.013  -15.924 0.0000000000
157139  15.851  63.558  -16.636 0.0000000000
157153  15.390  63.590  -17.808 0.0000000000
157652  4.218  64.540  -1.349 0.0000000000
157663  4.158  64.677  -2.398 0.0000000000
157680  4.640  64.434  -3.846 0.0000000000
157681  4.283  64.782  -3.373 0.0000000000
157697  5.735  64.271  -4.902 0.0000000000
157698  5.055  64.489  -4.435 0.0000000000
157699  4.501  65.025  -4.179 0.0000000000
157706  7.705  64.234  -6.093 0.0000000000
157707  6.803  64.448  -5.889 0.0000000000
157708  5.913  64.696  -5.701 0.0000000000
157709  5.265  64.874  -5.236 0.0000000000
157710  4.841  65.162  -4.818 0.0000000000
157720  8.779  64.176  -7.217 0.0000000000
157721  7.954  64.471  -7.005 0.0000000000
157722  7.105  64.655  -6.730 0.0000000000
157723  6.315  64.826  -6.443 0.0000000000
157732  8.818  63.994  -8.115 0.0000000000
157733  8.094  64.290  -7.945 0.0000000000
157734  7.215  64.601  -7.727 0.0000000000
157735  6.444  64.903  -7.309 0.0000000000
157742  8.738  63.723  -8.570 0.0000000000
157743  8.272  63.902  -8.614 0.0000000000
157744  7.346  64.241  -8.882 0.0000000000
157745  6.255  64.884  -8.401 0.0000000000
157746  5.677  65.095  -8.762 0.0000000000
157756  7.015  64.246  -9.852 0.0000000000
157757  6.269  64.792  -9.469 0.0000000000
157758  5.843  64.958  -9.020 0.0000000000
157768  8.859  64.726  -11.186 0.0000000000
157769  8.073  64.378  -10.818 0.0000000000
157770  7.107  64.655  -10.361 0.0000000000
157771  6.572  64.679  -10.052 0.0000000000
157781  13.105  64.914  -11.992 0.0000000000
157782  12.270  64.413  -11.897 0.0000000000
157783  11.110  64.400  -11.708 0.0000000000
157784  10.042  64.221  -11.596 0.0000000000
157785  9.178  64.068  -11.474 0.0000000000
157786  8.667  64.105  -11.215 0.0000000000
157799  14.375  64.307  -12.846 0.0000000000
157800  13.465  64.296  -12.306 0.0000000000
157801  12.882  64.278  -12.104 0.0000000000
157812  15.340  64.165  -13.879 0.0000000000
157813  14.916  64.239  -13.364 0.0000000000
157820  15.597  64.328  -14.817 0.0000000000
157829  15.304  64.697  -15.967 0.0000000000
157830  14.802  65.359  -16.153 0.0000000000
157839  15.125  64.304  -17.172 0.0000000000
157840  14.470  65.220  -16.875 0.0000000000
158389  4.396  65.294  -1.873 0.0000000000
158407  4.793  65.852  -2.455 0.0000000000
158408  4.326  65.410  -2.854 0.0000000000
158425  5.298  66.138  -3.075 0.0000000000
158426  4.614  65.972  -3.262 0.0000000000
158427  4.407  65.618  -3.767 0.0000000000
158438  4.665  65.689  -4.665 0.0000000000
158446  5.676  64.910  -5.919 0.0000000000
158447  5.446  65.074  -5.862 0.0000000000
158448  5.014  65.654  -5.682 0.0000000000
158458  5.741  65.004  -6.203 0.0000000000
158459  5.339  65.377  -6.449 0.0000000000
158460  4.859  65.872  -6.827 0.0000000000
158467  5.829  65.127  -6.884 0.0000000000
158468  5.330  65.457  -7.277 0.0000000000
158469  4.832  65.763  -7.643 0.0000000000
158472  5.846  65.146  -7.628 0.0000000000
158473  5.391  65.347  -8.216 0.0000000000
158474  4.639  65.879  -8.390 0.0000000000
158481  5.872  65.088  -9.749 0.0000000000
158482  5.363  65.410  -9.312 0.0000000000
158483  4.516  66.164  -9.071 0.0000000000
158493  9.967  65.877  -11.051 0.0000000000
158494  9.448  65.618  -11.055 0.0000000000
158495  8.397  65.495  -10.922 0.0000000000
158496  7.366  65.428  -10.662 0.0000000000
158497  6.202  65.383  -10.182 0.0000000000
158498  5.366  66.053  -9.996 0.0000000000
158508  13.250  65.562  -11.998 0.0000000000
158509  12.704  65.542  -11.730 0.0000000000
158510  11.729  65.487  -11.454 0.0000000000
158511  10.432  65.529  -11.220 0.0000000000
158512  9.572  64.817  -11.340 0.0000000000
158525  14.398  65.185  -12.948 0.0000000000
158526  13.809  65.407  -12.441 0.0000000000
158538  15.165  64.712  -13.890 0.0000000000
158539  14.867  65.068  -13.588 0.0000000000
158547  15.247  64.863  -14.253 0.0000000000
158548  14.938  65.649  -14.508 0.0000000000
158556  15.255  65.092  -15.005 0.0000000000
158557  14.780  65.699  -15.523 0.0000000000
159123  6.863  66.242  -3.774 0.0000000000
159124  5.807  66.374  -3.737 0.0000000000
159125  4.975  66.292  -3.738 0.0000000000
159126  4.568  66.067  -3.754 0.0000000000
159137  9.729  66.827  -4.458 0.0000000000
159138  8.650  66.452  -4.515 0.0000000000
159139  7.478  66.437  -4.542 0.0000000000
159140  6.349  66.562  -4.478 0.0000000000
159141  5.388  66.499  -4.439 0.0000000000
159142  4.760  66.127  -4.268 0.0000000000
159151  9.651  67.138  -4.947 0.0000000000
159152  9.145  66.985  -5.116 0.0000000000
159153  8.096  66.818  -5.270 0.0000000000
159154  6.936  66.833  -5.233 0.0000000000
159155  5.873  66.869  -5.180 0.0000000000
159156  5.076  66.436  -5.351 0.0000000000
159168  4.720  66.504  -6.438 0.0000000000
159174  4.385  66.501  -7.530 0.0000000000
159177  4.103  66.677  -8.528 0.0000000000
159180  4.753  66.345  -9.648 0.0000000000
159181  4.160  66.847  -9.296 0.0000000000
159191  10.740  66.927  -10.837 0.0000000000
159192  10.014  66.475  -10.839 0.0000000000
159193  8.929  66.477  -10.741 0.0000000000
159194  7.853  66.428  -10.663 0.0000000000
159195  6.777  66.424  -10.522 0.0000000000
159196  5.793  66.585  -10.328 0.0000000000
159197  4.977  66.825  -10.131 0.0000000000
159198  4.419  67.041  -9.810 0.0000000000
159209  13.280  66.353  -12.005 0.0000000000
159210  12.403  66.523  -11.462 0.0000000000
159211  11.339  66.573  -11.093 0.0000000000
159212  10.641  66.379  -10.986 0.0000000000
159224  14.376  65.902  -13.097 0.0000000000
159225  13.950  66.650  -12.720 0.0000000000
159239  14.536  66.375  -13.886 0.0000000000
159240  14.302  66.578  -13.319 0.0000000000
159251  14.472  66.544  -14.910 0.0000000000
159845  10.199  67.518  -4.614 0.0000000000
159846  9.870  67.243  -4.850 0.0000000000
159860  10.137  67.888  -5.051 0.0000000000
159861  9.699  67.578  -5.252 0.0000000000
159862  8.702  67.535  -5.827 0.0000000000
159863  7.531  67.313  -5.882 0.0000000000
159864  6.449  67.284  -5.863 0.0000000000
159865  5.520  67.206  -5.927 0.0000000000
159866  4.930  67.066  -6.258 0.0000000000
159879  7.953  67.895  -6.371 0.0000000000
159880  7.031  67.814  -6.452 0.0000000000
159881  6.045  67.776  -6.451 0.0000000000
159882  5.207  67.685  -6.605 0.0000000000
159883  4.546  67.452  -7.074 0.0000000000
159888  3.943  67.572  -8.033 0.0000000000
159889  3.725  68.061  -8.615 0.0000000000
159892  3.800  67.464  -8.873 0.0000000000
159893  3.698  68.140  -9.157 0.0000000000
159896  3.979  67.738  -9.581 0.0000000000
159897  3.788  68.194  -9.460 0.0000000000
159903  11.215  67.628  -10.857 0.0000000000
159904  10.405  67.590  -10.613 0.0000000000
159905  9.453  67.482  -10.537 0.0000000000
159906  8.392  67.437  -10.514 0.0000000000
159907  7.310  67.419  -10.515 0.0000000000
159908  6.265  67.457  -10.462 0.0000000000
159909  5.326  67.549  -10.347 0.0000000000
159910  4.545  67.656  -10.101 0.0000000000
159920  13.497  67.098  -12.292 0.0000000000
159921  12.985  67.604  -11.917 0.0000000000
159922  12.052  67.576  -11.247 0.0000000000
159934  13.593  67.712  -12.733 0.0000000000
159935  13.209  68.159  -12.415 0.0000000000
159950  14.376  66.870  -13.925 0.0000000000
159951  14.116  67.271  -13.720 0.0000000000
159962  14.362  66.898  -14.214 0.0000000000
160559  10.426  68.172  -4.224 0.0000000000
160560  10.251  68.525  -4.657 0.0000000000
160578  10.285  68.109  -4.800 0.0000000000
160579  9.989  68.448  -5.271 0.0000000000
160580  9.394  68.138  -5.822 0.0000000000
160593  9.471  68.777  -5.916 0.0000000000
160594  8.699  68.541  -6.358 0.0000000000
160595  7.608  68.610  -6.816 0.0000000000
160596  6.607  68.406  -6.886 0.0000000000
160597  5.693  68.324  -6.994 0.0000000000
160598  4.947  68.208  -7.151 0.0000000000
160601  7.034  69.005  -7.150 0.0000000000
160602  6.265  69.033  -7.333 0.0000000000
160603  5.273  68.963  -7.505 0.0000000000
160604  4.345  68.591  -7.779 0.0000000000
160605  3.836  68.394  -8.271 0.0000000000
160607  3.916  68.969  -8.302 0.0000000000
160608  3.663  68.787  -8.814 0.0000000000
160612  3.872  68.281  -9.678 0.0000000000
160613  3.707  68.686  -9.542 0.0000000000
160620  10.904  68.560  -10.634 0.0000000000
160621  9.964  68.508  -10.429 0.0000000000
160622  8.933  68.457  -10.423 0.0000000000
160623  7.849  68.428  -10.460 0.0000000000
160624  6.759  68.424  -10.496 0.0000000000
160625  5.724  68.436  -10.467 0.0000000000
160626  4.817  68.443  -10.336 0.0000000000
160627  4.069  68.487  -9.987 0.0000000000
160628  3.817  68.890  -9.882 0.0000000000
160634  12.394  68.552  -11.600 0.0000000000
160635  11.687  68.539  -11.076 0.0000000000
160642  13.238  68.575  -12.869 0.0000000000
160643  12.905  68.671  -12.247 0.0000000000
160659  13.514  68.323  -13.589 0.0000000000
161224  10.292  68.757  -3.835 0.0000000000
161225  9.888  69.450  -3.551 0.0000000000
161232  10.288  68.666  -4.332 0.0000000000
161233  10.039  69.187  -4.548 0.0000000000
161244  9.681  69.340  -5.466 0.0000000000
161247  9.123  69.436  -6.179 0.0000000000
161248  8.185  69.616  -6.824 0.0000000000
161249  7.508  69.252  -7.080 0.0000000000
161251  7.791  70.387  -7.059 0.0000000000
161252  7.093  69.842  -7.362 0.0000000000
161253  5.858  69.879  -7.663 0.0000000000
161254  4.700  69.832  -8.066 0.0000000000
161255  4.159  69.296  -8.166 0.0000000000
161258  4.284  70.367  -8.493 0.0000000000
161259  3.902  69.761  -8.615 0.0000000000
161260  3.648  69.469  -9.320 0.0000000000
161266  3.743  69.293  -9.821 0.0000000000
161272  11.430  69.584  -10.897 0.0000000000
161273  10.485  69.505  -10.497 0.0000000000
161274  9.481  69.464  -10.385 0.0000000000
161275  8.406  69.431  -10.409 0.0000000000
161276  7.289  69.416  -10.473 0.0000000000
161277  6.178  69.407  -10.504 0.0000000000
161278  5.139  69.363  -10.458 0.0000000000
161279  4.345  69.210  -10.270 0.0000000000
161280  3.934  69.097  -10.064 0.0000000000
161286  12.516  69.554  -11.971 0.0000000000
161287  12.040  69.290  -11.374 0.0000000000
161294  13.148  69.001  -13.450 0.0000000000
161295  12.897  69.468  -12.866 0.0000000000
161307  12.875  69.639  -13.794 0.0000000000
161819  6.293  70.968  -0.004 0.0000000000
161836  6.555  70.887  -0.545 0.0000000000
161848  6.954  70.877  -1.367 0.0000000000
161853  9.336  70.086  -3.295 0.0000000000
161854  8.770  70.372  -2.637 0.0000000000
161855  7.806  70.870  -2.402 0.0000000000
161856  7.300  70.889  -1.905 0.0000000000
161863  9.539  70.089  -4.123 0.0000000000
161864  8.740  70.810  -3.626 0.0000000000
161865  8.278  70.895  -3.004 0.0000000000
161872  9.630  69.939  -4.936 0.0000000000
161873  9.088  70.694  -4.772 0.0000000000
161883  9.299  70.112  -5.622 0.0000000000
161884  8.806  70.782  -5.740 0.0000000000
161887  8.827  70.173  -6.274 0.0000000000
161888  8.271  70.770  -6.565 0.0000000000
161889  7.810  71.176  -6.856 0.0000000000
161891  7.828  70.809  -6.966 0.0000000000
161892  7.378  70.912  -7.267 0.0000000000
161893  6.454  70.800  -7.636 0.0000000000
161894  5.461  70.812  -8.000 0.0000000000
161898  4.692  70.898  -8.442 0.0000000000
161899  4.125  70.855  -8.937 0.0000000000
161900  3.790  70.207  -9.277 0.0000000000
161907  4.067  70.753  -9.672 0.0000000000
161908  3.812  69.972  -9.807 0.0000000000
161913  11.606  70.531  -11.032 0.0000000000
161914  10.960  70.446  -10.615 0.0000000000
161915  10.043  70.443  -10.354 0.0000000000
161916  8.991  70.417  -10.267 0.0000000000
161917  7.863  70.379  -10.334 0.0000000000
161918  6.713  70.385  -10.437 0.0000000000
161919  5.572  70.362  -10.444 0.0000000000
161920  4.449  70.247  -10.249 0.0000000000
161921  3.977  69.585  -10.114 0.0000000000
161926  12.365  70.308  -11.971 0.0000000000
161927  12.066  70.164  -11.473 0.0000000000
161936  12.545  70.266  -12.525 0.0000000000
161948  12.614  70.337  -13.314 0.0000000000
162401  5.586  71.881  0.880 0.0000000000
162413  6.033  71.212  0.484 0.0000000000
162414  5.564  71.818  -0.161 0.0000000000
162427  5.914  71.249  -0.450 0.0000000000
162428  5.540  71.818  -1.177 0.0000000000
162435  6.161  71.247  -1.358 0.0000000000
162436  5.719  71.803  -2.181 0.0000000000
162443  7.469  71.241  -2.711 0.0000000000
162444  6.864  71.366  -2.388 0.0000000000
162445  6.089  72.042  -3.029 0.0000000000
162451  8.340  71.213  -3.718 0.0000000000
162452  7.752  71.443  -3.391 0.0000000000
162453  6.788  71.909  -3.259 0.0000000000
162454  6.334  72.275  -3.454 0.0000000000
162459  8.457  71.280  -4.174 0.0000000000
162460  7.959  71.783  -4.516 0.0000000000
162468  8.514  71.340  -5.096 0.0000000000
162469  8.044  71.865  -5.440 0.0000000000
162473  8.394  71.339  -5.874 0.0000000000
162474  7.940  71.668  -6.330 0.0000000000
162478  7.500  71.677  -6.953 0.0000000000
162479  6.905  71.661  -7.442 0.0000000000
162480  6.059  71.681  -7.856 0.0000000000
162486  5.211  71.687  -8.283 0.0000000000
162487  4.634  71.684  -8.775 0.0000000000
162494  9.589  72.059  -9.884 0.0000000000
162495  9.044  72.008  -9.777 0.0000000000
162496  7.999  72.026  -9.781 0.0000000000
162497  6.858  72.108  -9.870 0.0000000000
162498  5.689  72.129  -9.830 0.0000000000
162499  4.562  71.762  -9.507 0.0000000000
162502  11.364  71.255  -10.870 0.0000000000
162503  10.615  71.321  -10.425 0.0000000000
162504  9.646  71.485  -10.087 0.0000000000
162505  8.475  71.271  -10.063 0.0000000000
162506  7.327  71.276  -10.170 0.0000000000
162507  6.161  71.327  -10.301 0.0000000000
162508  5.057  71.240  -10.178 0.0000000000
162509  4.400  71.094  -10.012 0.0000000000
162513  12.216  70.632  -11.782 0.0000000000
162514  11.956  71.137  -11.590 0.0000000000
162523  12.310  70.831  -12.183 0.0000000000
162524  12.081  71.489  -12.430 0.0000000000
162535  12.369  70.961  -12.878 0.0000000000
162536  12.009  71.592  -13.219 0.0000000000
162545  12.291  71.017  -13.568 0.0000000000
162982  5.701  72.509  0.138 0.0000000000
162993  5.567  72.548  -0.954 0.0000000000
162999  5.334  72.663  -2.014 0.0000000000
163000  5.227  73.143  -2.749 0.0000000000
163005  5.488  72.578  -2.863 0.0000000000
163006  5.336  73.265  -3.364 0.0000000000
163008  7.130  71.982  -3.609 0.0000000000
163009  6.684  72.348  -3.762 0.0000000000
163010  5.933  72.895  -3.759 0.0000000000
163011  5.467  73.356  -3.772 0.0000000000
163016  7.295  72.150  -4.103 0.0000000000
163017  6.704  72.848  -4.467 0.0000000000
163018  6.179  73.195  -4.343 0.0000000000
163028  7.517  72.392  -4.933 0.0000000000
163029  7.123  72.924  -5.360 0.0000000000
163034  7.617  72.368  -5.818 0.0000000000
163035  7.221  72.847  -6.260 0.0000000000
163036  7.113  72.949  -6.934 0.0000000000
163041  7.517  72.197  -6.495 0.0000000000
163042  7.230  72.335  -7.006 0.0000000000
163043  6.747  72.515  -7.596 0.0000000000
163050  5.868  72.462  -8.269 0.0000000000
163051  5.080  72.256  -8.615 0.0000000000
163057  10.416  72.855  -9.993 0.0000000000
163058  9.779  72.599  -9.700 0.0000000000
163059  8.744  72.656  -9.352 0.0000000000
163060  7.637  72.721  -9.368 0.0000000000
163061  6.546  72.779  -9.327 0.0000000000
163062  5.465  72.740  -8.997 0.0000000000
163063  4.711  72.284  -8.930 0.0000000000
163066  11.072  72.006  -10.697 0.0000000000
163067  10.437  72.257  -10.197 0.0000000000
163068  9.873  72.106  -9.956 0.0000000000
163071  11.521  71.960  -11.335 0.0000000000
163079  11.792  71.931  -11.992 0.0000000000
163088  11.692  72.231  -12.723 0.0000000000
163089  11.324  72.655  -13.243 0.0000000000
163097  11.585  72.116  -13.480 0.0000000000
163521  7.191  74.002  0.049 0.0000000000
163527  6.958  73.906  -0.264 0.0000000000
163528  6.477  73.632  -0.558 0.0000000000
163529  5.903  73.127  -0.709 0.0000000000
163532  6.095  73.711  -1.367 0.0000000000
163533  5.576  73.531  -1.853 0.0000000000
163534  5.247  73.435  -2.460 0.0000000000
163536  5.209  74.026  -2.605 0.0000000000
163537  5.044  73.865  -3.120 0.0000000000
163539  5.575  73.453  -4.018 0.0000000000
163540  5.209  73.874  -3.988 0.0000000000
163548  6.300  73.288  -4.603 0.0000000000
163549  5.828  73.711  -4.599 0.0000000000
163550  5.316  74.141  -4.529 0.0000000000
163561  6.548  73.378  -5.030 0.0000000000
163562  6.349  73.866  -5.577 0.0000000000
163567  6.853  73.364  -5.720 0.0000000000
163568  6.892  73.598  -6.412 0.0000000000
163574  7.035  73.336  -7.231 0.0000000000
163581  9.503  74.155  -8.893 0.0000000000
163582  9.035  73.989  -8.614 0.0000000000
163583  8.192  73.771  -8.325 0.0000000000
163584  7.367  73.543  -8.174 0.0000000000
163585  6.769  73.180  -7.957 0.0000000000
163589  10.330  73.422  -9.812 0.0000000000
163590  9.548  73.560  -9.157 0.0000000000
163591  8.427  73.287  -8.881 0.0000000000
163592  7.417  73.233  -8.803 0.0000000000
163593  6.549  73.151  -8.655 0.0000000000
163594  6.087  72.954  -8.471 0.0000000000
163597  10.924  72.525  -10.601 0.0000000000
163598  10.827  73.161  -10.566 0.0000000000
163602  11.187  72.609  -11.080 0.0000000000
163603  11.095  73.201  -11.440 0.0000000000
163608  11.449  72.654  -11.917 0.0000000000
163609  11.051  73.408  -12.207 0.0000000000
163617  11.309  72.902  -12.677 0.0000000000
164019  9.143  74.957  -0.481 0.0000000000
164020  8.329  74.559  -0.361 0.0000000000
164021  7.492  74.199  -0.479 0.0000000000
164022  6.942  74.052  -0.815 0.0000000000
164024  8.741  74.820  -1.008 0.0000000000
164025  8.033  74.608  -1.134 0.0000000000
164026  7.253  74.465  -1.305 0.0000000000
164027  6.524  74.253  -1.479 0.0000000000
164028  5.849  74.402  -1.978 0.0000000000
164030  5.321  74.609  -2.510 0.0000000000
164031  4.835  74.711  -3.020 0.0000000000
164036  4.736  74.698  -3.778 0.0000000000
164047  5.412  74.301  -4.821 0.0000000000
164048  4.989  74.723  -4.707 0.0000000000
164059  5.611  74.606  -5.485 0.0000000000
164060  5.115  75.140  -5.323 0.0000000000
164066  6.394  74.411  -6.263 0.0000000000
164072  8.738  75.269  -7.878 0.0000000000
164073  8.307  75.055  -7.604 0.0000000000
164074  7.602  74.701  -7.278 0.0000000000
164075  6.996  74.197  -6.964 0.0000000000
164079  9.514  74.647  -8.715 0.0000000000
164080  8.835  74.709  -8.131 0.0000000000
164081  7.972  74.229  -7.778 0.0000000000
164082  7.328  73.901  -7.591 0.0000000000
164083  7.195  73.600  -7.421 0.0000000000
164085  10.227  74.206  -9.618 0.0000000000
164086  9.868  74.433  -9.163 0.0000000000
164089  10.577  74.146  -10.386 0.0000000000
164093  10.791  74.030  -11.444 0.0000000000
164481  11.138  76.102  -1.919 0.0000000000
164483  9.470  75.261  -1.372 0.0000000000
164484  8.525  75.139  -1.663 0.0000000000
164485  7.632  75.068  -1.826 0.0000000000
164486  6.799  75.018  -1.920 0.0000000000
164487  6.167  74.955  -2.066 0.0000000000
164489  10.854  75.937  -2.207 0.0000000000
164490  10.084  75.701  -2.189 0.0000000000
164491  9.083  75.648  -2.238 0.0000000000
164492  8.053  75.754  -2.311 0.0000000000
164493  7.061  75.818  -2.320 0.0000000000
164494  6.218  75.744  -2.313 0.0000000000
164495  5.535  75.464  -2.454 0.0000000000
164496  4.847  75.555  -2.859 0.0000000000
164506  4.530  75.581  -3.528 0.0000000000
164518  4.521  75.594  -4.351 0.0000000000
164527  5.344  75.596  -5.787 0.0000000000
164528  4.783  75.692  -5.199 0.0000000000
164533  7.620  76.301  -6.850 0.0000000000
164534  7.104  76.010  -6.660 0.0000000000
164535  6.184  75.421  -6.380 0.0000000000
164545  8.685  75.771  -7.708 0.0000000000
164546  7.904  75.759  -7.119 0.0000000000
164547  7.053  75.148  -6.833 0.0000000000
164548  6.651  74.801  -6.592 0.0000000000
164559  9.433  75.366  -8.604 0.0000000000
164560  9.068  75.575  -8.163 0.0000000000
164572  10.125  74.723  -9.531 0.0000000000
164573  9.894  75.285  -9.391 0.0000000000
164584  10.300  74.874  -10.040 0.0000000000
164585  9.957  75.613  -10.452 0.0000000000
164596  10.404  74.964  -10.990 0.0000000000
164981  11.398  77.030  -1.073 0.0000000000
164987  12.256  76.973  -3.048 0.0000000000
164988  11.594  76.468  -2.587 0.0000000000
164989  10.644  76.075  -2.887 0.0000000000
164990  9.647  76.109  -2.922 0.0000000000
164991  8.591  76.374  -2.812 0.0000000000
164992  7.412  76.832  -2.655 0.0000000000
164993  6.353  76.695  -2.464 0.0000000000
164994  5.576  76.524  -2.513 0.0000000000
164995  4.950  76.441  -2.733 0.0000000000
165005  12.024  76.831  -3.642 0.0000000000
165006  11.185  76.450  -3.599 0.0000000000
165007  10.219  76.505  -3.601 0.0000000000
165008  9.166  76.934  -3.533 0.0000000000
165009  8.165  77.208  -3.092 0.0000000000
165010  7.598  77.430  -2.886 0.0000000000
165011  4.534  76.492  -3.295 0.0000000000
165021  4.412  76.461  -4.024 0.0000000000
165030  6.078  77.198  -5.759 0.0000000000
165031  5.417  76.668  -5.547 0.0000000000
165032  4.631  76.528  -4.762 0.0000000000
165040  7.448  76.780  -6.633 0.0000000000
165041  6.481  76.687  -6.175 0.0000000000
165042  5.777  76.116  -6.059 0.0000000000
165054  8.543  76.566  -7.575 0.0000000000
165055  7.997  76.694  -7.065 0.0000000000
165066  9.278  75.866  -8.552 0.0000000000
165067  9.044  76.453  -8.432 0.0000000000
165080  9.461  76.029  -9.049 0.0000000000
165081  9.136  76.801  -9.493 0.0000000000
165092  9.547  76.189  -9.939 0.0000000000
165461  12.302  77.964  -1.943 0.0000000000
165462  11.841  77.507  -1.518 0.0000000000
165464  12.328  77.427  -2.453 0.0000000000
165465  11.828  76.921  -2.001 0.0000000000
165466  7.125  77.770  -2.798 0.0000000000
165467  6.460  77.622  -2.592 0.0000000000
165468  5.614  77.541  -2.548 0.0000000000
165469  5.089  77.149  -2.658 0.0000000000
165480  12.714  77.566  -3.510 0.0000000000
165484  5.022  77.756  -2.776 0.0000000000
165485  4.697  77.358  -3.070 0.0000000000
165500  4.933  78.000  -4.182 0.0000000000
165501  4.647  77.467  -3.856 0.0000000000
165515  5.902  77.720  -5.353 0.0000000000
165516  5.085  77.542  -4.648 0.0000000000
165517  4.569  77.034  -4.354 0.0000000000
165523  7.354  77.613  -6.409 0.0000000000
165524  6.603  77.718  -5.897 0.0000000000
165530  8.328  77.329  -7.474 0.0000000000
165531  7.931  77.466  -6.971 0.0000000000
165538  8.663  77.339  -8.159 0.0000000000
165546  8.810  77.445  -9.042 0.0000000000
165903  12.650  78.556  -2.331 0.0000000000
165905  6.573  78.408  -2.685 0.0000000000
165906  5.905  78.372  -2.575 0.0000000000
165914  13.142  78.587  -3.259 0.0000000000
165915  12.763  77.992  -2.877 0.0000000000
165918  5.342  78.453  -2.909 0.0000000000
165919  4.895  78.075  -3.160 0.0000000000
165935  5.533  79.202  -4.401 0.0000000000
165936  5.183  78.672  -3.833 0.0000000000
165937  4.778  77.913  -3.457 0.0000000000
165950  5.733  78.672  -4.774 0.0000000000
165951  5.190  78.226  -4.347 0.0000000000
165958  7.143  78.569  -6.317 0.0000000000
165959  6.454  78.606  -5.657 0.0000000000
165964  8.163  77.842  -7.368 0.0000000000
165965  7.854  78.503  -7.231 0.0000000000
165969  8.354  78.019  -7.860 0.0000000000
165976  8.446  78.083  -8.692 0.0000000000
166310  6.128  79.079  -2.728 0.0000000000
166311  5.702  78.904  -2.776 0.0000000000
166321  5.666  79.599  -3.161 0.0000000000
166337  5.490  79.603  -4.266 0.0000000000
166338  5.500  79.991  -3.918 0.0000000000
166350  5.806  79.827  -4.840 0.0000000000
166361  6.800  79.283  -6.188 0.0000000000
166362  6.345  79.670  -5.607 0.0000000000
165017  11.549  76.889  -4.254 0.0000000000
165018  10.733  76.878  -4.293 0.0000000000
165019  9.835  77.144  -4.101 0.0000000000
165020  9.346  77.321  -3.928 0.0000000000
165481  9.078  77.466  -3.826 0.0000000000
165482  8.510  77.850  -3.606 0.0000000000
165483  7.692  77.892  -3.100 0.0000000000
165495  12.315  77.425  -4.635 0.0000000000
165496  11.272  77.311  -4.899 0.0000000000
165497  10.262  77.721  -4.825 0.0000000000
165498  9.260  77.865  -4.191 0.0000000000
165499  8.737  78.255  -3.935 0.0000000000
165904  7.169  78.390  -2.903 0.0000000000
165916  8.362  78.612  -3.752 0.0000000000
165917  7.677  78.728  -3.304 0.0000000000
165933  9.596  78.708  -4.849 0.0000000000
165934  8.798  78.744  -4.175 0.0000000000
166309  6.842  79.069  -2.867 0.0000000000
166318  8.092  79.513  -3.767 0.0000000000
166319  7.220  79.754  -3.214 0.0000000000
166320  6.406  79.895  -2.914 0.0000000000
166685  7.552  80.365  -3.559 0.0000000000
166686  6.852  80.843  -3.277 0.0000000000
166687  5.997  80.772  -3.118 0.0000000000
165558  8.545  77.586  -10.024 0.0000000000
165970  8.062  78.773  -8.380 0.0000000000
165977  8.033  78.646  -9.249 0.0000000000
165988  8.378  78.079  -9.439 0.0000000000
165989  7.794  78.449  -10.078 0.0000000000
166367  7.176  79.550  -6.999 0.0000000000
166368  6.672  79.942  -6.441 0.0000000000
166372  7.430  79.666  -8.135 0.0000000000
166373  6.932  80.116  -8.405 0.0000000000
166377  7.565  79.290  -9.107 0.0000000000
166378  6.790  79.987  -9.002 0.0000000000
166379  6.270  80.281  -9.225 0.0000000000
166387  7.621  78.942  -9.635 0.0000000000
166388  7.013  79.294  -10.002 0.0000000000
166389  6.175  80.024  -9.753 0.0000000000
166730  6.996  80.120  -7.739 0.0000000000
166731  6.643  80.382  -7.150 0.0000000000
166735  6.985  80.154  -8.149 0.0000000000
166736  6.436  80.557  -8.250 0.0000000000
166746  6.336  80.400  -8.931 0.0000000000
166747  5.852  80.712  -9.179 0.0000000000
166714  6.028  80.420  -5.510 0.0000000000
166715  5.726  80.840  -5.140 0.0000000000
166725  6.192  80.686  -6.299 0.0000000000
166726  5.876  80.894  -5.792 0.0000000000
166737  5.814  80.978  -8.538 0.0000000000
167057  5.926  81.124  -6.575 0.0000000000
167058  5.591  81.525  -6.244 0.0000000000
167067  6.019  81.104  -7.176 0.0000000000
167068  5.317  81.843  -7.621 0.0000000000
167074  5.742  81.179  -8.048 0.0000000000
167075  5.345  81.461  -8.658 0.0000000000
166351  5.603  80.257  -4.469 0.0000000000
166688  5.623  80.797  -3.658 0.0000000000
166703  5.555  80.922  -4.352 0.0000000000
