#!ascii label  , from subject colin27 vox2ras=TkReg coords=white
304
151203  10.035  55.505  -26.539 0.0000000000
151209  9.411  55.407  -26.999 0.0000000000
151210  8.656  55.283  -27.522 0.0000000000
151211  7.739  55.399  -27.922 0.0000000000
151212  6.807  55.648  -28.163 0.0000000000
151213  5.958  55.841  -28.342 0.0000000000
151214  5.281  56.076  -28.405 0.0000000000
151215  4.759  56.105  -28.523 0.0000000000
151220  5.487  55.460  -28.559 0.0000000000
151221  4.945  55.432  -28.679 0.0000000000
151222  4.250  55.625  -28.803 0.0000000000
151223  3.608  55.563  -29.174 0.0000000000
151243  5.898  55.834  -30.882 0.0000000000
151244  5.146  56.024  -30.863 0.0000000000
151245  4.551  56.032  -30.826 0.0000000000
151983  10.360  56.575  -25.901 0.0000000000
151984  9.774  56.959  -26.150 0.0000000000
151995  10.159  56.047  -26.318 0.0000000000
151996  9.494  56.458  -26.526 0.0000000000
151997  8.413  56.784  -26.880 0.0000000000
151998  7.508  56.928  -27.209 0.0000000000
151999  6.661  57.028  -27.447 0.0000000000
152000  6.052  57.047  -27.613 0.0000000000
152004  8.827  56.019  -27.089 0.0000000000
152005  8.077  56.136  -27.425 0.0000000000
152006  7.199  56.278  -27.692 0.0000000000
152007  6.382  56.446  -27.886 0.0000000000
152008  5.637  56.737  -27.953 0.0000000000
152009  4.974  56.782  -28.210 0.0000000000
152010  4.452  56.565  -28.481 0.0000000000
152014  4.012  56.414  -28.743 0.0000000000
152015  3.618  56.428  -29.129 0.0000000000
152022  7.839  57.020  -29.975 0.0000000000
152023  6.891  57.088  -30.119 0.0000000000
152024  6.123  57.148  -30.224 0.0000000000
152025  3.418  56.393  -29.677 0.0000000000
152034  8.455  56.352  -30.345 0.0000000000
152035  7.398  56.350  -30.401 0.0000000000
152036  6.435  56.469  -30.491 0.0000000000
152037  5.553  56.700  -30.498 0.0000000000
152038  4.846  56.642  -30.564 0.0000000000
152039  4.176  56.474  -30.513 0.0000000000
152040  3.568  56.287  -30.313 0.0000000000
152730  11.188  58.028  -24.805 0.0000000000
152747  10.814  57.539  -25.234 0.0000000000
152748  9.706  57.628  -25.857 0.0000000000
152749  9.016  58.102  -25.903 0.0000000000
152756  9.452  57.160  -26.227 0.0000000000
152757  8.774  57.577  -26.308 0.0000000000
152758  7.759  57.565  -26.687 0.0000000000
152759  6.880  57.654  -26.966 0.0000000000
152760  5.962  57.736  -27.252 0.0000000000
152761  5.397  58.148  -27.205 0.0000000000
152765  5.701  57.291  -27.602 0.0000000000
152766  5.209  57.615  -27.621 0.0000000000
152767  4.517  57.458  -28.104 0.0000000000
152768  4.227  57.854  -28.139 0.0000000000
152772  4.258  56.953  -28.470 0.0000000000
152773  4.046  57.348  -28.563 0.0000000000
152780  7.264  57.744  -29.700 0.0000000000
152781  6.356  57.770  -29.831 0.0000000000
152782  5.460  57.629  -30.002 0.0000000000
152783  5.026  57.863  -29.843 0.0000000000
152784  3.674  57.258  -29.109 0.0000000000
152791  5.119  57.117  -30.337 0.0000000000
152792  4.711  57.413  -30.116 0.0000000000
152793  4.032  57.278  -30.007 0.0000000000
152794  3.727  57.198  -29.628 0.0000000000
153434  12.342  58.513  -23.911 0.0000000000
153435  11.841  59.023  -24.143 0.0000000000
153441  11.512  58.563  -24.465 0.0000000000
153442  10.772  58.501  -24.904 0.0000000000
153459  10.074  58.441  -25.329 0.0000000000
153460  9.213  58.582  -25.569 0.0000000000
153461  8.332  58.593  -25.836 0.0000000000
153462  7.316  58.799  -26.004 0.0000000000
153463  6.459  58.896  -26.242 0.0000000000
153464  5.870  58.924  -26.475 0.0000000000
153468  7.867  58.176  -26.285 0.0000000000
153469  7.093  58.239  -26.466 0.0000000000
153470  6.298  58.356  -26.703 0.0000000000
153471  5.535  58.617  -26.828 0.0000000000
153472  4.908  58.556  -27.179 0.0000000000
153473  4.446  58.622  -27.399 0.0000000000
153477  4.662  58.129  -27.593 0.0000000000
153478  4.270  58.315  -27.761 0.0000000000
153479  4.022  58.263  -28.152 0.0000000000
153486  6.267  59.089  -29.211 0.0000000000
153487  3.850  58.103  -28.649 0.0000000000
153495  6.703  58.454  -29.440 0.0000000000
153496  5.801  58.555  -29.490 0.0000000000
153497  5.122  58.415  -29.575 0.0000000000
153498  4.663  58.561  -29.459 0.0000000000
153499  3.767  57.984  -29.145 0.0000000000
153506  4.801  58.040  -29.699 0.0000000000
153507  4.378  58.056  -29.566 0.0000000000
153508  4.018  57.890  -29.444 0.0000000000
154151  12.752  59.389  -23.524 0.0000000000
154152  12.024  59.529  -23.870 0.0000000000
154165  11.414  59.468  -24.225 0.0000000000
154166  10.766  59.370  -24.577 0.0000000000
154167  9.930  59.716  -24.732 0.0000000000
154168  9.166  59.874  -24.879 0.0000000000
154184  10.230  59.059  -24.962 0.0000000000
154185  9.543  59.211  -25.157 0.0000000000
154186  8.564  59.486  -25.295 0.0000000000
154187  7.565  59.442  -25.571 0.0000000000
154188  6.619  59.534  -25.832 0.0000000000
154189  5.643  59.605  -26.223 0.0000000000
154190  4.981  59.972  -26.354 0.0000000000
154194  5.479  59.149  -26.523 0.0000000000
154195  4.925  59.418  -26.667 0.0000000000
154196  4.283  59.233  -27.156 0.0000000000
154197  3.916  59.508  -27.296 0.0000000000
154201  4.202  58.810  -27.459 0.0000000000
154202  3.909  59.025  -27.618 0.0000000000
154211  5.529  59.563  -29.136 0.0000000000
154212  5.008  59.853  -29.160 0.0000000000
154213  3.691  58.872  -28.191 0.0000000000
154222  5.303  58.974  -29.369 0.0000000000
154223  4.819  59.319  -29.282 0.0000000000
154224  4.168  58.957  -29.197 0.0000000000
154225  3.737  58.849  -28.788 0.0000000000
154234  4.105  58.364  -29.348 0.0000000000
154235  3.919  58.451  -29.191 0.0000000000
154899  14.192  60.409  -22.302 0.0000000000
154900  13.325  60.451  -22.904 0.0000000000
154901  12.743  60.845  -23.094 0.0000000000
154916  13.009  59.921  -23.295 0.0000000000
154917  12.424  60.373  -23.398 0.0000000000
154918  11.266  60.358  -23.857 0.0000000000
154919  10.628  60.669  -23.930 0.0000000000
154934  10.975  59.885  -24.253 0.0000000000
154935  10.408  60.288  -24.260 0.0000000000
154936  9.427  60.426  -24.476 0.0000000000
154937  8.350  60.516  -24.752 0.0000000000
154938  7.165  60.833  -24.969 0.0000000000
154939  6.205  60.947  -25.375 0.0000000000
154940  5.463  61.020  -25.765 0.0000000000
154950  7.712  60.107  -25.215 0.0000000000
154951  6.857  60.189  -25.418 0.0000000000
154952  5.949  60.325  -25.781 0.0000000000
154953  5.039  60.534  -26.150 0.0000000000
154954  4.490  60.237  -26.546 0.0000000000
154955  4.058  60.264  -26.787 0.0000000000
154958  4.288  59.844  -26.806 0.0000000000
154959  3.887  59.927  -27.060 0.0000000000
154960  3.705  59.744  -27.433 0.0000000000
154969  3.555  59.482  -27.793 0.0000000000
154980  5.035  60.340  -28.899 0.0000000000
154981  4.487  60.456  -28.874 0.0000000000
154982  3.479  59.602  -28.261 0.0000000000
154992  4.687  60.042  -29.116 0.0000000000
154993  4.182  59.996  -29.037 0.0000000000
154994  3.708  59.808  -28.764 0.0000000000
155692  15.040  61.879  -20.711 0.0000000000
155698  14.767  61.429  -21.310 0.0000000000
155699  14.125  61.898  -21.620 0.0000000000
155704  14.435  60.937  -21.929 0.0000000000
155705  13.838  61.436  -22.161 0.0000000000
155706  12.722  61.459  -22.765 0.0000000000
155707  12.074  61.897  -22.740 0.0000000000
155710  12.411  61.021  -23.136 0.0000000000
155711  11.715  61.356  -23.190 0.0000000000
155712  10.488  61.226  -23.624 0.0000000000
155713  9.421  61.597  -23.670 0.0000000000
155714  8.469  61.880  -23.733 0.0000000000
155715  7.866  62.124  -23.742 0.0000000000
155718  10.343  60.788  -23.972 0.0000000000
155719  9.835  60.943  -24.059 0.0000000000
155720  8.847  61.187  -24.172 0.0000000000
155721  7.517  61.667  -24.256 0.0000000000
155722  6.367  61.568  -24.867 0.0000000000
155723  5.561  61.629  -25.445 0.0000000000
155726  4.952  61.527  -26.272 0.0000000000
155727  4.375  60.826  -26.611 0.0000000000
155728  4.121  60.527  -26.710 0.0000000000
155730  5.019  61.568  -27.188 0.0000000000
155731  4.261  61.223  -27.099 0.0000000000
155732  3.805  60.576  -27.042 0.0000000000
155733  3.654  60.146  -27.266 0.0000000000
155744  4.432  61.196  -27.881 0.0000000000
155745  3.718  60.879  -27.748 0.0000000000
155746  3.486  60.163  -27.654 0.0000000000
155754  5.183  60.774  -28.547 0.0000000000
155755  4.709  60.850  -28.493 0.0000000000
155756  3.988  60.666  -28.519 0.0000000000
155757  3.478  60.351  -28.298 0.0000000000
155768  3.818  60.281  -28.795 0.0000000000
155769  3.655  60.363  -28.624 0.0000000000
156438  15.448  62.299  -19.707 0.0000000000
156439  14.920  62.581  -20.116 0.0000000000
156443  15.144  62.150  -20.349 0.0000000000
156444  14.585  62.423  -20.709 0.0000000000
156445  13.992  62.723  -21.068 0.0000000000
156450  14.231  62.204  -21.289 0.0000000000
156451  13.579  62.445  -21.607 0.0000000000
156452  12.873  62.642  -21.880 0.0000000000
156455  13.115  62.114  -22.214 0.0000000000
156456  12.387  62.356  -22.328 0.0000000000
156457  11.450  62.375  -22.620 0.0000000000
156458  10.326  62.681  -22.674 0.0000000000
156459  9.290  62.772  -22.786 0.0000000000
156460  8.585  62.726  -22.959 0.0000000000
156463  10.784  61.973  -23.100 0.0000000000
156464  9.881  62.072  -23.169 0.0000000000
156465  8.972  62.248  -23.266 0.0000000000
156466  8.143  62.458  -23.321 0.0000000000
156467  7.274  62.435  -23.615 0.0000000000
156468  6.328  62.621  -23.846 0.0000000000
156469  5.712  62.703  -24.359 0.0000000000
156472  6.879  62.228  -24.030 0.0000000000
156473  6.386  62.173  -24.390 0.0000000000
156474  5.639  62.237  -24.917 0.0000000000
156477  5.301  62.399  -25.614 0.0000000000
157158  15.372  63.084  -18.717 0.0000000000
157159  14.723  63.832  -18.599 0.0000000000
157160  14.232  64.140  -18.819 0.0000000000
157164  15.390  62.728  -19.228 0.0000000000
157165  14.831  63.111  -19.565 0.0000000000
157166  14.147  63.875  -19.340 0.0000000000
157172  14.556  62.881  -20.214 0.0000000000
157173  13.861  63.366  -20.434 0.0000000000
157174  13.127  63.744  -20.590 0.0000000000
157178  13.564  63.003  -21.124 0.0000000000
157179  12.750  63.352  -21.269 0.0000000000
157180  11.464  63.652  -21.520 0.0000000000
157181  10.467  63.855  -21.609 0.0000000000
157182  9.844  64.050  -21.583 0.0000000000
157187  12.486  62.850  -21.882 0.0000000000
157188  11.919  63.005  -22.000 0.0000000000
157189  10.890  63.237  -22.144 0.0000000000
157190  9.619  63.559  -22.093 0.0000000000
157191  8.298  63.277  -22.468 0.0000000000
157192  7.015  63.429  -22.392 0.0000000000
157193  5.843  63.588  -22.505 0.0000000000
157194  4.840  63.947  -22.626 0.0000000000
157195  4.306  64.318  -22.635 0.0000000000
157202  8.163  62.839  -22.927 0.0000000000
157203  7.576  62.872  -22.944 0.0000000000
157204  6.532  62.972  -23.104 0.0000000000
157205  5.319  63.325  -23.613 0.0000000000
157212  5.025  63.015  -24.810 0.0000000000
157873  13.694  64.501  -18.757 0.0000000000
157874  12.574  65.148  -18.529 0.0000000000
157875  11.878  65.260  -18.800 0.0000000000
157881  13.421  64.125  -19.766 0.0000000000
157882  12.852  64.618  -19.358 0.0000000000
157883  11.935  64.929  -19.389 0.0000000000
157892  13.265  63.904  -20.291 0.0000000000
157893  12.578  64.239  -20.270 0.0000000000
157894  11.276  64.674  -20.255 0.0000000000
157895  10.242  64.699  -20.591 0.0000000000
157896  9.594  64.655  -20.850 0.0000000000
157897  6.288  65.001  -20.274 0.0000000000
157898  5.699  64.950  -20.454 0.0000000000
157899  5.063  64.935  -20.709 0.0000000000
157907  11.809  64.080  -20.911 0.0000000000
157908  10.888  64.218  -21.020 0.0000000000
157909  10.051  64.335  -21.193 0.0000000000
157910  9.193  64.352  -21.322 0.0000000000
157911  8.053  64.401  -21.171 0.0000000000
157912  6.753  64.589  -20.862 0.0000000000
157913  5.601  64.552  -21.082 0.0000000000
157914  4.715  64.767  -21.253 0.0000000000
157915  4.091  64.937  -21.701 0.0000000000
157925  8.543  63.940  -21.789 0.0000000000
157926  7.503  63.939  -21.724 0.0000000000
157927  6.314  64.002  -21.687 0.0000000000
157928  5.245  64.180  -21.824 0.0000000000
157929  4.439  64.460  -22.072 0.0000000000
158583  10.284  66.006  -17.924 0.0000000000
158598  11.688  65.557  -18.315 0.0000000000
158599  10.767  65.680  -18.429 0.0000000000
158600  9.755  65.767  -18.478 0.0000000000
158601  8.978  65.718  -18.807 0.0000000000
158613  11.304  65.352  -18.936 0.0000000000
158614  10.464  65.435  -19.101 0.0000000000
158615  9.547  65.458  -19.325 0.0000000000
158616  8.455  65.502  -19.391 0.0000000000
158617  7.454  65.463  -19.549 0.0000000000
158618  6.573  65.611  -19.544 0.0000000000
158630  11.071  65.144  -19.532 0.0000000000
158631  10.321  65.123  -19.867 0.0000000000
158632  9.258  65.033  -20.227 0.0000000000
158633  8.070  65.154  -20.124 0.0000000000
158634  6.944  65.161  -20.128 0.0000000000
158635  5.911  65.564  -20.043 0.0000000000
158636  4.957  65.505  -20.501 0.0000000000
158637  4.566  65.676  -20.772 0.0000000000
158645  9.169  64.729  -20.806 0.0000000000
158646  8.582  64.774  -20.731 0.0000000000
158647  7.687  64.799  -20.590 0.0000000000
158648  4.686  65.135  -20.787 0.0000000000
158649  4.414  65.418  -21.110 0.0000000000
159286  9.230  66.363  -17.562 0.0000000000
159287  7.628  66.427  -17.637 0.0000000000
159288  6.471  66.520  -17.600 0.0000000000
159304  9.016  65.920  -18.326 0.0000000000
159305  8.094  65.898  -18.504 0.0000000000
159306  6.757  66.157  -18.338 0.0000000000
159321  7.747  65.645  -19.112 0.0000000000
159322  7.030  65.799  -19.020 0.0000000000
159340  4.462  65.763  -20.970 0.0000000000
