#!ascii label  , from subject colin27 vox2ras=TkReg coords=white
374
116784  53.190  21.611  -4.137 0.0000000000
116785  52.271  21.417  -3.799 0.0000000000
116786  51.265  21.276  -3.548 0.0000000000
116787  50.179  21.262  -3.499 0.0000000000
116788  49.180  21.462  -3.502 0.0000000000
116789  48.220  21.855  -3.504 0.0000000000
116800  54.119  21.795  -5.622 0.0000000000
116801  53.220  21.525  -5.167 0.0000000000
116802  52.293  21.418  -4.822 0.0000000000
116803  51.335  21.407  -4.572 0.0000000000
116804  50.401  21.529  -4.373 0.0000000000
116805  49.401  21.876  -4.314 0.0000000000
116806  48.812  21.904  -3.928 0.0000000000
116817  54.092  21.711  -6.642 0.0000000000
116818  53.223  21.468  -6.171 0.0000000000
116819  52.285  21.403  -5.808 0.0000000000
116820  51.391  21.542  -5.495 0.0000000000
116821  50.400  21.870  -5.314 0.0000000000
116822  49.871  21.906  -4.827 0.0000000000
116831  54.054  21.700  -7.587 0.0000000000
116832  53.194  21.476  -7.141 0.0000000000
116833  52.301  21.508  -6.731 0.0000000000
116834  51.316  21.819  -6.455 0.0000000000
116835  50.817  21.877  -5.906 0.0000000000
116844  54.026  21.739  -8.435 0.0000000000
116845  53.234  21.623  -8.034 0.0000000000
116846  52.190  21.759  -7.659 0.0000000000
116847  51.696  21.784  -7.096 0.0000000000
116855  53.957  21.808  -9.153 0.0000000000
116856  53.329  21.737  -8.779 0.0000000000
116857  52.624  21.883  -8.558 0.0000000000
116865  53.837  21.901  -9.577 0.0000000000
116866  53.310  21.884  -9.373 0.0000000000
116867  52.864  21.896  -9.079 0.0000000000
116892  62.602  22.448  -11.988 0.0000000000
116893  62.072  22.207  -12.448 0.0000000000
116903  61.776  22.283  -13.210 0.0000000000
116904  61.141  22.042  -13.713 0.0000000000
118145  47.942  22.381  -3.765 0.0000000000
118146  47.318  22.546  -3.315 0.0000000000
118155  55.668  22.806  -5.153 0.0000000000
118156  55.009  22.326  -5.106 0.0000000000
118157  54.065  21.916  -4.563 0.0000000000
118158  49.093  22.327  -4.586 0.0000000000
118159  48.464  22.522  -4.273 0.0000000000
118160  47.790  22.677  -3.851 0.0000000000
118172  56.309  23.115  -6.316 0.0000000000
118173  55.786  22.779  -5.958 0.0000000000
118174  54.942  22.147  -6.225 0.0000000000
118175  50.018  22.309  -5.587 0.0000000000
118176  49.388  22.584  -5.147 0.0000000000
118177  48.610  23.029  -4.786 0.0000000000
118186  56.191  23.017  -6.852 0.0000000000
118187  55.561  22.558  -6.948 0.0000000000
118188  54.844  22.056  -7.212 0.0000000000
118189  50.923  22.245  -6.710 0.0000000000
118190  50.329  22.575  -6.208 0.0000000000
118191  49.565  23.063  -5.800 0.0000000000
118199  56.110  22.885  -7.678 0.0000000000
118200  55.475  22.428  -7.852 0.0000000000
118201  54.774  22.011  -8.115 0.0000000000
118202  51.742  22.101  -7.783 0.0000000000
118203  51.216  22.469  -7.390 0.0000000000
118204  50.512  23.078  -6.944 0.0000000000
118211  56.065  22.746  -8.521 0.0000000000
118212  55.418  22.351  -8.710 0.0000000000
118213  54.687  22.012  -8.951 0.0000000000
118214  51.939  22.243  -8.231 0.0000000000
118215  51.587  22.887  -8.468 0.0000000000
118222  56.068  22.615  -9.308 0.0000000000
118223  55.399  22.286  -9.553 0.0000000000
118224  54.474  22.033  -9.763 0.0000000000
118225  53.613  22.112  -9.955 0.0000000000
118226  52.467  22.595  -9.389 0.0000000000
118227  51.765  23.208  -8.970 0.0000000000
118236  56.726  22.758  -10.333 0.0000000000
118237  56.295  22.579  -10.160 0.0000000000
118238  55.354  22.293  -10.436 0.0000000000
118239  54.391  22.253  -10.653 0.0000000000
118240  53.409  22.670  -10.660 0.0000000000
118241  52.699  23.179  -10.307 0.0000000000
118246  63.268  22.697  -11.241 0.0000000000
118247  62.948  22.725  -11.864 0.0000000000
118248  56.723  22.754  -10.645 0.0000000000
118249  56.213  22.562  -11.118 0.0000000000
118250  55.248  22.420  -11.321 0.0000000000
118251  54.326  22.621  -11.570 0.0000000000
118252  53.601  23.002  -11.489 0.0000000000
118258  63.153  23.136  -11.997 0.0000000000
118259  62.821  22.929  -12.606 0.0000000000
118260  62.322  22.699  -13.134 0.0000000000
118261  55.908  22.633  -11.855 0.0000000000
118262  55.249  22.663  -12.163 0.0000000000
118263  54.583  22.877  -12.383 0.0000000000
118270  62.588  23.214  -13.281 0.0000000000
118271  62.015  22.996  -13.851 0.0000000000
118272  61.311  22.715  -14.393 0.0000000000
118279  61.572  23.388  -14.575 0.0000000000
118280  60.825  23.031  -15.076 0.0000000000
118281  60.055  22.703  -15.405 0.0000000000
118286  60.190  23.320  -15.588 0.0000000000
118287  59.546  22.882  -16.007 0.0000000000
118294  59.053  23.052  -16.550 0.0000000000
118295  58.550  22.878  -16.806 0.0000000000
118296  57.729  22.564  -17.168 0.0000000000
118305  57.143  22.788  -17.695 0.0000000000
118306  56.543  22.680  -17.875 0.0000000000
118307  55.600  22.541  -18.036 0.0000000000
119501  46.963  23.485  -3.303 0.0000000000
119504  62.426  23.718  -4.063 0.0000000000
119506  57.249  23.844  -4.576 0.0000000000
119507  56.668  23.469  -4.799 0.0000000000
119508  56.045  23.124  -4.934 0.0000000000
119509  48.054  23.503  -4.556 0.0000000000
119510  47.480  23.326  -3.916 0.0000000000
119519  62.226  23.305  -5.285 0.0000000000
119521  58.211  24.081  -6.072 0.0000000000
119522  57.533  23.813  -5.603 0.0000000000
119523  56.545  23.293  -5.779 0.0000000000
119524  55.987  23.036  -5.442 0.0000000000
119525  49.071  23.597  -5.586 0.0000000000
119526  48.583  23.574  -5.051 0.0000000000
119538  63.023  23.282  -6.834 0.0000000000
119539  62.643  23.255  -6.243 0.0000000000
119540  58.106  23.924  -6.620 0.0000000000
119541  57.379  23.580  -6.553 0.0000000000
119542  56.762  23.276  -6.728 0.0000000000
119543  50.063  23.649  -6.691 0.0000000000
119544  49.579  23.613  -6.118 0.0000000000
119551  63.313  23.394  -7.455 0.0000000000
119552  57.941  23.763  -7.256 0.0000000000
119553  57.385  23.490  -7.396 0.0000000000
119554  56.758  23.206  -7.544 0.0000000000
119555  51.083  23.416  -8.008 0.0000000000
119556  50.561  23.737  -7.380 0.0000000000
119562  63.585  23.303  -8.352 0.0000000000
119563  58.045  23.798  -8.078 0.0000000000
119564  57.394  23.422  -8.267 0.0000000000
119565  56.724  23.083  -8.393 0.0000000000
119566  51.436  23.715  -8.579 0.0000000000
119572  63.616  23.696  -9.057 0.0000000000
119573  58.078  23.714  -9.051 0.0000000000
119574  57.348  23.271  -9.187 0.0000000000
119575  56.660  22.894  -9.209 0.0000000000
119576  52.273  23.563  -9.865 0.0000000000
119577  51.837  23.818  -9.258 0.0000000000
119584  63.570  23.286  -10.712 0.0000000000
119585  58.022  23.627  -10.067 0.0000000000
119586  57.087  22.993  -10.201 0.0000000000
119587  56.548  22.754  -9.712 0.0000000000
119588  53.035  23.387  -11.037 0.0000000000
119594  63.375  23.593  -11.524 0.0000000000
119595  57.971  23.593  -11.154 0.0000000000
119596  57.140  23.032  -11.407 0.0000000000
119597  56.549  22.834  -11.924 0.0000000000
119598  53.962  23.000  -12.118 0.0000000000
119599  53.455  23.638  -11.917 0.0000000000
119605  63.149  23.729  -12.460 0.0000000000
119606  62.927  23.548  -13.075 0.0000000000
119607  57.938  23.653  -12.264 0.0000000000
119608  57.129  23.258  -12.508 0.0000000000
119609  56.192  22.943  -12.679 0.0000000000
119610  55.240  23.004  -12.990 0.0000000000
119611  54.238  23.458  -12.902 0.0000000000
119612  53.577  24.104  -12.582 0.0000000000
119617  63.036  24.004  -13.106 0.0000000000
119618  62.623  23.833  -13.566 0.0000000000
119619  62.065  24.002  -14.266 0.0000000000
119620  57.785  23.792  -13.279 0.0000000000
119621  56.990  23.420  -13.467 0.0000000000
119622  56.097  23.313  -13.676 0.0000000000
119623  55.178  23.480  -13.803 0.0000000000
119624  54.469  24.016  -13.804 0.0000000000
119631  61.393  24.064  -14.933 0.0000000000
119632  60.579  23.954  -15.410 0.0000000000
119633  57.586  23.849  -14.092 0.0000000000
119634  56.914  23.690  -14.458 0.0000000000
119635  56.004  23.636  -14.540 0.0000000000
119636  55.172  23.957  -14.670 0.0000000000
119637  54.592  24.456  -14.357 0.0000000000
119643  59.877  23.788  -15.860 0.0000000000
119644  59.183  23.675  -16.388 0.0000000000
119645  58.709  24.071  -16.498 0.0000000000
119646  56.629  23.928  -15.059 0.0000000000
119647  56.042  24.003  -15.301 0.0000000000
119648  55.462  24.323  -15.391 0.0000000000
119652  58.831  23.327  -16.736 0.0000000000
119653  58.347  23.565  -16.931 0.0000000000
119654  57.271  23.486  -17.524 0.0000000000
119655  56.743  23.857  -17.732 0.0000000000
119661  56.933  23.105  -17.972 0.0000000000
119662  56.332  23.450  -18.013 0.0000000000
119663  55.087  23.535  -18.664 0.0000000000
120780  63.236  25.170  -3.361 0.0000000000
120781  63.027  24.488  -3.635 0.0000000000
120788  63.282  25.015  -4.194 0.0000000000
120789  62.882  24.257  -4.672 0.0000000000
120790  59.231  25.196  -4.340 0.0000000000
120791  58.509  24.607  -4.455 0.0000000000
120792  57.832  24.147  -4.470 0.0000000000
120796  63.148  24.802  -5.237 0.0000000000
120797  62.819  24.016  -5.712 0.0000000000
120798  59.190  25.070  -5.369 0.0000000000
120799  58.380  24.371  -5.493 0.0000000000
120800  57.729  24.060  -5.029 0.0000000000
120813  63.071  24.334  -6.475 0.0000000000
120814  62.870  23.784  -6.349 0.0000000000
120815  59.287  24.937  -6.377 0.0000000000
120816  58.712  24.431  -6.635 0.0000000000
120832  63.303  24.328  -7.557 0.0000000000
120833  60.452  25.366  -8.122 0.0000000000
120834  59.710  24.959  -7.577 0.0000000000
120835  58.698  24.234  -7.674 0.0000000000
120842  63.425  24.328  -8.483 0.0000000000
120843  60.356  25.185  -8.785 0.0000000000
120844  59.581  24.651  -8.728 0.0000000000
120845  58.805  24.142  -8.856 0.0000000000
120852  63.643  23.532  -9.614 0.0000000000
120853  63.456  24.237  -9.478 0.0000000000
120854  60.217  25.058  -9.769 0.0000000000
120855  59.510  24.557  -9.754 0.0000000000
120856  58.798  24.095  -9.899 0.0000000000
120864  63.578  23.675  -10.123 0.0000000000
120865  63.382  24.209  -10.599 0.0000000000
120866  60.013  24.983  -10.549 0.0000000000
120867  59.449  24.607  -10.743 0.0000000000
120868  58.747  24.142  -10.952 0.0000000000
120875  63.142  24.440  -11.720 0.0000000000
120876  62.827  24.832  -12.185 0.0000000000
120877  60.138  25.071  -11.511 0.0000000000
120878  59.463  24.679  -11.820 0.0000000000
120879  58.724  24.177  -12.057 0.0000000000
120886  62.952  24.390  -12.661 0.0000000000
120887  62.565  24.836  -12.876 0.0000000000
120888  62.113  25.015  -13.374 0.0000000000
120889  60.233  25.108  -12.661 0.0000000000
120890  59.478  24.711  -12.986 0.0000000000
120891  58.603  24.241  -13.160 0.0000000000
120892  53.893  24.222  -13.192 0.0000000000
120899  62.784  24.358  -13.243 0.0000000000
120900  62.364  24.535  -13.650 0.0000000000
120901  61.625  24.911  -14.155 0.0000000000
120902  60.496  25.070  -13.951 0.0000000000
120903  59.287  24.594  -14.155 0.0000000000
120904  58.330  24.209  -14.163 0.0000000000
120913  60.865  24.620  -14.886 0.0000000000
120914  59.873  24.429  -15.254 0.0000000000
120915  58.803  24.368  -15.145 0.0000000000
120916  57.738  24.139  -15.005 0.0000000000
120917  57.099  24.008  -15.111 0.0000000000
120918  54.926  24.577  -15.012 0.0000000000
120927  59.569  24.107  -15.960 0.0000000000
120928  59.105  24.212  -15.944 0.0000000000
120929  58.232  24.269  -16.037 0.0000000000
120930  57.028  24.137  -15.843 0.0000000000
120931  55.998  24.332  -16.086 0.0000000000
120932  55.236  24.851  -15.814 0.0000000000
120939  58.298  24.091  -16.658 0.0000000000
120940  57.676  24.043  -16.763 0.0000000000
120941  56.604  24.155  -17.103 0.0000000000
120942  55.722  24.800  -16.825 0.0000000000
120949  56.377  23.956  -17.731 0.0000000000
120950  55.725  24.429  -17.934 0.0000000000
120955  55.024  24.619  -18.941 0.0000000000
121987  63.141  25.700  -3.664 0.0000000000
121994  63.278  25.560  -4.715 0.0000000000
121995  60.716  26.292  -3.792 0.0000000000
121996  59.977  25.829  -4.149 0.0000000000
122000  63.230  25.376  -5.745 0.0000000000
122001  61.700  26.605  -5.546 0.0000000000
122002  61.015  26.321  -5.053 0.0000000000
122003  59.985  25.700  -5.245 0.0000000000
122007  63.240  25.219  -6.779 0.0000000000
122008  61.573  26.469  -6.137 0.0000000000
122009  60.787  26.004  -6.214 0.0000000000
122010  59.973  25.423  -6.255 0.0000000000
122026  63.243  25.187  -7.730 0.0000000000
122027  63.034  25.558  -8.006 0.0000000000
122028  61.547  26.242  -7.121 0.0000000000
122029  60.651  25.656  -7.420 0.0000000000
122030  59.914  25.228  -6.905 0.0000000000
122043  63.195  25.021  -8.654 0.0000000000
122044  62.733  25.611  -8.550 0.0000000000
122045  61.892  25.947  -8.375 0.0000000000
122046  61.015  25.648  -8.717 0.0000000000
122054  63.087  24.969  -9.623 0.0000000000
122055  62.530  25.475  -9.633 0.0000000000
122056  61.794  25.607  -9.704 0.0000000000
122057  60.991  25.472  -9.816 0.0000000000
122065  62.977  24.990  -10.679 0.0000000000
122066  62.405  25.337  -10.741 0.0000000000
122067  61.705  25.462  -10.879 0.0000000000
122068  60.807  25.326  -10.984 0.0000000000
122075  62.801  25.018  -11.491 0.0000000000
122076  62.356  25.219  -11.887 0.0000000000
122077  61.615  25.351  -12.009 0.0000000000
122078  60.903  25.265  -12.284 0.0000000000
122086  62.102  25.198  -12.706 0.0000000000
122087  61.537  25.240  -13.122 0.0000000000
122088  60.906  25.247  -13.275 0.0000000000
122096  61.155  25.226  -13.698 0.0000000000
122097  60.896  25.251  -13.687 0.0000000000
123167  63.073  26.084  -4.355 0.0000000000
123168  62.680  26.261  -3.660 0.0000000000
123176  63.178  26.094  -5.184 0.0000000000
123177  62.663  26.422  -4.626 0.0000000000
123178  62.069  26.567  -3.999 0.0000000000
123184  63.191  25.987  -6.145 0.0000000000
123185  62.728  26.463  -5.573 0.0000000000
123186  61.996  26.694  -5.002 0.0000000000
123187  61.442  26.552  -4.254 0.0000000000
123192  63.154  25.836  -7.056 0.0000000000
123193  62.786  26.367  -6.531 0.0000000000
123194  62.196  26.641  -5.952 0.0000000000
123205  63.112  25.725  -7.587 0.0000000000
123206  62.778  26.080  -7.542 0.0000000000
123207  62.214  26.525  -6.852 0.0000000000
123221  62.445  26.034  -8.025 0.0000000000
123222  62.208  26.242  -7.595 0.0000000000
119499  56.664  23.496  -3.890 0.0000000000
118134  55.470  22.752  -3.467 0.0000000000
118135  54.747  22.328  -2.896 0.0000000000
118142  55.498  22.765  -4.435 0.0000000000
118143  54.790  22.360  -3.974 0.0000000000
118144  53.985  22.002  -3.504 0.0000000000
119500  56.056  23.152  -4.101 0.0000000000
118125  56.235  22.978  -2.136 0.0000000000
118126  55.662  22.706  -2.321 0.0000000000
119483  57.378  23.805  -1.904 0.0000000000
119484  56.722  23.313  -2.162 0.0000000000
119485  56.296  23.101  -2.555 0.0000000000
119491  57.304  23.824  -2.834 0.0000000000
119492  56.711  23.467  -3.041 0.0000000000
119493  56.132  23.122  -3.207 0.0000000000
119498  57.259  23.847  -3.721 0.0000000000
120766  59.240  25.348  -1.300 0.0000000000
120767  58.623  24.782  -1.566 0.0000000000
120768  58.008  24.306  -1.750 0.0000000000
120774  59.247  25.308  -2.311 0.0000000000
120775  58.616  24.735  -2.514 0.0000000000
120776  57.943  24.270  -2.671 0.0000000000
120782  59.263  25.248  -3.316 0.0000000000
120783  58.579  24.686  -3.480 0.0000000000
120784  57.901  24.215  -3.597 0.0000000000
121975  60.668  26.428  -0.830 0.0000000000
121976  59.921  25.969  -1.045 0.0000000000
121982  60.612  26.388  -1.781 0.0000000000
121983  59.888  25.916  -2.059 0.0000000000
121989  60.638  26.307  -2.766 0.0000000000
121990  59.933  25.842  -3.076 0.0000000000
123150  62.689  26.010  -1.708 0.0000000000
123151  62.087  26.530  -1.070 0.0000000000
123152  61.382  26.646  -0.548 0.0000000000
123159  62.601  26.206  -2.741 0.0000000000
123160  62.074  26.530  -2.081 0.0000000000
123161  61.364  26.636  -1.469 0.0000000000
123169  62.068  26.553  -3.051 0.0000000000
123170  61.360  26.584  -2.432 0.0000000000
123179  61.389  26.538  -3.389 0.0000000000
118123  61.438  22.741  -1.865 0.0000000000
118132  61.381  22.661  -2.827 0.0000000000
119481  62.800  23.902  -0.924 0.0000000000
119482  62.207  23.274  -1.405 0.0000000000
119489  62.775  23.947  -1.963 0.0000000000
119490  62.101  23.287  -2.406 0.0000000000
119496  62.643  23.902  -3.004 0.0000000000
119497  61.964  23.168  -3.403 0.0000000000
120765  63.065  24.683  -1.447 0.0000000000
120772  63.186  25.314  -2.966 0.0000000000
120773  63.126  24.823  -2.612 0.0000000000
121974  63.074  25.353  -1.883 0.0000000000
121980  63.163  25.484  -3.180 0.0000000000
121981  63.020  25.644  -2.741 0.0000000000
121988  62.921  26.014  -3.195 0.0000000000
