#!ascii label  , from subject colin27 vox2ras=TkReg coords=white
374
157154  14.901  63.999  -18.017 0.0000000000
157841  13.809  65.581  -17.069 0.0000000000
157858  14.989  64.100  -17.735 0.0000000000
157859  14.471  64.445  -17.928 0.0000000000
157860  13.482  65.259  -17.709 0.0000000000
157861  12.751  65.458  -17.908 0.0000000000
157872  14.290  64.245  -18.531 0.0000000000
158558  14.364  66.133  -15.933 0.0000000000
158565  14.484  65.707  -16.212 0.0000000000
158566  13.866  66.029  -16.535 0.0000000000
158567  13.095  66.234  -16.891 0.0000000000
158579  13.377  65.778  -17.117 0.0000000000
158580  12.643  65.841  -17.410 0.0000000000
158581  11.876  65.861  -17.673 0.0000000000
158582  11.109  65.938  -17.827 0.0000000000
158597  12.300  65.557  -17.960 0.0000000000
159252  14.085  67.054  -15.170 0.0000000000
159258  14.435  66.303  -15.533 0.0000000000
159259  14.004  66.763  -15.751 0.0000000000
159266  13.231  66.771  -16.373 0.0000000000
159267  12.257  66.627  -16.836 0.0000000000
159268  11.156  66.846  -16.884 0.0000000000
159269  10.152  66.877  -16.931 0.0000000000
159270  9.537  66.892  -16.939 0.0000000000
159271  5.523  67.055  -16.940 0.0000000000
159283  12.060  66.117  -17.281 0.0000000000
159284  11.500  66.273  -17.303 0.0000000000
159285  10.568  66.362  -17.389 0.0000000000
159963  14.062  67.279  -14.668 0.0000000000
159970  13.647  67.518  -15.315 0.0000000000
159971  13.111  67.794  -15.647 0.0000000000
159972  6.044  67.984  -16.529 0.0000000000
159973  5.800  67.965  -16.561 0.0000000000
159980  13.360  67.302  -15.877 0.0000000000
159981  12.640  67.514  -16.128 0.0000000000
159982  11.726  67.508  -16.439 0.0000000000
159983  10.752  67.606  -16.580 0.0000000000
159984  9.701  67.555  -16.684 0.0000000000
159985  8.712  67.676  -16.663 0.0000000000
159986  7.643  67.679  -16.639 0.0000000000
159987  6.318  67.723  -16.631 0.0000000000
159988  5.291  67.692  -16.766 0.0000000000
159997  9.080  67.025  -16.884 0.0000000000
159998  8.223  66.923  -16.953 0.0000000000
159999  7.066  66.924  -16.983 0.0000000000
160000  6.173  66.862  -17.040 0.0000000000
160672  13.470  68.233  -14.676 0.0000000000
160673  12.983  68.774  -14.904 0.0000000000
160681  13.244  68.052  -15.322 0.0000000000
160682  12.612  68.545  -15.561 0.0000000000
160683  11.843  69.111  -15.871 0.0000000000
160684  5.964  68.344  -16.535 0.0000000000
160685  5.489  68.260  -16.626 0.0000000000
160693  12.118  68.028  -16.105 0.0000000000
160694  11.433  68.504  -16.211 0.0000000000
160695  10.344  68.440  -16.431 0.0000000000
160696  9.335  68.508  -16.494 0.0000000000
160697  8.286  68.529  -16.523 0.0000000000
160698  7.259  68.545  -16.501 0.0000000000
160699  6.503  68.636  -16.498 0.0000000000
160700  5.098  68.369  -16.830 0.0000000000
161306  13.162  68.931  -14.145 0.0000000000
161318  13.064  68.834  -14.608 0.0000000000
161319  12.704  69.411  -14.726 0.0000000000
161325  12.030  69.619  -15.452 0.0000000000
161326  11.120  69.649  -15.994 0.0000000000
161327  10.488  70.022  -16.113 0.0000000000
161328  5.610  68.719  -16.654 0.0000000000
161329  5.342  68.618  -16.723 0.0000000000
161338  10.754  69.026  -16.272 0.0000000000
161339  10.063  69.476  -16.295 0.0000000000
161340  8.895  69.447  -16.424 0.0000000000
161341  7.874  69.426  -16.517 0.0000000000
161342  6.951  69.399  -16.542 0.0000000000
161343  6.078  69.253  -16.622 0.0000000000
161958  12.408  70.477  -14.205 0.0000000000
161959  11.921  70.866  -14.741 0.0000000000
161966  12.178  70.237  -14.949 0.0000000000
161967  11.475  70.570  -15.333 0.0000000000
161968  10.577  70.604  -15.795 0.0000000000
161969  9.932  70.758  -15.958 0.0000000000
161977  10.104  70.271  -16.121 0.0000000000
161978  9.399  70.405  -16.218 0.0000000000
161979  8.400  70.366  -16.424 0.0000000000
161980  7.458  70.316  -16.554 0.0000000000
161981  6.590  70.269  -16.665 0.0000000000
162546  11.769  71.491  -14.111 0.0000000000
162547  11.171  71.817  -14.602 0.0000000000
162555  11.459  71.285  -14.836 0.0000000000
162556  10.771  71.473  -15.180 0.0000000000
162557  10.031  71.347  -15.640 0.0000000000
162558  9.433  71.713  -15.716 0.0000000000
162566  9.527  71.118  -15.940 0.0000000000
162567  8.825  71.324  -16.097 0.0000000000
162568  7.902  71.231  -16.385 0.0000000000
162569  7.052  71.207  -16.573 0.0000000000
162570  6.268  71.204  -16.741 0.0000000000
163098  11.060  72.490  -14.013 0.0000000000
163099  10.383  72.759  -14.475 0.0000000000
163107  10.675  72.201  -14.712 0.0000000000
163108  9.906  72.338  -15.157 0.0000000000
163109  8.837  72.358  -15.636 0.0000000000
163110  7.990  72.602  -15.826 0.0000000000
163119  8.199  71.942  -16.056 0.0000000000
163120  7.432  72.132  -16.264 0.0000000000
163121  6.675  72.025  -16.515 0.0000000000
163122  5.967  72.133  -16.640 0.0000000000
163618  10.813  73.347  -13.204 0.0000000000
163619  10.202  73.715  -13.679 0.0000000000
163627  10.461  73.187  -13.981 0.0000000000
163628  9.726  73.438  -14.379 0.0000000000
163629  8.877  73.662  -14.679 0.0000000000
163637  9.146  73.066  -15.069 0.0000000000
163638  8.265  73.332  -15.270 0.0000000000
163639  7.197  73.156  -15.825 0.0000000000
163640  6.205  73.533  -15.839 0.0000000000
163641  5.452  73.851  -15.914 0.0000000000
163642  5.031  74.168  -15.933 0.0000000000
163652  6.931  72.550  -16.256 0.0000000000
163653  6.429  72.768  -16.262 0.0000000000
163654  5.693  73.066  -16.363 0.0000000000
163655  4.968  73.629  -16.559 0.0000000000
164097  10.589  74.079  -12.491 0.0000000000
164098  10.060  74.532  -12.783 0.0000000000
164103  10.288  74.054  -13.166 0.0000000000
164104  9.584  74.360  -13.518 0.0000000000
164105  8.786  74.601  -13.822 0.0000000000
164113  9.043  74.096  -14.186 0.0000000000
164114  8.177  74.318  -14.464 0.0000000000
164115  7.155  74.530  -14.690 0.0000000000
164116  6.305  74.681  -14.833 0.0000000000
164117  5.523  74.808  -14.957 0.0000000000
164118  4.920  74.931  -15.119 0.0000000000
164126  7.512  73.904  -15.130 0.0000000000
164127  6.712  74.040  -15.305 0.0000000000
164128  5.877  74.237  -15.383 0.0000000000
164129  5.189  74.431  -15.482 0.0000000000
164130  4.682  74.697  -15.804 0.0000000000
164597  9.632  75.681  -11.537 0.0000000000
164598  8.923  75.903  -12.214 0.0000000000
164608  10.253  74.830  -12.019 0.0000000000
164609  9.460  75.172  -12.634 0.0000000000
164610  8.595  75.589  -12.892 0.0000000000
164611  7.815  75.833  -13.031 0.0000000000
164619  8.947  75.025  -13.330 0.0000000000
164620  8.140  75.151  -13.601 0.0000000000
164621  7.118  75.647  -13.556 0.0000000000
164622  6.206  75.713  -13.876 0.0000000000
164623  5.440  75.796  -14.123 0.0000000000
164624  4.841  75.887  -14.382 0.0000000000
164630  7.470  74.973  -14.115 0.0000000000
164631  6.701  75.155  -14.258 0.0000000000
164632  5.881  75.260  -14.440 0.0000000000
164633  5.131  75.344  -14.619 0.0000000000
164634  4.529  75.612  -15.045 0.0000000000
164643  4.290  75.594  -15.963 0.0000000000
165093  8.981  76.835  -10.445 0.0000000000
165103  9.416  76.253  -10.795 0.0000000000
165104  8.621  76.619  -11.479 0.0000000000
165105  7.724  76.890  -12.059 0.0000000000
165116  8.150  76.268  -12.431 0.0000000000
165117  7.049  76.531  -12.735 0.0000000000
165118  5.930  76.760  -13.055 0.0000000000
165119  5.257  76.787  -13.462 0.0000000000
165130  6.402  76.184  -13.361 0.0000000000
165131  5.691  76.258  -13.615 0.0000000000
165132  4.991  76.345  -13.910 0.0000000000
165133  4.496  76.493  -14.459 0.0000000000
165141  4.265  76.553  -15.266 0.0000000000
165149  4.377  76.551  -16.116 0.0000000000
165158  8.133  76.436  -16.667 0.0000000000
165159  7.091  76.502  -16.795 0.0000000000
165160  6.125  76.498  -16.855 0.0000000000
165161  5.348  76.484  -16.874 0.0000000000
165162  4.805  76.493  -16.661 0.0000000000
165559  7.975  77.864  -10.654 0.0000000000
165570  8.352  77.310  -10.811 0.0000000000
165571  7.588  77.576  -11.386 0.0000000000
165572  6.748  77.808  -11.822 0.0000000000
165582  7.072  77.271  -12.100 0.0000000000
165583  6.205  77.458  -12.399 0.0000000000
165584  5.200  77.550  -13.053 0.0000000000
165585  4.600  77.932  -13.652 0.0000000000
165595  4.675  77.085  -13.786 0.0000000000
165596  4.373  77.567  -14.527 0.0000000000
165605  4.436  77.469  -15.484 0.0000000000
165612  11.614  78.428  -16.382 0.0000000000
165613  11.208  78.152  -16.031 0.0000000000
165614  10.292  77.935  -15.720 0.0000000000
165615  9.187  77.807  -15.654 0.0000000000
165616  8.038  77.782  -15.786 0.0000000000
165617  6.913  77.788  -15.958 0.0000000000
165618  5.849  77.730  -16.085 0.0000000000
165619  4.892  77.394  -16.185 0.0000000000
165625  11.720  77.719  -16.835 0.0000000000
165626  10.899  77.259  -16.169 0.0000000000
165627  9.827  77.096  -16.081 0.0000000000
165628  8.681  77.058  -16.144 0.0000000000
165629  7.555  77.111  -16.289 0.0000000000
165630  6.497  77.121  -16.428 0.0000000000
165631  5.586  77.031  -16.517 0.0000000000
165632  5.092  76.878  -16.595 0.0000000000
165635  11.959  77.532  -18.038 0.0000000000
165990  7.151  78.725  -10.592 0.0000000000
166002  7.450  78.239  -10.809 0.0000000000
166003  6.699  78.492  -11.226 0.0000000000
166004  5.796  78.855  -11.694 0.0000000000
166005  5.214  79.043  -12.202 0.0000000000
166013  6.168  78.175  -11.900 0.0000000000
166014  5.508  78.284  -12.355 0.0000000000
166015  4.813  78.713  -12.965 0.0000000000
166023  4.462  78.751  -13.952 0.0000000000
166033  4.963  78.989  -15.312 0.0000000000
166034  4.602  78.630  -15.023 0.0000000000
166043  11.453  78.986  -16.058 0.0000000000
166044  10.688  78.860  -15.597 0.0000000000
166045  9.664  78.703  -15.334 0.0000000000
166046  8.526  78.542  -15.350 0.0000000000
166047  7.384  78.502  -15.515 0.0000000000
166048  6.273  78.486  -15.662 0.0000000000
166049  5.211  78.462  -15.628 0.0000000000
166050  4.704  78.012  -15.620 0.0000000000
166058  11.857  78.943  -16.701 0.0000000000
166064  11.952  78.731  -17.589 0.0000000000
166397  6.711  79.003  -10.668 0.0000000000
166398  6.016  79.475  -10.791 0.0000000000
166399  5.305  79.618  -11.582 0.0000000000
166409  4.901  79.743  -12.357 0.0000000000
166417  4.628  79.740  -13.265 0.0000000000
166424  9.748  80.251  -14.817 0.0000000000
166425  9.311  80.143  -14.723 0.0000000000
166426  8.325  79.977  -14.679 0.0000000000
166427  7.245  79.893  -14.799 0.0000000000
166428  6.200  79.837  -14.947 0.0000000000
166429  5.209  79.618  -14.939 0.0000000000
166430  4.687  79.817  -14.164 0.0000000000
166437  11.134  79.651  -15.624 0.0000000000
166438  10.145  79.888  -15.074 0.0000000000
166439  8.990  79.371  -14.958 0.0000000000
166440  7.863  79.222  -15.055 0.0000000000
166441  6.760  79.195  -15.257 0.0000000000
166442  5.755  79.148  -15.366 0.0000000000
166443  5.216  79.080  -15.359 0.0000000000
166451  11.794  80.048  -16.305 0.0000000000
166755  5.381  80.555  -10.357 0.0000000000
166756  5.006  81.036  -10.751 0.0000000000
166762  5.346  80.050  -11.034 0.0000000000
166763  4.978  80.615  -11.425 0.0000000000
166771  4.764  80.671  -12.549 0.0000000000
166780  4.980  80.927  -13.745 0.0000000000
166781  4.750  80.660  -13.451 0.0000000000
166787  9.732  80.763  -14.682 0.0000000000
166788  8.783  80.768  -14.401 0.0000000000
166789  7.735  80.622  -14.361 0.0000000000
166790  6.697  80.540  -14.470 0.0000000000
166791  5.793  80.461  -14.502 0.0000000000
166792  5.161  80.577  -14.184 0.0000000000
166793  4.822  80.516  -13.934 0.0000000000
166799  11.186  80.640  -15.505 0.0000000000
166800  10.481  80.900  -14.997 0.0000000000
166807  11.761  80.933  -16.065 0.0000000000
167069  4.944  82.146  -8.420 0.0000000000
167076  4.850  82.014  -9.168 0.0000000000
167087  5.183  81.336  -9.620 0.0000000000
167088  4.863  81.915  -9.999 0.0000000000
167092  5.002  81.300  -10.322 0.0000000000
167093  4.864  81.634  -10.857 0.0000000000
167097  4.808  81.572  -11.817 0.0000000000
167103  5.292  82.061  -12.967 0.0000000000
167104  4.939  81.624  -12.817 0.0000000000
167112  9.012  82.479  -14.063 0.0000000000
167113  8.550  82.272  -13.896 0.0000000000
167114  7.699  82.112  -13.678 0.0000000000
167115  6.690  81.966  -13.578 0.0000000000
167116  5.549  81.556  -13.482 0.0000000000
167117  4.982  81.216  -13.425 0.0000000000
167125  10.208  81.699  -14.743 0.0000000000
167126  9.261  81.841  -14.265 0.0000000000
167127  8.216  81.446  -14.033 0.0000000000
167128  7.188  81.290  -14.024 0.0000000000
167129  6.211  81.131  -14.056 0.0000000000
167130  5.621  80.937  -14.091 0.0000000000
167138  11.531  81.618  -15.762 0.0000000000
167139  10.921  81.630  -15.236 0.0000000000
167392  4.879  82.746  -7.940 0.0000000000
167405  4.838  82.722  -8.785 0.0000000000
167416  4.817  82.645  -9.594 0.0000000000
167419  4.824  82.498  -10.403 0.0000000000
167422  4.852  82.391  -11.187 0.0000000000
167425  5.777  83.035  -12.612 0.0000000000
167426  5.320  82.573  -12.473 0.0000000000
167427  4.960  82.406  -11.939 0.0000000000
167431  8.799  82.901  -13.948 0.0000000000
167432  8.194  82.981  -13.653 0.0000000000
167433  7.310  82.923  -13.341 0.0000000000
167434  6.325  82.902  -13.023 0.0000000000
167435  5.617  82.422  -12.923 0.0000000000
167440  9.952  82.531  -14.539 0.0000000000
167441  9.370  82.970  -14.207 0.0000000000
167448  11.274  82.368  -15.521 0.0000000000
167449  10.664  82.653  -15.027 0.0000000000
167661  4.898  83.320  -8.424 0.0000000000
167673  5.089  83.955  -8.641 0.0000000000
167674  4.927  83.338  -9.175 0.0000000000
167679  5.124  83.975  -9.585 0.0000000000
167680  4.897  83.249  -10.017 0.0000000000
167684  5.126  83.802  -10.596 0.0000000000
167685  4.893  83.034  -10.714 0.0000000000
167689  5.352  83.742  -11.459 0.0000000000
167690  5.028  83.093  -11.308 0.0000000000
167694  6.181  83.830  -12.465 0.0000000000
167695  5.595  83.433  -12.117 0.0000000000
167696  5.213  83.063  -11.876 0.0000000000
167700  8.857  83.855  -13.876 0.0000000000
167701  7.869  83.877  -13.433 0.0000000000
167702  7.048  83.784  -13.080 0.0000000000
167703  6.576  83.747  -12.818 0.0000000000
167706  10.822  84.173  -15.004 0.0000000000
167707  10.124  83.574  -14.601 0.0000000000
167708  9.497  83.696  -14.222 0.0000000000
167712  11.346  83.417  -15.516 0.0000000000
167713  10.742  83.447  -15.046 0.0000000000
167825  5.428  84.614  -9.033 0.0000000000
167829  6.032  85.192  -10.409 0.0000000000
167830  5.487  84.617  -10.014 0.0000000000
167834  6.232  85.099  -11.324 0.0000000000
167835  5.601  84.545  -10.959 0.0000000000
167839  7.263  85.236  -12.465 0.0000000000
167840  6.490  84.828  -12.125 0.0000000000
167841  5.848  84.307  -11.779 0.0000000000
167845  9.156  85.069  -13.830 0.0000000000
167846  8.368  84.880  -13.476 0.0000000000
167847  7.524  84.705  -13.080 0.0000000000
167848  6.806  84.412  -12.715 0.0000000000
167851  10.981  85.170  -14.839 0.0000000000
167852  10.288  84.770  -14.554 0.0000000000
167853  9.611  84.403  -14.221 0.0000000000
167910  8.013  85.561  -10.825 0.0000000000
167911  7.491  85.381  -10.226 0.0000000000
167912  6.598  85.386  -9.817 0.0000000000
167913  5.894  85.160  -9.435 0.0000000000
167914  10.162  85.882  -12.039 0.0000000000
167915  9.542  85.764  -11.920 0.0000000000
167916  8.571  85.617  -11.423 0.0000000000
167917  7.611  85.694  -11.175 0.0000000000
167918  6.789  85.538  -10.784 0.0000000000
167921  10.901  85.813  -12.244 0.0000000000
167922  10.062  86.179  -12.432 0.0000000000
167923  9.048  86.019  -12.543 0.0000000000
167924  7.900  85.777  -12.053 0.0000000000
167925  6.995  85.517  -11.691 0.0000000000
167929  9.974  86.061  -13.986 0.0000000000
167930  9.480  85.851  -13.740 0.0000000000
167931  8.956  85.778  -13.338 0.0000000000
167932  8.088  85.597  -12.923 0.0000000000
167937  11.191  85.927  -14.613 0.0000000000
167938  10.499  85.777  -14.350 0.0000000000
167939  9.805  85.371  -14.151 0.0000000000
167976  11.667  86.269  -12.910 0.0000000000
167977  10.798  86.460  -12.944 0.0000000000
167978  9.916  86.469  -13.049 0.0000000000
167979  9.396  86.231  -13.189 0.0000000000
167982  11.596  86.409  -13.636 0.0000000000
167983  10.593  86.373  -13.757 0.0000000000
167984  9.774  86.273  -13.535 0.0000000000
167985  9.387  86.113  -13.458 0.0000000000
167990  11.429  86.289  -14.253 0.0000000000
167991  10.898  86.205  -14.263 0.0000000000
161344  5.287  69.205  -16.917 0.0000000000
161982  5.816  70.260  -16.874 0.0000000000
161983  5.226  70.370  -17.284 0.0000000000
162571  5.602  71.306  -17.026 0.0000000000
162585  5.070  71.467  -17.423 0.0000000000
163123  5.321  72.373  -16.919 0.0000000000
