#!ascii label  , from subject colin27 vox2ras=TkReg coords=white
239
148844  38.870  52.551  -30.404 0.0000000000
148857  39.266  53.067  -30.841 0.0000000000
148858  38.362  52.963  -31.029 0.0000000000
149629  39.633  53.599  -31.231 0.0000000000
149630  38.727  53.540  -31.340 0.0000000000
149631  38.079  53.268  -31.600 0.0000000000
149647  38.242  53.715  -31.747 0.0000000000
149648  37.641  53.466  -32.250 0.0000000000
149659  37.218  53.527  -32.928 0.0000000000
150435  39.960  54.253  -31.570 0.0000000000
150436  39.066  54.110  -31.565 0.0000000000
150437  38.575  53.933  -31.658 0.0000000000
150459  40.283  54.968  -32.088 0.0000000000
150460  39.290  54.869  -31.844 0.0000000000
150461  38.245  54.431  -31.967 0.0000000000
150462  37.204  54.356  -32.770 0.0000000000
150463  36.759  54.881  -33.208 0.0000000000
150476  37.032  53.793  -33.257 0.0000000000
150477  36.658  54.322  -33.756 0.0000000000
150488  36.342  54.426  -34.936 0.0000000000
150502  36.497  54.499  -35.976 0.0000000000
151268  40.548  55.640  -32.745 0.0000000000
151269  39.620  55.658  -32.355 0.0000000000
151270  38.605  55.574  -32.177 0.0000000000
151271  37.597  55.453  -32.367 0.0000000000
151272  36.808  55.446  -32.805 0.0000000000
151285  36.321  55.570  -33.538 0.0000000000
151286  35.904  56.169  -33.754 0.0000000000
151296  36.246  55.205  -34.479 0.0000000000
151297  35.956  55.948  -34.264 0.0000000000
151308  36.280  55.538  -35.511 0.0000000000
151309  36.078  55.778  -34.824 0.0000000000
151324  36.557  55.381  -36.621 0.0000000000
151371  35.443  55.786  -38.395 0.0000000000
152057  40.594  56.087  -33.141 0.0000000000
152058  40.045  56.398  -32.916 0.0000000000
152059  39.004  56.499  -32.540 0.0000000000
152060  37.957  56.534  -32.376 0.0000000000
152061  36.888  56.487  -32.465 0.0000000000
152062  36.147  56.829  -32.676 0.0000000000
152072  40.970  56.501  -33.615 0.0000000000
152073  40.138  57.093  -33.362 0.0000000000
152074  36.323  56.142  -32.863 0.0000000000
152075  35.837  56.581  -33.279 0.0000000000
152086  41.346  57.180  -34.123 0.0000000000
152087  35.667  56.652  -34.065 0.0000000000
152099  36.159  56.430  -35.699 0.0000000000
152100  35.920  56.544  -35.003 0.0000000000
152114  36.358  56.365  -36.318 0.0000000000
152122  36.508  56.314  -37.214 0.0000000000
152142  36.085  56.332  -38.007 0.0000000000
152143  35.454  56.627  -38.224 0.0000000000
152144  34.775  56.610  -38.176 0.0000000000
152162  35.628  56.064  -38.338 0.0000000000
152163  35.181  56.108  -38.385 0.0000000000
152164  34.562  56.003  -38.315 0.0000000000
152808  39.413  57.188  -32.961 0.0000000000
152809  38.489  57.657  -32.676 0.0000000000
152810  37.320  57.564  -32.412 0.0000000000
152811  36.411  57.556  -32.484 0.0000000000
152812  35.743  57.514  -32.874 0.0000000000
152822  40.676  57.655  -33.882 0.0000000000
152823  39.753  57.767  -33.299 0.0000000000
152824  39.200  57.754  -32.959 0.0000000000
152825  35.512  57.451  -33.666 0.0000000000
152835  41.278  57.607  -34.216 0.0000000000
152836  35.633  57.417  -34.547 0.0000000000
152850  36.125  57.337  -35.842 0.0000000000
152851  35.845  57.381  -35.158 0.0000000000
152866  36.451  57.287  -36.815 0.0000000000
152877  36.310  57.251  -37.604 0.0000000000
152897  35.802  57.290  -38.051 0.0000000000
152898  35.145  57.345  -38.064 0.0000000000
153521  38.466  58.730  -32.611 0.0000000000
153522  37.683  58.634  -32.417 0.0000000000
153523  36.745  58.537  -32.357 0.0000000000
153524  35.949  58.443  -32.612 0.0000000000
153535  41.028  58.619  -33.986 0.0000000000
153536  40.095  58.517  -33.480 0.0000000000
153537  39.204  58.415  -32.958 0.0000000000
153538  35.505  58.353  -33.298 0.0000000000
153550  41.284  58.007  -34.320 0.0000000000
153551  35.475  58.270  -34.202 0.0000000000
153568  36.152  58.232  -35.862 0.0000000000
153569  35.855  58.220  -35.187 0.0000000000
153584  36.356  58.229  -36.462 0.0000000000
153597  36.433  58.194  -37.312 0.0000000000
153613  36.089  58.069  -37.923 0.0000000000
153614  35.521  58.051  -38.068 0.0000000000
153615  34.819  58.250  -37.882 0.0000000000
154248  40.198  60.025  -32.676 0.0000000000
154249  39.238  59.991  -32.387 0.0000000000
154250  38.223  59.680  -32.272 0.0000000000
154251  37.127  59.602  -32.160 0.0000000000
154252  36.254  59.432  -32.452 0.0000000000
154253  35.652  59.267  -32.998 0.0000000000
154266  40.549  59.297  -33.376 0.0000000000
154267  39.676  59.257  -32.948 0.0000000000
154268  38.939  59.218  -32.630 0.0000000000
154269  35.489  59.144  -33.849 0.0000000000
154288  35.672  58.992  -34.695 0.0000000000
154306  36.228  59.103  -35.851 0.0000000000
154307  35.930  58.952  -35.226 0.0000000000
154318  36.504  59.174  -36.938 0.0000000000
154328  36.071  59.112  -37.861 0.0000000000
154329  35.253  59.503  -38.030 0.0000000000
154330  34.679  59.244  -37.715 0.0000000000
154342  35.817  58.510  -38.096 0.0000000000
154343  35.418  58.758  -38.098 0.0000000000
154344  35.001  58.978  -38.051 0.0000000000
155016  40.975  60.839  -32.385 0.0000000000
155017  39.797  60.908  -32.003 0.0000000000
155018  38.687  60.844  -31.921 0.0000000000
155019  37.605  60.718  -31.997 0.0000000000
155020  36.559  60.615  -32.409 0.0000000000
155021  35.901  60.077  -32.820 0.0000000000
155039  40.994  59.930  -33.068 0.0000000000
155040  35.999  60.865  -33.249 0.0000000000
155041  35.680  60.018  -33.574 0.0000000000
155059  35.988  60.718  -34.273 0.0000000000
155060  35.774  59.796  -34.485 0.0000000000
155073  36.244  60.295  -35.343 0.0000000000
155074  35.972  59.441  -35.130 0.0000000000
155083  36.553  60.201  -36.457 0.0000000000
155092  36.375  60.201  -37.403 0.0000000000
155093  35.668  60.302  -37.896 0.0000000000
155094  34.736  60.403  -37.682 0.0000000000
155796  39.226  61.987  -31.763 0.0000000000
155797  38.136  61.848  -31.964 0.0000000000
155798  37.218  61.671  -32.364 0.0000000000
155799  36.528  61.663  -32.964 0.0000000000
155820  36.396  61.593  -33.939 0.0000000000
155834  36.456  61.438  -34.986 0.0000000000
155846  36.689  61.270  -36.000 0.0000000000
155854  36.548  61.188  -36.945 0.0000000000
155861  36.072  61.192  -37.637 0.0000000000
155862  35.285  61.265  -37.784 0.0000000000
155863  34.760  61.303  -37.605 0.0000000000
156540  38.688  62.924  -32.254 0.0000000000
156541  37.748  62.661  -32.605 0.0000000000
156542  37.066  62.319  -32.883 0.0000000000
156558  37.441  62.824  -33.325 0.0000000000
156559  36.912  62.309  -33.628 0.0000000000
156569  37.457  62.875  -34.167 0.0000000000
156570  36.910  62.261  -34.576 0.0000000000
156579  37.438  62.929  -35.067 0.0000000000
156580  36.889  62.221  -35.517 0.0000000000
156586  37.132  62.980  -35.732 0.0000000000
156587  36.663  62.353  -36.450 0.0000000000
156588  36.120  62.552  -37.029 0.0000000000
156597  36.265  61.891  -37.195 0.0000000000
156598  35.635  62.094  -37.432 0.0000000000
156599  34.884  62.051  -37.377 0.0000000000
157284  38.319  63.374  -33.060 0.0000000000
157285  37.805  63.131  -33.123 0.0000000000
157306  37.960  63.288  -33.708 0.0000000000
157319  38.071  63.502  -34.602 0.0000000000
157332  37.846  63.784  -35.494 0.0000000000
157341  36.978  63.451  -36.061 0.0000000000
157342  36.335  63.255  -36.594 0.0000000000
157343  35.481  63.017  -36.922 0.0000000000
157352  35.245  62.466  -37.296 0.0000000000
157353  35.040  62.623  -37.166 0.0000000000
151282  42.137  55.510  -33.918 0.0000000000
151294  42.488  55.624  -34.381 0.0000000000
151295  41.998  55.914  -33.980 0.0000000000
151307  43.047  55.567  -35.074 0.0000000000
152084  42.612  56.073  -34.689 0.0000000000
152085  42.017  56.528  -34.317 0.0000000000
152097  42.732  56.448  -34.937 0.0000000000
152098  42.336  57.036  -34.798 0.0000000000
152112  44.001  55.994  -35.972 0.0000000000
152113  43.400  56.146  -35.497 0.0000000000
152834  41.824  57.526  -34.555 0.0000000000
152847  43.415  57.459  -35.478 0.0000000000
152848  42.826  57.206  -35.177 0.0000000000
152849  42.351  57.411  -34.828 0.0000000000
152864  43.740  56.780  -35.637 0.0000000000
152865  43.344  56.903  -35.452 0.0000000000
153548  42.466  58.707  -34.786 0.0000000000
153549  41.916  58.576  -34.505 0.0000000000
153565  43.894  58.090  -35.574 0.0000000000
153566  42.881  58.348  -35.124 0.0000000000
153567  42.345  57.823  -34.866 0.0000000000
153583  43.933  57.354  -35.641 0.0000000000
154286  42.654  59.156  -34.622 0.0000000000
154304  43.678  58.891  -35.247 0.0000000000
154305  43.132  59.003  -35.041 0.0000000000
153534  41.451  58.854  -34.148 0.0000000000
154263  43.235  59.916  -34.084 0.0000000000
154264  42.328  59.782  -33.857 0.0000000000
154265  41.480  59.342  -33.843 0.0000000000
154287  42.057  59.243  -34.274 0.0000000000
155015  42.028  61.113  -32.573 0.0000000000
155037  42.844  60.788  -33.061 0.0000000000
155038  41.765  60.286  -33.138 0.0000000000
148096  41.131  51.895  -30.468 0.0000000000
148109  41.649  52.018  -30.923 0.0000000000
148841  41.035  52.346  -30.701 0.0000000000
148842  40.642  52.422  -30.581 0.0000000000
148843  39.791  52.531  -30.420 0.0000000000
148856  40.212  53.013  -30.871 0.0000000000
149628  40.538  53.549  -31.358 0.0000000000
150434  40.860  54.195  -31.871 0.0000000000
150458  41.281  54.913  -32.661 0.0000000000
150475  41.852  54.937  -33.234 0.0000000000
151267  41.092  55.521  -33.002 0.0000000000
151283  41.587  55.582  -33.480 0.0000000000
151284  40.924  55.848  -33.226 0.0000000000
152071  41.633  56.145  -33.864 0.0000000000
148854  41.861  52.699  -31.641 0.0000000000
148855  41.261  52.693  -31.096 0.0000000000
148874  42.231  52.914  -32.259 0.0000000000
148875  41.668  53.125  -31.771 0.0000000000
148887  42.835  52.929  -33.374 0.0000000000
149627  41.221  53.485  -31.650 0.0000000000
149645  42.331  53.592  -32.859 0.0000000000
149646  41.681  53.805  -32.280 0.0000000000
149658  42.594  53.877  -33.494 0.0000000000
149668  43.113  53.622  -34.415 0.0000000000
149678  43.566  53.360  -35.211 0.0000000000
149679  43.340  54.126  -35.135 0.0000000000
149692  44.103  53.408  -35.876 0.0000000000
149702  44.285  53.997  -36.067 0.0000000000
149703  44.041  54.126  -36.062 0.0000000000
150457  42.058  54.345  -33.034 0.0000000000
150474  42.410  54.818  -33.821 0.0000000000
150487  43.000  54.764  -34.740 0.0000000000
150500  43.665  54.121  -35.580 0.0000000000
150501  43.405  54.721  -35.351 0.0000000000
150515  44.379  54.198  -36.172 0.0000000000
150516  43.900  54.414  -35.943 0.0000000000
150517  43.647  54.598  -35.658 0.0000000000
150529  44.148  54.196  -36.271 0.0000000000
150530  43.923  54.236  -36.256 0.0000000000
151322  43.884  55.193  -35.956 0.0000000000
151323  43.568  55.100  -35.612 0.0000000000
151334  44.285  54.365  -36.220 0.0000000000
151335  44.230  54.521  -36.125 0.0000000000
