#!ascii label  , from subject colin27 vox2ras=TkReg coords=white
261
61497  3.137  -19.253  46.461 0.0000000000
61498  2.509  -18.938  46.976 0.0000000000
62693  4.015  -18.226  55.141 0.0000000000
62694  3.501  -18.350  55.133 0.0000000000
62695  2.702  -18.293  55.160 0.0000000000
62696  1.921  -18.164  54.959 0.0000000000
62697  1.326  -18.109  54.598 0.0000000000
62811  2.625  -18.379  46.533 0.0000000000
62812  2.071  -18.276  47.069 0.0000000000
62822  3.037  -18.406  46.070 0.0000000000
63917  4.213  -17.510  55.985 0.0000000000
63918  3.636  -17.266  56.131 0.0000000000
63919  2.940  -16.942  56.106 0.0000000000
63920  2.554  -16.619  56.015 0.0000000000
63927  4.537  -17.859  55.335 0.0000000000
63928  3.837  -17.839  55.611 0.0000000000
63929  3.138  -17.676  55.675 0.0000000000
63930  2.314  -17.190  55.566 0.0000000000
63931  1.502  -17.271  54.953 0.0000000000
63945  0.894  -17.466  54.210 0.0000000000
63957  0.694  -17.036  53.775 0.0000000000
64056  2.699  -17.973  46.165 0.0000000000
64057  2.322  -17.506  46.339 0.0000000000
64058  1.758  -17.383  46.969 0.0000000000
64071  2.945  -17.584  45.757 0.0000000000
64072  2.543  -17.109  45.887 0.0000000000
65100  3.709  -16.022  57.112 0.0000000000
65101  3.077  -15.975  56.873 0.0000000000
65110  4.379  -16.863  56.537 0.0000000000
65111  3.399  -16.558  56.546 0.0000000000
65112  2.757  -16.178  56.400 0.0000000000
65113  2.239  -16.163  55.969 0.0000000000
65122  4.648  -17.432  55.975 0.0000000000
65123  1.714  -16.282  55.366 0.0000000000
65124  1.145  -16.361  54.666 0.0000000000
65139  0.763  -16.452  54.031 0.0000000000
65303  1.962  -16.656  46.466 0.0000000000
65304  1.553  -16.496  47.045 0.0000000000
65321  2.758  -16.687  45.550 0.0000000000
65322  2.321  -16.654  45.969 0.0000000000
66420  4.144  -14.805  58.242 0.0000000000
66429  3.988  -15.245  57.869 0.0000000000
66430  2.997  -15.226  57.271 0.0000000000
66431  2.461  -14.763  57.028 0.0000000000
66442  2.780  -15.678  56.773 0.0000000000
66443  2.364  -15.303  56.537 0.0000000000
66457  1.810  -15.369  55.880 0.0000000000
66458  1.283  -15.329  55.179 0.0000000000
66476  0.729  -15.358  54.244 0.0000000000
66477  0.432  -14.802  53.796 0.0000000000
66493  0.612  -15.950  53.760 0.0000000000
66577  2.153  -16.189  46.110 0.0000000000
66578  1.934  -15.700  46.396 0.0000000000
66591  2.551  -15.770  45.596 0.0000000000
66592  2.218  -14.908  45.836 0.0000000000
67844  4.167  -14.334  58.568 0.0000000000
67845  3.762  -13.893  58.638 0.0000000000
67860  3.898  -14.693  58.218 0.0000000000
67861  3.411  -14.306  58.152 0.0000000000
67862  2.621  -14.224  57.470 0.0000000000
67877  2.025  -14.218  56.765 0.0000000000
67878  1.755  -13.699  56.398 0.0000000000
67890  1.901  -14.802  56.276 0.0000000000
67891  1.520  -14.266  55.899 0.0000000000
67900  0.921  -14.270  54.968 0.0000000000
67901  0.568  -14.168  54.155 0.0000000000
67909  0.262  -14.195  53.429 0.0000000000
67916  -0.005  -14.348  52.526 0.0000000000
67982  1.787  -14.439  46.462 0.0000000000
67983  1.398  -14.048  46.940 0.0000000000
67999  2.645  -14.747  45.295 0.0000000000
68000  2.461  -13.969  45.427 0.0000000000
69180  4.119  -12.947  59.336 0.0000000000
69196  4.109  -13.669  59.008 0.0000000000
69197  3.489  -13.182  58.784 0.0000000000
69208  2.799  -13.368  58.075 0.0000000000
69209  2.312  -13.330  57.397 0.0000000000
69216  1.892  -13.157  56.803 0.0000000000
69217  1.583  -13.133  56.174 0.0000000000
69220  1.158  -13.214  55.468 0.0000000000
69224  0.742  -13.171  54.644 0.0000000000
69225  0.338  -13.157  53.818 0.0000000000
69232  -0.010  -13.210  52.933 0.0000000000
69241  -0.153  -13.146  51.846 0.0000000000
69342  1.623  -13.713  46.562 0.0000000000
69343  1.396  -13.308  46.755 0.0000000000
69361  1.949  -13.146  45.963 0.0000000000
69362  1.644  -13.020  46.378 0.0000000000
69379  2.609  -13.044  44.812 0.0000000000
70488  0.538  -11.989  54.267 0.0000000000
70489  0.122  -12.157  53.339 0.0000000000
70501  -0.092  -12.210  52.443 0.0000000000
70514  -0.151  -12.105  51.689 0.0000000000
70532  -0.184  -12.366  50.975 0.0000000000
70638  1.220  -12.581  46.855 0.0000000000
70654  1.902  -12.135  45.689 0.0000000000
70655  1.610  -12.665  46.342 0.0000000000
70667  2.325  -12.258  44.898 0.0000000000
71814  0.511  -10.977  54.329 0.0000000000
71815  0.221  -11.061  53.640 0.0000000000
71823  -0.047  -11.288  52.787 0.0000000000
71828  -0.107  -11.361  51.952 0.0000000000
71832  -0.144  -11.456  51.133 0.0000000000
71835  -0.103  -11.604  50.264 0.0000000000
71866  1.161  -11.883  46.988 0.0000000000
71879  1.821  -11.459  45.633 0.0000000000
71880  1.539  -11.869  46.317 0.0000000000
71894  2.034  -11.518  44.924 0.0000000000
73073  0.317  -10.323  54.096 0.0000000000
73074  0.132  -10.238  53.577 0.0000000000
73078  -0.031  -10.417  53.004 0.0000000000
73081  -0.068  -10.518  52.202 0.0000000000
73083  -0.081  -10.608  51.349 0.0000000000
73085  -0.057  -10.729  50.465 0.0000000000
73091  0.065  -10.868  49.549 0.0000000000
73099  0.413  -11.013  48.683 0.0000000000
73112  0.878  -11.116  47.928 0.0000000000
73127  1.600  -10.627  46.638 0.0000000000
73128  1.304  -11.081  47.068 0.0000000000
73145  1.649  -10.955  46.140 0.0000000000
73146  1.435  -11.443  46.626 0.0000000000
73163  1.808  -10.882  45.128 0.0000000000
73182  1.786  -10.984  44.237 0.0000000000
74487  0.189  -9.690  53.843 0.0000000000
74490  0.049  -9.665  53.229 0.0000000000
74493  -0.029  -9.689  52.455 0.0000000000
74498  -0.034  -9.752  51.579 0.0000000000
74508  0.012  -9.863  50.667 0.0000000000
74520  0.158  -10.026  49.760 0.0000000000
74532  0.866  -9.681  48.292 0.0000000000
74533  0.441  -10.224  48.896 0.0000000000
74544  1.292  -9.959  47.620 0.0000000000
74545  0.857  -10.424  48.144 0.0000000000
74559  1.528  -10.325  47.026 0.0000000000
74560  1.209  -10.574  47.556 0.0000000000
74575  1.789  -10.198  46.354 0.0000000000
74586  1.788  -9.770  44.792 0.0000000000
74587  1.814  -10.166  45.438 0.0000000000
74602  1.690  -9.700  44.076 0.0000000000
74603  1.681  -10.305  44.531 0.0000000000
74621  1.774  -9.689  43.055 0.0000000000
74622  1.609  -10.402  43.629 0.0000000000
75897  0.430  -8.048  52.248 0.0000000000
75898  0.124  -8.904  52.791 0.0000000000
75908  0.484  -8.084  51.189 0.0000000000
75909  0.091  -8.887  51.861 0.0000000000
75922  0.589  -8.257  50.158 0.0000000000
75923  0.119  -8.967  50.887 0.0000000000
75932  0.735  -8.576  49.220 0.0000000000
75933  0.291  -9.161  49.948 0.0000000000
75942  0.907  -8.906  48.396 0.0000000000
75943  0.536  -9.413  49.079 0.0000000000
75951  1.759  -8.842  47.253 0.0000000000
75952  1.344  -9.241  47.742 0.0000000000
75962  2.105  -9.062  46.480 0.0000000000
75963  1.771  -9.585  46.944 0.0000000000
75976  2.221  -9.154  45.622 0.0000000000
75977  2.067  -9.623  46.005 0.0000000000
75992  2.392  -8.760  44.427 0.0000000000
75993  2.045  -9.230  44.729 0.0000000000
75994  1.990  -9.573  45.285 0.0000000000
76006  3.293  -8.252  43.240 0.0000000000
76007  2.681  -8.572  43.684 0.0000000000
76008  2.009  -9.064  43.822 0.0000000000
76018  3.819  -8.366  42.510 0.0000000000
76019  2.827  -8.737  42.603 0.0000000000
76020  2.191  -8.976  43.078 0.0000000000
77170  0.885  -7.264  51.586 0.0000000000
77179  1.732  -6.772  50.054 0.0000000000
77180  1.128  -7.205  50.430 0.0000000000
77189  1.617  -7.022  49.471 0.0000000000
77190  1.110  -7.701  49.341 0.0000000000
77198  2.455  -6.993  48.143 0.0000000000
77199  1.878  -7.293  48.488 0.0000000000
77200  1.230  -8.154  48.450 0.0000000000
77207  3.255  -7.304  47.213 0.0000000000
77208  2.634  -7.374  47.537 0.0000000000
77209  1.874  -8.117  47.587 0.0000000000
77210  1.385  -8.625  47.874 0.0000000000
77217  6.394  -7.819  45.899 0.0000000000
77218  5.413  -7.691  46.364 0.0000000000
77219  4.151  -7.645  46.350 0.0000000000
77220  3.198  -7.718  46.610 0.0000000000
77221  2.474  -8.131  46.765 0.0000000000
77222  2.110  -8.566  46.853 0.0000000000
77231  7.704  -7.760  44.902 0.0000000000
77232  6.644  -8.041  45.088 0.0000000000
77233  5.616  -8.037  45.291 0.0000000000
77234  4.560  -7.983  45.464 0.0000000000
77235  3.573  -8.052  45.615 0.0000000000
77236  2.835  -8.324  45.858 0.0000000000
77237  2.384  -8.685  46.139 0.0000000000
77251  7.947  -7.764  43.881 0.0000000000
77252  6.928  -8.144  44.175 0.0000000000
77253  5.879  -8.266  44.365 0.0000000000
77254  4.848  -8.164  44.494 0.0000000000
77255  3.878  -8.149  44.643 0.0000000000
77256  2.981  -8.363  44.758 0.0000000000
77257  2.450  -8.744  45.235 0.0000000000
77271  8.043  -7.731  42.941 0.0000000000
77272  7.134  -8.107  43.262 0.0000000000
77273  6.149  -8.277  43.451 0.0000000000
77274  5.157  -8.236  43.579 0.0000000000
77275  4.116  -8.111  43.608 0.0000000000
77276  3.344  -8.188  43.972 0.0000000000
77290  7.264  -8.020  42.431 0.0000000000
77291  6.426  -8.219  42.638 0.0000000000
77292  5.453  -8.256  42.641 0.0000000000
77293  4.620  -8.190  42.900 0.0000000000
78488  1.358  -6.471  51.802 0.0000000000
78497  2.891  -5.954  50.436 0.0000000000
78498  2.102  -6.286  50.737 0.0000000000
78499  1.326  -6.789  51.125 0.0000000000
78508  3.860  -6.030  49.632 0.0000000000
78509  3.128  -6.161  49.810 0.0000000000
78510  2.204  -6.624  49.625 0.0000000000
78517  7.128  -5.884  48.579 0.0000000000
78518  6.608  -6.132  48.726 0.0000000000
78519  5.495  -6.344  48.855 0.0000000000
78520  4.101  -6.309  48.976 0.0000000000
78521  2.739  -6.698  48.705 0.0000000000
78522  2.047  -6.838  49.038 0.0000000000
78528  8.004  -5.772  47.621 0.0000000000
78529  7.349  -6.201  47.981 0.0000000000
78530  6.207  -6.774  48.029 0.0000000000
78531  4.937  -6.825  48.021 0.0000000000
78532  3.580  -6.953  47.795 0.0000000000
78533  2.818  -6.933  48.005 0.0000000000
78540  8.725  -5.761  46.548 0.0000000000
78541  8.315  -6.202  46.946 0.0000000000
78542  6.966  -7.301  46.884 0.0000000000
78543  5.632  -7.264  47.332 0.0000000000
78544  4.570  -7.270  47.133 0.0000000000
78545  3.731  -7.351  47.005 0.0000000000
78551  8.872  -5.964  46.051 0.0000000000
78552  8.301  -7.023  45.796 0.0000000000
78553  7.256  -7.689  45.752 0.0000000000
78565  8.655  -7.073  44.501 0.0000000000
78579  8.773  -7.069  43.410 0.0000000000
79956  6.997  -5.017  49.607 0.0000000000
79957  6.526  -5.165  49.864 0.0000000000
79958  5.412  -5.216  50.435 0.0000000000
79959  4.035  -5.748  50.207 0.0000000000
79960  3.286  -5.858  50.339 0.0000000000
79971  7.404  -5.127  48.721 0.0000000000
79972  7.086  -5.418  49.059 0.0000000000
79973  6.091  -5.845  49.564 0.0000000000
79974  4.909  -5.963  49.651 0.0000000000
79975  4.225  -6.004  49.611 0.0000000000
79982  7.633  -5.359  48.191 0.0000000000
79983  7.331  -5.722  48.466 0.0000000000
79990  8.599  -5.612  46.765 0.0000000000
79991  8.306  -5.236  47.151 0.0000000000
79996  8.705  -5.245  46.337 0.0000000000
79997  8.448  -4.896  46.604 0.0000000000
81335  6.782  -4.806  49.787 0.0000000000
81336  6.342  -4.457  50.116 0.0000000000
81349  7.362  -4.982  48.994 0.0000000000
81350  7.027  -4.622  49.304 0.0000000000
81361  7.410  -4.781  48.584 0.0000000000
81382  8.487  -4.782  46.328 0.0000000000
