#!ascii label, from subject  
75
97057 49.063259 5.139883 -6.656621 0.000000
97058 47.957947 5.310387 -6.730674 0.000000
97059 46.573654 5.580359 -6.689620 0.000000
97060 44.755161 5.943109 -6.223670 0.000000
97076 49.604317 5.484849 -7.481328 0.000000
97077 48.479832 5.632010 -7.746933 0.000000
97078 47.258850 6.134888 -7.645782 0.000000
97079 45.817753 6.738893 -7.576435 0.000000
97080 44.644306 7.203302 -7.278137 0.000000
97093 50.104061 5.971448 -8.193753 0.000000
97094 49.182190 6.282710 -8.352679 0.000000
97095 48.018238 6.511942 -8.606210 0.000000
97096 46.928066 7.076306 -8.374008 0.000000
97097 46.074059 7.626945 -8.256330 0.000000
98499 50.855019 6.216006 -8.210114 0.000000
98500 45.276161 7.901837 -7.850515 0.000000
98515 53.802570 6.770768 -8.712841 0.000000
98516 52.645096 6.757250 -8.721908 0.000000
98517 51.460968 6.875503 -8.652873 0.000000
98518 50.138943 6.953316 -8.626628 0.000000
98519 48.852554 7.212934 -8.945905 0.000000
98520 47.760532 7.511235 -9.047082 0.000000
98521 46.901978 8.249307 -8.546682 0.000000
98537 54.599247 7.679780 -9.340351 0.000000
98538 53.416386 7.730000 -9.153042 0.000000
98539 52.236298 7.814859 -8.965682 0.000000
98540 51.006073 7.963585 -9.009735 0.000000
98541 49.741661 8.037660 -9.193165 0.000000
98542 48.564331 8.166818 -9.195271 0.000000
98543 47.688515 8.526941 -8.903893 0.000000
99951 55.375275 8.665309 -9.862384 0.000000
99952 54.191902 8.710190 -9.472969 0.000000
99953 52.964977 8.750491 -9.279717 0.000000
99954 51.852192 8.834032 -9.257482 0.000000
99955 50.800503 9.306824 -9.363472 0.000000
99956 49.279148 9.053758 -9.050876 0.000000
99969 58.708862 9.418563 -10.189538 0.000000
99970 57.430187 9.575959 -10.277782 0.000000
99971 56.159462 9.651266 -10.088389 0.000000
99972 54.946377 9.691062 -9.747668 0.000000
99973 53.635723 9.680062 -9.558383 0.000000
99974 52.464622 9.547678 -9.487022 0.000000
99975 51.734413 9.399925 -9.455162 0.000000
101270 60.655972 9.832269 -10.305727 0.000000
101271 59.451653 10.178905 -10.364091 0.000000
101272 58.191288 10.445341 -10.410211 0.000000
101273 56.945801 10.551087 -10.074228 0.000000
101274 55.696472 10.612629 -9.980573 0.000000
101275 54.405182 10.641143 -9.754944 0.000000
101276 52.898548 10.785187 -9.183554 0.000000
101277 51.864891 9.982923 -9.274282 0.000000
102517 59.614628 12.483487 -9.364288 0.000000
102518 58.728760 12.825788 -8.924864 0.000000
102527 59.878208 11.648615 -9.918572 0.000000
102528 58.504971 12.201168 -9.674394 0.000000
102529 57.169617 12.197474 -9.700396 0.000000
102530 56.018902 12.259986 -9.464575 0.000000
102531 54.933609 12.299146 -9.008471 0.000000
102540 60.204468 10.781152 -10.270078 0.000000
102541 58.983685 11.163066 -10.248880 0.000000
102542 57.700932 11.374347 -10.089444 0.000000
102543 56.454327 11.450418 -9.949427 0.000000
102544 55.258163 11.491606 -9.732300 0.000000
102545 54.114967 11.546010 -9.212738 0.000000
103803 58.133572 12.968926 -8.668386 0.000000
103804 57.432858 13.162277 -8.298642 0.000000
103812 58.278652 12.729327 -9.095397 0.000000
103813 57.713547 12.718955 -9.062082 0.000000
103814 56.730213 12.820671 -8.857559 0.000000
103815 55.673729 12.903219 -8.553639 0.000000
97041 43.837051 5.865592 -4.709918 0.000000
97061 43.537556 6.907437 -5.755782 0.000000
98475 42.751541 7.422975 -4.987164 0.000000
98486 43.697773 7.602407 -6.672286 0.000000
98487 43.068726 7.776654 -5.856627 0.000000
