#!ascii label  , from subject colin27 vox2ras=TkReg coords=white
163
111313  63.316  17.824  -7.564 0.0000000000
111328  63.400  18.387  -8.170 0.0000000000
112507  63.685  18.495  -6.497 0.0000000000
112519  63.701  18.553  -7.430 0.0000000000
112531  63.629  18.652  -8.142 0.0000000000
112532  63.511  18.798  -8.643 0.0000000000
113882  63.053  19.246  -5.290 0.0000000000
113890  63.862  19.196  -6.745 0.0000000000
113891  63.609  19.217  -6.231 0.0000000000
113901  64.006  19.485  -7.329 0.0000000000
113902  63.928  19.558  -6.818 0.0000000000
113915  64.001  19.277  -8.235 0.0000000000
113916  63.814  19.008  -8.551 0.0000000000
113930  64.161  19.798  -8.675 0.0000000000
113931  63.886  19.423  -8.944 0.0000000000
115336  62.938  19.826  -5.466 0.0000000000
115337  62.440  20.034  -5.181 0.0000000000
115338  61.741  20.769  -5.052 0.0000000000
115345  63.110  20.122  -5.982 0.0000000000
115346  62.615  20.844  -5.985 0.0000000000
115353  64.085  20.309  -7.578 0.0000000000
115354  63.753  20.321  -6.955 0.0000000000
115362  64.189  20.233  -8.218 0.0000000000
115374  64.130  20.416  -9.075 0.0000000000
115375  63.652  20.196  -9.400 0.0000000000
115389  63.833  20.891  -9.607 0.0000000000
115390  63.392  20.985  -9.872 0.0000000000
116815  62.016  21.376  -5.644 0.0000000000
116816  61.588  21.359  -5.159 0.0000000000
116829  63.004  21.348  -6.675 0.0000000000
116830  62.491  21.449  -6.185 0.0000000000
116842  63.899  21.198  -7.788 0.0000000000
116843  63.549  21.256  -7.260 0.0000000000
116854  64.092  21.253  -8.648 0.0000000000
116864  63.993  21.410  -9.393 0.0000000000
116873  63.643  21.633  -9.961 0.0000000000
116874  63.160  21.892  -10.614 0.0000000000
118170  61.916  22.397  -5.533 0.0000000000
118171  61.534  22.068  -5.073 0.0000000000
118184  62.878  22.493  -6.744 0.0000000000
118185  62.361  22.263  -6.164 0.0000000000
118197  63.772  21.862  -7.831 0.0000000000
118198  63.450  22.205  -7.441 0.0000000000
118209  63.814  22.177  -8.228 0.0000000000
118210  63.569  22.783  -7.886 0.0000000000
118221  63.946  22.118  -9.022 0.0000000000
118234  63.803  22.262  -9.710 0.0000000000
118235  63.535  22.466  -10.406 0.0000000000
119505  61.769  22.857  -4.440 0.0000000000
119520  61.814  22.719  -5.105 0.0000000000
119561  63.802  22.644  -8.735 0.0000000000
119571  63.796  22.957  -9.243 0.0000000000
119583  63.718  23.037  -10.014 0.0000000000
111279  63.391  17.339  -4.638 0.0000000000
111291  63.507  17.603  -5.303 0.0000000000
112489  63.037  18.170  -4.561 0.0000000000
112497  63.574  18.046  -5.790 0.0000000000
112498  63.410  18.293  -5.420 0.0000000000
112508  63.617  18.510  -5.997 0.0000000000
111270  63.092  17.184  -3.796 0.0000000000
110102  63.660  16.340  -4.828 0.0000000000
110103  63.573  16.647  -4.469 0.0000000000
110119  63.514  16.495  -5.734 0.0000000000
110132  63.210  16.631  -6.670 0.0000000000
111278  63.583  17.047  -4.972 0.0000000000
111290  63.564  17.359  -5.675 0.0000000000
111302  63.491  17.555  -6.609 0.0000000000
112473  61.486  18.249  -2.441 0.0000000000
111264  62.489  17.317  -2.756 0.0000000000
111271  62.711  17.451  -3.400 0.0000000000
112472  62.066  17.771  -2.538 0.0000000000
112480  62.765  17.854  -3.910 0.0000000000
112481  62.352  18.129  -3.521 0.0000000000
112482  61.843  18.378  -3.172 0.0000000000
112490  62.654  18.433  -4.210 0.0000000000
113851  60.924  18.730  -2.702 0.0000000000
113860  61.955  18.801  -3.724 0.0000000000
113861  61.342  19.107  -3.504 0.0000000000
113862  60.500  19.292  -3.053 0.0000000000
113873  62.291  19.169  -4.359 0.0000000000
113874  61.820  19.256  -4.000 0.0000000000
115315  61.250  19.678  -3.883 0.0000000000
115316  60.777  19.953  -3.733 0.0000000000
115317  59.886  20.096  -2.932 0.0000000000
115327  61.598  19.958  -4.341 0.0000000000
115328  60.919  20.677  -4.142 0.0000000000
116771  60.154  21.517  -2.778 0.0000000000
116782  60.371  21.048  -3.612 0.0000000000
116783  59.903  20.932  -2.994 0.0000000000
116798  61.196  21.237  -4.632 0.0000000000
116799  60.830  21.188  -4.121 0.0000000000
118132  61.381  22.661  -2.827 0.0000000000
118133  60.709  22.177  -2.333 0.0000000000
118140  61.327  22.461  -3.722 0.0000000000
118141  60.746  21.996  -3.238 0.0000000000
118153  61.256  22.142  -4.414 0.0000000000
118154  60.899  21.725  -3.994 0.0000000000
119497  61.964  23.168  -3.403 0.0000000000
113872  62.782  18.881  -4.647 0.0000000000
113883  62.680  19.340  -4.865 0.0000000000
115326  62.144  19.730  -4.627 0.0000000000
104990  64.223  12.602  -2.363 0.0000000000
105003  64.211  12.519  -2.972 0.0000000000
105004  63.936  12.101  -3.234 0.0000000000
105022  63.883  12.919  -3.438 0.0000000000
105023  63.476  12.507  -3.583 0.0000000000
106245  64.033  13.323  -2.313 0.0000000000
106262  64.169  13.474  -2.849 0.0000000000
106282  64.011  13.618  -3.477 0.0000000000
106301  63.662  13.750  -4.103 0.0000000000
106302  63.125  13.506  -4.305 0.0000000000
106322  63.285  14.319  -4.827 0.0000000000
107545  63.897  14.268  -2.605 0.0000000000
107551  64.050  14.450  -3.405 0.0000000000
107565  63.931  14.569  -4.172 0.0000000000
107581  63.577  14.788  -4.914 0.0000000000
107596  63.131  15.033  -5.594 0.0000000000
108826  63.644  15.082  -2.591 0.0000000000
108830  63.814  15.389  -3.258 0.0000000000
108831  63.548  15.554  -2.801 0.0000000000
108844  63.909  15.383  -4.094 0.0000000000
108863  63.691  15.525  -4.904 0.0000000000
108877  63.387  15.680  -5.699 0.0000000000
110080  63.626  16.036  -3.575 0.0000000000
110081  63.361  16.180  -3.126 0.0000000000
110087  63.729  16.054  -4.013 0.0000000000
110088  63.482  16.559  -3.929 0.0000000000
101219  64.668  9.095  -2.686 0.0000000000
101220  64.358  9.349  -3.131 0.0000000000
101228  64.221  9.009  -3.839 0.0000000000
101229  63.651  9.253  -4.095 0.0000000000
101230  63.081  9.476  -4.320 0.0000000000
101231  62.454  9.648  -4.494 0.0000000000
101241  63.471  8.807  -5.027 0.0000000000
101242  62.809  9.136  -5.194 0.0000000000
101243  62.031  9.442  -5.286 0.0000000000
101254  63.161  8.787  -5.775 0.0000000000
101255  62.610  9.072  -6.190 0.0000000000
101256  61.765  9.493  -6.395 0.0000000000
101267  62.318  9.248  -6.970 0.0000000000
101268  61.599  9.486  -7.464 0.0000000000
101269  60.723  9.403  -7.948 0.0000000000
102490  64.288  9.953  -2.697 0.0000000000
102491  64.091  10.027  -3.106 0.0000000000
102492  63.846  10.499  -3.231 0.0000000000
102502  63.837  9.763  -3.507 0.0000000000
102503  63.397  10.216  -3.554 0.0000000000
102504  62.669  10.281  -3.775 0.0000000000
102505  61.592  10.275  -3.999 0.0000000000
102506  60.454  10.273  -4.611 0.0000000000
102507  59.391  10.579  -4.820 0.0000000000
102515  61.081  9.795  -5.486 0.0000000000
102516  60.006  10.235  -5.911 0.0000000000
102525  60.862  9.928  -6.780 0.0000000000
102526  60.004  10.128  -6.923 0.0000000000
102538  60.950  9.866  -7.558 0.0000000000
102539  60.329  9.960  -7.549 0.0000000000
103768  64.224  10.494  -2.785 0.0000000000
103769  64.126  11.183  -2.931 0.0000000000
103770  63.666  11.313  -3.262 0.0000000000
103788  63.083  11.328  -3.468 0.0000000000
103789  62.322  11.275  -3.525 0.0000000000
105024  62.756  12.439  -3.719 0.0000000000
