#!ascii label  , from subject colin27 vox2ras=TkReg coords=white
640
47309  22.621  -30.881  40.169 0.0000000000
47310  21.455  -30.720  40.126 0.0000000000
47326  22.272  -30.693  39.215 0.0000000000
47327  21.073  -30.234  39.148 0.0000000000
47328  20.309  -30.112  39.501 0.0000000000
47343  22.063  -30.378  38.259 0.0000000000
47344  21.301  -29.984  38.172 0.0000000000
47360  21.855  -29.965  37.300 0.0000000000
47361  21.243  -29.774  37.659 0.0000000000
48442  19.889  -30.014  39.658 0.0000000000
48463  20.804  -29.891  38.596 0.0000000000
48464  20.116  -29.705  39.010 0.0000000000
48465  19.341  -28.986  39.060 0.0000000000
48481  20.718  -29.518  38.033 0.0000000000
48482  19.886  -28.811  38.233 0.0000000000
48483  19.382  -28.532  38.659 0.0000000000
48497  21.629  -29.621  36.692 0.0000000000
48498  21.112  -29.472  37.137 0.0000000000
48499  20.468  -28.925  37.328 0.0000000000
48513  21.165  -29.173  36.245 0.0000000000
48514  20.780  -29.028  36.743 0.0000000000
49532  18.871  -28.830  39.471 0.0000000000
49533  18.375  -28.388  39.900 0.0000000000
49544  18.931  -28.153  39.102 0.0000000000
49545  18.470  -27.805  39.493 0.0000000000
49554  19.751  -28.366  38.004 0.0000000000
49555  19.445  -28.057  38.229 0.0000000000
49563  19.892  -28.181  37.510 0.0000000000
49564  19.578  -27.711  37.765 0.0000000000
49573  20.886  -28.826  35.958 0.0000000000
49574  20.440  -28.402  36.289 0.0000000000
49588  21.148  -28.792  35.381 0.0000000000
49589  20.549  -28.165  35.314 0.0000000000
49610  21.447  -28.421  34.277 0.0000000000
49611  20.783  -28.193  34.714 0.0000000000
50644  31.118  -26.450  51.828 0.0000000000
50645  30.837  -26.707  51.816 0.0000000000
50646  30.156  -26.955  51.621 0.0000000000
50647  29.543  -26.986  51.175 0.0000000000
50651  31.926  -26.477  51.055 0.0000000000
50652  31.492  -26.600  51.303 0.0000000000
50653  30.912  -27.047  51.160 0.0000000000
50654  30.196  -27.156  50.838 0.0000000000
50655  29.497  -27.077  50.433 0.0000000000
50663  32.700  -26.571  50.388 0.0000000000
50664  32.318  -26.614  50.641 0.0000000000
50665  31.663  -27.078  50.631 0.0000000000
50666  30.917  -27.282  50.391 0.0000000000
50667  30.166  -27.262  50.070 0.0000000000
50668  29.563  -27.143  49.776 0.0000000000
50677  32.865  -26.736  50.212 0.0000000000
50678  32.339  -27.099  50.010 0.0000000000
50679  31.654  -27.298  49.850 0.0000000000
50680  30.844  -27.371  49.583 0.0000000000
50681  30.076  -27.278  49.337 0.0000000000
50682  29.363  -27.108  49.196 0.0000000000
50687  33.003  -27.026  49.718 0.0000000000
50688  32.444  -27.201  49.273 0.0000000000
50689  31.558  -27.345  49.048 0.0000000000
50690  30.732  -27.340  48.780 0.0000000000
50691  29.904  -27.236  48.622 0.0000000000
50692  29.194  -27.070  48.564 0.0000000000
50696  32.148  -27.238  48.593 0.0000000000
50697  31.492  -27.264  48.259 0.0000000000
50698  30.584  -27.221  47.915 0.0000000000
50699  29.601  -27.134  47.989 0.0000000000
50700  29.061  -27.039  48.117 0.0000000000
50736  17.859  -27.583  40.515 0.0000000000
50742  18.167  -27.345  39.838 0.0000000000
50748  19.006  -27.272  38.643 0.0000000000
50749  18.572  -27.262  39.261 0.0000000000
50757  19.335  -27.213  37.962 0.0000000000
50764  19.921  -27.696  36.848 0.0000000000
50765  19.649  -27.333  37.336 0.0000000000
50774  19.918  -27.229  36.295 0.0000000000
50775  19.798  -27.239  36.845 0.0000000000
50786  20.214  -27.531  35.477 0.0000000000
50806  20.781  -27.541  34.055 0.0000000000
50807  20.447  -27.717  34.820 0.0000000000
50830  21.584  -27.873  33.255 0.0000000000
50851  21.668  -27.303  32.352 0.0000000000
50869  21.668  -27.000  31.853 0.0000000000
51904  30.240  -25.909  53.796 0.0000000000
51905  29.327  -25.910  53.828 0.0000000000
51906  28.799  -25.797  53.737 0.0000000000
51916  31.202  -25.960  52.702 0.0000000000
51917  30.596  -26.258  53.044 0.0000000000
51918  29.707  -26.333  53.096 0.0000000000
51919  28.651  -26.025  53.121 0.0000000000
51920  28.000  -25.793  52.771 0.0000000000
51929  31.880  -26.011  51.552 0.0000000000
51930  31.398  -26.208  51.883 0.0000000000
51931  30.925  -26.417  52.320 0.0000000000
51932  30.254  -26.641  52.384 0.0000000000
51933  29.131  -26.644  52.008 0.0000000000
51934  28.093  -26.074  52.162 0.0000000000
51942  32.609  -26.045  50.847 0.0000000000
51943  32.200  -26.270  51.051 0.0000000000
51944  31.737  -26.316  51.324 0.0000000000
51945  28.837  -26.766  50.826 0.0000000000
51946  28.144  -26.289  51.185 0.0000000000
51954  33.875  -26.027  50.109 0.0000000000
51955  32.967  -26.370  50.390 0.0000000000
51956  32.520  -26.351  50.694 0.0000000000
51957  28.840  -26.854  49.816 0.0000000000
51958  28.125  -26.371  50.206 0.0000000000
51971  33.570  -26.539  49.767 0.0000000000
51972  28.758  -26.901  49.039 0.0000000000
51973  27.932  -26.477  49.163 0.0000000000
51974  27.234  -26.219  48.491 0.0000000000
51986  33.402  -26.885  49.016 0.0000000000
51987  32.773  -27.085  48.567 0.0000000000
51988  28.601  -26.896  48.419 0.0000000000
51989  27.918  -26.679  48.092 0.0000000000
51990  27.160  -26.406  47.721 0.0000000000
51994  33.956  -26.535  48.518 0.0000000000
51995  33.330  -26.709  48.122 0.0000000000
51996  32.393  -27.015  47.908 0.0000000000
51997  31.527  -27.007  47.498 0.0000000000
51998  30.852  -26.957  47.188 0.0000000000
51999  30.043  -27.041  47.268 0.0000000000
52000  28.933  -26.949  47.510 0.0000000000
52001  27.896  -26.738  47.168 0.0000000000
52002  26.911  -26.506  46.923 0.0000000000
52003  26.298  -26.376  46.493 0.0000000000
52007  32.966  -26.561  47.542 0.0000000000
52008  32.310  -26.533  47.201 0.0000000000
52009  31.465  -26.536  46.876 0.0000000000
52010  30.627  -26.597  46.644 0.0000000000
52011  29.730  -26.773  46.625 0.0000000000
52012  28.792  -26.759  46.480 0.0000000000
52013  27.812  -26.713  46.257 0.0000000000
52014  26.906  -26.625  46.035 0.0000000000
52015  26.039  -26.411  45.835 0.0000000000
52016  25.484  -26.252  45.410 0.0000000000
52020  30.300  -26.356  46.215 0.0000000000
52021  29.676  -26.336  45.940 0.0000000000
52022  28.729  -26.368  45.576 0.0000000000
52023  27.714  -26.496  45.437 0.0000000000
52024  26.842  -26.504  45.224 0.0000000000
52025  26.060  -26.403  44.993 0.0000000000
52026  25.381  -26.257  44.757 0.0000000000
52029  28.341  -26.154  44.977 0.0000000000
52030  27.655  -26.195  44.633 0.0000000000
52031  26.755  -26.271  44.468 0.0000000000
52032  25.988  -26.284  44.236 0.0000000000
52033  25.278  -26.163  44.050 0.0000000000
52034  24.734  -25.980  43.857 0.0000000000
52037  27.325  -25.989  44.052 0.0000000000
52038  26.685  -26.011  43.665 0.0000000000
52039  25.842  -26.051  43.513 0.0000000000
52040  25.167  -25.927  43.359 0.0000000000
52041  24.571  -25.731  43.247 0.0000000000
52052  26.284  -25.696  43.028 0.0000000000
52053  25.645  -25.716  42.837 0.0000000000
52054  25.034  -25.677  42.632 0.0000000000
52055  24.492  -25.500  42.462 0.0000000000
52070  26.026  -25.420  42.383 0.0000000000
52071  25.475  -25.455  42.112 0.0000000000
52072  24.938  -25.490  41.835 0.0000000000
52073  24.420  -25.381  41.628 0.0000000000
52074  17.630  -27.064  40.950 0.0000000000
52075  17.364  -26.481  41.540 0.0000000000
52089  25.798  -25.209  41.795 0.0000000000
52090  25.354  -25.242  41.309 0.0000000000
52091  24.839  -25.362  41.020 0.0000000000
52092  24.328  -25.345  40.778 0.0000000000
52093  17.815  -26.592  40.526 0.0000000000
52094  17.610  -25.783  40.948 0.0000000000
52102  25.146  -25.199  40.608 0.0000000000
52103  24.748  -25.283  40.152 0.0000000000
52104  24.203  -25.323  39.998 0.0000000000
52105  18.788  -26.590  38.993 0.0000000000
52106  18.341  -26.329  39.649 0.0000000000
52112  24.403  -25.212  39.447 0.0000000000
52113  24.082  -25.265  39.471 0.0000000000
52114  19.151  -26.315  38.333 0.0000000000
52119  19.534  -26.517  37.590 0.0000000000
52125  19.995  -26.407  36.365 0.0000000000
52126  19.779  -26.663  36.929 0.0000000000
52135  20.515  -26.155  34.873 0.0000000000
52136  20.129  -26.491  35.592 0.0000000000
52154  20.670  -26.424  34.068 0.0000000000
52155  20.304  -26.989  34.740 0.0000000000
52173  21.043  -26.794  33.055 0.0000000000
52193  21.433  -26.624  32.172 0.0000000000
53281  29.858  -25.395  54.544 0.0000000000
53282  28.726  -25.472  54.269 0.0000000000
53283  27.747  -24.908  54.522 0.0000000000
53284  27.169  -24.626  54.371 0.0000000000
53294  30.954  -25.675  53.486 0.0000000000
53295  28.501  -25.695  53.646 0.0000000000
53296  27.852  -25.425  53.393 0.0000000000
53297  26.984  -24.695  53.707 0.0000000000
53305  31.911  -25.725  51.603 0.0000000000
53307  27.558  -25.471  52.306 0.0000000000
53308  26.964  -24.897  52.585 0.0000000000
53315  32.711  -25.825  50.813 0.0000000000
53318  27.520  -25.649  51.364 0.0000000000
53319  26.932  -25.019  51.533 0.0000000000
53330  27.511  -25.830  50.406 0.0000000000
53331  26.936  -25.228  50.547 0.0000000000
53343  27.559  -26.056  49.786 0.0000000000
53344  26.763  -25.522  49.323 0.0000000000
53345  25.958  -25.000  48.973 0.0000000000
53360  26.564  -25.903  48.072 0.0000000000
53361  25.723  -25.168  48.227 0.0000000000
53362  25.043  -24.860  47.918 0.0000000000
53376  33.449  -26.379  47.618 0.0000000000
53377  26.623  -26.207  47.482 0.0000000000
53378  25.937  -25.986  47.163 0.0000000000
53379  24.868  -25.111  47.220 0.0000000000
53380  24.182  -24.883  46.851 0.0000000000
53393  32.197  -25.916  46.579 0.0000000000
53394  31.252  -26.057  46.362 0.0000000000
53395  30.722  -26.186  46.241 0.0000000000
53396  25.828  -26.193  46.424 0.0000000000
53397  25.157  -25.895  46.135 0.0000000000
53398  24.302  -25.247  46.305 0.0000000000
53409  32.375  -25.327  46.321 0.0000000000
53410  31.782  -25.355  46.168 0.0000000000
53411  30.682  -25.644  45.887 0.0000000000
53412  29.668  -25.581  45.316 0.0000000000
53413  28.928  -25.808  45.005 0.0000000000
53414  24.939  -26.065  45.246 0.0000000000
53415  24.213  -25.557  45.281 0.0000000000
53416  23.625  -25.199  44.551 0.0000000000
53425  29.243  -25.241  44.844 0.0000000000
53426  28.548  -25.473  44.481 0.0000000000
53427  27.873  -25.692  44.104 0.0000000000
53428  24.728  -26.031  44.554 0.0000000000
53429  24.155  -25.643  44.042 0.0000000000
53430  23.592  -25.089  43.677 0.0000000000
53437  28.183  -25.157  43.948 0.0000000000
53438  27.532  -25.365  43.538 0.0000000000
53439  26.864  -25.540  43.135 0.0000000000
53440  24.062  -25.405  43.111 0.0000000000
53441  23.662  -25.028  42.892 0.0000000000
53443  16.584  -24.731  43.825 0.0000000000
53445  27.176  -25.045  42.890 0.0000000000
53446  26.582  -25.276  42.637 0.0000000000
53447  24.001  -25.259  42.295 0.0000000000
53448  23.490  -24.887  42.188 0.0000000000
53449  17.139  -25.492  42.438 0.0000000000
53454  26.932  -24.865  42.363 0.0000000000
53455  26.354  -24.991  41.964 0.0000000000
53456  23.891  -25.207  41.452 0.0000000000
53457  23.362  -24.854  41.275 0.0000000000
53458  17.403  -25.280  41.517 0.0000000000
53471  25.903  -24.925  41.233 0.0000000000
53472  25.458  -25.026  40.710 0.0000000000
53473  23.801  -25.200  40.582 0.0000000000
53474  23.275  -24.868  40.347 0.0000000000
53475  18.000  -25.566  40.369 0.0000000000
53476  17.693  -25.013  40.882 0.0000000000
53492  25.802  -24.783  40.529 0.0000000000
53493  25.389  -25.019  39.948 0.0000000000
53494  24.868  -25.113  39.485 0.0000000000
53495  23.751  -25.189  39.742 0.0000000000
53496  23.133  -24.946  39.423 0.0000000000
53497  18.850  -25.787  39.059 0.0000000000
53498  18.479  -25.226  39.718 0.0000000000
53515  25.163  -24.851  39.108 0.0000000000
53516  24.628  -25.002  38.809 0.0000000000
53517  23.854  -25.125  38.776 0.0000000000
53518  22.756  -24.965  38.393 0.0000000000
53519  21.949  -24.794  38.011 0.0000000000
53520  19.263  -25.422  38.542 0.0000000000
53534  25.032  -24.758  38.366 0.0000000000
53535  24.439  -24.789  37.649 0.0000000000
53536  23.367  -24.960  37.451 0.0000000000
53537  22.357  -24.974  37.300 0.0000000000
53538  21.310  -24.901  37.385 0.0000000000
53539  20.407  -25.114  37.338 0.0000000000
53540  19.722  -25.518  37.802 0.0000000000
53553  23.727  -24.622  36.385 0.0000000000
53554  22.728  -24.871  36.370 0.0000000000
53555  21.661  -25.056  36.417 0.0000000000
53556  20.750  -25.343  36.605 0.0000000000
53557  20.115  -25.865  36.923 0.0000000000
53558  19.782  -26.129  37.298 0.0000000000
53576  23.598  -24.379  35.678 0.0000000000
53577  22.994  -24.548  35.307 0.0000000000
53578  21.885  -24.961  35.426 0.0000000000
53579  20.833  -25.539  35.626 0.0000000000
53580  20.319  -25.891  36.194 0.0000000000
53599  22.733  -24.443  34.600 0.0000000000
53600  22.057  -24.795  34.317 0.0000000000
53601  21.099  -25.510  34.597 0.0000000000
53626  21.733  -24.941  33.107 0.0000000000
53627  21.150  -25.640  33.561 0.0000000000
53655  21.323  -25.847  32.569 0.0000000000
54717  26.590  -23.863  55.623 0.0000000000
54718  26.000  -23.666  55.437 0.0000000000
54730  27.277  -24.564  54.691 0.0000000000
54731  26.683  -24.300  54.558 0.0000000000
54732  25.950  -23.826  54.947 0.0000000000
54741  26.303  -24.209  53.660 0.0000000000
54742  25.819  -23.905  54.083 0.0000000000
54751  26.323  -24.281  52.815 0.0000000000
54752  25.703  -23.851  53.152 0.0000000000
54762  26.282  -24.353  51.726 0.0000000000
54763  25.575  -23.854  52.091 0.0000000000
54776  26.346  -24.573  50.658 0.0000000000
54777  25.301  -23.850  50.722 0.0000000000
54778  24.694  -23.661  50.168 0.0000000000
54788  26.472  -24.939  50.008 0.0000000000
54789  25.801  -24.551  49.522 0.0000000000
54790  24.649  -23.868  49.467 0.0000000000
54791  24.027  -23.728  49.022 0.0000000000
54801  25.627  -24.759  48.778 0.0000000000
54802  24.964  -24.482  48.434 0.0000000000
54803  24.114  -24.018  48.510 0.0000000000
54813  24.696  -24.682  47.751 0.0000000000
54814  23.921  -24.374  47.450 0.0000000000
54815  23.122  -24.097  47.178 0.0000000000
54828  23.727  -24.796  46.401 0.0000000000
54829  22.931  -24.221  46.450 0.0000000000
54830  22.280  -23.868  46.036 0.0000000000
54844  31.512  -24.584  45.785 0.0000000000
54845  30.464  -24.567  45.367 0.0000000000
54846  29.723  -24.801  44.999 0.0000000000
54847  23.853  -25.145  45.870 0.0000000000
54848  23.352  -24.853  45.445 0.0000000000
54849  22.410  -24.148  45.210 0.0000000000
54860  29.910  -24.137  45.027 0.0000000000
54861  29.253  -24.413  44.563 0.0000000000
54862  28.636  -24.713  44.108 0.0000000000
54863  23.015  -24.690  44.320 0.0000000000
54864  22.307  -24.069  43.915 0.0000000000
54865  16.281  -24.264  44.297 0.0000000000
54874  28.814  -24.044  44.082 0.0000000000
54875  28.241  -24.352  43.597 0.0000000000
54876  27.670  -24.645  43.124 0.0000000000
54877  23.047  -24.577  43.130 0.0000000000
54878  22.313  -23.923  42.780 0.0000000000
54879  16.937  -24.561  43.101 0.0000000000
54880  16.604  -24.168  43.690 0.0000000000
54888  27.894  -24.012  43.061 0.0000000000
54889  27.393  -24.276  42.612 0.0000000000
54890  22.920  -24.398  42.038 0.0000000000
54891  22.303  -23.851  41.722 0.0000000000
54892  17.274  -24.529  42.125 0.0000000000
54899  26.893  -24.330  41.928 0.0000000000
54900  26.377  -24.554  41.500 0.0000000000
54901  22.841  -24.372  41.041 0.0000000000
54902  22.234  -23.873  40.740 0.0000000000
54903  17.895  -24.073  41.020 0.0000000000
54904  17.643  -24.424  41.248 0.0000000000
54906  26.634  -24.093  41.431 0.0000000000
54907  26.279  -24.278  40.892 0.0000000000
54908  22.734  -24.425  40.106 0.0000000000
54909  22.160  -24.013  39.926 0.0000000000
54910  18.090  -24.492  40.533 0.0000000000
54911  17.796  -24.629  40.882 0.0000000000
54916  26.021  -24.290  39.979 0.0000000000
54917  25.594  -24.551  39.388 0.0000000000
54918  22.457  -24.514  39.278 0.0000000000
54919  21.723  -24.015  39.285 0.0000000000
54920  19.026  -24.901  39.120 0.0000000000
54921  18.753  -24.382  39.748 0.0000000000
54929  25.868  -23.989  39.310 0.0000000000
54930  25.501  -24.217  38.697 0.0000000000
54931  22.042  -24.531  38.648 0.0000000000
54932  21.201  -24.301  38.415 0.0000000000
54933  20.324  -24.351  38.339 0.0000000000
54934  19.674  -24.701  38.530 0.0000000000
54944  25.171  -24.204  37.764 0.0000000000
54945  24.848  -24.403  37.253 0.0000000000
54946  20.676  -24.664  37.840 0.0000000000
54947  20.084  -24.844  37.937 0.0000000000
54948  19.821  -24.999  38.065 0.0000000000
54957  25.021  -23.945  37.105 0.0000000000
54958  24.594  -24.223  36.620 0.0000000000
54973  24.080  -24.101  35.718 0.0000000000
54974  23.569  -24.206  35.241 0.0000000000
54991  23.889  -23.782  34.947 0.0000000000
54992  23.167  -24.048  34.401 0.0000000000
54993  22.617  -24.392  34.280 0.0000000000
55011  22.756  -23.705  33.353 0.0000000000
55012  22.405  -24.317  33.690 0.0000000000
55031  22.576  -23.572  32.776 0.0000000000
55032  22.190  -24.111  32.520 0.0000000000
56096  25.470  -23.432  55.380 0.0000000000
56097  24.635  -23.149  55.049 0.0000000000
56098  24.050  -22.949  54.575 0.0000000000
56108  25.257  -23.510  54.541 0.0000000000
56109  24.529  -23.214  54.152 0.0000000000
56110  23.710  -22.961  53.858 0.0000000000
56111  23.080  -22.845  53.344 0.0000000000
56119  25.117  -23.520  53.636 0.0000000000
56120  24.358  -23.241  53.252 0.0000000000
56121  23.610  -23.049  52.910 0.0000000000
56122  22.928  -22.902  52.618 0.0000000000
56129  24.957  -23.518  52.654 0.0000000000
56130  24.164  -23.259  52.297 0.0000000000
56131  23.394  -23.081  52.077 0.0000000000
56132  22.714  -22.950  51.935 0.0000000000
56133  22.172  -22.862  51.888 0.0000000000
56141  24.743  -23.502  51.517 0.0000000000
56142  23.865  -23.254  51.381 0.0000000000
56143  23.053  -23.081  51.311 0.0000000000
56144  22.369  -22.950  51.346 0.0000000000
56145  21.853  -22.824  51.508 0.0000000000
56159  24.826  -23.575  50.933 0.0000000000
56160  24.389  -23.464  50.582 0.0000000000
56161  23.400  -23.214  50.520 0.0000000000
56162  22.558  -23.048  50.612 0.0000000000
56163  21.874  -22.880  50.821 0.0000000000
56177  24.390  -23.566  49.930 0.0000000000
56178  23.764  -23.447  49.555 0.0000000000
56179  22.729  -23.160  49.721 0.0000000000
56180  21.929  -22.972  49.974 0.0000000000
56190  23.569  -23.679  48.591 0.0000000000
56191  22.841  -23.355  48.743 0.0000000000
56192  21.865  -23.055  48.979 0.0000000000
56193  21.390  -22.865  48.738 0.0000000000
56195  14.524  -23.357  48.445 0.0000000000
56203  23.638  -23.955  48.070 0.0000000000
56204  23.007  -23.751  47.724 0.0000000000
56205  22.095  -23.223  47.972 0.0000000000
56206  21.376  -22.872  48.295 0.0000000000
56208  14.744  -23.242  47.936 0.0000000000
56217  22.765  -23.930  47.049 0.0000000000
56218  22.154  -23.535  46.812 0.0000000000
56219  21.314  -22.919  47.365 0.0000000000
56233  31.262  -23.690  45.443 0.0000000000
56234  30.474  -23.541  45.160 0.0000000000
56235  21.744  -23.502  45.686 0.0000000000
56236  21.131  -22.983  46.303 0.0000000000
56237  16.131  -23.532  44.673 0.0000000000
56238  15.672  -23.469  45.494 0.0000000000
56249  29.777  -23.419  44.814 0.0000000000
56250  29.191  -23.375  44.340 0.0000000000
56251  21.600  -23.531  44.597 0.0000000000
56252  20.914  -22.995  45.218 0.0000000000
56253  16.503  -23.632  43.935 0.0000000000
56260  28.684  -23.336  43.847 0.0000000000
56261  28.195  -23.321  43.341 0.0000000000
56262  21.562  -23.431  43.451 0.0000000000
56263  20.786  -22.963  44.112 0.0000000000
56264  17.179  -23.783  42.647 0.0000000000
56265  16.845  -23.718  43.345 0.0000000000
56274  27.758  -23.350  42.785 0.0000000000
56275  27.305  -23.481  42.200 0.0000000000
56276  21.584  -23.319  42.311 0.0000000000
56277  20.725  -22.878  42.954 0.0000000000
56278  17.887  -23.519  41.537 0.0000000000
56279  17.552  -23.723  41.855 0.0000000000
56290  26.966  -23.635  41.681 0.0000000000
56291  21.681  -23.391  41.331 0.0000000000
56292  20.637  -22.879  41.571 0.0000000000
56293  18.145  -23.639  41.038 0.0000000000
56294  17.801  -23.845  41.326 0.0000000000
56302  26.750  -23.454  41.172 0.0000000000
56303  26.443  -23.390  40.451 0.0000000000
56304  21.415  -23.436  40.327 0.0000000000
56305  20.250  -23.060  40.278 0.0000000000
56306  19.443  -23.354  39.982 0.0000000000
56307  18.767  -23.738  40.172 0.0000000000
56310  26.170  -23.309  39.674 0.0000000000
56311  20.881  -23.608  39.362 0.0000000000
56312  20.027  -23.554  39.358 0.0000000000
56313  19.349  -24.087  39.364 0.0000000000
56314  18.954  -24.044  39.751 0.0000000000
56317  25.869  -23.282  38.946 0.0000000000
56318  25.561  -23.304  38.170 0.0000000000
56319  20.474  -23.949  38.842 0.0000000000
56320  19.895  -24.092  38.843 0.0000000000
56321  19.657  -24.288  38.924 0.0000000000
56327  25.260  -23.242  37.373 0.0000000000
56335  25.005  -23.300  36.609 0.0000000000
56336  24.619  -23.460  35.940 0.0000000000
56344  24.346  -23.368  35.325 0.0000000000
56353  24.144  -23.108  34.702 0.0000000000
56354  23.742  -23.451  34.376 0.0000000000
56369  23.911  -22.931  34.154 0.0000000000
56370  23.454  -23.189  33.670 0.0000000000
56383  22.950  -23.098  32.780 0.0000000000
56384  22.541  -23.432  32.344 0.0000000000
56397  22.701  -22.952  32.039 0.0000000000
56398  22.439  -23.482  31.539 0.0000000000
57363  13.858  -22.332  55.474 0.0000000000
57369  23.591  -22.752  54.492 0.0000000000
57370  22.778  -22.522  54.230 0.0000000000
57371  21.561  -21.902  54.653 0.0000000000
57372  20.899  -21.711  54.433 0.0000000000
57373  13.909  -22.278  54.396 0.0000000000
57379  22.384  -22.702  53.062 0.0000000000
57380  21.603  -22.337  53.500 0.0000000000
57381  20.817  -21.920  53.901 0.0000000000
57382  13.901  -22.180  53.339 0.0000000000
57385  22.357  -22.824  52.359 0.0000000000
57386  21.585  -22.657  52.267 0.0000000000
57387  20.543  -22.149  52.811 0.0000000000
57388  19.970  -21.913  52.534 0.0000000000
57389  13.817  -21.970  52.460 0.0000000000
57393  21.289  -22.682  51.209 0.0000000000
57394  20.634  -22.383  51.691 0.0000000000
57395  19.976  -22.027  52.028 0.0000000000
57396  13.812  -22.202  51.610 0.0000000000
57403  21.274  -22.714  50.293 0.0000000000
57404  20.591  -22.416  50.672 0.0000000000
57405  19.936  -22.089  51.132 0.0000000000
57406  13.922  -22.421  50.509 0.0000000000
57417  21.342  -22.789  49.446 0.0000000000
57418  20.659  -22.474  49.675 0.0000000000
57419  19.796  -22.067  50.063 0.0000000000
57420  14.099  -22.760  49.628 0.0000000000
57429  21.384  -22.847  48.987 0.0000000000
57430  20.971  -22.648  48.831 0.0000000000
57431  19.994  -22.206  48.809 0.0000000000
57432  14.377  -22.630  48.813 0.0000000000
57437  20.659  -22.515  47.959 0.0000000000
57438  19.772  -22.130  47.617 0.0000000000
57439  14.858  -22.693  47.528 0.0000000000
57440  14.658  -22.654  48.123 0.0000000000
57446  20.475  -22.462  46.928 0.0000000000
57447  19.585  -22.060  46.563 0.0000000000
57448  15.132  -22.737  46.784 0.0000000000
57459  20.268  -22.434  45.863 0.0000000000
57460  19.250  -21.998  45.487 0.0000000000
57461  18.613  -21.901  44.938 0.0000000000
57462  16.740  -22.120  45.083 0.0000000000
57463  16.248  -22.600  45.084 0.0000000000
57464  15.545  -22.739  45.934 0.0000000000
57479  20.077  -22.448  44.785 0.0000000000
57480  19.215  -22.093  44.413 0.0000000000
57481  18.309  -21.968  44.283 0.0000000000
57482  17.253  -22.280  44.392 0.0000000000
57483  16.627  -22.979  44.110 0.0000000000
57497  19.957  -22.438  43.697 0.0000000000
57498  19.059  -22.120  43.391 0.0000000000
57499  18.108  -22.351  43.215 0.0000000000
57500  17.255  -23.027  43.181 0.0000000000
57501  16.787  -23.305  43.627 0.0000000000
57512  19.839  -22.427  42.605 0.0000000000
57513  18.925  -22.339  42.345 0.0000000000
57514  18.082  -22.998  41.953 0.0000000000
57515  17.496  -23.340  42.395 0.0000000000
57524  19.652  -22.482  41.777 0.0000000000
57525  19.041  -22.612  41.396 0.0000000000
57526  18.704  -23.124  40.901 0.0000000000
57539  19.803  -22.667  41.091 0.0000000000
57540  19.367  -22.933  40.639 0.0000000000
57541  19.047  -23.230  40.392 0.0000000000
57583  24.627  -22.972  35.560 0.0000000000
57599  24.543  -22.517  35.120 0.0000000000
57612  24.178  -22.380  34.367 0.0000000000
57628  23.846  -22.391  33.703 0.0000000000
57669  22.543  -23.111  30.886 0.0000000000
58620  20.882  -21.532  54.798 0.0000000000
58621  20.334  -21.462  54.358 0.0000000000
58622  19.502  -21.117  53.960 0.0000000000
58623  18.960  -20.957  53.348 0.0000000000
58624  13.753  -21.301  54.879 0.0000000000
58633  20.080  -21.662  53.522 0.0000000000
58634  19.473  -21.389  53.127 0.0000000000
58635  18.922  -21.159  52.617 0.0000000000
58636  13.870  -21.287  53.818 0.0000000000
58640  19.899  -21.772  52.886 0.0000000000
58641  19.518  -21.610  52.376 0.0000000000
58642  18.937  -21.334  51.861 0.0000000000
58643  13.910  -21.242  52.847 0.0000000000
58647  19.435  -21.706  51.566 0.0000000000
58648  18.966  -21.429  51.223 0.0000000000
58649  13.899  -21.189  51.884 0.0000000000
58656  19.299  -21.723  50.779 0.0000000000
58657  18.675  -21.288  50.602 0.0000000000
58658  18.139  -21.015  50.254 0.0000000000
58659  14.031  -21.288  50.769 0.0000000000
58668  19.074  -21.639  50.105 0.0000000000
58669  18.528  -21.318  49.794 0.0000000000
58670  17.815  -20.950  49.621 0.0000000000
58671  14.911  -21.017  49.036 0.0000000000
58672  14.431  -21.460  49.385 0.0000000000
58682  19.127  -21.719  49.318 0.0000000000
58683  18.358  -21.294  48.919 0.0000000000
58684  17.354  -20.958  48.698 0.0000000000
58685  16.412  -20.901  48.318 0.0000000000
58686  15.351  -21.123  48.510 0.0000000000
58687  14.755  -21.923  48.282 0.0000000000
58693  19.053  -21.738  48.288 0.0000000000
58694  18.156  -21.387  47.913 0.0000000000
58695  17.230  -21.184  47.587 0.0000000000
58696  16.262  -21.308  47.395 0.0000000000
58697  15.313  -21.885  47.325 0.0000000000
58698  14.860  -22.235  47.790 0.0000000000
58705  18.908  -21.731  47.243 0.0000000000
58706  18.062  -21.470  46.849 0.0000000000
58707  17.146  -21.412  46.498 0.0000000000
58708  16.208  -21.705  46.297 0.0000000000
58709  15.585  -22.175  46.399 0.0000000000
58714  18.797  -21.729  46.335 0.0000000000
58715  18.121  -21.637  45.640 0.0000000000
58716  17.071  -21.748  45.428 0.0000000000
58717  16.396  -21.971  45.480 0.0000000000
58718  15.930  -22.154  45.790 0.0000000000
58730  18.202  -21.815  44.927 0.0000000000
58731  17.779  -21.826  44.906 0.0000000000
59970  18.616  -20.382  54.076 0.0000000000
59971  17.845  -19.984  53.786 0.0000000000
59972  14.023  -20.363  54.280 0.0000000000
59985  18.357  -20.657  52.897 0.0000000000
59986  17.591  -20.089  53.096 0.0000000000
59987  16.992  -19.792  52.703 0.0000000000
59988  14.178  -20.438  53.264 0.0000000000
59998  18.391  -20.884  52.034 0.0000000000
59999  17.752  -20.395  52.148 0.0000000000
60000  17.099  -19.962  52.183 0.0000000000
60001  14.185  -20.531  52.384 0.0000000000
60009  18.521  -21.060  51.306 0.0000000000
60010  17.947  -20.624  51.341 0.0000000000
60011  17.185  -20.155  51.320 0.0000000000
60012  15.199  -19.828  51.295 0.0000000000
60013  14.548  -20.263  51.388 0.0000000000
60023  18.184  -20.881  50.788 0.0000000000
60024  17.564  -20.574  50.480 0.0000000000
60025  16.600  -20.126  50.501 0.0000000000
60026  15.472  -20.011  50.539 0.0000000000
60027  14.606  -20.652  50.119 0.0000000000
60036  16.992  -20.551  49.633 0.0000000000
60037  16.078  -20.339  49.612 0.0000000000
60038  15.149  -20.688  49.358 0.0000000000
60039  14.649  -20.851  49.555 0.0000000000
60049  16.523  -20.656  49.019 0.0000000000
60050  15.808  -20.703  48.931 0.0000000000
60051  15.431  -20.830  48.929 0.0000000000
61401  17.490  -19.797  53.612 0.0000000000
61402  16.771  -19.576  53.271 0.0000000000
61403  15.604  -19.371  53.448 0.0000000000
61404  14.654  -19.668  53.755 0.0000000000
61419  16.494  -19.689  52.285 0.0000000000
61420  15.753  -19.543  52.486 0.0000000000
61421  14.790  -19.814  52.629 0.0000000000
61437  16.575  -19.838  51.569 0.0000000000
61438  15.824  -19.691  51.555 0.0000000000
61439  15.171  -19.715  51.842 0.0000000000
61458  16.638  -19.965  51.097 0.0000000000
61459  16.216  -19.852  51.029 0.0000000000
