#!ascii label  , from subject colin27 vox2ras=TkReg coords=white
193
82916  12.305  -2.996  27.412 0.0000000000
82933  13.226  -3.004  25.852 0.0000000000
82934  12.837  -3.211  26.745 0.0000000000
82947  13.580  -3.933  24.297 0.0000000000
82948  13.510  -3.459  24.905 0.0000000000
82962  13.500  -3.989  23.607 0.0000000000
82963  13.467  -3.244  23.934 0.0000000000
82977  13.391  -4.134  23.169 0.0000000000
82978  13.098  -3.552  22.926 0.0000000000
84279  12.146  -1.982  27.200 0.0000000000
84297  12.946  -1.918  25.640 0.0000000000
84298  12.689  -2.413  26.552 0.0000000000
84317  13.300  -2.337  24.639 0.0000000000
84340  13.083  -2.355  23.407 0.0000000000
85678  12.071  -1.111  26.946 0.0000000000
85688  12.732  -1.176  25.555 0.0000000000
85689  12.509  -1.399  26.273 0.0000000000
85700  12.939  -1.258  24.842 0.0000000000
85718  12.978  -1.382  23.893 0.0000000000
85719  7.778  -1.258  24.074 0.0000000000
85739  12.481  -1.410  23.110 0.0000000000
85740  11.543  -1.328  22.644 0.0000000000
85741  10.407  -1.423  22.616 0.0000000000
85742  9.352  -1.645  22.990 0.0000000000
85743  8.449  -1.920  23.541 0.0000000000
87118  11.818  -0.360  27.224 0.0000000000
87136  12.565  -0.851  25.790 0.0000000000
87137  12.316  -0.374  26.101 0.0000000000
87154  12.654  -0.475  25.197 0.0000000000
87155  12.449  -0.031  25.423 0.0000000000
87176  12.672  -0.381  24.137 0.0000000000
87177  12.307  0.224  23.755 0.0000000000
87178  7.982  -0.137  23.898 0.0000000000
87179  7.086  -0.485  24.539 0.0000000000
87195  12.611  -0.820  23.522 0.0000000000
87196  12.011  -0.258  23.182 0.0000000000
87197  10.787  -0.354  22.815 0.0000000000
87198  9.653  -0.571  22.944 0.0000000000
87199  8.663  -0.880  23.428 0.0000000000
88602  11.990  0.603  26.474 0.0000000000
88620  12.523  0.143  25.013 0.0000000000
88621  12.300  0.563  25.406 0.0000000000
88648  12.583  -0.023  24.669 0.0000000000
88649  12.345  0.559  24.391 0.0000000000
88650  8.181  0.906  23.726 0.0000000000
88651  7.276  0.660  24.166 0.0000000000
88652  6.162  0.336  24.802 0.0000000000
88653  5.256  0.572  24.973 0.0000000000
88678  11.835  0.769  23.602 0.0000000000
88679  11.023  0.723  23.088 0.0000000000
88680  9.901  0.537  23.047 0.0000000000
88681  8.863  0.220  23.342 0.0000000000
90100  11.498  1.735  27.632 0.0000000000
90109  11.755  1.582  26.705 0.0000000000
90118  12.013  1.490  25.681 0.0000000000
90129  12.084  1.388  24.780 0.0000000000
90130  8.277  1.462  23.613 0.0000000000
90131  7.692  1.770  23.758 0.0000000000
90132  6.546  1.542  24.140 0.0000000000
90133  5.538  1.357  24.457 0.0000000000
90134  4.542  1.021  24.706 0.0000000000
90147  11.882  1.484  24.055 0.0000000000
90148  11.182  1.693  23.510 0.0000000000
90149  10.124  1.649  23.243 0.0000000000
90150  8.906  1.411  23.369 0.0000000000
90151  8.321  1.727  23.567 0.0000000000
91558  10.862  2.439  28.323 0.0000000000
91575  11.110  2.447  27.724 0.0000000000
91576  10.419  2.844  27.899 0.0000000000
91577  9.973  2.844  28.404 0.0000000000
91586  11.398  2.443  26.851 0.0000000000
91587  10.822  3.008  27.060 0.0000000000
91596  11.633  2.406  25.847 0.0000000000
91597  11.070  3.127  26.121 0.0000000000
91606  11.764  2.163  24.920 0.0000000000
91607  11.055  3.164  24.888 0.0000000000
91608  10.324  3.443  24.392 0.0000000000
91609  7.761  2.901  23.644 0.0000000000
91610  6.825  2.673  23.800 0.0000000000
91611  5.876  2.455  23.955 0.0000000000
91612  4.965  2.154  24.012 0.0000000000
91613  3.978  1.975  24.044 0.0000000000
91625  11.856  1.879  24.423 0.0000000000
91626  11.442  2.291  24.156 0.0000000000
91627  10.362  2.805  23.793 0.0000000000
91628  9.266  2.444  23.445 0.0000000000
91629  8.411  2.225  23.527 0.0000000000
91630  3.586  2.323  23.289 0.0000000000
92844  9.062  3.131  28.045 0.0000000000
92861  10.124  3.118  27.641 0.0000000000
92862  9.693  3.171  27.786 0.0000000000
92863  8.889  3.454  27.501 0.0000000000
92875  10.183  3.254  27.262 0.0000000000
92876  9.504  3.671  26.765 0.0000000000
92877  8.668  3.805  26.876 0.0000000000
92878  8.182  3.935  26.815 0.0000000000
92885  10.379  3.486  26.462 0.0000000000
92886  9.935  3.834  25.945 0.0000000000
92892  10.525  3.597  25.658 0.0000000000
92893  9.926  3.922  25.006 0.0000000000
92894  9.071  4.020  24.406 0.0000000000
92895  8.160  3.758  24.052 0.0000000000
92899  4.677  2.871  23.685 0.0000000000
92907  9.800  3.578  24.202 0.0000000000
92908  9.216  3.346  23.796 0.0000000000
92909  8.556  2.993  23.571 0.0000000000
92910  4.938  3.685  23.476 0.0000000000
92911  4.273  3.154  23.308 0.0000000000
92923  3.878  3.078  22.633 0.0000000000
92934  3.924  3.125  21.784 0.0000000000
92945  4.098  3.301  20.817 0.0000000000
94115  8.974  3.960  26.476 0.0000000000
94116  8.499  4.094  26.403 0.0000000000
94124  9.192  4.129  25.922 0.0000000000
94125  8.322  4.329  25.763 0.0000000000
94132  8.967  4.277  25.154 0.0000000000
94133  8.206  4.344  24.898 0.0000000000
94140  4.843  4.346  23.218 0.0000000000
94141  4.367  3.733  22.730 0.0000000000
94150  4.723  4.463  22.283 0.0000000000
94151  4.234  3.660  22.186 0.0000000000
94160  4.895  4.963  21.266 0.0000000000
94161  4.378  3.944  21.470 0.0000000000
94170  4.679  5.162  20.236 0.0000000000
94171  4.376  4.250  20.480 0.0000000000
94181  4.486  5.407  19.731 0.0000000000
94182  4.098  4.751  19.388 0.0000000000
95425  5.056  5.329  22.948 0.0000000000
95434  5.143  5.442  22.160 0.0000000000
95442  5.352  6.188  21.892 0.0000000000
95443  5.276  5.945  21.607 0.0000000000
95450  5.067  5.869  20.749 0.0000000000
95459  4.741  5.936  19.991 0.0000000000
95460  4.334  5.851  19.370 0.0000000000
95470  3.834  5.682  18.645 0.0000000000
95471  3.284  5.618  17.841 0.0000000000
95481  2.832  5.575  17.116 0.0000000000
96812  3.472  6.604  18.296 0.0000000000
96813  2.989  6.606  17.561 0.0000000000
96823  2.721  6.543  16.841 0.0000000000
82992  12.283  -3.594  22.258 0.0000000000
82993  11.610  -3.615  21.996 0.0000000000
82994  10.984  -3.467  22.008 0.0000000000
84318  6.401  -2.468  25.190 0.0000000000
84319  5.654  -2.452  25.093 0.0000000000
84341  7.723  -2.434  24.239 0.0000000000
84342  7.095  -2.693  24.866 0.0000000000
84365  12.191  -2.532  22.512 0.0000000000
84366  11.068  -2.253  22.321 0.0000000000
84367  10.006  -2.555  22.598 0.0000000000
84368  9.005  -2.581  23.138 0.0000000000
84369  8.390  -2.730  23.672 0.0000000000
84386  11.907  -3.160  22.187 0.0000000000
84387  11.435  -2.972  22.144 0.0000000000
84388  10.734  -2.967  22.220 0.0000000000
85701  6.381  -1.768  25.279 0.0000000000
85702  5.826  -1.451  25.395 0.0000000000
85703  4.933  -1.497  25.261 0.0000000000
85720  6.917  -1.675  24.898 0.0000000000
85721  6.370  -1.440  25.258 0.0000000000
87156  5.659  -0.385  25.328 0.0000000000
87157  4.979  -0.623  25.509 0.0000000000
87180  6.351  -0.846  25.128 0.0000000000
88622  5.532  0.156  25.167 0.0000000000
88623  5.089  0.099  25.366 0.0000000000
85704  4.202  -1.255  24.881 0.0000000000
85705  3.698  -0.904  24.839 0.0000000000
85723  3.836  -1.032  24.667 0.0000000000
87158  4.217  -0.637  25.343 0.0000000000
87159  3.629  -0.549  24.995 0.0000000000
87182  3.608  -0.600  24.465 0.0000000000
88624  4.366  0.220  25.292 0.0000000000
88625  3.715  0.127  25.158 0.0000000000
88654  4.786  0.469  25.121 0.0000000000
88655  3.289  0.284  24.513 0.0000000000
88656  2.951  0.777  24.210 0.0000000000
88683  3.417  0.008  23.882 0.0000000000
88684  2.998  0.586  23.937 0.0000000000
88705  3.188  0.511  23.639 0.0000000000
90119  4.073  0.668  25.019 0.0000000000
90120  3.898  0.488  25.124 0.0000000000
90135  3.680  0.900  24.709 0.0000000000
90136  3.105  1.075  24.348 0.0000000000
90152  3.261  1.595  23.286 0.0000000000
90153  2.956  1.135  23.868 0.0000000000
90168  3.141  0.936  23.455 0.0000000000
91614  3.432  1.412  24.279 0.0000000000
91631  3.288  1.619  23.883 0.0000000000
84320  5.116  -2.273  24.582 0.0000000000
84321  4.543  -1.668  24.500 0.0000000000
85722  4.168  -1.178  24.263 0.0000000000
87181  3.817  -0.732  24.141 0.0000000000
87201  3.654  -0.496  24.056 0.0000000000
