#!ascii label  , from subject colin27 vox2ras=TkReg coords=white
524
90443  58.747  1.924  -4.007 0.0000000000
90444  58.450  1.796  -4.459 0.0000000000
91841  58.685  2.153  -1.590 0.0000000000
91842  58.408  2.393  -0.835 0.0000000000
91843  57.984  3.111  -0.368 0.0000000000
91858  58.894  2.328  -2.205 0.0000000000
91872  59.035  2.387  -2.974 0.0000000000
91882  59.037  2.463  -3.714 0.0000000000
91890  58.843  2.513  -4.351 0.0000000000
91891  58.504  2.476  -4.822 0.0000000000
93090  56.025  3.342  0.880 0.0000000000
93102  57.385  3.524  0.040 0.0000000000
93103  56.759  3.376  0.456 0.0000000000
93112  58.816  3.326  -1.477 0.0000000000
93113  58.261  3.566  -0.693 0.0000000000
93114  57.848  3.673  -0.358 0.0000000000
93128  59.225  3.306  -2.433 0.0000000000
93140  59.352  3.282  -3.297 0.0000000000
93150  59.283  3.233  -4.093 0.0000000000
93160  58.905  3.302  -4.831 0.0000000000
94281  64.308  4.627  6.181 0.0000000000
94282  63.502  4.531  6.234 0.0000000000
94283  62.994  4.657  6.130 0.0000000000
94289  65.213  4.670  4.829 0.0000000000
94290  64.617  4.408  5.271 0.0000000000
94291  63.817  4.304  5.524 0.0000000000
94292  63.081  4.544  5.634 0.0000000000
94297  65.312  4.583  3.981 0.0000000000
94298  64.751  4.249  4.389 0.0000000000
94299  64.009  4.161  4.686 0.0000000000
94300  63.223  4.423  4.864 0.0000000000
94304  65.473  4.566  3.017 0.0000000000
94305  64.829  4.214  3.465 0.0000000000
94306  64.118  4.123  3.837 0.0000000000
94307  63.406  4.293  4.017 0.0000000000
94311  65.992  4.876  1.600 0.0000000000
94312  65.607  4.563  2.034 0.0000000000
94313  64.975  4.205  2.460 0.0000000000
94314  63.984  4.160  2.877 0.0000000000
94315  63.616  4.224  3.451 0.0000000000
94316  54.205  4.219  2.369 0.0000000000
94323  66.155  4.791  0.949 0.0000000000
94324  65.788  4.528  1.177 0.0000000000
94325  65.198  4.254  1.416 0.0000000000
94326  64.341  4.291  1.770 0.0000000000
94327  56.113  4.583  0.909 0.0000000000
94328  55.359  4.147  1.349 0.0000000000
94329  54.744  3.855  1.793 0.0000000000
94341  66.139  4.842  0.505 0.0000000000
94342  65.953  4.632  0.481 0.0000000000
94343  65.467  4.398  0.465 0.0000000000
94344  64.585  4.469  0.497 0.0000000000
94345  57.180  4.515  0.122 0.0000000000
94346  56.681  4.052  0.448 0.0000000000
94354  66.093  4.927  -0.036 0.0000000000
94355  65.757  4.652  -0.299 0.0000000000
94356  65.131  4.489  -0.519 0.0000000000
94357  64.514  4.675  -0.341 0.0000000000
94358  58.907  4.274  -1.397 0.0000000000
94359  58.524  4.369  -0.923 0.0000000000
94360  57.788  4.480  -0.343 0.0000000000
94370  66.059  4.970  -0.966 0.0000000000
94371  65.637  4.721  -1.275 0.0000000000
94372  65.051  4.717  -1.614 0.0000000000
94373  59.274  4.215  -1.872 0.0000000000
94388  66.000  4.979  -1.928 0.0000000000
94389  65.530  4.889  -2.230 0.0000000000
94390  64.936  4.992  -2.629 0.0000000000
94391  59.967  4.708  -3.020 0.0000000000
94392  59.694  4.360  -2.791 0.0000000000
94405  65.766  5.174  -2.636 0.0000000000
94406  65.379  5.207  -3.080 0.0000000000
94407  64.882  5.274  -3.468 0.0000000000
94408  60.010  4.654  -3.360 0.0000000000
94409  59.665  4.016  -3.693 0.0000000000
94417  65.121  5.362  -3.569 0.0000000000
94418  64.866  5.555  -3.945 0.0000000000
94419  60.070  4.582  -4.057 0.0000000000
94420  59.539  4.020  -4.431 0.0000000000
94427  60.013  4.650  -4.688 0.0000000000
94428  59.408  4.330  -5.091 0.0000000000
95545  63.781  6.141  9.812 0.0000000000
95546  63.557  6.047  9.847 0.0000000000
95550  64.130  6.104  9.295 0.0000000000
95551  63.923  6.015  9.527 0.0000000000
95552  63.352  5.704  9.452 0.0000000000
95553  62.792  5.590  9.127 0.0000000000
95557  64.192  5.993  8.950 0.0000000000
95558  63.927  5.543  8.836 0.0000000000
95559  63.312  5.307  8.638 0.0000000000
95560  62.490  5.487  8.401 0.0000000000
95563  64.324  5.733  8.120 0.0000000000
95564  63.933  5.133  7.952 0.0000000000
95565  63.120  5.040  7.724 0.0000000000
95566  62.194  5.387  7.369 0.0000000000
95570  64.433  5.375  6.961 0.0000000000
95571  63.771  4.799  7.012 0.0000000000
95572  62.876  4.890  6.694 0.0000000000
95573  61.954  5.365  6.349 0.0000000000
95577  65.393  5.071  4.962 0.0000000000
95578  65.048  5.181  5.641 0.0000000000
95579  62.527  4.912  5.888 0.0000000000
95580  61.836  5.362  5.403 0.0000000000
95585  65.482  5.088  4.392 0.0000000000
95586  62.483  4.845  5.075 0.0000000000
95587  61.793  5.338  4.460 0.0000000000
95588  61.415  5.728  3.895 0.0000000000
95593  65.672  5.156  3.523 0.0000000000
95594  62.599  4.723  4.169 0.0000000000
95595  61.976  5.258  3.552 0.0000000000
95596  61.300  5.881  3.209 0.0000000000
95597  54.022  5.779  2.864 0.0000000000
95598  53.344  5.366  3.344 0.0000000000
95599  52.748  6.012  3.839 0.0000000000
95601  66.078  5.158  1.726 0.0000000000
95602  65.958  5.203  2.374 0.0000000000
95603  63.502  4.373  2.721 0.0000000000
95604  62.993  4.594  3.032 0.0000000000
95605  61.954  5.507  2.527 0.0000000000
95606  61.213  6.087  2.479 0.0000000000
95607  56.384  6.037  1.718 0.0000000000
95608  55.892  5.884  1.884 0.0000000000
95609  54.610  5.496  2.413 0.0000000000
95610  53.835  4.697  2.760 0.0000000000
95612  66.226  5.143  1.263 0.0000000000
95613  63.547  4.519  2.228 0.0000000000
95614  62.812  5.189  1.798 0.0000000000
95615  62.096  5.699  1.730 0.0000000000
95616  57.263  5.930  0.761 0.0000000000
95617  56.664  5.751  1.191 0.0000000000
95618  55.562  5.090  1.571 0.0000000000
95619  54.859  4.577  1.851 0.0000000000
95629  66.243  5.221  0.505 0.0000000000
95630  63.646  4.804  1.094 0.0000000000
95631  62.978  5.526  0.634 0.0000000000
95632  57.965  5.896  -0.090 0.0000000000
95633  57.464  5.503  0.209 0.0000000000
95634  56.759  4.921  0.504 0.0000000000
95644  66.269  5.540  -0.560 0.0000000000
95645  64.567  4.827  -0.947 0.0000000000
95646  63.666  5.320  -0.352 0.0000000000
95647  63.134  5.629  0.051 0.0000000000
95648  59.059  5.108  -1.254 0.0000000000
95649  58.210  5.365  -0.460 0.0000000000
95650  57.767  5.161  -0.255 0.0000000000
95658  66.220  5.473  -1.639 0.0000000000
95659  64.233  5.311  -1.855 0.0000000000
95660  63.443  5.793  -1.500 0.0000000000
95661  60.077  5.399  -2.181 0.0000000000
95662  59.688  4.917  -1.994 0.0000000000
95674  66.047  5.481  -2.527 0.0000000000
95675  64.198  5.428  -3.154 0.0000000000
95676  63.116  6.009  -2.693 0.0000000000
95677  61.763  6.113  -3.046 0.0000000000
95678  60.858  5.691  -3.052 0.0000000000
95679  60.190  5.091  -2.877 0.0000000000
95680  59.916  4.956  -2.466 0.0000000000
95695  65.630  5.606  -3.259 0.0000000000
95696  65.348  5.442  -3.466 0.0000000000
95697  64.296  5.573  -4.058 0.0000000000
95698  63.363  5.702  -3.943 0.0000000000
95699  62.254  5.842  -3.863 0.0000000000
95700  61.216  5.629  -3.811 0.0000000000
95701  60.483  5.141  -3.617 0.0000000000
95715  65.530  5.908  -3.697 0.0000000000
95716  65.219  5.748  -3.905 0.0000000000
95717  64.518  5.955  -4.697 0.0000000000
95718  63.614  5.916  -4.822 0.0000000000
95719  62.553  5.886  -4.795 0.0000000000
95720  61.460  5.596  -4.650 0.0000000000
95721  60.616  5.127  -4.387 0.0000000000
95729  64.301  6.278  -5.308 0.0000000000
95730  63.874  6.169  -5.457 0.0000000000
95731  62.874  6.215  -5.801 0.0000000000
95732  61.691  5.889  -5.548 0.0000000000
95733  60.431  5.262  -5.319 0.0000000000
95742  62.540  6.482  -6.469 0.0000000000
95743  61.936  6.279  -6.396 0.0000000000
95744  60.931  5.951  -6.262 0.0000000000
96889  63.812  6.766  9.758 0.0000000000
96890  63.591  6.468  9.967 0.0000000000
96891  62.833  6.260  10.134 0.0000000000
96892  61.739  6.821  10.250 0.0000000000
96893  61.105  7.274  10.238 0.0000000000
96898  63.926  6.371  9.689 0.0000000000
96899  62.755  5.817  9.572 0.0000000000
96900  61.954  6.089  9.288 0.0000000000
96901  60.798  6.958  9.636 0.0000000000
96902  60.177  7.207  9.467 0.0000000000
96907  61.540  6.002  8.024 0.0000000000
96908  60.800  6.560  8.641 0.0000000000
96909  60.116  7.053  9.021 0.0000000000
96914  61.280  5.987  6.879 0.0000000000
96915  60.486  6.633  7.467 0.0000000000
96916  60.041  6.952  8.240 0.0000000000
96921  61.214  5.999  5.796 0.0000000000
96922  60.370  6.679  6.225 0.0000000000
96923  59.857  7.068  6.048 0.0000000000
96924  50.853  6.943  5.611 0.0000000000
96925  50.478  6.650  6.118 0.0000000000
96927  65.379  5.549  4.798 0.0000000000
96928  65.008  6.142  5.211 0.0000000000
96929  61.233  5.911  4.828 0.0000000000
96930  60.471  6.511  5.091 0.0000000000
96931  59.765  7.047  5.477 0.0000000000
96932  51.854  6.818  4.718 0.0000000000
96933  51.266  6.566  5.135 0.0000000000
96934  50.793  6.578  5.590 0.0000000000
96936  65.592  5.733  4.014 0.0000000000
96937  65.285  6.278  4.356 0.0000000000
96938  61.300  5.840  4.283 0.0000000000
96939  60.670  6.256  3.937 0.0000000000
96940  59.432  6.949  4.303 0.0000000000
96941  58.686  7.171  4.086 0.0000000000
96942  52.930  6.751  4.016 0.0000000000
96943  52.317  6.479  4.301 0.0000000000
96944  51.777  6.471  4.703 0.0000000000
96946  65.815  6.071  3.083 0.0000000000
96947  65.518  6.393  3.694 0.0000000000
96948  60.530  6.316  2.778 0.0000000000
96949  59.591  6.690  3.075 0.0000000000
96950  58.405  7.012  3.316 0.0000000000
96951  57.313  6.975  2.952 0.0000000000
96952  56.339  6.959  2.953 0.0000000000
96953  55.350  6.859  3.030 0.0000000000
96954  54.262  6.415  3.054 0.0000000000
96955  53.317  6.484  3.632 0.0000000000
96956  52.819  6.436  3.922 0.0000000000
96958  66.148  5.552  1.613 0.0000000000
96959  65.973  6.235  2.020 0.0000000000
96960  61.492  6.057  1.850 0.0000000000
96961  60.707  6.381  1.900 0.0000000000
96962  59.787  6.620  1.997 0.0000000000
96963  58.705  6.753  2.091 0.0000000000
96964  57.657  6.671  2.175 0.0000000000
96965  56.620  6.412  2.100 0.0000000000
96966  55.609  6.372  2.454 0.0000000000
96967  54.939  6.324  2.675 0.0000000000
96969  66.251  5.610  0.982 0.0000000000
96970  66.080  6.266  1.127 0.0000000000
96971  62.429  5.710  1.228 0.0000000000
96972  61.892  6.098  1.211 0.0000000000
96973  61.143  6.456  1.147 0.0000000000
96974  60.196  6.683  1.074 0.0000000000
96975  59.092  6.680  1.018 0.0000000000
96976  57.779  6.332  0.994 0.0000000000
96977  57.163  6.333  1.607 0.0000000000
96985  66.257  6.083  0.248 0.0000000000
96986  65.919  6.842  0.484 0.0000000000
96987  62.385  6.012  0.704 0.0000000000
96988  61.767  6.384  0.468 0.0000000000
96989  60.816  6.660  0.263 0.0000000000
96990  59.742  6.636  0.084 0.0000000000
96991  58.564  6.255  -0.042 0.0000000000
96992  57.881  6.086  0.239 0.0000000000
97002  66.242  6.300  -0.640 0.0000000000
97003  63.162  5.783  -0.458 0.0000000000
97004  62.728  6.050  -0.134 0.0000000000
97005  61.590  6.556  -0.450 0.0000000000
97006  60.532  6.531  -0.716 0.0000000000
97007  59.504  6.082  -0.893 0.0000000000
97008  58.803  5.765  -0.696 0.0000000000
97014  66.286  6.158  -1.411 0.0000000000
97015  63.084  5.999  -0.868 0.0000000000
97016  62.309  6.394  -1.114 0.0000000000
97017  61.330  6.437  -1.421 0.0000000000
97018  60.392  6.036  -1.673 0.0000000000
97019  59.741  5.544  -1.604 0.0000000000
97030  66.217  6.061  -2.310 0.0000000000
97031  62.850  6.184  -1.671 0.0000000000
97032  62.095  6.319  -2.078 0.0000000000
97033  61.143  6.131  -2.316 0.0000000000
97034  60.544  5.683  -2.424 0.0000000000
97048  65.921  6.044  -3.091 0.0000000000
97049  65.684  6.319  -3.524 0.0000000000
97068  65.708  6.071  -3.537 0.0000000000
97069  65.463  6.323  -4.036 0.0000000000
97070  64.988  6.221  -4.507 0.0000000000
97086  65.026  6.642  -4.608 0.0000000000
97087  64.598  6.599  -5.175 0.0000000000
97088  64.122  6.513  -5.738 0.0000000000
97089  63.586  6.468  -6.038 0.0000000000
97101  64.258  6.942  -5.793 0.0000000000
97102  63.810  6.922  -6.221 0.0000000000
97103  63.065  6.795  -6.629 0.0000000000
97104  62.252  6.714  -6.935 0.0000000000
97105  61.258  6.714  -7.113 0.0000000000
97114  62.606  7.140  -7.168 0.0000000000
97115  62.009  7.190  -7.440 0.0000000000
98346  52.085  7.738  10.760 0.0000000000
98347  51.244  7.038  11.326 0.0000000000
98356  63.463  7.435  10.159 0.0000000000
98357  63.070  7.132  10.539 0.0000000000
98358  62.352  7.255  10.721 0.0000000000
98359  61.464  7.719  10.790 0.0000000000
98360  60.333  7.675  10.191 0.0000000000
98361  59.192  8.076  10.024 0.0000000000
98362  58.282  8.295  10.118 0.0000000000
98364  51.990  7.938  9.657 0.0000000000
98365  51.211  7.470  10.227 0.0000000000
98366  50.536  6.899  10.630 0.0000000000
98369  60.212  7.308  9.709 0.0000000000
98370  59.566  7.463  9.466 0.0000000000
98371  58.609  7.904  9.585 0.0000000000
98372  57.873  8.056  9.822 0.0000000000
98373  51.906  8.056  8.616 0.0000000000
98374  51.136  7.673  9.162 0.0000000000
98375  50.394  7.209  9.656 0.0000000000
98378  59.389  7.335  8.541 0.0000000000
98379  58.704  7.649  8.920 0.0000000000
98380  58.038  7.878  9.150 0.0000000000
98381  51.821  8.174  7.668 0.0000000000
98382  51.071  7.825  8.125 0.0000000000
98383  50.318  7.362  8.622 0.0000000000
98386  59.947  7.065  6.735 0.0000000000
98387  59.485  7.315  7.464 0.0000000000
98388  58.481  7.725  8.065 0.0000000000
98389  58.200  7.809  8.635 0.0000000000
98390  51.793  8.209  7.122 0.0000000000
98391  51.165  7.879  7.039 0.0000000000
98392  50.295  7.391  7.598 0.0000000000
98396  59.894  7.073  6.302 0.0000000000
98397  59.341  7.405  6.208 0.0000000000
98398  58.547  7.843  6.962 0.0000000000
98399  51.672  7.695  5.743 0.0000000000
98400  50.950  7.472  6.089 0.0000000000
98401  50.411  7.261  6.735 0.0000000000
98405  58.938  7.407  5.049 0.0000000000
98406  58.004  7.959  5.697 0.0000000000
98407  57.125  8.193  5.543 0.0000000000
98408  52.584  7.595  4.924 0.0000000000
98409  51.827  7.344  5.080 0.0000000000
98410  51.257  7.253  5.479 0.0000000000
98414  58.797  7.259  4.429 0.0000000000
98415  58.077  7.463  4.297 0.0000000000
98416  56.805  7.997  4.702 0.0000000000
98417  55.482  7.929  4.378 0.0000000000
98418  54.446  7.788  4.263 0.0000000000
98419  53.613  7.559  4.283 0.0000000000
98420  52.879  7.232  4.364 0.0000000000
98421  52.267  7.134  4.624 0.0000000000
98426  57.728  7.216  3.558 0.0000000000
98427  57.072  7.421  3.651 0.0000000000
98428  56.013  7.490  3.673 0.0000000000
98429  54.920  7.359  3.610 0.0000000000
98430  53.957  7.194  3.707 0.0000000000
98431  53.330  7.075  3.961 0.0000000000
98448  65.967  6.888  -0.317 0.0000000000
98449  65.502  7.584  0.024 0.0000000000
98459  66.007  6.890  -1.183 0.0000000000
98460  65.575  7.628  -0.891 0.0000000000
98465  66.035  6.792  -2.052 0.0000000000
98466  65.641  7.591  -1.764 0.0000000000
98473  65.896  6.605  -2.856 0.0000000000
98480  65.798  6.461  -3.292 0.0000000000
98530  63.484  7.527  -6.617 0.0000000000
98531  62.990  7.402  -7.037 0.0000000000
98551  63.068  7.852  -7.026 0.0000000000
98552  62.585  7.732  -7.430 0.0000000000
99768  53.840  8.317  11.258 0.0000000000
99769  52.991  8.051  11.057 0.0000000000
99788  54.713  8.282  10.545 0.0000000000
99789  53.813  8.147  10.297 0.0000000000
99790  52.912  7.992  10.019 0.0000000000
99793  57.278  8.206  10.241 0.0000000000
99794  56.482  8.091  10.082 0.0000000000
99795  55.585  8.077  9.836 0.0000000000
99796  54.664  8.096  9.566 0.0000000000
99797  53.741  8.039  9.288 0.0000000000
99798  52.815  8.027  8.978 0.0000000000
99801  57.284  7.960  9.485 0.0000000000
99802  56.473  7.986  9.126 0.0000000000
99803  55.519  8.052  8.835 0.0000000000
99804  54.570  8.120  8.559 0.0000000000
99805  53.622  8.190  8.287 0.0000000000
99806  52.678  8.255  7.998 0.0000000000
99809  57.998  7.902  8.014 0.0000000000
99810  57.559  7.971  8.394 0.0000000000
99811  56.394  8.119  8.104 0.0000000000
99812  55.402  8.193  7.826 0.0000000000
99813  54.433  8.278  7.569 0.0000000000
99814  53.457  8.364  7.314 0.0000000000
99815  52.442  8.335  7.047 0.0000000000
99816  51.829  8.160  6.727 0.0000000000
99820  57.929  7.977  7.591 0.0000000000
99821  57.156  8.165  7.369 0.0000000000
99822  56.211  8.285  7.091 0.0000000000
99823  55.235  8.346  6.848 0.0000000000
99824  54.259  8.380  6.604 0.0000000000
99825  53.265  8.356  6.356 0.0000000000
99826  52.292  8.116  6.139 0.0000000000
99827  51.555  7.917  6.333 0.0000000000
99831  57.756  8.114  6.774 0.0000000000
99832  57.004  8.298  6.299 0.0000000000
99833  55.993  8.368  6.147 0.0000000000
99834  55.038  8.407  5.905 0.0000000000
99835  54.059  8.309  5.678 0.0000000000
99836  53.080  8.051  5.433 0.0000000000
99837  52.286  7.799  5.451 0.0000000000
99841  56.568  8.280  5.568 0.0000000000
99842  55.801  8.287  5.254 0.0000000000
99843  54.792  8.267  5.002 0.0000000000
99844  53.864  8.044  4.859 0.0000000000
99845  53.210  7.729  4.757 0.0000000000
99884  65.064  8.380  -0.641 0.0000000000
99895  65.164  8.389  -1.453 0.0000000000
99964  62.855  8.163  -7.177 0.0000000000
101204  64.731  9.123  -1.190 0.0000000000
102458  64.451  9.573  -1.032 0.0000000000
96913  64.467  6.346  7.365 0.0000000000
96920  64.707  6.190  6.240 0.0000000000
98394  64.032  7.323  6.507 0.0000000000
98403  64.401  6.940  5.466 0.0000000000
98404  63.622  7.657  5.507 0.0000000000
98412  64.692  6.874  4.541 0.0000000000
98413  63.875  7.472  4.629 0.0000000000
98423  65.421  6.801  3.133 0.0000000000
98424  65.007  6.996  3.658 0.0000000000
98425  64.225  7.420  3.769 0.0000000000
98433  65.539  6.939  2.394 0.0000000000
98434  64.876  7.490  2.653 0.0000000000
98435  64.522  7.457  3.225 0.0000000000
98437  65.490  7.356  1.236 0.0000000000
98438  65.222  7.509  2.009 0.0000000000
99839  62.948  8.171  4.683 0.0000000000
99847  63.320  7.904  3.715 0.0000000000
99848  62.554  8.658  3.655 0.0000000000
99850  64.321  7.986  2.199 0.0000000000
99851  63.874  7.897  2.775 0.0000000000
99852  62.911  8.456  2.791 0.0000000000
99854  64.900  8.074  0.974 0.0000000000
99855  64.696  8.030  1.619 0.0000000000
99856  63.731  8.466  1.710 0.0000000000
99857  63.263  8.455  2.234 0.0000000000
99870  64.874  8.380  0.222 0.0000000000
99871  64.453  8.508  0.796 0.0000000000
99872  64.152  8.488  1.213 0.0000000000
101165  62.213  9.114  2.727 0.0000000000
101168  63.258  8.936  1.283 0.0000000000
101169  62.621  9.107  1.674 0.0000000000
101182  64.590  8.868  -0.105 0.0000000000
101183  64.346  9.117  0.037 0.0000000000
101184  63.671  9.027  0.777 0.0000000000
101185  63.036  9.237  1.034 0.0000000000
101194  64.560  9.119  -0.517 0.0000000000
101195  64.328  9.445  -0.456 0.0000000000
102440  64.169  9.595  -0.348 0.0000000000
102441  63.773  9.749  -0.069 0.0000000000
102442  62.651  9.974  0.487 0.0000000000
102459  64.122  10.004  -0.827 0.0000000000
102460  63.431  10.615  -0.535 0.0000000000
102461  62.794  11.037  -0.373 0.0000000000
103715  63.881  11.157  -1.175 0.0000000000
103716  63.316  11.810  -0.964 0.0000000000
103738  63.864  11.827  -1.350 0.0000000000
104972  63.788  12.447  -1.519 0.0000000000
94429  58.757  4.308  -5.395 0.0000000000
94430  57.953  4.216  -5.333 0.0000000000
95722  57.300  5.457  -4.795 0.0000000000
95734  59.411  5.016  -5.624 0.0000000000
95735  58.596  5.296  -5.550 0.0000000000
95736  57.669  4.997  -5.128 0.0000000000
95745  59.922  5.621  -6.127 0.0000000000
95746  59.285  5.523  -5.908 0.0000000000
97071  57.338  5.863  -4.800 0.0000000000
97072  56.848  6.070  -4.439 0.0000000000
97090  58.525  6.052  -5.701 0.0000000000
97091  57.780  6.048  -5.209 0.0000000000
97092  57.292  6.887  -4.966 0.0000000000
97106  60.253  6.351  -6.741 0.0000000000
97107  59.181  6.240  -6.221 0.0000000000
97116  61.440  7.298  -7.583 0.0000000000
98494  56.557  7.161  -4.645 0.0000000000
98511  58.439  6.629  -5.843 0.0000000000
98512  57.818  7.178  -5.668 0.0000000000
98513  56.940  7.663  -5.401 0.0000000000
98514  55.779  7.700  -5.249 0.0000000000
98532  60.490  6.884  -7.217 0.0000000000
98533  59.782  7.058  -7.056 0.0000000000
98534  58.620  7.504  -6.635 0.0000000000
98535  57.467  8.056  -6.265 0.0000000000
98536  56.340  8.245  -6.153 0.0000000000
98553  61.785  7.803  -7.823 0.0000000000
98554  60.705  7.570  -7.675 0.0000000000
98555  59.518  7.949  -7.518 0.0000000000
98556  58.724  8.353  -7.369 0.0000000000
99949  57.921  8.508  -7.054 0.0000000000
99950  56.856  8.630  -6.993 0.0000000000
99965  62.392  8.600  -7.449 0.0000000000
99966  61.293  8.611  -8.024 0.0000000000
99967  60.202  8.621  -7.948 0.0000000000
99968  59.245  8.823  -7.755 0.0000000000
90453  58.197  1.975  -4.909 0.0000000000
91900  58.145  2.467  -5.154 0.0000000000
93161  58.472  2.871  -5.074 0.0000000000
93171  58.856  3.784  -5.220 0.0000000000
93172  58.270  3.322  -5.282 0.0000000000
98474  65.629  7.421  -2.647 0.0000000000
98481  65.554  7.030  -3.582 0.0000000000
98493  65.242  7.024  -4.366 0.0000000000
98509  64.830  7.189  -4.881 0.0000000000
98510  64.453  7.327  -5.454 0.0000000000
98529  64.026  7.460  -6.018 0.0000000000
99905  65.197  8.327  -2.287 0.0000000000
99914  65.165  8.133  -3.195 0.0000000000
99924  64.823  7.961  -4.317 0.0000000000
99925  64.299  8.447  -4.563 0.0000000000
99935  64.559  7.644  -5.046 0.0000000000
99936  64.069  8.137  -5.405 0.0000000000
99937  63.501  8.514  -5.718 0.0000000000
99946  63.743  7.886  -6.200 0.0000000000
99947  63.221  8.378  -6.513 0.0000000000
99948  62.741  8.908  -6.876 0.0000000000
101211  64.763  9.174  -1.897 0.0000000000
101227  64.663  8.717  -3.442 0.0000000000
101240  63.964  8.705  -4.598 0.0000000000
102472  64.366  9.936  -1.534 0.0000000000
102473  64.158  10.771  -1.481 0.0000000000
102482  64.402  9.975  -2.199 0.0000000000
103736  64.334  10.846  -1.968 0.0000000000
103737  64.179  11.791  -1.753 0.0000000000
103753  64.279  10.714  -2.478 0.0000000000
103754  64.281  11.639  -2.401 0.0000000000
104971  64.061  12.758  -1.929 0.0000000000
