#!ascii label  , from subject colin27 vox2ras=TkReg coords=white
734
33843  18.510  -42.084  -1.294 0.0000000000
33844  17.595  -41.934  -0.600 0.0000000000
33848  20.106  -41.373  -2.926 0.0000000000
33849  19.397  -41.808  -2.018 0.0000000000
35017  18.657  -40.599  0.118 0.0000000000
35022  18.908  -40.766  -0.578 0.0000000000
35023  17.955  -41.233  -0.172 0.0000000000
35027  19.837  -40.232  -1.984 0.0000000000
35028  19.245  -41.077  -1.383 0.0000000000
35029  18.447  -41.422  -0.758 0.0000000000
35032  20.183  -40.321  -2.771 0.0000000000
35033  19.730  -40.958  -2.212 0.0000000000
35035  20.580  -40.378  -3.668 0.0000000000
35040  16.081  -40.794  -4.913 0.0000000000
35041  14.962  -41.057  -4.709 0.0000000000
35042  13.924  -41.030  -4.747 0.0000000000
35043  13.308  -40.819  -4.899 0.0000000000
35056  13.481  -40.925  -5.519 0.0000000000
36213  6.577  -38.923  1.982 0.0000000000
36232  20.690  -39.166  1.177 0.0000000000
36233  20.082  -39.561  0.835 0.0000000000
36235  6.517  -38.734  1.487 0.0000000000
36236  6.035  -38.918  1.492 0.0000000000
36237  5.341  -39.018  1.538 0.0000000000
36258  20.065  -39.381  -0.080 0.0000000000
36259  19.370  -40.043  0.382 0.0000000000
36274  20.081  -39.299  -0.960 0.0000000000
36275  19.445  -40.039  -0.361 0.0000000000
36277  20.160  -39.372  -1.850 0.0000000000
36278  19.630  -40.143  -1.163 0.0000000000
36281  20.245  -39.569  -2.555 0.0000000000
36284  20.470  -39.387  -3.428 0.0000000000
36285  14.958  -39.775  -3.614 0.0000000000
36286  14.087  -39.848  -3.408 0.0000000000
36287  12.981  -39.742  -3.433 0.0000000000
36288  12.143  -39.369  -3.490 0.0000000000
36289  11.739  -38.994  -3.541 0.0000000000
36293  20.730  -39.324  -4.703 0.0000000000
36294  17.129  -39.240  -5.113 0.0000000000
36295  16.682  -39.659  -4.815 0.0000000000
36296  15.595  -40.094  -4.133 0.0000000000
36297  14.485  -40.535  -4.003 0.0000000000
36298  13.372  -40.435  -4.221 0.0000000000
36299  12.376  -39.814  -4.280 0.0000000000
36300  11.727  -39.150  -4.010 0.0000000000
36304  20.481  -38.897  -5.996 0.0000000000
36305  19.062  -38.914  -6.609 0.0000000000
36306  17.532  -39.281  -5.745 0.0000000000
36307  16.873  -40.346  -5.387 0.0000000000
36308  12.863  -40.272  -5.235 0.0000000000
36309  12.344  -39.491  -5.111 0.0000000000
36324  13.520  -40.140  -6.390 0.0000000000
37471  8.625  -37.698  3.547 0.0000000000
37489  7.798  -38.005  2.547 0.0000000000
37490  7.310  -38.488  2.463 0.0000000000
37503  21.695  -37.987  1.766 0.0000000000
37504  21.245  -38.542  1.370 0.0000000000
37505  20.742  -38.849  0.868 0.0000000000
37506  7.015  -38.397  1.556 0.0000000000
37507  6.380  -38.507  1.101 0.0000000000
37508  5.712  -38.535  0.943 0.0000000000
37509  4.986  -38.411  1.063 0.0000000000
37526  21.083  -38.215  0.665 0.0000000000
37527  20.599  -38.725  0.263 0.0000000000
37528  6.783  -38.050  0.922 0.0000000000
37529  6.148  -38.016  0.523 0.0000000000
37530  5.466  -37.940  0.330 0.0000000000
37531  4.966  -37.781  0.350 0.0000000000
37551  20.905  -37.843  -0.005 0.0000000000
37552  20.530  -38.354  -0.660 0.0000000000
37555  20.407  -38.369  -1.705 0.0000000000
37558  20.392  -38.510  -2.825 0.0000000000
37559  14.813  -37.815  -2.807 0.0000000000
37560  14.118  -38.065  -2.645 0.0000000000
37561  13.114  -38.254  -2.604 0.0000000000
37562  12.264  -38.261  -2.763 0.0000000000
37563  11.691  -38.137  -3.083 0.0000000000
37565  20.417  -38.262  -4.121 0.0000000000
37566  15.879  -38.217  -3.565 0.0000000000
37567  15.075  -38.686  -3.202 0.0000000000
37568  13.653  -39.046  -2.890 0.0000000000
37569  12.611  -39.025  -2.933 0.0000000000
37570  11.878  -38.797  -3.151 0.0000000000
37571  11.399  -38.358  -3.709 0.0000000000
37572  11.023  -37.880  -4.339 0.0000000000
37575  20.272  -38.087  -5.290 0.0000000000
37576  17.074  -38.648  -4.958 0.0000000000
37577  16.146  -38.783  -4.042 0.0000000000
37578  15.458  -39.376  -3.698 0.0000000000
37579  11.905  -39.202  -4.668 0.0000000000
37580  11.410  -38.495  -4.595 0.0000000000
37581  11.000  -37.734  -4.897 0.0000000000
37584  19.493  -38.030  -6.109 0.0000000000
37585  18.372  -38.224  -6.047 0.0000000000
37586  17.705  -38.220  -5.516 0.0000000000
37587  12.896  -39.133  -5.903 0.0000000000
37588  12.115  -38.566  -5.346 0.0000000000
37589  11.474  -37.886  -5.228 0.0000000000
37590  11.039  -37.589  -5.311 0.0000000000
37597  15.042  -38.453  -7.348 0.0000000000
37598  14.330  -39.098  -7.175 0.0000000000
37599  13.526  -38.915  -6.543 0.0000000000
38878  9.368  -37.409  4.207 0.0000000000
38891  9.811  -36.646  3.842 0.0000000000
38892  9.152  -37.104  3.494 0.0000000000
38893  8.531  -37.596  3.179 0.0000000000
38902  8.916  -36.828  2.747 0.0000000000
38903  8.303  -37.365  2.412 0.0000000000
38904  7.608  -37.980  2.041 0.0000000000
38916  21.596  -37.447  1.365 0.0000000000
38917  21.382  -37.891  0.985 0.0000000000
38918  8.020  -37.060  1.663 0.0000000000
38919  7.477  -37.501  1.324 0.0000000000
38920  4.511  -37.632  0.996 0.0000000000
38921  4.276  -37.952  1.718 0.0000000000
38939  21.525  -37.142  1.022 0.0000000000
38940  21.326  -37.300  0.633 0.0000000000
38941  6.694  -37.430  0.431 0.0000000000
38942  5.905  -37.293  -0.319 0.0000000000
38943  5.207  -37.404  -0.321 0.0000000000
38944  4.745  -37.309  -0.032 0.0000000000
38962  20.937  -36.953  -0.199 0.0000000000
38963  20.717  -37.450  -0.627 0.0000000000
38964  5.804  -36.943  -0.859 0.0000000000
38965  5.458  -36.891  -0.955 0.0000000000
38966  4.843  -36.834  -0.844 0.0000000000
38972  20.627  -36.820  -0.823 0.0000000000
38973  20.546  -37.278  -1.414 0.0000000000
38974  14.300  -36.599  -2.337 0.0000000000
38975  14.028  -36.652  -2.316 0.0000000000
38976  5.102  -36.571  -1.371 0.0000000000
38977  4.845  -36.361  -1.410 0.0000000000
38980  20.388  -37.364  -2.495 0.0000000000
38981  16.084  -37.080  -3.288 0.0000000000
38982  15.547  -37.379  -3.033 0.0000000000
38983  14.531  -36.991  -2.504 0.0000000000
38984  13.543  -37.249  -2.431 0.0000000000
38985  12.683  -37.466  -2.520 0.0000000000
38986  11.923  -37.434  -2.803 0.0000000000
38989  20.265  -37.295  -3.619 0.0000000000
38990  17.144  -36.969  -4.368 0.0000000000
38991  16.466  -37.353  -3.833 0.0000000000
38992  15.761  -37.937  -3.359 0.0000000000
38993  11.278  -37.470  -3.297 0.0000000000
38994  10.802  -37.418  -3.940 0.0000000000
38996  19.986  -37.134  -4.797 0.0000000000
38997  19.038  -36.882  -5.308 0.0000000000
38998  17.666  -37.255  -4.978 0.0000000000
38999  16.756  -37.987  -4.523 0.0000000000
39000  10.536  -37.270  -4.666 0.0000000000
39003  19.585  -37.407  -5.589 0.0000000000
39004  18.684  -37.479  -5.773 0.0000000000
39005  18.075  -37.755  -5.645 0.0000000000
39006  13.697  -37.466  -6.110 0.0000000000
39007  13.099  -37.806  -6.028 0.0000000000
39008  12.108  -37.516  -5.767 0.0000000000
39009  11.279  -37.361  -5.735 0.0000000000
39010  10.585  -37.242  -5.435 0.0000000000
39024  14.870  -37.970  -7.007 0.0000000000
39025  14.063  -37.806  -6.414 0.0000000000
39026  13.347  -38.412  -6.281 0.0000000000
39053  15.743  -37.652  -7.503 0.0000000000
40231  10.683  -36.333  4.571 0.0000000000
40245  10.945  -35.781  4.396 0.0000000000
40246  10.336  -36.052  3.875 0.0000000000
40247  9.724  -36.369  3.435 0.0000000000
40264  9.947  -35.802  3.203 0.0000000000
40265  9.356  -36.195  2.763 0.0000000000
40266  8.785  -36.590  2.341 0.0000000000
40287  21.111  -35.890  1.507 0.0000000000
40288  8.920  -36.023  2.089 0.0000000000
40289  8.361  -36.458  1.693 0.0000000000
40290  7.806  -36.788  1.284 0.0000000000
40292  4.232  -37.541  1.760 0.0000000000
40309  21.459  -36.727  1.124 0.0000000000
40310  21.008  -36.199  0.423 0.0000000000
40311  7.916  -36.278  1.114 0.0000000000
40312  7.306  -36.575  0.519 0.0000000000
40313  6.522  -36.826  -0.165 0.0000000000
40314  4.440  -36.554  0.050 0.0000000000
40324  20.546  -36.160  -0.560 0.0000000000
40325  6.759  -36.255  -0.326 0.0000000000
40326  6.061  -36.396  -1.031 0.0000000000
40327  5.413  -36.411  -1.433 0.0000000000
40328  4.560  -36.070  -1.105 0.0000000000
40334  20.414  -36.265  -1.300 0.0000000000
40335  20.269  -36.360  -2.168 0.0000000000
40336  15.945  -35.702  -2.272 0.0000000000
40337  15.185  -35.857  -2.039 0.0000000000
40338  14.406  -36.105  -2.137 0.0000000000
40339  13.452  -36.148  -2.285 0.0000000000
40340  12.909  -35.741  -2.381 0.0000000000
40341  5.501  -35.905  -1.686 0.0000000000
40342  5.063  -36.033  -1.748 0.0000000000
40343  4.765  -36.056  -1.588 0.0000000000
40348  20.076  -36.463  -3.154 0.0000000000
40349  17.147  -35.812  -3.373 0.0000000000
40350  16.252  -36.465  -3.060 0.0000000000
40351  15.363  -36.478  -2.526 0.0000000000
40352  14.850  -36.380  -2.292 0.0000000000
40353  13.010  -36.860  -2.402 0.0000000000
40354  12.445  -36.396  -2.554 0.0000000000
40355  11.464  -36.530  -3.002 0.0000000000
40356  5.356  -35.643  -1.863 0.0000000000
40357  5.231  -35.794  -1.815 0.0000000000
40360  19.582  -36.325  -4.150 0.0000000000
40361  18.517  -35.971  -4.294 0.0000000000
40362  17.430  -36.399  -4.170 0.0000000000
40363  16.787  -36.484  -3.634 0.0000000000
40364  10.761  -36.596  -3.575 0.0000000000
40365  10.233  -36.597  -4.279 0.0000000000
40367  19.385  -36.612  -4.833 0.0000000000
40368  18.716  -36.455  -4.818 0.0000000000
40369  18.054  -36.449  -4.643 0.0000000000
40370  9.868  -36.521  -5.224 0.0000000000
40371  9.508  -36.077  -5.651 0.0000000000
40374  14.855  -36.231  -5.918 0.0000000000
40375  13.909  -36.804  -5.930 0.0000000000
40376  12.914  -36.698  -5.982 0.0000000000
40377  11.903  -36.580  -6.252 0.0000000000
40378  10.860  -36.897  -6.174 0.0000000000
40379  10.121  -36.704  -5.962 0.0000000000
40380  9.664  -36.259  -6.012 0.0000000000
40394  16.063  -36.151  -6.814 0.0000000000
40395  15.263  -36.924  -6.562 0.0000000000
40396  14.535  -36.930  -6.179 0.0000000000
40397  11.758  -36.088  -6.640 0.0000000000
40398  11.211  -36.348  -6.670 0.0000000000
40399  10.370  -36.412  -6.519 0.0000000000
40400  9.902  -36.355  -6.332 0.0000000000
40424  17.200  -36.158  -7.567 0.0000000000
40425  16.420  -36.593  -7.392 0.0000000000
40426  15.859  -36.807  -7.080 0.0000000000
41568  11.488  -35.217  4.495 0.0000000000
41581  19.541  -35.235  3.267 0.0000000000
41582  18.552  -34.916  3.337 0.0000000000
41583  17.584  -34.572  3.482 0.0000000000
41584  16.848  -34.366  3.774 0.0000000000
41585  10.949  -35.177  3.901 0.0000000000
41586  10.472  -35.063  3.217 0.0000000000
41604  20.222  -35.258  2.185 0.0000000000
41605  19.120  -34.768  2.398 0.0000000000
41606  18.167  -34.287  2.456 0.0000000000
41607  17.567  -34.140  2.876 0.0000000000
41608  9.879  -35.276  2.695 0.0000000000
41609  9.368  -35.380  2.170 0.0000000000
41627  20.369  -35.338  0.899 0.0000000000
41628  19.331  -34.685  1.241 0.0000000000
41629  18.762  -34.429  1.859 0.0000000000
41630  8.681  -35.409  1.458 0.0000000000
41631  8.223  -35.942  1.259 0.0000000000
41647  20.340  -35.520  -0.095 0.0000000000
41648  19.758  -34.944  0.202 0.0000000000
41649  8.336  -34.977  0.905 0.0000000000
41650  7.913  -35.568  0.713 0.0000000000
41651  7.235  -35.657  -0.082 0.0000000000
41652  4.347  -35.481  -0.440 0.0000000000
41665  20.173  -35.583  -0.804 0.0000000000
41666  19.856  -35.140  -0.631 0.0000000000
41667  17.183  -34.357  -1.144 0.0000000000
41668  16.303  -34.414  -1.048 0.0000000000
41669  15.511  -34.370  -1.046 0.0000000000
41670  14.829  -34.268  -1.195 0.0000000000
41671  14.433  -34.119  -1.343 0.0000000000
41672  6.711  -35.646  -0.771 0.0000000000
41673  6.403  -35.546  -1.261 0.0000000000
41674  4.426  -35.314  -1.218 0.0000000000
41681  20.255  -35.819  -1.081 0.0000000000
41682  19.782  -35.333  -1.617 0.0000000000
41683  18.574  -34.704  -1.993 0.0000000000
41684  17.472  -34.681  -1.975 0.0000000000
41685  16.522  -34.885  -1.815 0.0000000000
41686  15.707  -35.074  -1.640 0.0000000000
41687  14.936  -35.139  -1.592 0.0000000000
41688  14.099  -34.863  -1.741 0.0000000000
41689  13.223  -35.059  -2.216 0.0000000000
41690  6.030  -35.528  -1.682 0.0000000000
41691  4.978  -35.676  -1.903 0.0000000000
41692  4.752  -35.555  -1.719 0.0000000000
41699  19.685  -35.788  -2.823 0.0000000000
41700  18.920  -35.187  -2.817 0.0000000000
41701  17.806  -35.036  -2.827 0.0000000000
41702  16.810  -35.389  -2.584 0.0000000000
41703  12.553  -35.221  -2.562 0.0000000000
41704  11.794  -35.451  -2.922 0.0000000000
41705  5.569  -35.367  -1.923 0.0000000000
41706  5.193  -35.469  -1.928 0.0000000000
41707  4.959  -35.427  -1.940 0.0000000000
41710  19.660  -36.016  -3.453 0.0000000000
41711  19.140  -35.686  -3.588 0.0000000000
41712  18.141  -35.518  -3.622 0.0000000000
41713  11.004  -35.603  -3.403 0.0000000000
41714  10.289  -35.705  -3.935 0.0000000000
41716  9.758  -35.747  -4.636 0.0000000000
41717  9.420  -35.689  -5.367 0.0000000000
41724  15.063  -35.219  -5.642 0.0000000000
41725  14.369  -35.731  -5.679 0.0000000000
41726  13.616  -35.715  -5.788 0.0000000000
41727  12.813  -35.728  -6.138 0.0000000000
41728  9.249  -35.732  -6.063 0.0000000000
41741  16.267  -35.497  -6.623 0.0000000000
41742  15.708  -35.627  -6.202 0.0000000000
41743  12.246  -35.667  -6.584 0.0000000000
41744  11.661  -35.688  -7.029 0.0000000000
41745  10.735  -36.028  -7.130 0.0000000000
41746  9.600  -35.990  -6.934 0.0000000000
41747  9.009  -35.317  -7.466 0.0000000000
41773  17.429  -35.573  -7.413 0.0000000000
41774  16.858  -35.540  -7.018 0.0000000000
41775  11.196  -35.435  -7.424 0.0000000000
41776  10.440  -35.481  -7.657 0.0000000000
41777  9.542  -35.361  -7.883 0.0000000000
41778  8.938  -35.043  -8.025 0.0000000000
41804  18.002  -35.641  -7.771 0.0000000000
42899  16.274  -34.339  4.202 0.0000000000
42900  15.540  -34.177  4.534 0.0000000000
42901  14.596  -34.221  4.902 0.0000000000
42902  13.367  -34.461  5.061 0.0000000000
42903  12.118  -34.283  4.276 0.0000000000
42904  11.400  -34.712  4.027 0.0000000000
42912  17.079  -34.025  3.143 0.0000000000
42913  16.391  -33.844  3.521 0.0000000000
42914  15.908  -33.880  4.007 0.0000000000
42915  11.909  -33.787  3.648 0.0000000000
42916  11.163  -34.190  3.340 0.0000000000
42917  10.654  -34.522  3.028 0.0000000000
42933  17.837  -33.927  1.881 0.0000000000
42934  17.316  -33.827  2.325 0.0000000000
42935  16.580  -33.610  2.728 0.0000000000
42936  10.875  -33.746  2.730 0.0000000000
42937  10.341  -34.261  2.527 0.0000000000
42938  9.765  -34.840  2.300 0.0000000000
42950  18.790  -34.375  0.793 0.0000000000
42951  18.314  -34.146  1.308 0.0000000000
42952  17.375  -33.789  1.383 0.0000000000
42953  16.370  -33.451  1.702 0.0000000000
42954  15.851  -33.302  1.332 0.0000000000
42955  9.994  -33.841  1.953 0.0000000000
42956  9.501  -34.390  1.760 0.0000000000
42968  19.078  -34.505  0.281 0.0000000000
42969  18.404  -34.185  0.338 0.0000000000
42970  17.618  -33.905  0.479 0.0000000000
42971  16.715  -33.671  0.600 0.0000000000
42972  15.807  -33.396  0.692 0.0000000000
42973  15.330  -33.293  0.406 0.0000000000
42974  8.731  -34.401  1.033 0.0000000000
42975  8.029  -34.501  0.335 0.0000000000
42976  7.568  -35.104  0.086 0.0000000000
42989  19.354  -34.713  -0.452 0.0000000000
42990  18.670  -34.354  -0.435 0.0000000000
42991  17.837  -34.100  -0.399 0.0000000000
42992  16.952  -33.982  -0.320 0.0000000000
42993  16.084  -33.880  -0.249 0.0000000000
42994  15.227  -33.612  -0.234 0.0000000000
42995  14.596  -33.546  -0.869 0.0000000000
42996  7.760  -34.027  -0.250 0.0000000000
42997  7.174  -34.680  -0.709 0.0000000000
42998  6.697  -35.191  -1.089 0.0000000000
42999  4.395  -34.636  -0.859 0.0000000000
43007  19.546  -34.913  -0.970 0.0000000000
43008  19.064  -34.623  -1.139 0.0000000000
43009  18.140  -34.369  -1.206 0.0000000000
43010  14.080  -33.731  -1.417 0.0000000000
43011  13.515  -33.998  -1.974 0.0000000000
43012  6.828  -34.428  -1.312 0.0000000000
43013  6.517  -34.798  -1.494 0.0000000000
43014  4.607  -34.704  -1.567 0.0000000000
43021  12.854  -34.182  -2.483 0.0000000000
43022  12.139  -34.329  -2.941 0.0000000000
43023  5.984  -34.787  -2.005 0.0000000000
43024  5.488  -34.718  -2.090 0.0000000000
43025  4.975  -34.848  -2.012 0.0000000000
43032  11.370  -34.513  -3.404 0.0000000000
43033  10.634  -34.720  -3.877 0.0000000000
43041  9.984  -34.843  -4.370 0.0000000000
43042  9.531  -34.894  -5.034 0.0000000000
43053  15.134  -34.365  -5.471 0.0000000000
43054  14.343  -34.685  -5.605 0.0000000000
43055  13.398  -34.684  -5.981 0.0000000000
43056  12.757  -35.029  -6.375 0.0000000000
43057  9.109  -34.932  -5.777 0.0000000000
43069  16.483  -34.754  -6.367 0.0000000000
43070  15.734  -34.572  -5.805 0.0000000000
43071  12.980  -34.380  -6.434 0.0000000000
43072  12.413  -34.771  -6.935 0.0000000000
43073  11.769  -35.048  -7.364 0.0000000000
43074  8.815  -35.041  -6.742 0.0000000000
43075  8.673  -34.650  -7.653 0.0000000000
43099  17.639  -34.985  -7.244 0.0000000000
43100  17.243  -34.602  -6.798 0.0000000000
43101  12.067  -34.479  -7.453 0.0000000000
43102  11.338  -34.711  -7.812 0.0000000000
43103  10.328  -34.684  -8.326 0.0000000000
43104  9.399  -34.700  -8.379 0.0000000000
43105  8.857  -34.388  -8.283 0.0000000000
43126  18.755  -34.841  -7.817 0.0000000000
43127  18.225  -34.642  -7.423 0.0000000000
43128  9.850  -34.178  -8.710 0.0000000000
43129  9.265  -33.992  -8.744 0.0000000000
43130  8.827  -33.752  -8.579 0.0000000000
44153  15.553  -33.759  4.104 0.0000000000
44154  15.041  -33.644  4.254 0.0000000000
44155  14.073  -33.618  4.397 0.0000000000
44156  13.122  -33.666  4.311 0.0000000000
44164  16.171  -33.505  3.085 0.0000000000
44165  15.638  -33.446  3.512 0.0000000000
44166  14.661  -33.127  3.642 0.0000000000
44167  13.650  -33.088  3.714 0.0000000000
44168  12.587  -33.333  3.638 0.0000000000
44169  11.853  -33.397  3.249 0.0000000000
44184  15.947  -33.322  2.508 0.0000000000
44185  15.168  -32.968  2.730 0.0000000000
44186  14.234  -32.654  2.875 0.0000000000
44187  13.277  -32.676  3.042 0.0000000000
44188  12.384  -32.792  2.906 0.0000000000
44189  11.378  -33.040  2.538 0.0000000000
44190  10.734  -33.528  2.414 0.0000000000
44203  15.971  -33.326  1.996 0.0000000000
44204  15.588  -33.179  1.789 0.0000000000
44205  14.656  -32.706  1.954 0.0000000000
44206  14.253  -32.475  1.744 0.0000000000
44207  11.195  -32.611  1.902 0.0000000000
44208  10.441  -33.099  1.773 0.0000000000
44209  9.808  -33.647  1.621 0.0000000000
44220  15.603  -33.222  1.181 0.0000000000
44221  15.133  -33.042  0.954 0.0000000000
44222  14.387  -32.528  1.240 0.0000000000
44223  10.083  -32.678  1.098 0.0000000000
44224  9.352  -33.270  0.918 0.0000000000
44225  8.590  -33.881  0.618 0.0000000000
44236  15.070  -33.200  0.307 0.0000000000
44237  14.547  -32.817  0.145 0.0000000000
44238  8.909  -32.818  0.185 0.0000000000
44239  8.348  -33.413  0.026 0.0000000000
44240  7.633  -33.578  -0.773 0.0000000000
44247  14.084  -32.815  -0.859 0.0000000000
44248  13.568  -32.934  -1.575 0.0000000000
44249  6.817  -33.766  -1.627 0.0000000000
44250  6.301  -34.301  -1.912 0.0000000000
44251  4.618  -33.841  -1.259 0.0000000000
44254  13.067  -33.100  -2.246 0.0000000000
44255  12.451  -33.258  -2.788 0.0000000000
44256  6.476  -33.170  -2.229 0.0000000000
44257  6.010  -33.784  -2.290 0.0000000000
44258  5.318  -33.891  -2.134 0.0000000000
44259  4.865  -33.933  -1.874 0.0000000000
44265  11.722  -33.253  -3.394 0.0000000000
44266  10.981  -33.665  -3.948 0.0000000000
44276  10.361  -33.962  -4.370 0.0000000000
44277  9.889  -34.050  -4.803 0.0000000000
44290  14.865  -33.491  -5.375 0.0000000000
44291  13.967  -33.651  -5.697 0.0000000000
44292  13.357  -33.687  -6.180 0.0000000000
44293  9.457  -34.008  -5.449 0.0000000000
44305  16.343  -33.662  -5.810 0.0000000000
44306  15.582  -33.818  -5.506 0.0000000000
44307  12.917  -33.774  -6.753 0.0000000000
44308  12.502  -33.965  -7.245 0.0000000000
44309  8.994  -34.001  -6.273 0.0000000000
44310  8.653  -33.900  -7.178 0.0000000000
44330  20.546  -33.313  -7.295 0.0000000000
44331  19.708  -33.304  -7.308 0.0000000000
44332  18.884  -33.440  -7.231 0.0000000000
44333  18.041  -33.945  -6.971 0.0000000000
44334  17.155  -33.804  -6.358 0.0000000000
44335  12.095  -33.796  -7.750 0.0000000000
44336  11.310  -33.726  -8.422 0.0000000000
44337  10.454  -33.874  -8.745 0.0000000000
44338  8.559  -33.676  -8.076 0.0000000000
44353  20.028  -33.992  -7.728 0.0000000000
44354  19.243  -34.077  -7.632 0.0000000000
44355  18.574  -34.195  -7.410 0.0000000000
44356  18.297  -34.266  -7.261 0.0000000000
44357  10.833  -33.235  -8.922 0.0000000000
44358  9.964  -33.323  -9.151 0.0000000000
44359  9.033  -33.175  -9.082 0.0000000000
44360  8.662  -33.227  -8.619 0.0000000000
44375  9.508  -32.768  -9.335 0.0000000000
44376  9.183  -32.649  -9.299 0.0000000000
45426  14.221  -32.529  2.319 0.0000000000
45427  13.801  -32.426  2.418 0.0000000000
45428  13.082  -32.337  2.390 0.0000000000
45429  12.312  -32.386  2.292 0.0000000000
45442  14.158  -32.445  2.038 0.0000000000
45443  13.795  -32.254  1.784 0.0000000000
45444  12.949  -32.021  1.694 0.0000000000
45445  11.901  -32.153  1.708 0.0000000000
45446  11.152  -32.269  1.479 0.0000000000
45457  13.751  -32.115  0.931 0.0000000000
45458  12.785  -31.758  0.821 0.0000000000
45459  11.718  -31.712  0.839 0.0000000000
45460  10.676  -32.093  0.921 0.0000000000
45461  9.948  -32.354  0.652 0.0000000000
45474  13.617  -32.077  -0.070 0.0000000000
45475  12.523  -31.547  -0.349 0.0000000000
45476  11.317  -31.428  0.070 0.0000000000
45477  10.319  -31.678  0.115 0.0000000000
45478  9.403  -32.216  0.045 0.0000000000
45479  8.620  -32.489  -0.401 0.0000000000
45480  8.097  -32.905  -0.691 0.0000000000
45487  13.422  -32.155  -0.955 0.0000000000
45488  12.768  -31.954  -1.643 0.0000000000
45489  12.207  -31.784  -2.329 0.0000000000
45490  8.212  -32.369  -0.934 0.0000000000
45491  7.644  -32.691  -1.359 0.0000000000
45492  5.155  -32.230  -1.969 0.0000000000
45493  4.915  -32.900  -1.678 0.0000000000
45497  12.594  -32.428  -2.448 0.0000000000
45498  12.083  -32.258  -2.991 0.0000000000
45499  6.993  -32.402  -2.212 0.0000000000
45500  6.205  -32.676  -2.510 0.0000000000
45501  5.524  -32.621  -2.338 0.0000000000
45502  5.118  -33.348  -2.079 0.0000000000
45508  11.589  -32.226  -3.457 0.0000000000
45509  11.145  -32.541  -3.956 0.0000000000
45510  6.483  -31.930  -2.729 0.0000000000
45511  5.939  -32.047  -2.745 0.0000000000
45512  5.696  -32.082  -2.636 0.0000000000
45520  10.522  -32.987  -4.556 0.0000000000
45521  10.194  -33.516  -4.688 0.0000000000
45528  15.958  -31.998  -5.237 0.0000000000
45529  15.109  -32.331  -5.173 0.0000000000
45530  14.263  -32.595  -5.427 0.0000000000
45531  13.619  -32.808  -5.867 0.0000000000
45532  10.275  -32.847  -4.804 0.0000000000
45533  10.019  -33.101  -5.040 0.0000000000
45537  17.159  -32.318  -5.866 0.0000000000
45538  16.513  -32.595  -5.603 0.0000000000
45539  15.738  -32.986  -5.402 0.0000000000
45540  13.217  -32.882  -6.416 0.0000000000
45541  12.732  -32.963  -7.168 0.0000000000
45542  9.493  -33.011  -5.855 0.0000000000
45543  9.011  -32.941  -6.717 0.0000000000
45554  21.159  -32.504  -7.019 0.0000000000
45555  20.240  -32.479  -6.981 0.0000000000
45556  19.355  -32.544  -6.908 0.0000000000
45557  18.510  -32.731  -6.770 0.0000000000
45558  17.678  -32.777  -6.364 0.0000000000
45559  17.006  -33.044  -5.951 0.0000000000
45560  12.156  -32.754  -8.001 0.0000000000
45561  11.482  -32.574  -8.670 0.0000000000
45562  8.657  -32.753  -7.571 0.0000000000
45572  10.773  -32.446  -9.199 0.0000000000
45573  10.033  -32.317  -9.486 0.0000000000
45574  8.630  -32.736  -8.879 0.0000000000
45575  8.462  -32.533  -8.380 0.0000000000
45585  9.408  -32.189  -9.450 0.0000000000
45586  8.872  -32.310  -9.218 0.0000000000
45587  8.520  -32.148  -8.872 0.0000000000
46600  11.734  -31.292  -0.746 0.0000000000
46601  10.877  -31.155  -0.683 0.0000000000
46602  9.834  -31.381  -0.650 0.0000000000
46603  8.939  -31.774  -0.734 0.0000000000
46604  8.494  -32.073  -0.850 0.0000000000
46611  12.201  -31.438  -1.110 0.0000000000
46612  11.615  -31.220  -1.671 0.0000000000
46613  10.329  -30.843  -1.483 0.0000000000
46614  9.202  -31.101  -1.425 0.0000000000
46615  8.223  -31.755  -1.400 0.0000000000
46616  7.606  -32.103  -1.785 0.0000000000
46622  11.623  -31.467  -2.744 0.0000000000
46623  10.691  -30.824  -2.596 0.0000000000
46624  9.596  -30.576  -2.223 0.0000000000
46625  8.404  -30.799  -2.339 0.0000000000
46626  7.634  -31.604  -2.100 0.0000000000
46627  5.379  -31.609  -2.136 0.0000000000
46631  11.630  -31.810  -3.195 0.0000000000
46632  11.126  -31.429  -3.576 0.0000000000
46633  7.911  -30.516  -2.999 0.0000000000
46634  7.193  -31.151  -2.818 0.0000000000
46635  6.289  -31.279  -2.975 0.0000000000
46636  5.759  -31.548  -2.662 0.0000000000
46640  10.565  -31.828  -4.514 0.0000000000
46641  10.242  -31.391  -4.857 0.0000000000
46646  16.133  -31.163  -5.133 0.0000000000
46647  15.397  -31.319  -4.943 0.0000000000
46648  14.477  -31.561  -5.041 0.0000000000
46649  13.592  -31.771  -5.562 0.0000000000
46650  13.166  -31.319  -5.783 0.0000000000
46651  10.302  -32.520  -4.853 0.0000000000
46652  10.020  -31.951  -5.300 0.0000000000
46656  18.313  -31.372  -6.396 0.0000000000
46657  17.677  -31.599  -6.068 0.0000000000
46658  16.779  -31.539  -5.541 0.0000000000
46659  13.349  -32.316  -6.029 0.0000000000
46660  13.035  -31.833  -6.352 0.0000000000
46661  9.409  -31.999  -6.204 0.0000000000
46662  8.915  -31.801  -6.980 0.0000000000
46668  21.761  -31.565  -7.156 0.0000000000
46669  20.821  -31.571  -6.957 0.0000000000
46670  19.885  -31.571  -6.752 0.0000000000
46671  18.915  -31.668  -6.606 0.0000000000
46672  18.207  -32.023  -6.467 0.0000000000
46673  12.540  -31.777  -7.283 0.0000000000
46674  11.977  -31.620  -8.086 0.0000000000
46675  8.416  -31.406  -7.807 0.0000000000
46676  8.159  -30.693  -7.915 0.0000000000
46682  11.342  -31.534  -8.828 0.0000000000
46683  10.612  -31.475  -9.363 0.0000000000
46684  8.327  -31.417  -8.616 0.0000000000
46685  8.158  -30.783  -8.218 0.0000000000
46691  9.836  -31.441  -9.614 0.0000000000
46692  9.101  -31.450  -9.467 0.0000000000
46693  8.560  -31.513  -9.140 0.0000000000
47765  10.391  -30.698  -3.467 0.0000000000
47766  9.746  -30.371  -3.047 0.0000000000
47767  9.113  -30.370  -2.728 0.0000000000
47768  5.678  -30.639  -2.398 0.0000000000
47772  10.418  -30.950  -4.194 0.0000000000
47773  9.790  -30.279  -3.957 0.0000000000
47774  8.681  -30.134  -3.415 0.0000000000
47775  7.504  -30.224  -3.502 0.0000000000
47776  6.651  -30.423  -3.400 0.0000000000
47777  6.036  -30.388  -3.094 0.0000000000
47781  10.324  -31.186  -4.629 0.0000000000
47782  9.922  -30.791  -4.934 0.0000000000
47783  9.043  -29.838  -4.706 0.0000000000
47784  7.929  -29.737  -4.339 0.0000000000
47785  6.908  -29.729  -4.166 0.0000000000
47786  6.295  -29.724  -3.780 0.0000000000
47790  16.512  -30.652  -5.417 0.0000000000
47791  15.815  -30.308  -5.116 0.0000000000
47792  14.827  -30.473  -4.849 0.0000000000
47793  13.882  -30.754  -5.024 0.0000000000
47794  13.297  -30.925  -5.438 0.0000000000
47795  9.621  -31.194  -5.757 0.0000000000
47796  9.169  -30.357  -5.745 0.0000000000
47800  18.691  -30.888  -6.489 0.0000000000
47801  18.120  -30.705  -6.286 0.0000000000
47802  17.303  -30.441  -5.846 0.0000000000
47803  16.472  -29.852  -5.622 0.0000000000
47804  12.834  -30.761  -5.881 0.0000000000
47805  12.371  -30.378  -6.338 0.0000000000
47806  9.196  -31.144  -6.354 0.0000000000
47807  8.670  -30.533  -6.855 0.0000000000
47808  8.240  -29.919  -7.254 0.0000000000
47814  21.363  -30.750  -7.302 0.0000000000
47815  20.480  -30.642  -7.020 0.0000000000
47816  19.426  -30.524  -6.733 0.0000000000
47817  12.593  -31.057  -6.602 0.0000000000
47818  12.113  -30.640  -7.176 0.0000000000
47819  8.276  -30.513  -7.594 0.0000000000
47820  8.013  -29.921  -7.876 0.0000000000
47826  11.577  -30.604  -8.119 0.0000000000
47827  11.016  -30.541  -8.884 0.0000000000
47828  8.313  -30.974  -9.011 0.0000000000
47829  8.137  -30.268  -8.700 0.0000000000
47836  10.303  -30.531  -9.428 0.0000000000
47837  9.493  -30.559  -9.572 0.0000000000
47838  8.626  -30.501  -9.323 0.0000000000
47839  8.235  -29.930  -9.129 0.0000000000
48931  5.854  -29.613  -2.734 0.0000000000
48937  5.887  -29.279  -3.593 0.0000000000
48944  8.798  -29.763  -5.427 0.0000000000
48945  8.254  -29.508  -5.235 0.0000000000
48946  7.285  -29.267  -5.067 0.0000000000
48947  6.117  -28.823  -4.750 0.0000000000
48950  15.897  -29.620  -5.460 0.0000000000
48951  15.186  -29.341  -5.372 0.0000000000
48952  14.211  -29.704  -5.001 0.0000000000
48953  13.259  -29.993  -5.240 0.0000000000
48954  8.568  -29.730  -6.003 0.0000000000
48955  7.876  -29.186  -5.967 0.0000000000
48956  6.836  -28.612  -5.948 0.0000000000
48957  6.089  -28.387  -5.586 0.0000000000
48961  18.665  -30.206  -6.574 0.0000000000
48962  18.029  -29.778  -6.491 0.0000000000
48963  17.095  -29.186  -6.332 0.0000000000
48964  16.082  -29.077  -5.876 0.0000000000
48965  15.442  -28.735  -5.916 0.0000000000
48966  12.523  -29.776  -5.777 0.0000000000
48967  11.947  -29.680  -6.412 0.0000000000
48968  8.287  -29.622  -6.652 0.0000000000
48969  7.778  -29.130  -6.961 0.0000000000
48970  7.044  -28.465  -7.065 0.0000000000
48975  21.100  -29.986  -7.588 0.0000000000
48976  20.150  -29.695  -7.374 0.0000000000
48977  19.006  -29.247  -7.128 0.0000000000
48978  17.985  -28.969  -6.866 0.0000000000
48979  17.434  -28.703  -6.900 0.0000000000
48980  11.432  -29.640  -7.292 0.0000000000
48981  10.865  -29.262  -7.763 0.0000000000
48982  7.539  -28.978  -7.651 0.0000000000
48983  7.092  -28.474  -7.836 0.0000000000
48989  19.893  -28.988  -7.884 0.0000000000
48990  19.364  -28.719  -7.809 0.0000000000
48991  11.139  -29.863  -8.190 0.0000000000
48992  10.439  -29.537  -8.646 0.0000000000
48993  9.773  -29.205  -9.042 0.0000000000
48994  7.601  -29.013  -8.293 0.0000000000
48995  7.168  -28.468  -8.201 0.0000000000
49002  9.919  -29.821  -9.413 0.0000000000
49003  9.196  -29.559  -9.433 0.0000000000
49004  8.462  -29.475  -9.279 0.0000000000
49005  7.968  -29.283  -8.902 0.0000000000
50037  6.173  -28.779  -2.187 0.0000000000
50048  5.811  -28.628  -3.069 0.0000000000
50056  5.446  -28.338  -4.033 0.0000000000
50065  5.310  -28.121  -4.878 0.0000000000
50074  14.457  -28.996  -5.352 0.0000000000
50075  13.766  -28.953  -5.288 0.0000000000
50076  12.950  -29.111  -5.460 0.0000000000
50077  6.130  -28.233  -5.936 0.0000000000
50078  5.454  -27.863  -5.802 0.0000000000
50088  16.453  -28.750  -6.438 0.0000000000
50089  15.832  -28.474  -6.467 0.0000000000
50090  14.621  -28.234  -6.134 0.0000000000
50091  13.262  -28.321  -5.792 0.0000000000
50092  12.229  -28.724  -5.869 0.0000000000
50093  11.417  -28.858  -6.431 0.0000000000
50094  6.263  -28.098  -6.507 0.0000000000
50103  18.413  -28.695  -7.300 0.0000000000
50104  17.834  -28.452  -7.382 0.0000000000
50105  16.796  -28.338  -7.132 0.0000000000
50108  10.902  -28.742  -7.021 0.0000000000
50109  10.337  -28.651  -7.661 0.0000000000
50117  18.773  -28.309  -7.990 0.0000000000
50121  9.814  -28.681  -8.378 0.0000000000
50122  9.272  -28.614  -8.892 0.0000000000
50123  8.688  -28.286  -8.901 0.0000000000
50124  7.253  -28.406  -8.373 0.0000000000
50135  8.764  -28.876  -9.265 0.0000000000
50136  8.151  -28.520  -9.042 0.0000000000
50137  7.427  -28.209  -8.604 0.0000000000
51345  13.520  -27.702  -6.432 0.0000000000
51346  12.582  -27.699  -6.276 0.0000000000
51347  11.594  -27.945  -6.318 0.0000000000
51348  11.100  -28.284  -6.571 0.0000000000
51369  10.655  -27.684  -6.824 0.0000000000
51370  9.662  -27.842  -7.644 0.0000000000
51389  9.399  -28.238  -8.284 0.0000000000
51390  8.971  -27.712  -8.241 0.0000000000
51391  8.242  -27.634  -8.699 0.0000000000
51405  7.683  -27.690  -8.772 0.0000000000
