#!ascii label  , from subject colin27 vox2ras=TkReg coords=white
815
47362  9.259  -30.285  37.071 0.0000000000
47363  8.719  -30.415  37.174 0.0000000000
47364  7.793  -30.544  37.403 0.0000000000
47365  6.647  -30.535  37.757 0.0000000000
47366  5.411  -30.738  37.605 0.0000000000
47382  10.062  -30.451  35.710 0.0000000000
47383  9.356  -30.563  36.343 0.0000000000
47384  8.270  -30.883  36.485 0.0000000000
47385  7.266  -31.041  36.752 0.0000000000
48515  11.279  -29.610  36.119 0.0000000000
48516  10.348  -30.063  36.499 0.0000000000
48517  9.681  -30.147  37.036 0.0000000000
48533  12.058  -29.256  34.681 0.0000000000
48534  11.439  -29.777  35.080 0.0000000000
48535  10.695  -30.167  35.470 0.0000000000
48552  12.072  -29.210  33.900 0.0000000000
48553  11.522  -29.627  34.153 0.0000000000
48569  12.069  -29.131  33.562 0.0000000000
48570  11.756  -29.303  33.510 0.0000000000
48571  11.011  -29.661  33.415 0.0000000000
48577  4.625  -29.579  32.909 0.0000000000
48578  3.596  -29.436  33.205 0.0000000000
48579  2.679  -29.299  33.490 0.0000000000
48580  2.121  -29.058  33.696 0.0000000000
49575  12.275  -28.331  35.871 0.0000000000
49590  12.459  -28.573  35.028 0.0000000000
49591  11.955  -29.090  35.606 0.0000000000
49612  12.430  -28.817  34.224 0.0000000000
49613  6.982  -28.338  33.695 0.0000000000
49614  6.243  -28.365  33.993 0.0000000000
49615  5.221  -28.363  34.257 0.0000000000
49616  4.134  -28.374  34.531 0.0000000000
49617  3.082  -28.373  34.763 0.0000000000
49618  2.189  -28.225  34.824 0.0000000000
49619  1.734  -27.906  34.782 0.0000000000
49639  12.316  -28.789  33.246 0.0000000000
49640  11.389  -29.121  32.818 0.0000000000
49641  10.505  -29.228  32.685 0.0000000000
49642  9.488  -28.942  32.634 0.0000000000
49643  8.472  -28.921  32.984 0.0000000000
49644  7.524  -28.852  33.297 0.0000000000
49645  6.513  -29.074  33.322 0.0000000000
49646  5.475  -29.008  33.414 0.0000000000
49647  4.391  -28.879  33.651 0.0000000000
49648  3.339  -28.847  33.957 0.0000000000
49649  2.426  -28.786  34.184 0.0000000000
49650  1.697  -28.416  33.994 0.0000000000
49668  12.454  -28.162  32.271 0.0000000000
49669  11.672  -28.522  32.112 0.0000000000
49670  10.875  -28.701  32.204 0.0000000000
49671  10.170  -28.569  32.253 0.0000000000
49672  1.448  -28.564  32.789 0.0000000000
49689  12.453  -27.856  31.810 0.0000000000
49690  12.081  -28.034  31.695 0.0000000000
49691  1.486  -28.556  31.718 0.0000000000
50787  12.720  -27.678  35.435 0.0000000000
50788  5.666  -27.144  35.731 0.0000000000
50789  4.618  -27.301  36.005 0.0000000000
50790  3.555  -27.282  36.101 0.0000000000
50791  2.587  -27.131  36.042 0.0000000000
50792  1.881  -26.831  35.715 0.0000000000
50793  1.650  -26.582  35.361 0.0000000000
50808  13.399  -26.985  33.742 0.0000000000
50809  12.938  -28.011  34.223 0.0000000000
50810  7.692  -27.080  33.856 0.0000000000
50811  7.027  -27.609  34.398 0.0000000000
50812  6.010  -27.747  34.860 0.0000000000
50813  4.942  -27.825  35.150 0.0000000000
50814  3.854  -27.882  35.382 0.0000000000
50815  2.818  -27.818  35.480 0.0000000000
50816  1.975  -27.608  35.372 0.0000000000
50817  1.465  -27.261  34.797 0.0000000000
50831  13.541  -26.920  32.822 0.0000000000
50832  13.099  -27.764  32.895 0.0000000000
50833  8.748  -27.882  32.646 0.0000000000
50834  8.066  -27.882  33.243 0.0000000000
50835  7.460  -27.914  33.652 0.0000000000
50836  1.277  -27.578  33.546 0.0000000000
50852  13.321  -27.131  32.064 0.0000000000
50853  12.836  -27.666  31.949 0.0000000000
50854  11.058  -28.293  31.823 0.0000000000
50855  10.481  -28.097  31.822 0.0000000000
50856  9.568  -27.720  32.106 0.0000000000
50857  1.300  -27.671  32.397 0.0000000000
50870  12.995  -27.245  31.480 0.0000000000
50871  12.370  -27.492  31.299 0.0000000000
50872  11.225  -27.656  31.307 0.0000000000
50873  10.142  -27.365  31.556 0.0000000000
50874  9.641  -27.112  31.796 0.0000000000
50875  1.959  -27.076  30.799 0.0000000000
50876  1.585  -27.580  31.192 0.0000000000
50892  11.779  -27.175  30.876 0.0000000000
50893  11.366  -27.130  30.886 0.0000000000
50894  2.231  -27.526  30.103 0.0000000000
50895  1.784  -27.992  30.455 0.0000000000
50909  6.012  -26.958  28.990 0.0000000000
50910  5.799  -26.937  29.111 0.0000000000
50911  3.491  -27.349  28.950 0.0000000000
50912  3.108  -27.502  29.159 0.0000000000
50926  5.829  -26.973  28.864 0.0000000000
50927  5.582  -27.005  28.879 0.0000000000
50929  3.307  -27.651  28.855 0.0000000000
52128  4.720  -25.917  36.841 0.0000000000
52129  3.941  -25.869  36.885 0.0000000000
52130  3.151  -25.752  36.734 0.0000000000
52131  2.640  -25.604  36.307 0.0000000000
52132  2.470  -25.503  36.012 0.0000000000
52137  13.084  -26.039  35.195 0.0000000000
52139  6.923  -25.858  35.432 0.0000000000
52140  6.146  -26.174  36.027 0.0000000000
52141  5.223  -26.481  36.452 0.0000000000
52142  4.244  -26.618  36.589 0.0000000000
52143  3.292  -26.540  36.581 0.0000000000
52144  2.515  -26.302  36.288 0.0000000000
52145  2.030  -25.925  35.768 0.0000000000
52156  13.429  -25.929  34.347 0.0000000000
52157  13.132  -26.891  34.840 0.0000000000
52158  7.803  -26.030  33.976 0.0000000000
52159  7.380  -26.491  34.718 0.0000000000
52160  6.637  -26.897  35.313 0.0000000000
52161  1.557  -26.322  35.027 0.0000000000
52174  13.727  -26.116  33.227 0.0000000000
52175  8.881  -27.070  32.450 0.0000000000
52176  8.344  -26.708  33.086 0.0000000000
52177  3.337  -25.901  33.294 0.0000000000
52178  2.400  -26.039  33.458 0.0000000000
52179  1.724  -26.280  33.724 0.0000000000
52180  1.366  -26.684  34.138 0.0000000000
52194  13.752  -26.328  32.181 0.0000000000
52195  9.205  -26.567  32.058 0.0000000000
52196  8.773  -26.539  32.572 0.0000000000
52197  4.772  -26.072  32.220 0.0000000000
52198  3.744  -26.306  32.371 0.0000000000
52199  2.696  -26.370  32.471 0.0000000000
52200  1.861  -26.515  32.717 0.0000000000
52201  1.362  -26.907  33.092 0.0000000000
52212  13.322  -26.538  31.145 0.0000000000
52213  12.843  -27.067  31.067 0.0000000000
52214  11.038  -26.966  30.857 0.0000000000
52215  10.377  -26.663  31.031 0.0000000000
52216  9.769  -26.749  31.559 0.0000000000
52217  6.046  -25.878  31.042 0.0000000000
52218  5.228  -26.357  31.267 0.0000000000
52219  4.182  -26.586  31.388 0.0000000000
52220  3.081  -26.619  31.470 0.0000000000
52221  2.059  -26.754  31.577 0.0000000000
52222  1.503  -27.021  32.155 0.0000000000
52235  13.076  -26.244  30.423 0.0000000000
52236  12.443  -26.699  30.553 0.0000000000
52237  11.415  -26.639  30.567 0.0000000000
52238  10.880  -26.570  30.704 0.0000000000
52239  6.577  -26.028  30.183 0.0000000000
52240  5.747  -26.561  30.324 0.0000000000
52241  4.663  -26.786  30.362 0.0000000000
52242  3.527  -26.842  30.475 0.0000000000
52243  2.555  -26.896  30.656 0.0000000000
52256  7.783  -25.649  29.025 0.0000000000
52257  7.295  -26.027  29.357 0.0000000000
52258  6.282  -26.723  29.352 0.0000000000
52259  5.304  -26.942  29.399 0.0000000000
52260  3.959  -27.132  29.238 0.0000000000
52261  2.980  -27.073  29.854 0.0000000000
53561  4.491  -25.187  36.929 0.0000000000
53562  3.742  -25.169  36.943 0.0000000000
53563  3.080  -25.110  36.670 0.0000000000
53564  2.636  -25.179  36.240 0.0000000000
53565  2.390  -25.347  35.836 0.0000000000
53581  13.101  -25.436  35.013 0.0000000000
53583  6.963  -25.017  35.363 0.0000000000
53584  6.389  -25.175  35.913 0.0000000000
53585  5.463  -25.329  36.588 0.0000000000
53586  2.254  -24.985  35.383 0.0000000000
53587  2.094  -25.220  35.386 0.0000000000
53588  2.180  -25.377  35.549 0.0000000000
53602  13.285  -24.923  34.581 0.0000000000
53603  12.896  -24.863  35.190 0.0000000000
53604  7.816  -25.179  34.013 0.0000000000
53605  7.442  -25.347  34.722 0.0000000000
53606  3.521  -24.770  34.707 0.0000000000
53607  2.654  -24.994  34.972 0.0000000000
53608  1.998  -25.340  35.024 0.0000000000
53609  1.874  -25.663  35.263 0.0000000000
53628  13.755  -24.972  33.642 0.0000000000
53629  8.228  -25.498  33.373 0.0000000000
53630  4.588  -24.792  33.656 0.0000000000
53631  3.890  -25.239  33.975 0.0000000000
53632  2.990  -25.492  34.191 0.0000000000
53633  2.176  -25.673  34.353 0.0000000000
53634  1.703  -25.972  34.610 0.0000000000
53656  14.232  -24.699  31.868 0.0000000000
53657  13.998  -25.350  32.524 0.0000000000
53658  9.030  -25.444  32.014 0.0000000000
53659  8.703  -25.911  32.665 0.0000000000
53660  5.058  -25.174  32.779 0.0000000000
53661  4.308  -25.668  33.124 0.0000000000
53680  14.232  -24.784  31.131 0.0000000000
53681  13.978  -25.536  31.384 0.0000000000
53682  10.031  -25.731  30.910 0.0000000000
53683  9.622  -25.999  31.451 0.0000000000
53684  5.965  -25.020  31.380 0.0000000000
53685  5.480  -25.537  31.841 0.0000000000
53697  14.041  -25.054  30.676 0.0000000000
53698  13.539  -25.528  30.318 0.0000000000
53699  12.732  -25.885  29.921 0.0000000000
53700  11.673  -25.772  29.897 0.0000000000
53701  10.729  -25.939  30.471 0.0000000000
53702  6.482  -25.218  30.665 0.0000000000
53714  13.069  -25.213  29.547 0.0000000000
53715  12.295  -25.255  29.468 0.0000000000
53716  11.775  -25.212  29.518 0.0000000000
53717  7.586  -25.195  29.318 0.0000000000
53718  7.016  -25.272  29.937 0.0000000000
53731  8.394  -25.325  28.236 0.0000000000
53732  8.050  -25.253  28.784 0.0000000000
54961  4.176  -24.745  36.915 0.0000000000
54962  3.723  -24.595  36.683 0.0000000000
54963  3.013  -24.708  36.289 0.0000000000
54964  2.480  -24.985  35.961 0.0000000000
54965  2.290  -25.188  35.693 0.0000000000
54977  6.595  -24.507  35.570 0.0000000000
54978  5.869  -24.277  36.056 0.0000000000
54979  4.732  -24.287  36.604 0.0000000000
54980  3.784  -24.120  35.929 0.0000000000
54981  2.767  -24.690  35.685 0.0000000000
54982  2.297  -24.963  35.618 0.0000000000
54983  2.164  -25.123  35.581 0.0000000000
54994  13.425  -24.119  34.240 0.0000000000
54995  12.947  -24.157  34.956 0.0000000000
54996  7.633  -24.642  34.313 0.0000000000
54997  7.146  -24.261  34.912 0.0000000000
54998  6.438  -23.925  35.432 0.0000000000
54999  4.435  -23.843  34.733 0.0000000000
55000  4.004  -24.085  35.099 0.0000000000
55001  3.300  -24.432  35.296 0.0000000000
55013  13.783  -23.989  33.584 0.0000000000
55014  8.031  -24.467  33.619 0.0000000000
55015  7.638  -24.041  34.218 0.0000000000
55016  4.683  -23.945  34.124 0.0000000000
55017  4.231  -24.441  34.430 0.0000000000
55033  14.319  -23.966  32.018 0.0000000000
55034  14.080  -24.239  32.771 0.0000000000
55035  8.910  -24.579  32.027 0.0000000000
55036  8.568  -24.809  32.715 0.0000000000
55037  4.939  -24.175  33.201 0.0000000000
55056  14.431  -24.138  31.327 0.0000000000
55057  10.190  -25.162  30.597 0.0000000000
55058  9.523  -24.827  31.257 0.0000000000
55059  5.760  -24.521  31.437 0.0000000000
55060  5.389  -24.472  32.093 0.0000000000
55080  14.375  -24.370  30.415 0.0000000000
55081  13.986  -24.908  30.194 0.0000000000
55082  11.411  -25.057  29.585 0.0000000000
55083  10.765  -24.868  29.942 0.0000000000
55084  10.044  -24.447  30.515 0.0000000000
55085  6.067  -24.354  30.859 0.0000000000
55086  5.587  -24.126  31.426 0.0000000000
55100  14.371  -23.972  29.742 0.0000000000
55101  13.778  -24.483  29.483 0.0000000000
55102  12.735  -24.530  28.950 0.0000000000
55103  11.727  -24.682  29.237 0.0000000000
55104  11.211  -24.649  29.515 0.0000000000
55105  7.070  -24.424  29.563 0.0000000000
55106  6.631  -24.615  30.242 0.0000000000
55118  13.614  -24.073  28.906 0.0000000000
55119  13.357  -24.271  28.919 0.0000000000
55120  8.241  -24.768  28.429 0.0000000000
55121  7.768  -24.452  28.843 0.0000000000
55135  8.579  -24.559  27.864 0.0000000000
55136  8.160  -24.228  28.290 0.0000000000
56347  5.296  -23.825  36.044 0.0000000000
56348  4.781  -23.644  35.786 0.0000000000
56349  4.374  -23.721  35.372 0.0000000000
56355  13.479  -23.302  33.913 0.0000000000
56356  13.057  -23.326  34.596 0.0000000000
56357  6.638  -23.400  34.921 0.0000000000
56358  5.716  -23.422  35.404 0.0000000000
56359  4.872  -23.343  34.822 0.0000000000
56360  4.402  -23.669  35.035 0.0000000000
56371  13.891  -23.275  33.196 0.0000000000
56372  7.816  -23.533  33.690 0.0000000000
56373  7.294  -23.435  34.360 0.0000000000
56374  4.807  -23.210  33.644 0.0000000000
56375  4.702  -22.864  32.944 0.0000000000
56385  14.450  -23.358  31.642 0.0000000000
56386  14.204  -23.310  32.404 0.0000000000
56387  8.711  -24.176  32.361 0.0000000000
56388  8.359  -23.698  32.789 0.0000000000
56389  4.941  -23.521  32.692 0.0000000000
56390  4.622  -22.924  32.218 0.0000000000
56399  14.621  -23.487  30.836 0.0000000000
56400  8.921  -23.709  31.813 0.0000000000
56401  8.549  -23.209  32.248 0.0000000000
56402  5.130  -23.601  31.801 0.0000000000
56403  4.604  -23.046  31.327 0.0000000000
56419  14.630  -23.610  30.125 0.0000000000
56420  10.248  -23.786  30.033 0.0000000000
56421  9.582  -23.637  30.787 0.0000000000
56422  5.916  -23.948  30.577 0.0000000000
56423  5.419  -23.658  30.832 0.0000000000
56424  4.733  -23.083  30.611 0.0000000000
56440  14.605  -23.366  29.446 0.0000000000
56441  14.235  -23.868  29.370 0.0000000000
56442  12.514  -23.964  28.583 0.0000000000
56443  11.826  -23.835  28.748 0.0000000000
56444  11.006  -23.971  29.383 0.0000000000
56445  6.758  -23.872  29.406 0.0000000000
56446  6.187  -23.837  30.006 0.0000000000
56447  5.184  -23.169  29.981 0.0000000000
56448  4.572  -22.853  30.214 0.0000000000
56463  14.599  -23.052  28.889 0.0000000000
56464  14.063  -23.593  28.821 0.0000000000
56465  13.152  -23.818  28.493 0.0000000000
56466  12.347  -23.523  28.347 0.0000000000
56467  7.180  -23.814  28.983 0.0000000000
56468  6.520  -23.436  29.071 0.0000000000
56469  5.829  -23.235  29.381 0.0000000000
56481  8.268  -23.855  27.891 0.0000000000
56482  7.662  -23.594  28.259 0.0000000000
56483  6.982  -23.372  28.545 0.0000000000
56496  8.695  -23.639  27.296 0.0000000000
56497  8.063  -23.339  27.654 0.0000000000
57613  13.179  -22.681  34.226 0.0000000000
57614  12.720  -22.364  34.792 0.0000000000
57615  6.814  -22.882  34.382 0.0000000000
57616  6.121  -22.841  34.650 0.0000000000
57617  5.541  -22.966  34.792 0.0000000000
57630  13.509  -22.365  33.595 0.0000000000
57631  13.070  -22.021  34.185 0.0000000000
57632  7.943  -22.986  33.183 0.0000000000
57633  7.347  -22.737  33.750 0.0000000000
57634  6.427  -22.357  33.898 0.0000000000
57635  5.486  -22.622  34.037 0.0000000000
57636  4.902  -22.450  33.300 0.0000000000
57650  14.353  -22.551  31.967 0.0000000000
57651  13.996  -22.415  32.737 0.0000000000
57652  8.224  -22.839  32.550 0.0000000000
57653  7.599  -22.354  32.891 0.0000000000
57654  6.982  -22.154  33.343 0.0000000000
57655  4.527  -22.343  32.608 0.0000000000
57670  14.639  -22.625  31.237 0.0000000000
57671  9.135  -23.007  31.220 0.0000000000
57672  8.583  -22.668  31.768 0.0000000000
57673  8.025  -22.300  32.253 0.0000000000
57674  4.041  -22.234  31.682 0.0000000000
57675  3.688  -21.721  31.319 0.0000000000
57688  14.869  -22.689  30.234 0.0000000000
57689  9.882  -23.079  30.182 0.0000000000
57690  9.431  -22.691  30.543 0.0000000000
57691  8.951  -22.478  31.051 0.0000000000
57692  4.118  -22.535  30.628 0.0000000000
57693  3.540  -21.874  30.880 0.0000000000
57704  14.992  -22.453  29.097 0.0000000000
57705  11.106  -23.184  28.927 0.0000000000
57706  10.364  -22.758  29.512 0.0000000000
57707  9.786  -22.606  30.018 0.0000000000
57708  5.258  -22.874  29.217 0.0000000000
57709  4.426  -22.563  29.578 0.0000000000
57710  3.421  -21.911  29.893 0.0000000000
57726  14.518  -22.639  28.295 0.0000000000
57727  13.674  -23.097  28.015 0.0000000000
57728  12.705  -23.073  27.942 0.0000000000
57729  11.609  -22.723  28.292 0.0000000000
57730  10.896  -22.597  28.869 0.0000000000
57731  6.593  -23.162  28.522 0.0000000000
57732  5.976  -22.911  28.620 0.0000000000
57733  4.965  -22.465  28.533 0.0000000000
57734  3.822  -21.945  28.538 0.0000000000
57749  14.079  -22.444  27.578 0.0000000000
57750  13.234  -22.523  27.467 0.0000000000
57751  12.294  -22.337  27.612 0.0000000000
57752  11.740  -22.129  27.797 0.0000000000
57753  7.637  -23.112  27.710 0.0000000000
57754  6.889  -22.919  27.906 0.0000000000
57755  5.781  -22.356  27.736 0.0000000000
57756  4.734  -21.990  27.569 0.0000000000
57757  3.962  -21.494  27.383 0.0000000000
57769  9.424  -23.318  26.206 0.0000000000
57770  8.985  -22.965  26.492 0.0000000000
57771  7.867  -22.694  26.991 0.0000000000
57772  6.594  -22.180  26.934 0.0000000000
57773  5.534  -21.849  26.806 0.0000000000
57774  4.640  -21.461  26.588 0.0000000000
57775  4.098  -21.246  26.856 0.0000000000
57786  9.432  -22.881  25.722 0.0000000000
57787  8.487  -22.130  25.569 0.0000000000
57788  7.233  -21.891  26.010 0.0000000000
57789  6.190  -21.668  26.041 0.0000000000
57790  5.357  -21.468  25.998 0.0000000000
57791  4.928  -21.275  25.947 0.0000000000
58855  12.280  -21.637  35.080 0.0000000000
58875  12.640  -21.336  34.452 0.0000000000
58876  12.134  -21.017  34.920 0.0000000000
58899  13.645  -21.475  33.043 0.0000000000
58900  13.158  -21.382  33.756 0.0000000000
58901  5.863  -22.046  33.679 0.0000000000
58902  5.354  -21.964  33.352 0.0000000000
58903  4.790  -21.950  32.918 0.0000000000
58922  14.500  -22.058  31.599 0.0000000000
58923  14.204  -21.502  32.094 0.0000000000
58924  7.068  -21.963  32.865 0.0000000000
58925  6.256  -21.799  32.999 0.0000000000
58926  5.167  -21.541  32.617 0.0000000000
58927  4.429  -21.753  32.282 0.0000000000
58944  14.718  -21.538  31.044 0.0000000000
58945  14.391  -20.995  31.596 0.0000000000
58946  8.102  -22.145  31.791 0.0000000000
58947  7.316  -21.798  32.071 0.0000000000
58948  5.851  -21.241  31.726 0.0000000000
58949  4.647  -21.204  31.855 0.0000000000
58950  3.928  -21.449  31.542 0.0000000000
58951  3.519  -21.344  30.968 0.0000000000
58968  15.079  -21.554  29.771 0.0000000000
58969  9.063  -22.250  30.611 0.0000000000
58970  8.359  -21.942  30.995 0.0000000000
58971  7.014  -21.144  30.763 0.0000000000
58972  6.096  -20.977  30.996 0.0000000000
58973  3.151  -21.342  30.441 0.0000000000
58974  2.846  -20.952  30.181 0.0000000000
58986  15.300  -21.359  28.575 0.0000000000
58987  15.255  -21.505  28.828 0.0000000000
58988  10.114  -22.144  29.359 0.0000000000
58989  9.444  -21.957  29.808 0.0000000000
58990  8.239  -21.226  30.001 0.0000000000
58991  7.440  -20.790  29.810 0.0000000000
58992  2.894  -21.300  29.902 0.0000000000
58993  2.698  -20.842  29.688 0.0000000000
59005  15.259  -21.408  28.294 0.0000000000
59006  15.043  -21.957  28.381 0.0000000000
59007  11.306  -21.913  27.967 0.0000000000
59008  10.463  -21.796  28.681 0.0000000000
59009  9.525  -21.279  28.901 0.0000000000
59010  2.891  -21.281  29.089 0.0000000000
59011  2.630  -20.611  29.133 0.0000000000
59024  15.247  -21.239  27.942 0.0000000000
59025  14.804  -21.582  27.545 0.0000000000
59026  13.800  -21.964  27.000 0.0000000000
59027  12.791  -21.900  27.023 0.0000000000
59028  11.766  -21.556  27.310 0.0000000000
59029  10.995  -21.350  27.780 0.0000000000
59030  3.169  -21.096  27.893 0.0000000000
59031  2.718  -20.662  28.505 0.0000000000
59042  14.739  -20.999  26.885 0.0000000000
59043  14.224  -21.268  26.676 0.0000000000
59044  13.326  -21.383  26.545 0.0000000000
59045  12.433  -21.264  26.643 0.0000000000
59046  4.208  -21.064  26.482 0.0000000000
59047  3.690  -20.928  26.953 0.0000000000
59060  7.502  -21.590  25.156 0.0000000000
59061  6.639  -21.468  25.209 0.0000000000
59062  5.802  -21.344  25.258 0.0000000000
59063  5.165  -21.165  25.400 0.0000000000
59064  4.614  -21.005  25.809 0.0000000000
59065  4.124  -20.605  26.188 0.0000000000
59080  7.021  -21.228  24.392 0.0000000000
59081  6.133  -21.144  24.411 0.0000000000
59082  5.445  -21.020  24.575 0.0000000000
59083  4.979  -20.747  24.894 0.0000000000
59084  4.586  -20.415  25.322 0.0000000000
59102  5.624  -20.847  23.688 0.0000000000
59103  5.156  -20.605  23.932 0.0000000000
59104  4.872  -20.259  24.327 0.0000000000
59120  4.875  -20.190  23.248 0.0000000000
60201  12.286  -20.632  34.494 0.0000000000
60202  11.782  -20.281  34.913 0.0000000000
60216  13.248  -20.782  33.309 0.0000000000
60217  12.668  -20.371  33.832 0.0000000000
60218  12.168  -20.197  34.347 0.0000000000
60235  13.564  -20.449  32.629 0.0000000000
60236  13.099  -20.297  33.206 0.0000000000
60253  14.385  -20.387  31.248 0.0000000000
60254  14.089  -20.591  31.899 0.0000000000
60255  5.560  -20.840  31.014 0.0000000000
60256  4.867  -20.788  31.218 0.0000000000
60257  4.033  -20.876  31.184 0.0000000000
60258  3.643  -21.071  31.072 0.0000000000
60280  14.843  -20.520  30.284 0.0000000000
60281  6.725  -20.644  29.948 0.0000000000
60282  5.980  -20.656  30.436 0.0000000000
60283  5.089  -20.488  30.615 0.0000000000
60284  4.218  -20.367  30.526 0.0000000000
60285  3.325  -20.592  30.427 0.0000000000
60286  2.832  -20.636  30.015 0.0000000000
60307  15.353  -21.125  28.612 0.0000000000
60308  15.281  -20.568  29.050 0.0000000000
60309  8.877  -21.111  29.264 0.0000000000
60310  8.094  -20.644  29.196 0.0000000000
60311  7.081  -20.201  29.175 0.0000000000
60312  6.104  -20.259  29.636 0.0000000000
60313  5.260  -20.272  29.987 0.0000000000
60314  4.721  -20.255  30.231 0.0000000000
60315  3.074  -19.940  29.911 0.0000000000
60316  2.791  -20.146  29.551 0.0000000000
60336  15.374  -20.931  28.274 0.0000000000
60337  15.382  -20.278  28.032 0.0000000000
60338  9.821  -21.026  28.390 0.0000000000
60339  9.009  -20.484  28.366 0.0000000000
60340  7.838  -20.042  28.539 0.0000000000
60341  7.271  -19.819  28.592 0.0000000000
60342  2.625  -19.992  28.657 0.0000000000
60359  15.268  -20.926  27.756 0.0000000000
60360  15.133  -20.505  27.142 0.0000000000
60361  11.118  -21.010  27.261 0.0000000000
60362  10.235  -20.604  27.540 0.0000000000
60363  9.388  -20.185  27.704 0.0000000000
60364  3.245  -20.591  27.313 0.0000000000
60365  2.845  -20.124  27.707 0.0000000000
60382  14.550  -20.522  26.333 0.0000000000
60383  13.803  -20.851  26.120 0.0000000000
60384  12.853  -20.821  26.078 0.0000000000
60385  11.486  -20.518  26.396 0.0000000000
60386  10.569  -20.121  26.684 0.0000000000
60387  3.502  -20.074  26.692 0.0000000000
60388  3.044  -19.675  27.174 0.0000000000
60404  14.107  -20.418  25.862 0.0000000000
60405  13.545  -20.323  25.647 0.0000000000
60406  12.576  -20.176  25.550 0.0000000000
60407  11.802  -19.864  25.550 0.0000000000
60408  4.181  -20.049  25.762 0.0000000000
60428  4.704  -19.528  24.612 0.0000000000
60429  4.621  -19.748  24.853 0.0000000000
60450  4.786  -19.528  24.298 0.0000000000
60451  4.834  -19.773  23.742 0.0000000000
60471  4.738  -19.763  22.922 0.0000000000
61641  11.405  -19.649  34.789 0.0000000000
61650  12.423  -19.702  33.611 0.0000000000
61651  11.881  -19.564  34.126 0.0000000000
61652  11.153  -19.233  34.548 0.0000000000
61661  13.344  -19.772  32.455 0.0000000000
61662  12.867  -19.634  33.019 0.0000000000
61663  12.249  -19.290  33.461 0.0000000000
61672  14.149  -19.767  31.225 0.0000000000
61673  13.730  -19.698  31.810 0.0000000000
61674  13.176  -19.364  32.337 0.0000000000
61684  14.404  -19.731  30.688 0.0000000000
61685  13.986  -19.312  31.102 0.0000000000
61686  3.929  -19.962  30.199 0.0000000000
61687  3.694  -20.151  30.319 0.0000000000
61697  14.732  -19.422  29.760 0.0000000000
61698  14.193  -19.044  30.463 0.0000000000
61699  6.842  -19.678  28.632 0.0000000000
61700  6.194  -19.794  28.965 0.0000000000
61701  5.381  -19.838  29.367 0.0000000000
61702  4.440  -19.800  29.737 0.0000000000
61703  3.563  -19.736  29.878 0.0000000000
61704  3.060  -19.375  29.403 0.0000000000
61717  15.102  -19.317  28.610 0.0000000000
61718  8.904  -19.889  27.676 0.0000000000
61719  8.245  -19.706  27.906 0.0000000000
61720  7.279  -19.330  28.020 0.0000000000
61721  6.316  -19.259  28.376 0.0000000000
61722  5.452  -19.324  28.760 0.0000000000
61723  4.893  -19.473  29.144 0.0000000000
61724  2.661  -19.049  28.823 0.0000000000
61737  15.284  -19.435  27.448 0.0000000000
61738  10.054  -19.849  26.798 0.0000000000
61739  9.379  -19.767  27.189 0.0000000000
61740  8.493  -19.243  27.206 0.0000000000
61741  7.890  -19.237  27.572 0.0000000000
61742  2.565  -19.189  28.060 0.0000000000
61754  15.011  -19.576  26.402 0.0000000000
61755  11.282  -19.774  25.764 0.0000000000
61756  10.524  -19.470  25.996 0.0000000000
61757  9.550  -19.287  26.513 0.0000000000
61758  9.040  -19.256  26.838 0.0000000000
61759  3.237  -19.047  26.817 0.0000000000
61760  2.831  -19.305  27.457 0.0000000000
61771  14.335  -19.797  25.599 0.0000000000
61772  13.451  -19.583  25.055 0.0000000000
61773  12.371  -19.529  25.000 0.0000000000
61774  11.330  -19.199  25.111 0.0000000000
61775  10.656  -18.986  25.378 0.0000000000
61776  4.487  -18.738  25.236 0.0000000000
61777  4.151  -19.233  25.717 0.0000000000
61789  12.957  -19.064  24.557 0.0000000000
61790  12.138  -18.915  24.547 0.0000000000
61791  11.618  -18.765  24.599 0.0000000000
61792  4.742  -19.166  24.710 0.0000000000
61793  4.521  -19.426  25.110 0.0000000000
61809  4.954  -19.166  23.606 0.0000000000
61810  4.811  -19.453  23.064 0.0000000000
62970  10.519  -18.983  34.856 0.0000000000
62971  9.700  -18.407  34.608 0.0000000000
62972  8.390  -17.883  34.218 0.0000000000
62973  7.140  -17.830  34.404 0.0000000000
62974  6.532  -17.695  34.328 0.0000000000
62983  11.848  -18.999  33.610 0.0000000000
62984  11.008  -18.626  33.870 0.0000000000
62985  9.717  -17.718  33.484 0.0000000000
62986  8.822  -17.528  33.541 0.0000000000
62997  12.840  -19.066  32.541 0.0000000000
62998  12.166  -18.656  32.908 0.0000000000
62999  10.991  -17.689  32.745 0.0000000000
63000  10.185  -17.398  32.911 0.0000000000
63009  13.618  -19.088  31.422 0.0000000000
63010  13.070  -18.721  31.849 0.0000000000
63011  12.125  -17.674  31.880 0.0000000000
63012  11.419  -17.351  32.162 0.0000000000
63022  13.673  -18.671  30.921 0.0000000000
63023  13.074  -17.774  30.879 0.0000000000
63024  12.468  -17.382  31.224 0.0000000000
63033  14.673  -18.808  29.245 0.0000000000
63034  14.054  -18.178  29.801 0.0000000000
63035  13.415  -17.579  30.157 0.0000000000
63036  3.947  -19.249  29.481 0.0000000000
63037  3.500  -18.739  29.287 0.0000000000
63038  2.886  -18.375  29.059 0.0000000000
63047  14.652  -18.379  28.797 0.0000000000
63048  14.291  -17.865  28.953 0.0000000000
63049  7.012  -18.754  27.597 0.0000000000
63050  6.516  -18.733  27.855 0.0000000000
63051  5.632  -18.524  28.188 0.0000000000
63052  4.451  -18.734  28.868 0.0000000000
63053  3.712  -18.010  28.956 0.0000000000
63054  2.530  -17.980  28.701 0.0000000000
63061  15.023  -18.476  27.880 0.0000000000
63062  8.209  -18.693  26.859 0.0000000000
63063  7.536  -18.607  27.175 0.0000000000
63064  6.712  -18.284  27.382 0.0000000000
63065  6.163  -18.133  27.684 0.0000000000
63066  2.374  -18.114  28.224 0.0000000000
63072  15.125  -18.487  26.776 0.0000000000
63073  10.247  -18.768  25.485 0.0000000000
63074  9.586  -18.627  25.806 0.0000000000
63075  8.765  -18.656  26.444 0.0000000000
63076  8.038  -18.235  26.596 0.0000000000
63077  3.055  -18.185  26.776 0.0000000000
63078  2.653  -18.337  27.416 0.0000000000
63086  14.759  -18.570  25.502 0.0000000000
63087  14.204  -19.173  25.085 0.0000000000
63088  11.243  -18.577  24.609 0.0000000000
63089  10.550  -18.447  24.922 0.0000000000
63090  9.915  -18.294  25.267 0.0000000000
63091  4.188  -18.230  25.603 0.0000000000
63092  3.587  -18.328  26.294 0.0000000000
63098  14.528  -18.035  24.834 0.0000000000
63099  13.892  -18.536  24.556 0.0000000000
63100  12.788  -18.381  24.122 0.0000000000
63101  11.777  -18.270  24.192 0.0000000000
63102  10.997  -18.053  24.338 0.0000000000
63103  5.185  -17.858  24.169 0.0000000000
63104  4.777  -18.199  24.816 0.0000000000
63121  5.172  -18.491  23.950 0.0000000000
64197  7.557  -17.496  33.879 0.0000000000
64198  6.844  -17.443  33.957 0.0000000000
64199  6.043  -17.343  34.089 0.0000000000
64200  5.329  -17.105  34.340 0.0000000000
64217  9.036  -17.297  33.195 0.0000000000
64218  8.212  -17.231  33.330 0.0000000000
64219  7.289  -17.067  33.557 0.0000000000
64220  6.643  -17.021  33.689 0.0000000000
64235  10.402  -17.184  32.611 0.0000000000
64236  9.660  -17.064  32.776 0.0000000000
64237  8.871  -16.936  32.922 0.0000000000
64247  11.592  -17.144  31.825 0.0000000000
64248  10.959  -16.965  32.171 0.0000000000
64249  10.295  -16.783  32.491 0.0000000000
64256  12.602  -17.192  30.852 0.0000000000
64257  12.055  -16.962  31.286 0.0000000000
64258  11.496  -16.743  31.720 0.0000000000
64265  13.522  -17.381  29.725 0.0000000000
64266  12.997  -17.059  30.239 0.0000000000
64267  12.502  -16.786  30.722 0.0000000000
64268  3.207  -17.636  29.098 0.0000000000
64269  2.633  -17.364  28.952 0.0000000000
64276  14.522  -17.742  28.287 0.0000000000
64277  13.874  -17.232  28.937 0.0000000000
64278  13.340  -16.889  29.555 0.0000000000
64279  4.945  -17.648  28.215 0.0000000000
64280  4.087  -17.400  28.697 0.0000000000
64281  3.593  -17.435  28.981 0.0000000000
64282  2.118  -16.956  28.542 0.0000000000
64283  1.769  -16.492  28.377 0.0000000000
64289  14.826  -17.643  27.359 0.0000000000
64290  14.289  -16.970  27.812 0.0000000000
64291  6.895  -17.883  26.980 0.0000000000
64292  6.269  -17.400  27.261 0.0000000000
64293  5.663  -17.689  27.772 0.0000000000
64294  2.099  -17.048  27.722 0.0000000000
64295  1.828  -16.685  28.178 0.0000000000
64302  14.834  -17.294  26.303 0.0000000000
64303  14.646  -17.051  27.104 0.0000000000
64304  8.979  -18.126  25.851 0.0000000000
64305  8.335  -17.590  25.964 0.0000000000
64306  7.353  -17.576  26.549 0.0000000000
64307  6.756  -17.368  26.827 0.0000000000
64308  3.201  -17.818  26.475 0.0000000000
64317  14.707  -17.418  25.162 0.0000000000
64318  9.973  -17.963  24.944 0.0000000000
64319  9.283  -17.564  25.212 0.0000000000
64320  8.608  -17.100  25.489 0.0000000000
64328  14.283  -17.477  24.412 0.0000000000
64329  13.412  -17.478  23.872 0.0000000000
64330  12.371  -17.593  23.739 0.0000000000
64331  11.341  -17.290  23.817 0.0000000000
64332  10.242  -17.428  24.486 0.0000000000
64333  9.621  -17.052  24.703 0.0000000000
64348  12.763  -16.961  23.543 0.0000000000
64349  12.064  -16.874  23.510 0.0000000000
64350  11.607  -16.748  23.558 0.0000000000
65434  5.069  -16.522  34.563 0.0000000000
65447  6.299  -16.526  33.783 0.0000000000
65448  5.650  -16.527  34.106 0.0000000000
65463  8.475  -16.453  33.026 0.0000000000
65464  7.727  -16.481  33.358 0.0000000000
65465  6.982  -16.504  33.605 0.0000000000
65483  9.906  -16.374  32.527 0.0000000000
65484  9.202  -16.413  32.750 0.0000000000
65503  11.158  -16.338  31.862 0.0000000000
65504  10.557  -16.350  32.235 0.0000000000
65517  12.207  -16.355  30.910 0.0000000000
65518  11.691  -16.342  31.400 0.0000000000
65528  13.050  -16.471  29.835 0.0000000000
65529  12.656  -16.389  30.348 0.0000000000
65530  2.916  -16.781  29.205 0.0000000000
65531  2.361  -16.406  29.151 0.0000000000
65532  1.919  -15.987  29.173 0.0000000000
65541  13.849  -16.480  28.404 0.0000000000
65542  13.410  -16.283  29.154 0.0000000000
65543  4.637  -16.787  28.357 0.0000000000
65544  4.150  -16.463  28.784 0.0000000000
65545  3.517  -16.658  29.123 0.0000000000
65546  1.974  -16.396  28.908 0.0000000000
65547  1.744  -16.123  28.702 0.0000000000
65555  14.147  -16.207  27.842 0.0000000000
65556  6.023  -16.583  27.200 0.0000000000
65557  5.407  -16.641  27.751 0.0000000000
65558  1.903  -16.290  27.564 0.0000000000
65559  1.673  -16.139  28.051 0.0000000000
65566  14.601  -16.452  26.198 0.0000000000
65567  14.504  -16.326  26.970 0.0000000000
65568  8.209  -16.783  25.628 0.0000000000
65569  7.505  -16.586  25.976 0.0000000000
65570  6.579  -16.554  26.671 0.0000000000
65580  14.600  -16.519  25.540 0.0000000000
65581  9.265  -16.728  24.802 0.0000000000
65582  8.608  -16.443  25.120 0.0000000000
65583  7.950  -16.203  25.506 0.0000000000
65593  14.454  -16.604  24.674 0.0000000000
65594  14.036  -16.627  23.943 0.0000000000
65595  11.275  -16.559  23.594 0.0000000000
65596  10.601  -16.432  23.853 0.0000000000
65597  9.742  -16.430  24.375 0.0000000000
65598  9.112  -16.101  24.644 0.0000000000
65609  13.283  -16.460  23.556 0.0000000000
65610  12.515  -16.290  23.387 0.0000000000
65611  11.731  -16.226  23.406 0.0000000000
65612  11.107  -16.033  23.506 0.0000000000
66748  9.182  -15.280  33.366 0.0000000000
66749  8.287  -15.706  33.481 0.0000000000
66750  7.390  -15.869  33.727 0.0000000000
66751  6.727  -16.005  33.833 0.0000000000
66765  9.643  -15.690  32.737 0.0000000000
66766  8.896  -15.878  32.965 0.0000000000
66784  10.897  -15.715  32.073 0.0000000000
66785  10.253  -15.883  32.392 0.0000000000
66804  11.983  -15.725  31.182 0.0000000000
66805  11.425  -15.888  31.621 0.0000000000
66822  12.973  -15.710  29.982 0.0000000000
66823  12.453  -15.900  30.616 0.0000000000
66824  3.535  -15.199  29.616 0.0000000000
66825  3.076  -15.758  29.521 0.0000000000
66826  2.269  -15.428  29.551 0.0000000000
66827  1.800  -15.315  29.213 0.0000000000
66843  13.872  -15.650  28.465 0.0000000000
66844  13.524  -15.472  29.281 0.0000000000
66845  4.658  -15.776  28.413 0.0000000000
66846  3.868  -15.672  29.233 0.0000000000
66847  3.477  -16.051  29.349 0.0000000000
66848  1.594  -15.375  28.559 0.0000000000
66864  14.299  -15.580  27.601 0.0000000000
66865  5.884  -15.726  27.231 0.0000000000
66866  5.301  -15.503  27.834 0.0000000000
66868  1.582  -15.322  27.988 0.0000000000
66883  14.564  -15.627  26.047 0.0000000000
66884  14.529  -15.406  26.908 0.0000000000
66885  6.878  -15.610  26.185 0.0000000000
66886  6.370  -15.444  26.701 0.0000000000
66903  14.488  -15.663  24.950 0.0000000000
66904  8.009  -15.544  25.173 0.0000000000
66905  7.465  -15.616  25.660 0.0000000000
66923  14.252  -15.893  24.223 0.0000000000
66924  13.737  -15.709  23.692 0.0000000000
66925  10.060  -15.700  23.990 0.0000000000
66926  9.381  -15.482  24.308 0.0000000000
66927  8.629  -15.371  24.717 0.0000000000
66948  12.952  -15.614  23.355 0.0000000000
66949  12.142  -15.550  23.263 0.0000000000
66950  11.368  -15.458  23.389 0.0000000000
66951  10.641  -15.420  23.662 0.0000000000
68224  3.925  -14.582  29.624 0.0000000000
68225  3.308  -14.726  29.939 0.0000000000
68226  2.691  -14.688  30.073 0.0000000000
68227  2.019  -14.310  30.098 0.0000000000
68241  5.029  -14.709  28.260 0.0000000000
68242  4.448  -14.716  28.933 0.0000000000
68243  1.670  -14.504  29.091 0.0000000000
68261  6.124  -14.690  27.112 0.0000000000
68262  5.598  -14.702  27.670 0.0000000000
68264  1.570  -14.713  28.310 0.0000000000
68283  7.101  -14.749  25.944 0.0000000000
68284  6.593  -14.671  26.533 0.0000000000
68304  8.142  -14.585  25.009 0.0000000000
68305  7.588  -14.936  25.431 0.0000000000
68324  14.169  -14.839  24.093 0.0000000000
68325  13.283  -14.804  23.479 0.0000000000
68327  10.014  -14.702  23.954 0.0000000000
68328  8.926  -14.539  24.558 0.0000000000
68329  8.539  -14.825  24.710 0.0000000000
68349  12.474  -14.854  23.271 0.0000000000
68350  11.705  -14.838  23.303 0.0000000000
68351  10.894  -14.683  23.562 0.0000000000
68352  10.516  -14.929  23.702 0.0000000000
63120  5.368  -17.862  23.506 0.0000000000
63134  5.435  -17.757  23.029 0.0000000000
64309  2.738  -17.317  26.746 0.0000000000
