#!ascii label  , from subject colin27 vox2ras=TkReg coords=white
774
66871  45.321  -15.541  26.810 0.0000000000
66872  44.421  -15.801  26.714 0.0000000000
66873  43.475  -15.912  26.591 0.0000000000
66874  42.485  -15.918  26.479 0.0000000000
66875  41.501  -15.797  26.277 0.0000000000
66876  40.644  -15.650  25.931 0.0000000000
66877  40.222  -15.584  25.551 0.0000000000
66890  45.042  -15.613  26.017 0.0000000000
66891  44.269  -15.719  25.674 0.0000000000
66892  43.278  -15.861  25.678 0.0000000000
66893  42.384  -15.918  25.533 0.0000000000
66894  41.511  -15.879  25.326 0.0000000000
66895  40.746  -15.774  25.109 0.0000000000
66896  40.009  -15.636  25.005 0.0000000000
66897  39.480  -15.552  24.783 0.0000000000
66910  43.865  -15.766  24.983 0.0000000000
66911  43.187  -15.894  24.806 0.0000000000
66912  42.366  -15.984  24.592 0.0000000000
66913  41.497  -15.973  24.430 0.0000000000
66914  40.670  -15.886  24.306 0.0000000000
66915  39.885  -15.789  24.220 0.0000000000
66916  39.073  -15.609  24.241 0.0000000000
66917  38.391  -15.505  23.986 0.0000000000
66936  43.876  -15.700  24.284 0.0000000000
66937  43.279  -15.810  23.775 0.0000000000
66938  42.312  -15.996  23.648 0.0000000000
66939  41.418  -16.035  23.525 0.0000000000
66940  40.530  -15.989  23.441 0.0000000000
66941  39.653  -15.867  23.401 0.0000000000
66942  38.815  -15.709  23.350 0.0000000000
66943  38.005  -15.517  23.346 0.0000000000
66961  43.015  -15.767  22.874 0.0000000000
66962  42.197  -15.917  22.714 0.0000000000
66963  41.287  -15.989  22.575 0.0000000000
66964  40.320  -15.971  22.541 0.0000000000
66965  39.391  -15.851  22.518 0.0000000000
66966  38.489  -15.679  22.496 0.0000000000
66967  37.536  -15.480  22.446 0.0000000000
66968  36.842  -15.359  21.985 0.0000000000
66977  42.853  -15.633  22.128 0.0000000000
66978  42.147  -15.653  21.631 0.0000000000
66979  41.038  -15.823  21.673 0.0000000000
66980  40.044  -15.858  21.649 0.0000000000
66981  39.086  -15.756  21.637 0.0000000000
66982  38.169  -15.605  21.609 0.0000000000
66983  37.315  -15.417  21.428 0.0000000000
66984  36.842  -15.316  21.491 0.0000000000
66995  42.170  -15.410  20.948 0.0000000000
66996  41.627  -15.500  20.916 0.0000000000
66997  40.702  -15.603  20.842 0.0000000000
66998  39.714  -15.624  20.787 0.0000000000
66999  38.737  -15.564  20.780 0.0000000000
67000  37.901  -15.445  20.834 0.0000000000
68231  47.539  -14.194  28.237 0.0000000000
68249  47.603  -14.099  27.601 0.0000000000
68250  47.061  -14.507  27.412 0.0000000000
68272  46.773  -14.586  26.231 0.0000000000
68273  46.168  -15.080  27.000 0.0000000000
68274  40.128  -15.527  25.886 0.0000000000
68275  39.632  -15.470  25.743 0.0000000000
68294  46.812  -14.497  25.198 0.0000000000
68295  45.949  -15.163  25.677 0.0000000000
68296  45.122  -15.473  25.266 0.0000000000
68297  39.513  -15.477  25.194 0.0000000000
68298  38.962  -15.417  25.179 0.0000000000
68315  46.380  -14.752  24.453 0.0000000000
68316  45.612  -15.195  24.509 0.0000000000
68317  44.648  -15.511  24.500 0.0000000000
68318  38.410  -15.451  24.631 0.0000000000
68319  37.677  -15.467  24.298 0.0000000000
68339  46.046  -14.891  23.753 0.0000000000
68340  45.361  -15.145  23.458 0.0000000000
68341  44.334  -15.472  23.387 0.0000000000
68342  43.719  -15.570  22.901 0.0000000000
68343  37.165  -15.394  23.417 0.0000000000
68359  45.015  -15.103  22.512 0.0000000000
68360  44.287  -15.276  22.371 0.0000000000
68361  43.569  -15.436  22.169 0.0000000000
68362  36.826  -15.326  22.729 0.0000000000
68363  36.229  -15.308  22.403 0.0000000000
68364  35.505  -15.365  21.988 0.0000000000
68365  34.754  -15.452  21.703 0.0000000000
68373  44.775  -14.975  21.857 0.0000000000
68374  44.203  -15.044  21.487 0.0000000000
68375  43.214  -15.308  21.321 0.0000000000
68376  42.591  -15.324  20.929 0.0000000000
68377  36.883  -15.320  21.167 0.0000000000
68378  36.294  -15.285  21.303 0.0000000000
68379  35.204  -15.211  21.004 0.0000000000
68380  34.238  -15.248  20.971 0.0000000000
68381  33.386  -15.266  20.613 0.0000000000
68382  32.740  -15.205  20.368 0.0000000000
68389  43.858  -14.813  20.583 0.0000000000
68390  43.050  -15.011  20.465 0.0000000000
68391  42.244  -15.157  20.357 0.0000000000
68392  41.333  -15.220  20.140 0.0000000000
68393  40.349  -15.282  20.024 0.0000000000
68394  39.317  -15.239  19.945 0.0000000000
68395  38.249  -15.158  20.019 0.0000000000
68396  37.066  -15.134  20.395 0.0000000000
68397  35.734  -14.748  19.961 0.0000000000
68398  34.620  -14.696  20.188 0.0000000000
68399  33.718  -14.670  20.189 0.0000000000
68400  32.906  -14.671  20.082 0.0000000000
68401  32.071  -14.783  20.043 0.0000000000
68409  43.472  -14.646  19.909 0.0000000000
68410  42.792  -14.771  19.751 0.0000000000
68411  42.017  -14.872  19.382 0.0000000000
68412  40.979  -14.982  19.302 0.0000000000
68413  39.968  -14.933  19.169 0.0000000000
68414  38.837  -14.604  19.007 0.0000000000
68415  37.623  -14.597  19.299 0.0000000000
68416  36.544  -14.437  19.315 0.0000000000
68417  35.911  -14.236  19.239 0.0000000000
68429  41.480  -14.617  18.709 0.0000000000
68430  40.618  -14.576  18.547 0.0000000000
68431  39.673  -14.409  18.422 0.0000000000
68432  39.104  -14.262  18.348 0.0000000000
69570  49.368  -12.808  29.668 0.0000000000
69571  48.742  -13.135  28.997 0.0000000000
69572  48.088  -13.704  28.630 0.0000000000
69588  48.548  -13.231  27.985 0.0000000000
69589  47.987  -13.740  27.766 0.0000000000
69606  48.389  -13.347  27.115 0.0000000000
69607  47.792  -13.866  26.964 0.0000000000
69608  47.359  -14.157  26.443 0.0000000000
69623  48.231  -13.421  26.431 0.0000000000
69624  47.840  -13.664  25.946 0.0000000000
69625  47.306  -14.110  25.641 0.0000000000
69640  47.707  -13.679  25.089 0.0000000000
69641  47.314  -14.056  24.906 0.0000000000
69655  47.600  -13.722  24.314 0.0000000000
69656  47.048  -14.210  24.267 0.0000000000
69670  47.411  -13.757  23.390 0.0000000000
69671  46.624  -14.349  23.343 0.0000000000
69672  46.017  -14.735  23.074 0.0000000000
69681  47.126  -13.729  22.165 0.0000000000
69682  46.250  -14.348  22.308 0.0000000000
69683  45.641  -14.795  22.576 0.0000000000
69689  47.132  -13.460  21.350 0.0000000000
69690  46.496  -13.795  21.159 0.0000000000
69691  45.436  -14.538  21.606 0.0000000000
69692  44.802  -14.775  21.430 0.0000000000
69698  46.291  -13.580  20.460 0.0000000000
69699  45.626  -13.873  20.289 0.0000000000
69700  44.729  -14.550  20.818 0.0000000000
69701  35.461  -14.010  19.209 0.0000000000
69702  34.812  -14.050  19.469 0.0000000000
69703  33.956  -14.044  19.606 0.0000000000
69704  33.133  -14.043  19.664 0.0000000000
69705  32.340  -14.031  19.671 0.0000000000
69706  31.369  -13.658  19.737 0.0000000000
69715  45.277  -13.483  19.107 0.0000000000
69716  44.331  -14.196  19.574 0.0000000000
69717  43.231  -14.398  19.205 0.0000000000
69718  42.636  -14.584  19.191 0.0000000000
69719  38.684  -14.095  18.293 0.0000000000
69720  37.987  -14.062  18.523 0.0000000000
69721  37.013  -13.949  18.597 0.0000000000
69722  35.935  -13.446  18.684 0.0000000000
69723  34.989  -13.240  18.983 0.0000000000
69724  34.132  -13.223  19.179 0.0000000000
69725  33.296  -13.259  19.344 0.0000000000
69726  32.549  -13.365  19.485 0.0000000000
69727  32.037  -13.481  19.571 0.0000000000
69738  45.107  -13.130  18.448 0.0000000000
69739  44.542  -13.463  18.531 0.0000000000
69740  43.610  -13.794  18.429 0.0000000000
69741  42.416  -14.246  18.456 0.0000000000
69742  41.266  -14.163  18.005 0.0000000000
69743  40.266  -14.042  17.848 0.0000000000
69744  39.212  -13.754  17.759 0.0000000000
69745  38.288  -13.559  17.945 0.0000000000
69746  37.443  -13.384  18.041 0.0000000000
69747  36.671  -13.158  18.212 0.0000000000
69752  43.583  -13.305  17.826 0.0000000000
69753  42.964  -13.442  17.645 0.0000000000
69754  41.877  -13.546  17.455 0.0000000000
69755  40.825  -13.524  17.363 0.0000000000
69756  39.965  -13.418  17.309 0.0000000000
70838  50.484  -12.054  30.718 0.0000000000
70839  49.948  -12.448  30.200 0.0000000000
70853  50.430  -11.997  29.900 0.0000000000
70854  49.975  -12.181  29.225 0.0000000000
70855  49.383  -12.560  28.852 0.0000000000
70869  49.796  -12.115  28.204 0.0000000000
70870  49.143  -12.664  28.108 0.0000000000
70885  49.558  -12.291  27.303 0.0000000000
70886  48.968  -12.819  27.210 0.0000000000
70901  49.405  -12.455  26.395 0.0000000000
70902  48.778  -12.978  26.264 0.0000000000
70903  48.354  -13.245  25.830 0.0000000000
70918  49.269  -12.550  25.493 0.0000000000
70919  48.732  -12.914  25.303 0.0000000000
70920  48.203  -13.261  25.165 0.0000000000
70936  49.130  -12.598  24.767 0.0000000000
70937  48.670  -12.891  24.247 0.0000000000
70938  48.038  -13.351  24.508 0.0000000000
70951  48.601  -12.793  23.031 0.0000000000
70952  48.059  -13.298  23.679 0.0000000000
70959  48.478  -12.578  21.980 0.0000000000
70960  47.936  -13.203  22.557 0.0000000000
70967  48.417  -12.379  21.369 0.0000000000
70968  47.757  -12.880  21.140 0.0000000000
70969  47.072  -13.357  20.965 0.0000000000
70978  47.480  -12.395  19.869 0.0000000000
70979  46.814  -13.192  20.263 0.0000000000
70980  46.210  -13.461  20.138 0.0000000000
70981  31.141  -12.369  19.785 0.0000000000
70992  47.354  -12.069  19.293 0.0000000000
70993  46.773  -12.423  19.098 0.0000000000
70994  46.100  -13.220  19.536 0.0000000000
70995  35.726  -12.667  18.452 0.0000000000
70996  35.262  -12.304  18.587 0.0000000000
70997  34.336  -12.285  18.899 0.0000000000
70998  33.428  -12.291  19.142 0.0000000000
70999  32.586  -12.485  19.337 0.0000000000
71000  31.911  -12.878  19.535 0.0000000000
71008  46.336  -12.156  18.398 0.0000000000
71009  45.749  -12.688  18.456 0.0000000000
71010  44.762  -12.739  17.821 0.0000000000
71011  44.045  -13.219  17.968 0.0000000000
71012  38.550  -13.067  17.469 0.0000000000
71013  37.827  -12.893  17.585 0.0000000000
71014  36.961  -12.340  17.699 0.0000000000
71015  36.071  -12.476  18.210 0.0000000000
71016  35.685  -12.352  18.407 0.0000000000
71022  44.368  -12.276  17.236 0.0000000000
71023  43.688  -12.729  17.301 0.0000000000
71024  42.449  -12.637  16.779 0.0000000000
71025  41.249  -12.909  16.821 0.0000000000
71026  40.290  -12.928  16.854 0.0000000000
71027  39.238  -12.638  16.908 0.0000000000
71028  38.178  -12.419  17.161 0.0000000000
71029  37.622  -12.369  17.406 0.0000000000
71035  42.120  -11.980  16.349 0.0000000000
71036  41.474  -12.178  16.384 0.0000000000
71037  40.557  -12.329  16.484 0.0000000000
71038  39.937  -12.440  16.623 0.0000000000
72030  54.635  -11.811  31.733 0.0000000000
72047  55.072  -11.588  31.326 0.0000000000
72048  52.783  -10.785  31.638 0.0000000000
72049  52.144  -11.003  31.417 0.0000000000
72050  51.126  -11.576  31.279 0.0000000000
72065  55.642  -11.346  30.458 0.0000000000
72066  51.628  -11.028  30.481 0.0000000000
72067  50.950  -11.551  30.189 0.0000000000
72082  51.426  -11.076  29.514 0.0000000000
72083  50.730  -11.607  29.164 0.0000000000
72084  50.305  -11.823  28.551 0.0000000000
72099  51.350  -11.095  28.539 0.0000000000
72100  50.773  -11.477  28.189 0.0000000000
72101  50.322  -11.743  27.946 0.0000000000
72114  51.383  -11.093  27.482 0.0000000000
72115  50.711  -11.517  27.366 0.0000000000
72116  50.137  -11.856  27.327 0.0000000000
72127  51.173  -11.282  26.567 0.0000000000
72128  50.579  -11.633  26.548 0.0000000000
72129  50.001  -12.000  26.466 0.0000000000
72143  50.982  -11.423  25.898 0.0000000000
72144  50.503  -11.690  25.571 0.0000000000
72145  49.858  -12.131  25.550 0.0000000000
72160  50.243  -11.848  24.699 0.0000000000
72161  49.673  -12.227  24.627 0.0000000000
72162  49.294  -12.435  24.131 0.0000000000
72173  50.071  -11.927  24.075 0.0000000000
72174  49.749  -12.057  23.648 0.0000000000
72175  49.187  -12.387  23.356 0.0000000000
72181  49.608  -11.850  22.698 0.0000000000
72182  49.055  -12.202  22.406 0.0000000000
72188  49.410  -11.680  21.969 0.0000000000
72189  48.950  -11.905  21.436 0.0000000000
72190  48.439  -12.148  20.943 0.0000000000
72200  48.728  -11.604  20.681 0.0000000000
72201  48.197  -11.877  20.191 0.0000000000
72212  47.744  -11.704  19.419 0.0000000000
72213  47.305  -11.673  18.891 0.0000000000
72214  35.747  -10.557  18.554 0.0000000000
72215  35.370  -11.087  18.588 0.0000000000
72216  34.605  -11.266  18.870 0.0000000000
72217  33.751  -11.307  19.204 0.0000000000
72218  32.601  -11.187  19.552 0.0000000000
72219  31.845  -11.951  19.544 0.0000000000
72224  46.736  -11.667  18.394 0.0000000000
72225  45.960  -11.739  17.795 0.0000000000
72226  45.400  -12.278  17.774 0.0000000000
72227  36.844  -11.074  17.580 0.0000000000
72228  36.088  -11.213  18.124 0.0000000000
72229  35.667  -11.906  18.337 0.0000000000
72234  45.541  -11.308  17.288 0.0000000000
72235  45.018  -11.819  17.202 0.0000000000
72236  43.964  -11.745  16.747 0.0000000000
72237  43.241  -12.196  16.738 0.0000000000
72238  39.077  -11.922  16.536 0.0000000000
72239  38.412  -11.593  16.634 0.0000000000
72240  37.552  -11.756  17.214 0.0000000000
72246  43.595  -11.192  16.335 0.0000000000
72247  42.831  -11.586  16.275 0.0000000000
72248  41.736  -11.478  16.032 0.0000000000
72249  40.743  -11.598  16.060 0.0000000000
72250  39.687  -11.791  16.349 0.0000000000
72251  39.030  -11.579  16.390 0.0000000000
72301  63.341  -11.492  11.196 0.0000000000
72304  63.386  -11.713  10.552 0.0000000000
72306  63.777  -12.024  9.292 0.0000000000
72307  63.547  -11.778  9.790 0.0000000000
73363  54.548  -11.421  31.729 0.0000000000
73364  54.308  -11.152  31.781 0.0000000000
73365  53.763  -10.846  31.815 0.0000000000
73366  53.239  -10.678  31.647 0.0000000000
73377  55.239  -11.237  31.012 0.0000000000
73378  55.014  -11.019  31.297 0.0000000000
73379  54.554  -10.496  31.278 0.0000000000
73380  53.806  -10.313  31.214 0.0000000000
73381  52.970  -10.488  31.012 0.0000000000
73382  52.306  -10.647  30.568 0.0000000000
73393  56.157  -10.854  29.807 0.0000000000
73394  55.600  -10.739  30.492 0.0000000000
73395  55.341  -10.543  30.766 0.0000000000
73396  54.468  -9.938  30.724 0.0000000000
73397  53.724  -9.947  30.313 0.0000000000
73398  52.822  -10.252  30.043 0.0000000000
73399  52.101  -10.622  29.776 0.0000000000
73408  56.731  -10.657  29.051 0.0000000000
73409  53.408  -9.915  29.333 0.0000000000
73410  52.659  -10.282  29.115 0.0000000000
73411  51.981  -10.670  28.861 0.0000000000
73426  57.483  -10.049  27.995 0.0000000000
73427  57.214  -10.491  28.173 0.0000000000
73428  53.268  -10.074  28.422 0.0000000000
73429  52.584  -10.404  28.220 0.0000000000
73430  51.958  -10.727  27.950 0.0000000000
73447  57.725  -10.356  27.297 0.0000000000
73449  53.188  -10.227  27.572 0.0000000000
73450  52.565  -10.510  27.371 0.0000000000
73451  52.032  -10.746  27.171 0.0000000000
73467  58.533  -9.806  25.834 0.0000000000
73468  58.285  -10.277  25.992 0.0000000000
73469  53.156  -10.312  26.729 0.0000000000
73470  52.515  -10.602  26.530 0.0000000000
73471  51.831  -10.901  26.489 0.0000000000
73489  58.714  -10.140  25.156 0.0000000000
73491  53.137  -10.376  25.782 0.0000000000
73492  52.401  -10.729  25.605 0.0000000000
73493  51.588  -11.095  25.554 0.0000000000
73494  51.055  -11.344  25.225 0.0000000000
73512  59.133  -9.996  23.753 0.0000000000
73513  59.018  -10.093  24.309 0.0000000000
73514  53.074  -10.468  24.689 0.0000000000
73515  52.259  -10.866  24.553 0.0000000000
73516  51.490  -11.194  24.515 0.0000000000
73517  50.826  -11.493  24.573 0.0000000000
73535  59.186  -9.910  23.226 0.0000000000
73536  52.904  -10.482  23.410 0.0000000000
73537  51.986  -10.932  23.534 0.0000000000
73538  51.199  -11.288  23.644 0.0000000000
73539  50.505  -11.650  23.774 0.0000000000
73540  50.130  -11.829  23.631 0.0000000000
73550  52.962  -10.226  22.602 0.0000000000
73551  52.386  -10.461  22.445 0.0000000000
73552  51.529  -10.906  22.719 0.0000000000
73553  50.752  -11.249  22.811 0.0000000000
73554  50.151  -11.653  23.046 0.0000000000
73562  52.139  -10.305  21.783 0.0000000000
73563  51.754  -10.564  22.025 0.0000000000
73564  51.054  -10.756  21.966 0.0000000000
73565  50.044  -11.140  21.799 0.0000000000
73566  49.450  -11.442  21.491 0.0000000000
73574  49.895  -10.755  21.008 0.0000000000
73575  49.361  -11.055  20.803 0.0000000000
73576  48.681  -11.088  20.054 0.0000000000
73577  35.909  -9.410  19.418 0.0000000000
73578  35.455  -9.515  19.709 0.0000000000
73579  34.737  -9.630  19.917 0.0000000000
73580  33.879  -9.721  20.111 0.0000000000
73587  48.212  -11.100  19.482 0.0000000000
73588  47.744  -11.044  18.941 0.0000000000
73589  36.486  -9.584  18.237 0.0000000000
73590  36.076  -9.829  18.668 0.0000000000
73591  35.529  -10.074  18.943 0.0000000000
73592  34.949  -10.294  19.167 0.0000000000
73593  34.194  -10.403  19.401 0.0000000000
73594  33.419  -10.466  19.647 0.0000000000
73599  47.233  -10.999  18.475 0.0000000000
73600  46.609  -10.926  17.947 0.0000000000
73601  36.801  -10.046  17.644 0.0000000000
73602  36.418  -10.359  18.016 0.0000000000
73607  45.931  -10.849  17.402 0.0000000000
73608  45.188  -10.824  16.870 0.0000000000
73609  44.622  -11.291  16.775 0.0000000000
73610  38.185  -10.523  16.427 0.0000000000
73611  37.457  -10.611  17.007 0.0000000000
73616  44.843  -10.376  16.578 0.0000000000
73617  44.269  -10.747  16.432 0.0000000000
73618  43.295  -10.664  16.002 0.0000000000
73619  42.170  -10.583  15.690 0.0000000000
73620  41.087  -10.828  15.679 0.0000000000
73621  39.977  -10.811  15.744 0.0000000000
73622  38.990  -10.954  16.115 0.0000000000
73624  63.857  -10.397  14.985 0.0000000000
73633  41.874  -10.057  15.439 0.0000000000
73634  41.368  -10.151  15.413 0.0000000000
73635  40.564  -10.226  15.433 0.0000000000
73640  64.061  -10.683  14.580 0.0000000000
73656  64.223  -10.644  13.823 0.0000000000
73668  63.963  -10.707  12.876 0.0000000000
73692  63.659  -11.489  9.191 0.0000000000
74786  55.145  -10.402  30.927 0.0000000000
74787  55.018  -10.035  30.772 0.0000000000
74801  56.510  -10.336  29.355 0.0000000000
74802  56.183  -10.193  29.682 0.0000000000
74803  55.543  -10.048  30.219 0.0000000000
74804  55.059  -9.660  30.194 0.0000000000
74805  54.483  -9.623  30.097 0.0000000000
74814  57.404  -9.258  28.326 0.0000000000
74815  57.001  -9.754  28.779 0.0000000000
74816  56.266  -9.544  29.255 0.0000000000
74817  55.702  -9.312  29.418 0.0000000000
74818  54.944  -9.337  29.507 0.0000000000
74819  54.199  -9.594  29.453 0.0000000000
74827  57.603  -9.498  28.019 0.0000000000
74828  57.352  -9.923  28.302 0.0000000000
74829  55.474  -9.024  28.780 0.0000000000
74830  54.738  -9.340  28.707 0.0000000000
74831  54.001  -9.721  28.581 0.0000000000
74841  58.555  -8.782  26.748 0.0000000000
74842  58.241  -9.342  26.958 0.0000000000
74843  55.276  -9.045  27.930 0.0000000000
74844  54.574  -9.480  27.818 0.0000000000
74845  53.883  -9.909  27.689 0.0000000000
74856  58.744  -9.124  26.006 0.0000000000
74857  58.460  -9.647  26.215 0.0000000000
74858  55.026  -9.157  27.216 0.0000000000
74859  54.484  -9.556  26.739 0.0000000000
74860  53.708  -10.032  26.970 0.0000000000
74875  59.051  -9.377  24.916 0.0000000000
74876  54.492  -9.496  25.453 0.0000000000
74877  53.799  -9.976  26.113 0.0000000000
74895  59.485  -9.080  23.822 0.0000000000
74896  59.256  -9.496  24.243 0.0000000000
74897  54.435  -9.411  24.202 0.0000000000
74898  53.805  -9.992  25.003 0.0000000000
74919  59.540  -8.850  23.277 0.0000000000
74920  54.210  -9.351  23.014 0.0000000000
74921  53.727  -9.989  23.773 0.0000000000
74942  59.343  -9.139  22.886 0.0000000000
74943  53.985  -9.290  22.489 0.0000000000
74944  53.511  -9.711  22.416 0.0000000000
74945  52.920  -10.082  22.209 0.0000000000
74959  59.031  -9.470  22.525 0.0000000000
74960  58.674  -9.692  22.134 0.0000000000
74961  58.241  -9.733  21.803 0.0000000000
74963  53.310  -9.366  21.672 0.0000000000
74964  52.687  -9.759  21.486 0.0000000000
74965  51.620  -10.205  21.340 0.0000000000
74966  50.638  -10.438  21.184 0.0000000000
74967  50.146  -10.631  21.085 0.0000000000
74982  52.465  -9.347  20.842 0.0000000000
74983  51.956  -9.540  20.710 0.0000000000
74984  50.995  -9.726  20.566 0.0000000000
74985  49.984  -10.171  20.434 0.0000000000
74986  48.985  -10.267  19.713 0.0000000000
74987  48.520  -10.651  19.539 0.0000000000
74998  48.688  -9.822  19.208 0.0000000000
74999  48.168  -10.192  18.947 0.0000000000
75000  47.615  -10.579  18.628 0.0000000000
75001  36.738  -8.822  19.075 0.0000000000
75002  36.388  -8.982  19.561 0.0000000000
75007  47.814  -9.721  18.432 0.0000000000
75008  47.291  -10.144  18.177 0.0000000000
75009  46.407  -10.209  17.563 0.0000000000
75010  37.229  -8.885  17.356 0.0000000000
75011  36.863  -8.993  18.035 0.0000000000
75017  45.759  -10.138  17.114 0.0000000000
75018  45.210  -10.015  16.709 0.0000000000
75019  37.665  -9.522  16.651 0.0000000000
75020  37.152  -9.619  17.311 0.0000000000
75022  62.982  -9.276  16.014 0.0000000000
75031  44.664  -9.967  16.385 0.0000000000
75032  43.905  -9.942  15.989 0.0000000000
75033  42.911  -9.863  15.620 0.0000000000
75034  42.219  -9.914  15.460 0.0000000000
75035  39.276  -10.341  15.744 0.0000000000
75036  38.591  -9.851  15.908 0.0000000000
75038  63.743  -9.946  15.182 0.0000000000
75039  63.330  -9.768  15.601 0.0000000000
75048  42.393  -9.502  15.364 0.0000000000
75049  41.740  -9.585  15.227 0.0000000000
75050  40.788  -9.587  15.138 0.0000000000
75051  39.652  -9.670  15.384 0.0000000000
75052  38.764  -9.007  15.538 0.0000000000
75057  64.024  -9.791  14.830 0.0000000000
75068  64.252  -9.705  14.250 0.0000000000
75071  64.142  -9.662  13.535 0.0000000000
75087  61.174  -9.457  11.118 0.0000000000
76197  57.669  -9.054  28.199 0.0000000000
76198  57.415  -9.006  28.299 0.0000000000
76199  56.898  -9.008  28.590 0.0000000000
76200  56.367  -9.002  28.848 0.0000000000
76210  57.964  -8.629  27.814 0.0000000000
76211  57.431  -8.519  28.051 0.0000000000
76212  56.837  -8.403  28.181 0.0000000000
76213  56.107  -8.817  28.725 0.0000000000
76223  58.708  -8.228  26.636 0.0000000000
76224  58.377  -8.533  27.145 0.0000000000
76225  56.646  -7.989  27.311 0.0000000000
76226  56.008  -8.568  28.041 0.0000000000
76237  59.049  -8.256  26.029 0.0000000000
76238  56.541  -7.784  26.251 0.0000000000
76239  55.707  -8.581  26.872 0.0000000000
76240  55.097  -9.083  26.702 0.0000000000
76249  59.506  -8.030  25.043 0.0000000000
76250  59.193  -8.576  25.381 0.0000000000
76251  56.520  -7.662  25.574 0.0000000000
76252  55.974  -8.191  25.358 0.0000000000
76253  55.175  -8.999  25.972 0.0000000000
76264  59.994  -7.500  23.911 0.0000000000
76265  59.722  -8.165  24.266 0.0000000000
76266  59.406  -8.799  24.594 0.0000000000
76267  55.661  -8.130  24.063 0.0000000000
76268  55.144  -8.832  24.717 0.0000000000
76278  60.151  -7.445  23.301 0.0000000000
76279  59.820  -8.167  23.566 0.0000000000
76280  55.526  -8.000  23.393 0.0000000000
76281  54.999  -8.552  23.299 0.0000000000
76295  60.255  -7.328  22.937 0.0000000000
76296  59.877  -7.920  22.875 0.0000000000
76297  54.166  -8.772  22.078 0.0000000000
76298  53.603  -9.164  21.795 0.0000000000
76307  59.370  -8.307  22.443 0.0000000000
76308  58.898  -8.701  22.151 0.0000000000
76309  58.335  -8.792  21.737 0.0000000000
76310  57.972  -9.191  21.637 0.0000000000
76311  53.956  -8.288  21.337 0.0000000000
76312  53.337  -8.770  21.072 0.0000000000
76313  52.745  -9.193  20.915 0.0000000000
76322  58.121  -8.393  21.344 0.0000000000
76323  57.645  -8.780  21.140 0.0000000000
76325  52.924  -8.350  20.330 0.0000000000
76326  52.407  -8.840  20.355 0.0000000000
76327  51.410  -9.045  20.039 0.0000000000
76328  50.417  -9.062  19.668 0.0000000000
76329  49.460  -9.525  19.509 0.0000000000
76330  48.949  -9.691  19.317 0.0000000000
76338  57.987  -7.844  19.432 0.0000000000
76339  57.518  -8.263  20.089 0.0000000000
76341  50.239  -8.641  19.221 0.0000000000
76342  49.760  -8.815  19.109 0.0000000000
76343  48.687  -9.230  18.817 0.0000000000
76344  48.084  -9.533  18.570 0.0000000000
76345  37.844  -7.665  19.341 0.0000000000
76349  58.902  -7.766  18.102 0.0000000000
76350  58.274  -7.942  18.621 0.0000000000
76353  48.343  -8.820  18.294 0.0000000000
76354  47.696  -9.096  18.024 0.0000000000
76355  46.696  -9.551  17.487 0.0000000000
76356  46.147  -9.778  17.244 0.0000000000
76357  37.376  -8.009  18.057 0.0000000000
76358  37.212  -8.306  18.879 0.0000000000
76361  60.882  -7.893  16.880 0.0000000000
76362  60.213  -7.936  17.163 0.0000000000
76363  59.313  -7.994  17.513 0.0000000000
76367  47.411  -8.652  17.391 0.0000000000
76368  46.832  -8.856  17.184 0.0000000000
76369  45.737  -9.320  16.761 0.0000000000
76370  45.068  -9.606  16.505 0.0000000000
76371  37.510  -8.311  16.873 0.0000000000
76374  62.790  -8.657  16.153 0.0000000000
76375  62.199  -8.472  16.386 0.0000000000
76376  61.340  -8.339  16.543 0.0000000000
76381  45.270  -8.908  16.306 0.0000000000
76382  44.657  -9.226  16.123 0.0000000000
76383  43.524  -9.203  15.593 0.0000000000
76384  42.819  -9.260  15.400 0.0000000000
76385  38.042  -8.756  16.012 0.0000000000
76388  63.811  -9.110  15.261 0.0000000000
76389  63.320  -8.565  15.810 0.0000000000
76400  64.091  -8.758  14.649 0.0000000000
77468  58.058  -8.207  27.579 0.0000000000
77469  57.866  -8.121  27.660 0.0000000000
77470  57.533  -8.064  27.747 0.0000000000
77481  58.941  -8.066  26.704 0.0000000000
77482  58.295  -7.937  27.178 0.0000000000
77483  57.943  -7.621  27.227 0.0000000000
77484  57.402  -7.718  27.427 0.0000000000
77497  59.259  -7.304  25.943 0.0000000000
77498  59.081  -7.555  26.220 0.0000000000
77499  57.842  -7.276  26.920 0.0000000000
77500  57.332  -7.257  26.632 0.0000000000
77513  59.386  -7.412  25.571 0.0000000000
77514  59.292  -7.939  25.686 0.0000000000
77515  57.069  -7.118  25.556 0.0000000000
77516  56.543  -7.555  25.080 0.0000000000
77527  60.048  -6.966  24.106 0.0000000000
77528  59.758  -7.346  24.684 0.0000000000
77529  56.828  -7.048  24.563 0.0000000000
77530  56.270  -7.606  24.358 0.0000000000
77539  60.272  -6.933  23.578 0.0000000000
77540  56.557  -7.065  23.837 0.0000000000
77541  55.995  -7.436  23.315 0.0000000000
77542  55.448  -7.826  22.930 0.0000000000
77554  60.494  -6.826  22.962 0.0000000000
77555  60.293  -7.109  22.601 0.0000000000
77556  55.634  -7.313  22.535 0.0000000000
77557  55.052  -7.751  22.176 0.0000000000
77567  60.654  -6.521  22.292 0.0000000000
77568  60.014  -7.030  21.870 0.0000000000
77569  59.136  -7.803  21.797 0.0000000000
77570  58.730  -8.264  21.789 0.0000000000
77571  54.403  -7.782  21.397 0.0000000000
77572  53.870  -7.833  20.832 0.0000000000
77579  60.014  -6.615  21.050 0.0000000000
77580  59.352  -7.022  20.798 0.0000000000
77581  58.475  -7.928  21.257 0.0000000000
77582  58.037  -8.247  21.146 0.0000000000
77583  53.317  -7.882  20.277 0.0000000000
77584  52.593  -7.907  19.659 0.0000000000
77585  51.637  -8.385  19.569 0.0000000000
77586  50.993  -8.616  19.559 0.0000000000
77594  59.100  -7.028  19.635 0.0000000000
77595  58.373  -7.565  20.198 0.0000000000
77596  57.961  -8.077  20.791 0.0000000000
77597  52.375  -7.495  19.117 0.0000000000
77598  51.816  -7.754  19.064 0.0000000000
77599  50.550  -8.086  18.877 0.0000000000
77600  49.250  -8.472  18.488 0.0000000000
77601  48.659  -8.703  18.380 0.0000000000
77608  60.603  -6.660  18.161 0.0000000000
77609  59.875  -6.980  18.440 0.0000000000
77610  59.113  -7.325  18.725 0.0000000000
77611  58.541  -7.479  19.298 0.0000000000
77614  48.390  -8.403  17.817 0.0000000000
77615  47.718  -8.558  17.522 0.0000000000
77620  61.651  -6.962  17.245 0.0000000000
77621  60.920  -7.270  17.411 0.0000000000
77622  60.091  -7.377  17.772 0.0000000000
77623  59.465  -7.468  18.079 0.0000000000
77628  45.568  -8.781  16.370 0.0000000000
77632  62.717  -7.629  16.308 0.0000000000
77633  61.973  -7.655  16.720 0.0000000000
77634  61.402  -7.610  16.928 0.0000000000
77644  63.285  -7.677  15.828 0.0000000000
78788  58.662  -7.487  26.617 0.0000000000
78789  58.403  -7.300  26.688 0.0000000000
78790  57.883  -6.841  26.641 0.0000000000
78797  59.265  -7.069  25.885 0.0000000000
78798  58.939  -7.005  26.248 0.0000000000
78799  58.583  -6.763  26.219 0.0000000000
78800  58.077  -6.753  26.358 0.0000000000
78801  57.657  -6.708  25.971 0.0000000000
78813  59.489  -6.904  25.288 0.0000000000
78814  58.516  -6.412  25.856 0.0000000000
78815  58.039  -6.265  25.525 0.0000000000
78816  57.639  -6.484  25.403 0.0000000000
78829  60.209  -6.559  23.864 0.0000000000
78830  59.842  -6.574  24.476 0.0000000000
78831  57.901  -6.023  24.956 0.0000000000
78832  57.378  -6.483  24.779 0.0000000000
78843  60.513  -6.354  23.346 0.0000000000
78844  57.675  -5.917  24.327 0.0000000000
78845  57.108  -6.341  23.789 0.0000000000
78846  56.541  -6.753  23.226 0.0000000000
78857  60.838  -6.080  22.661 0.0000000000
78858  56.812  -6.256  22.933 0.0000000000
78859  56.189  -6.529  22.334 0.0000000000
78860  55.527  -7.004  21.945 0.0000000000
78871  61.046  -5.833  21.921 0.0000000000
78872  60.732  -6.239  21.655 0.0000000000
78873  55.708  -6.507  21.544 0.0000000000
78874  55.057  -6.890  21.175 0.0000000000
78875  54.355  -7.235  20.759 0.0000000000
78881  60.975  -5.631  21.145 0.0000000000
78882  60.500  -6.178  20.919 0.0000000000
78883  60.068  -6.452  20.497 0.0000000000
78884  54.601  -6.605  20.255 0.0000000000
78885  53.882  -7.128  20.113 0.0000000000
78886  53.268  -7.344  19.669 0.0000000000
78892  60.953  -5.563  20.151 0.0000000000
78893  60.430  -6.031  19.864 0.0000000000
78894  59.796  -6.538  19.804 0.0000000000
78895  54.264  -6.515  19.618 0.0000000000
78896  53.658  -6.713  19.241 0.0000000000
78897  52.865  -7.116  19.069 0.0000000000
78898  52.210  -7.223  18.697 0.0000000000
78899  51.485  -7.403  18.549 0.0000000000
78905  61.637  -5.504  18.613 0.0000000000
78906  61.114  -5.802  18.837 0.0000000000
78907  60.227  -6.367  18.984 0.0000000000
78908  59.627  -6.803  19.089 0.0000000000
78909  53.304  -6.664  18.640 0.0000000000
78918  62.304  -5.693  17.442 0.0000000000
78919  61.888  -5.959  17.820 0.0000000000
78920  61.263  -6.475  17.835 0.0000000000
78931  62.508  -6.276  16.832 0.0000000000
78932  62.149  -6.869  16.913 0.0000000000
80195  59.222  -6.770  25.722 0.0000000000
80196  59.125  -6.548  25.806 0.0000000000
80197  58.814  -6.348  25.690 0.0000000000
80205  59.374  -6.453  25.146 0.0000000000
80206  59.171  -6.102  25.156 0.0000000000
80207  58.766  -5.943  25.222 0.0000000000
80208  58.405  -5.801  24.960 0.0000000000
80220  60.250  -6.089  23.828 0.0000000000
80221  59.719  -5.933  24.354 0.0000000000
80222  59.323  -5.630  24.458 0.0000000000
80223  58.879  -5.425  24.402 0.0000000000
80224  58.234  -5.568  24.401 0.0000000000
80236  60.654  -5.732  23.148 0.0000000000
80237  58.602  -5.195  23.904 0.0000000000
80238  57.889  -5.403  23.557 0.0000000000
80239  57.259  -5.807  23.051 0.0000000000
80252  61.301  -4.970  21.863 0.0000000000
80253  61.093  -5.245  22.210 0.0000000000
80254  57.565  -5.263  22.660 0.0000000000
80255  56.911  -5.721  22.341 0.0000000000
80256  56.521  -5.858  21.871 0.0000000000
80269  61.337  -4.909  21.566 0.0000000000
80270  61.244  -5.239  21.407 0.0000000000
80271  57.367  -5.130  22.002 0.0000000000
80272  56.914  -5.343  21.464 0.0000000000
80273  56.194  -5.899  21.317 0.0000000000
80274  55.623  -6.212  20.967 0.0000000000
80282  61.418  -4.804  20.851 0.0000000000
80283  61.311  -5.173  20.535 0.0000000000
80284  56.673  -5.283  20.532 0.0000000000
80285  55.980  -5.742  20.437 0.0000000000
80286  55.301  -6.125  20.323 0.0000000000
80294  61.440  -5.255  19.556 0.0000000000
80295  56.361  -5.401  19.894 0.0000000000
80296  55.822  -5.583  19.583 0.0000000000
80297  54.932  -5.971  19.424 0.0000000000
80298  54.295  -6.253  19.029 0.0000000000
80305  61.557  -5.373  18.971 0.0000000000
81599  60.253  -5.610  23.652 0.0000000000
81600  59.954  -5.326  23.797 0.0000000000
81601  59.505  -5.142  23.809 0.0000000000
81602  59.096  -5.020  23.743 0.0000000000
81612  60.523  -5.205  23.060 0.0000000000
81613  60.110  -4.875  23.137 0.0000000000
81614  59.542  -4.711  23.202 0.0000000000
81615  58.764  -4.750  23.218 0.0000000000
81616  58.146  -4.875  22.804 0.0000000000
81628  61.243  -4.753  21.747 0.0000000000
81629  60.771  -4.668  22.264 0.0000000000
81630  60.130  -4.402  22.472 0.0000000000
81631  59.410  -4.325  22.526 0.0000000000
81632  58.647  -4.393  22.322 0.0000000000
81633  57.925  -4.733  22.152 0.0000000000
81644  61.374  -4.525  21.109 0.0000000000
81645  58.354  -4.300  21.651 0.0000000000
81646  57.660  -4.677  21.354 0.0000000000
81647  57.236  -4.912  20.805 0.0000000000
81657  58.337  -4.120  20.863 0.0000000000
81658  57.733  -4.447  20.467 0.0000000000
81659  57.263  -4.825  20.200 0.0000000000
82983  61.188  -4.285  21.393 0.0000000000
82984  60.688  -4.063  21.647 0.0000000000
82985  59.976  -3.947  21.815 0.0000000000
82986  59.233  -4.020  21.857 0.0000000000
82987  58.773  -4.124  21.808 0.0000000000
83000  59.639  -3.654  21.171 0.0000000000
83001  58.909  -3.954  21.307 0.0000000000
72262  64.049  -11.523  14.110 0.0000000000
72271  64.113  -11.530  13.381 0.0000000000
72285  63.935  -11.721  12.550 0.0000000000
72300  63.615  -11.834  11.525 0.0000000000
73681  63.765  -11.292  12.230 0.0000000000
73669  63.636  -10.334  12.585 0.0000000000
73682  63.348  -10.864  11.836 0.0000000000
75072  63.767  -9.627  12.909 0.0000000000
75084  63.361  -10.050  12.462 0.0000000000
76406  64.177  -8.630  13.924 0.0000000000
76410  63.906  -8.679  13.344 0.0000000000
77643  63.682  -7.678  15.224 0.0000000000
