#!ascii label  , from subject colin27 vox2ras=TkReg coords=white
656
28338  5.964  -45.622  51.056 0.0000000000
28339  5.169  -45.448  50.961 0.0000000000
28340  4.571  -45.075  50.711 0.0000000000
28341  4.145  -44.523  50.439 0.0000000000
28342  3.927  -44.108  50.287 0.0000000000
28348  4.895  -45.821  50.374 0.0000000000
28349  4.343  -45.403  49.840 0.0000000000
28350  3.979  -44.543  49.804 0.0000000000
28355  4.049  -45.059  48.937 0.0000000000
28358  3.975  -45.041  48.167 0.0000000000
28363  3.907  -44.858  47.688 0.0000000000
28372  3.876  -44.764  47.278 0.0000000000
29521  8.133  -44.261  52.190 0.0000000000
29522  7.055  -44.197  52.057 0.0000000000
29523  5.964  -44.222  52.012 0.0000000000
29524  4.979  -44.135  51.960 0.0000000000
29525  4.172  -43.801  51.784 0.0000000000
29526  3.484  -43.278  51.581 0.0000000000
29537  6.489  -44.933  51.502 0.0000000000
29538  5.521  -44.897  51.475 0.0000000000
29539  4.743  -44.644  51.343 0.0000000000
29540  4.146  -44.178  51.121 0.0000000000
29541  3.666  -43.602  50.817 0.0000000000
29551  3.741  -43.707  50.094 0.0000000000
29562  3.803  -44.107  49.218 0.0000000000
29572  3.786  -44.446  48.218 0.0000000000
29581  3.723  -44.390  47.450 0.0000000000
29593  3.942  -44.211  46.458 0.0000000000
29594  3.766  -44.461  47.026 0.0000000000
30740  11.637  -42.808  55.068 0.0000000000
30741  11.318  -42.514  55.035 0.0000000000
30746  10.817  -42.936  54.590 0.0000000000
30747  10.134  -42.786  54.306 0.0000000000
30756  9.745  -43.414  53.641 0.0000000000
30757  8.568  -43.044  53.205 0.0000000000
30758  8.072  -42.836  52.992 0.0000000000
30767  8.784  -43.750  52.833 0.0000000000
30768  7.719  -43.314  52.658 0.0000000000
30769  6.465  -43.391  52.449 0.0000000000
30770  5.378  -43.425  52.442 0.0000000000
30771  4.378  -43.338  52.407 0.0000000000
30772  3.483  -43.022  52.257 0.0000000000
30773  2.681  -42.485  52.102 0.0000000000
30774  2.199  -42.066  52.205 0.0000000000
30784  2.817  -42.716  51.431 0.0000000000
30785  2.300  -42.228  51.929 0.0000000000
30793  3.162  -42.972  50.710 0.0000000000
30803  3.549  -43.011  49.369 0.0000000000
30804  3.532  -43.094  49.736 0.0000000000
30813  3.594  -43.130  48.993 0.0000000000
30814  3.672  -43.647  48.641 0.0000000000
30824  3.575  -43.346  48.217 0.0000000000
30825  3.591  -43.798  47.700 0.0000000000
30836  3.848  -43.679  46.505 0.0000000000
30837  3.592  -43.858  46.989 0.0000000000
30851  4.112  -43.463  45.862 0.0000000000
31979  14.320  -41.786  56.908 0.0000000000
31980  13.951  -41.809  56.899 0.0000000000
31981  13.219  -41.753  56.772 0.0000000000
31982  12.634  -41.625  56.550 0.0000000000
31984  14.506  -41.971  56.518 0.0000000000
31985  13.576  -42.268  56.352 0.0000000000
31986  12.747  -42.163  56.232 0.0000000000
31987  12.059  -41.874  56.089 0.0000000000
31988  11.548  -41.819  55.651 0.0000000000
31992  12.207  -42.502  55.615 0.0000000000
31993  11.655  -42.258  55.413 0.0000000000
31994  11.050  -42.169  55.181 0.0000000000
32000  10.351  -42.305  54.682 0.0000000000
32001  9.695  -42.420  54.228 0.0000000000
32010  8.899  -42.346  53.705 0.0000000000
32011  8.252  -42.431  53.183 0.0000000000
32012  7.696  -42.492  52.955 0.0000000000
32013  3.157  -41.882  53.230 0.0000000000
32014  2.299  -41.758  53.075 0.0000000000
32015  1.875  -41.635  52.920 0.0000000000
32023  6.876  -42.543  52.830 0.0000000000
32024  5.817  -42.615  52.831 0.0000000000
32025  4.769  -42.655  52.868 0.0000000000
32026  3.756  -42.581  52.832 0.0000000000
32027  2.842  -42.292  52.682 0.0000000000
32028  2.071  -41.873  52.596 0.0000000000
32029  1.907  -41.954  52.179 0.0000000000
32036  2.575  -42.499  51.190 0.0000000000
32037  2.188  -42.187  51.618 0.0000000000
32044  3.010  -42.119  50.251 0.0000000000
32045  2.732  -42.425  50.728 0.0000000000
32046  2.316  -42.301  51.247 0.0000000000
32055  3.506  -42.678  49.486 0.0000000000
32056  3.191  -42.620  50.131 0.0000000000
32063  3.695  -42.843  48.424 0.0000000000
32076  3.661  -43.128  47.406 0.0000000000
32077  3.522  -43.597  47.274 0.0000000000
32089  3.851  -43.136  46.505 0.0000000000
32090  3.588  -43.473  47.060 0.0000000000
32107  4.144  -42.733  45.648 0.0000000000
32122  4.250  -42.847  45.103 0.0000000000
32132  4.363  -42.651  44.237 0.0000000000
33168  15.193  -41.120  56.882 0.0000000000
33169  14.463  -41.399  57.081 0.0000000000
33170  13.657  -41.271  57.181 0.0000000000
33171  12.946  -41.172  56.959 0.0000000000
33172  12.309  -41.203  56.588 0.0000000000
33176  15.254  -41.605  56.369 0.0000000000
33177  14.879  -41.578  56.774 0.0000000000
33178  11.694  -41.310  56.085 0.0000000000
33179  11.205  -41.547  55.582 0.0000000000
33186  10.568  -41.630  55.126 0.0000000000
33195  9.960  -41.672  54.554 0.0000000000
33196  9.423  -41.652  53.992 0.0000000000
33206  8.990  -41.510  53.517 0.0000000000
33207  8.344  -41.646  53.128 0.0000000000
33208  7.925  -42.071  53.014 0.0000000000
33209  4.591  -41.035  53.471 0.0000000000
33210  3.582  -41.175  53.650 0.0000000000
33211  2.595  -41.226  53.581 0.0000000000
33212  1.791  -41.232  53.198 0.0000000000
33213  1.374  -40.901  53.070 0.0000000000
33220  7.960  -41.173  52.761 0.0000000000
33221  7.386  -41.631  52.864 0.0000000000
33222  6.235  -41.694  52.965 0.0000000000
33223  5.197  -41.809  53.137 0.0000000000
33224  4.167  -41.897  53.246 0.0000000000
33225  1.680  -41.547  52.855 0.0000000000
33226  1.496  -41.351  52.649 0.0000000000
33232  1.642  -41.614  51.836 0.0000000000
33239  2.899  -41.264  50.238 0.0000000000
33240  2.377  -41.634  50.718 0.0000000000
33241  2.093  -41.944  51.267 0.0000000000
33249  4.138  -41.288  49.366 0.0000000000
33250  3.531  -41.771  49.765 0.0000000000
33259  4.444  -41.361  48.695 0.0000000000
33260  4.066  -42.097  48.838 0.0000000000
33273  4.356  -41.589  48.139 0.0000000000
33274  4.030  -42.152  47.635 0.0000000000
33281  3.985  -42.246  46.582 0.0000000000
33294  4.105  -42.272  45.817 0.0000000000
33311  4.216  -41.988  44.761 0.0000000000
33312  4.250  -41.396  43.818 0.0000000000
33329  4.266  -41.935  43.634 0.0000000000
33330  4.145  -41.328  43.042 0.0000000000
33341  4.146  -41.820  42.805 0.0000000000
33342  3.752  -41.422  42.142 0.0000000000
34304  14.619  -39.949  57.173 0.0000000000
34305  13.919  -40.086  57.202 0.0000000000
34306  13.331  -40.114  57.041 0.0000000000
34307  13.008  -40.046  56.958 0.0000000000
34310  14.921  -40.541  57.155 0.0000000000
34311  14.149  -40.650  57.340 0.0000000000
34312  13.420  -40.620  57.208 0.0000000000
34313  12.743  -40.498  56.901 0.0000000000
34314  12.068  -40.723  56.553 0.0000000000
34319  11.510  -40.717  56.021 0.0000000000
34320  11.319  -41.201  55.866 0.0000000000
34325  11.155  -40.342  55.266 0.0000000000
34326  10.951  -41.040  55.499 0.0000000000
34331  11.007  -40.115  54.759 0.0000000000
34332  10.513  -40.665  54.470 0.0000000000
34333  9.836  -41.191  54.127 0.0000000000
34341  10.325  -40.213  53.662 0.0000000000
34342  9.591  -40.714  53.346 0.0000000000
34343  8.869  -41.160  53.162 0.0000000000
34344  4.949  -40.108  53.524 0.0000000000
34345  4.012  -40.288  53.854 0.0000000000
34346  3.008  -40.423  53.947 0.0000000000
34347  2.106  -40.489  53.834 0.0000000000
34348  1.513  -40.424  53.376 0.0000000000
34356  9.216  -40.227  52.576 0.0000000000
34357  8.575  -40.706  52.610 0.0000000000
34358  7.557  -40.635  52.491 0.0000000000
34359  6.563  -40.687  52.753 0.0000000000
34360  5.561  -40.822  53.148 0.0000000000
34361  1.162  -40.350  52.823 0.0000000000
34362  1.193  -39.894  52.565 0.0000000000
34368  1.319  -40.483  51.960 0.0000000000
34369  1.167  -40.083  52.410 0.0000000000
34376  2.959  -40.420  50.183 0.0000000000
34377  2.346  -40.697  50.583 0.0000000000
34378  1.806  -41.083  51.206 0.0000000000
34384  4.956  -40.208  49.251 0.0000000000
34385  4.285  -40.471  49.582 0.0000000000
34386  3.541  -40.847  49.886 0.0000000000
34398  5.139  -40.449  48.760 0.0000000000
34399  4.751  -40.855  49.030 0.0000000000
34414  5.315  -40.301  48.432 0.0000000000
34415  4.927  -40.844  48.093 0.0000000000
34416  4.434  -41.401  47.506 0.0000000000
34424  4.760  -40.906  47.017 0.0000000000
34425  4.284  -41.462  46.721 0.0000000000
34433  4.519  -40.759  46.210 0.0000000000
34434  4.237  -41.245  45.519 0.0000000000
34449  4.231  -40.921  44.179 0.0000000000
34450  4.190  -40.922  43.394 0.0000000000
34468  4.179  -40.482  43.334 0.0000000000
34469  3.899  -40.682  42.653 0.0000000000
34487  3.451  -40.733  41.833 0.0000000000
35552  15.839  -38.894  56.815 0.0000000000
35553  15.120  -39.178  56.934 0.0000000000
35554  14.400  -39.454  56.959 0.0000000000
35555  13.759  -39.677  56.888 0.0000000000
35556  13.268  -39.746  56.871 0.0000000000
35560  15.362  -39.727  56.978 0.0000000000
35561  12.717  -39.863  56.791 0.0000000000
35562  12.381  -40.340  56.725 0.0000000000
35566  12.281  -39.593  56.197 0.0000000000
35567  12.056  -40.209  56.456 0.0000000000
35571  12.022  -39.451  55.540 0.0000000000
35572  11.700  -39.961  55.776 0.0000000000
35576  12.147  -39.208  55.163 0.0000000000
35577  11.598  -39.563  54.735 0.0000000000
35578  11.007  -39.981  54.418 0.0000000000
35579  2.762  -39.348  54.052 0.0000000000
35580  2.406  -39.246  53.938 0.0000000000
35581  2.212  -39.115  53.762 0.0000000000
35584  11.613  -39.187  53.951 0.0000000000
35585  10.961  -39.551  53.708 0.0000000000
35586  10.234  -39.863  53.166 0.0000000000
35587  5.075  -39.457  53.478 0.0000000000
35588  4.437  -39.427  53.784 0.0000000000
35589  3.359  -39.425  54.038 0.0000000000
35590  2.536  -39.740  54.021 0.0000000000
35591  1.904  -39.512  53.672 0.0000000000
35592  1.671  -39.282  53.172 0.0000000000
35598  10.467  -39.195  52.867 0.0000000000
35599  9.694  -39.509  52.455 0.0000000000
35600  8.873  -39.815  52.120 0.0000000000
35601  7.981  -39.741  52.018 0.0000000000
35602  6.949  -39.685  52.352 0.0000000000
35603  5.798  -39.584  53.020 0.0000000000
35604  1.380  -39.823  53.251 0.0000000000
35605  1.428  -39.503  52.755 0.0000000000
35612  9.090  -39.159  51.885 0.0000000000
35613  8.482  -39.222  51.828 0.0000000000
35614  8.010  -39.052  51.798 0.0000000000
35615  1.546  -39.691  51.640 0.0000000000
35616  1.430  -39.511  52.135 0.0000000000
35624  3.036  -40.029  50.186 0.0000000000
35625  2.693  -39.859  50.356 0.0000000000
35626  1.948  -39.796  51.022 0.0000000000
35632  5.089  -39.718  49.280 0.0000000000
35633  4.600  -39.703  49.579 0.0000000000
35634  3.545  -39.785  50.036 0.0000000000
35635  2.971  -39.133  50.240 0.0000000000
35647  5.391  -39.850  48.829 0.0000000000
35661  5.592  -39.967  47.966 0.0000000000
35662  5.214  -40.392  47.289 0.0000000000
35670  5.585  -39.778  46.961 0.0000000000
35671  4.974  -40.239  46.483 0.0000000000
35681  5.270  -39.586  46.115 0.0000000000
35682  4.643  -39.995  45.368 0.0000000000
35683  4.341  -40.393  44.566 0.0000000000
35699  4.355  -39.635  44.006 0.0000000000
35700  4.245  -40.230  43.769 0.0000000000
35713  4.245  -39.458  43.215 0.0000000000
35714  3.994  -39.879  42.782 0.0000000000
35715  3.673  -40.315  42.236 0.0000000000
35724  3.542  -39.567  41.799 0.0000000000
35725  3.431  -40.157  41.794 0.0000000000
35735  3.304  -39.406  41.007 0.0000000000
35746  3.293  -39.390  40.226 0.0000000000
36818  15.690  -38.313  56.815 0.0000000000
36819  14.936  -38.626  56.827 0.0000000000
36820  14.193  -38.973  56.766 0.0000000000
36821  13.625  -39.356  56.708 0.0000000000
36825  13.841  -38.942  56.681 0.0000000000
36826  13.317  -39.315  56.766 0.0000000000
36829  13.573  -38.767  56.595 0.0000000000
36830  12.901  -39.141  56.471 0.0000000000
36834  13.305  -38.590  56.019 0.0000000000
36835  12.576  -39.013  55.650 0.0000000000
36840  13.158  -38.460  55.176 0.0000000000
36841  12.462  -38.836  54.702 0.0000000000
36842  12.025  -38.928  54.096 0.0000000000
36843  2.921  -39.042  53.999 0.0000000000
36844  2.495  -38.834  53.772 0.0000000000
36845  2.215  -38.847  53.567 0.0000000000
36848  13.120  -38.274  54.390 0.0000000000
36849  12.600  -38.348  53.860 0.0000000000
36850  11.755  -38.551  53.491 0.0000000000
36851  10.941  -38.479  52.982 0.0000000000
36852  5.036  -38.716  53.463 0.0000000000
36853  4.043  -38.576  53.885 0.0000000000
36854  3.312  -38.604  53.959 0.0000000000
36855  1.939  -38.711  53.152 0.0000000000
36856  1.845  -38.637  52.796 0.0000000000
36858  10.175  -38.369  52.520 0.0000000000
36859  9.344  -38.354  52.012 0.0000000000
36860  8.411  -38.145  51.884 0.0000000000
36861  7.581  -38.672  51.981 0.0000000000
36862  6.470  -38.680  52.511 0.0000000000
36863  5.758  -38.527  52.981 0.0000000000
36864  1.772  -38.662  52.310 0.0000000000
36869  8.717  -38.717  51.776 0.0000000000
36870  8.182  -38.758  51.784 0.0000000000
36871  7.915  -38.818  51.824 0.0000000000
36872  1.887  -38.854  51.433 0.0000000000
36873  1.822  -38.601  51.862 0.0000000000
36880  2.516  -39.109  50.514 0.0000000000
36881  2.406  -38.429  50.751 0.0000000000
36889  5.196  -39.070  49.285 0.0000000000
36890  4.322  -38.902  49.769 0.0000000000
36891  3.509  -38.617  50.034 0.0000000000
36892  2.918  -38.284  50.326 0.0000000000
36893  2.788  -37.829  50.462 0.0000000000
36906  6.388  -38.246  48.077 0.0000000000
36907  5.872  -39.071  48.518 0.0000000000
36922  6.577  -38.309  47.068 0.0000000000
36923  6.110  -39.125  47.533 0.0000000000
36932  6.360  -38.279  45.975 0.0000000000
36933  5.927  -39.034  46.481 0.0000000000
36942  6.160  -38.081  44.928 0.0000000000
36943  5.382  -38.939  45.243 0.0000000000
36944  4.748  -39.386  44.725 0.0000000000
36960  6.139  -37.905  44.317 0.0000000000
36961  5.471  -38.283  43.977 0.0000000000
36962  4.809  -39.003  44.261 0.0000000000
36977  5.114  -38.271  42.721 0.0000000000
36978  4.485  -38.949  43.238 0.0000000000
36979  4.152  -39.359  42.907 0.0000000000
36983  4.854  -38.193  41.894 0.0000000000
36984  4.375  -38.660  42.228 0.0000000000
36985  4.004  -39.205  42.435 0.0000000000
36990  5.063  -38.071  41.131 0.0000000000
36991  4.293  -38.452  41.404 0.0000000000
36992  3.756  -38.939  41.655 0.0000000000
36996  6.143  -38.092  39.848 0.0000000000
36997  5.446  -38.209  40.215 0.0000000000
36998  4.477  -38.494  40.528 0.0000000000
36999  3.715  -38.835  40.819 0.0000000000
37007  7.245  -37.995  39.277 0.0000000000
37008  6.751  -38.178  39.337 0.0000000000
37009  5.854  -38.494  39.362 0.0000000000
37010  4.797  -38.765  39.530 0.0000000000
37011  3.878  -38.987  39.958 0.0000000000
37021  7.687  -38.102  38.661 0.0000000000
38149  15.565  -37.744  56.773 0.0000000000
38150  14.795  -38.079  56.705 0.0000000000
38151  14.236  -38.640  56.662 0.0000000000
38155  14.565  -37.713  56.446 0.0000000000
38156  14.154  -38.407  56.627 0.0000000000
38160  14.301  -37.531  55.858 0.0000000000
38161  13.888  -38.116  56.308 0.0000000000
38167  14.077  -37.536  55.186 0.0000000000
38168  13.712  -37.997  55.589 0.0000000000
38174  14.119  -37.311  54.470 0.0000000000
38175  13.652  -37.890  54.736 0.0000000000
38176  3.032  -38.305  53.823 0.0000000000
38177  2.513  -38.323  53.536 0.0000000000
38178  2.209  -38.372  53.316 0.0000000000
38181  14.119  -37.031  53.877 0.0000000000
38182  13.461  -37.510  53.778 0.0000000000
38183  12.452  -37.561  53.303 0.0000000000
38184  11.462  -37.512  53.185 0.0000000000
38185  10.392  -37.507  53.012 0.0000000000
38186  9.575  -37.052  53.097 0.0000000000
38187  9.101  -36.746  53.118 0.0000000000
38188  5.402  -37.811  53.141 0.0000000000
38189  4.534  -37.703  53.484 0.0000000000
38190  3.524  -37.724  53.719 0.0000000000
38191  2.856  -37.590  53.511 0.0000000000
38192  2.432  -37.762  53.194 0.0000000000
38193  2.201  -37.733  52.797 0.0000000000
38196  10.130  -37.857  52.647 0.0000000000
38197  9.757  -37.717  52.591 0.0000000000
38198  8.856  -37.237  52.485 0.0000000000
38199  7.782  -37.489  52.162 0.0000000000
38200  6.839  -37.751  52.362 0.0000000000
38201  6.047  -37.865  52.728 0.0000000000
38202  2.086  -37.717  52.357 0.0000000000
38205  2.046  -38.065  51.529 0.0000000000
38206  2.058  -37.703  51.853 0.0000000000
38209  2.325  -37.627  51.057 0.0000000000
38210  2.237  -37.384  51.420 0.0000000000
38217  4.852  -38.244  49.519 0.0000000000
38218  4.106  -37.959  49.753 0.0000000000
38219  3.464  -37.621  49.962 0.0000000000
38220  3.112  -37.186  50.176 0.0000000000
38221  2.719  -37.305  50.541 0.0000000000
38235  6.341  -37.592  48.321 0.0000000000
38236  5.723  -37.914  48.956 0.0000000000
38237  4.723  -37.359  49.419 0.0000000000
38238  3.954  -37.023  49.563 0.0000000000
38239  3.552  -36.681  49.725 0.0000000000
38256  7.161  -36.787  47.313 0.0000000000
38257  6.876  -37.228  47.629 0.0000000000
38266  7.304  -36.866  46.912 0.0000000000
38267  6.997  -37.577  46.556 0.0000000000
38275  7.461  -36.977  46.041 0.0000000000
38276  6.910  -37.592  45.520 0.0000000000
38286  7.521  -36.996  45.067 0.0000000000
38287  6.795  -37.550  44.453 0.0000000000
38288  6.231  -37.781  43.857 0.0000000000
38300  7.702  -36.957  43.993 0.0000000000
38301  6.886  -37.479  43.433 0.0000000000
38302  6.004  -37.803  43.048 0.0000000000
38313  7.697  -37.071  42.873 0.0000000000
38314  6.829  -37.471  42.349 0.0000000000
38315  5.745  -37.808  41.888 0.0000000000
38326  8.741  -36.809  41.214 0.0000000000
38327  7.954  -37.079  41.631 0.0000000000
38328  6.773  -37.534  41.204 0.0000000000
38329  5.928  -37.834  40.800 0.0000000000
38339  8.521  -37.012  40.604 0.0000000000
38340  7.621  -37.405  40.447 0.0000000000
38341  6.706  -37.794  40.113 0.0000000000
38342  6.038  -37.949  40.245 0.0000000000
38350  9.301  -37.145  39.157 0.0000000000
38351  8.363  -37.352  39.621 0.0000000000
38352  7.513  -37.744  39.534 0.0000000000
38353  7.044  -37.921  39.562 0.0000000000
38364  9.465  -37.418  38.337 0.0000000000
38365  8.583  -37.666  38.614 0.0000000000
38366  8.020  -37.704  39.097 0.0000000000
39536  16.167  -36.824  56.844 0.0000000000
39537  15.546  -37.296  56.705 0.0000000000
39541  15.860  -36.687  56.738 0.0000000000
39542  15.232  -37.200  56.595 0.0000000000
39548  15.551  -36.521  56.492 0.0000000000
39549  14.932  -36.870  56.085 0.0000000000
39558  14.576  -36.948  55.219 0.0000000000
39566  14.535  -36.677  54.264 0.0000000000
39571  8.073  -35.697  53.872 0.0000000000
39574  14.082  -36.346  53.300 0.0000000000
39575  13.090  -36.758  53.062 0.0000000000
39576  12.175  -36.413  53.131 0.0000000000
39577  10.985  -36.443  53.741 0.0000000000
39580  8.549  -36.350  53.282 0.0000000000
39581  7.506  -35.976  53.119 0.0000000000
39582  6.379  -36.155  52.920 0.0000000000
39583  5.258  -36.736  53.083 0.0000000000
39584  4.078  -36.698  53.458 0.0000000000
39585  3.267  -36.689  53.413 0.0000000000
39586  2.777  -36.710  53.128 0.0000000000
39587  2.489  -36.743  52.757 0.0000000000
39588  2.326  -36.733  52.358 0.0000000000
39591  13.754  -35.834  52.781 0.0000000000
39592  13.347  -36.075  52.812 0.0000000000
39593  12.864  -36.256  52.877 0.0000000000
39594  7.977  -36.707  52.629 0.0000000000
39595  7.102  -36.815  52.552 0.0000000000
39596  6.212  -37.099  52.719 0.0000000000
39597  5.733  -37.369  52.925 0.0000000000
39598  2.241  -36.698  51.934 0.0000000000
39601  2.307  -36.647  51.468 0.0000000000
39604  2.626  -36.393  50.606 0.0000000000
39605  2.379  -36.750  51.093 0.0000000000
39608  3.352  -36.302  49.788 0.0000000000
39609  2.959  -36.192  50.132 0.0000000000
39621  6.164  -36.946  48.467 0.0000000000
39622  5.273  -36.723  48.940 0.0000000000
39623  4.377  -36.446  49.087 0.0000000000
39624  3.944  -36.135  49.165 0.0000000000
39625  3.611  -35.903  49.340 0.0000000000
39626  3.358  -35.594  49.381 0.0000000000
39639  7.181  -36.271  47.240 0.0000000000
39640  6.498  -36.263  47.905 0.0000000000
39641  5.627  -36.123  48.299 0.0000000000
39642  4.717  -35.940  48.481 0.0000000000
39643  4.012  -35.717  48.576 0.0000000000
39644  3.695  -35.483  48.772 0.0000000000
39645  3.541  -35.423  49.005 0.0000000000
39653  7.624  -36.270  46.411 0.0000000000
39660  8.343  -35.840  45.149 0.0000000000
39661  7.931  -36.371  45.576 0.0000000000
39665  8.612  -35.853  44.392 0.0000000000
39666  8.152  -36.441  44.727 0.0000000000
39672  8.867  -35.995  43.627 0.0000000000
39673  8.383  -36.396  44.029 0.0000000000
39682  9.702  -35.774  42.371 0.0000000000
39683  8.999  -36.234  42.820 0.0000000000
39684  8.364  -36.587  43.315 0.0000000000
39694  10.020  -35.993  41.428 0.0000000000
39695  9.082  -36.525  41.843 0.0000000000
39696  8.428  -36.722  42.502 0.0000000000
39706  10.825  -35.541  40.372 0.0000000000
39707  10.332  -36.070  40.554 0.0000000000
39708  9.424  -36.581  40.771 0.0000000000
39719  10.804  -35.925  39.861 0.0000000000
39720  10.095  -36.593  39.736 0.0000000000
39721  9.129  -36.930  39.974 0.0000000000
39734  11.398  -35.733  38.592 0.0000000000
39735  11.078  -36.006  38.932 0.0000000000
39736  10.217  -36.912  38.685 0.0000000000
39750  11.475  -35.865  38.148 0.0000000000
39751  10.942  -36.657  37.859 0.0000000000
39752  10.127  -37.229  37.936 0.0000000000
40851  16.274  -36.350  56.822 0.0000000000
40862  16.188  -35.931  56.692 0.0000000000
40873  15.550  -35.955  55.800 0.0000000000
40874  14.974  -36.466  55.569 0.0000000000
40884  15.470  -35.519  54.712 0.0000000000
40885  14.980  -36.225  54.951 0.0000000000
40894  15.326  -35.187  53.859 0.0000000000
40895  14.946  -35.938  54.006 0.0000000000
40900  6.889  -34.753  54.177 0.0000000000
40903  15.201  -34.969  53.423 0.0000000000
40904  14.814  -35.327  53.250 0.0000000000
40905  12.167  -35.242  53.049 0.0000000000
40906  11.601  -35.669  53.591 0.0000000000
40907  7.535  -35.399  53.686 0.0000000000
40908  6.745  -35.120  53.515 0.0000000000
40909  5.545  -35.451  53.199 0.0000000000
40910  4.502  -35.687  53.301 0.0000000000
40911  3.662  -35.741  53.318 0.0000000000
40912  3.096  -35.731  53.083 0.0000000000
40913  2.729  -35.738  52.718 0.0000000000
40914  2.494  -35.758  52.336 0.0000000000
40917  14.134  -35.393  52.713 0.0000000000
40918  13.440  -35.391  52.543 0.0000000000
40919  12.797  -35.661  52.762 0.0000000000
40920  2.360  -35.721  51.964 0.0000000000
40923  2.379  -35.660  51.507 0.0000000000
40927  2.631  -35.642  50.413 0.0000000000
40928  2.464  -35.637  50.838 0.0000000000
40933  2.769  -35.543  50.038 0.0000000000
40934  2.598  -35.058  50.064 0.0000000000
40946  3.029  -35.104  49.365 0.0000000000
40947  2.764  -34.961  49.647 0.0000000000
40951  7.090  -35.648  47.090 0.0000000000
40952  6.649  -35.661  47.386 0.0000000000
40953  5.892  -35.615  47.693 0.0000000000
40954  5.024  -35.553  47.809 0.0000000000
40955  4.199  -35.404  47.852 0.0000000000
40960  7.417  -35.572  46.592 0.0000000000
40961  6.827  -35.265  46.850 0.0000000000
40962  6.054  -35.207  47.054 0.0000000000
40963  5.329  -35.298  47.236 0.0000000000
40964  4.532  -35.213  47.113 0.0000000000
40969  8.308  -35.444  45.299 0.0000000000
40970  7.992  -35.559  45.821 0.0000000000
40974  8.510  -35.305  44.802 0.0000000000
40978  9.340  -34.730  43.344 0.0000000000
40979  9.049  -35.050  43.845 0.0000000000
40984  9.642  -34.917  42.881 0.0000000000
40985  9.320  -35.613  43.145 0.0000000000
40993  10.654  -34.740  41.172 0.0000000000
40994  10.324  -34.930  41.650 0.0000000000
41002  10.810  -34.912  40.734 0.0000000000
41003  10.537  -35.522  40.988 0.0000000000
41011  11.430  -35.012  39.002 0.0000000000
41012  11.241  -35.109  39.527 0.0000000000
41017  11.455  -35.295  38.633 0.0000000000
41018  11.316  -35.486  39.046 0.0000000000
41029  11.663  -35.235  37.555 0.0000000000
41046  5.673  -35.499  36.106 0.0000000000
41047  4.761  -35.697  36.086 0.0000000000
41048  3.725  -35.748  36.024 0.0000000000
42265  3.702  -34.201  53.417 0.0000000000
42266  3.260  -34.207  53.093 0.0000000000
42269  15.538  -34.591  53.496 0.0000000000
42270  15.146  -34.771  53.105 0.0000000000
42271  12.085  -34.529  52.965 0.0000000000
42272  11.607  -34.568  53.758 0.0000000000
42273  6.407  -34.550  54.068 0.0000000000
42274  5.741  -34.612  53.707 0.0000000000
42275  4.822  -34.758  53.513 0.0000000000
42276  4.000  -34.873  53.430 0.0000000000
42277  3.414  -34.877  53.160 0.0000000000
42278  2.945  -34.714  52.782 0.0000000000
42279  2.622  -34.847  52.345 0.0000000000
42282  15.351  -34.333  52.919 0.0000000000
42283  14.741  -34.539  52.553 0.0000000000
42284  13.843  -34.697  52.222 0.0000000000
42285  12.773  -34.494  52.353 0.0000000000
42286  2.443  -34.858  51.997 0.0000000000
42291  14.291  -34.098  52.000 0.0000000000
42292  13.650  -33.922  51.820 0.0000000000
42293  13.067  -33.548  51.811 0.0000000000
42294  2.423  -34.740  51.609 0.0000000000
42301  2.411  -34.608  51.066 0.0000000000
42338  7.628  -35.193  46.124 0.0000000000
42339  7.176  -34.943  46.286 0.0000000000
42340  6.309  -34.830  46.375 0.0000000000
42341  5.210  -34.910  46.481 0.0000000000
42348  8.256  -35.107  45.310 0.0000000000
42349  7.702  -34.800  45.612 0.0000000000
42350  6.758  -34.497  45.666 0.0000000000
42351  5.689  -34.466  45.666 0.0000000000
42358  8.278  -34.568  44.709 0.0000000000
42359  7.271  -34.186  44.904 0.0000000000
42360  6.177  -34.099  44.909 0.0000000000
42367  9.187  -34.277  43.199 0.0000000000
42368  8.593  -34.222  43.850 0.0000000000
42371  9.695  -34.033  42.232 0.0000000000
42375  10.621  -34.416  41.014 0.0000000000
42376  10.194  -33.984  41.319 0.0000000000
42380  10.759  -34.072  40.154 0.0000000000
42381  10.470  -33.933  40.776 0.0000000000
42388  11.342  -34.665  38.782 0.0000000000
42389  11.010  -34.145  39.150 0.0000000000
42399  11.417  -34.532  37.943 0.0000000000
42400  11.047  -34.033  38.327 0.0000000000
42413  11.448  -34.482  36.895 0.0000000000
42414  10.634  -33.925  37.355 0.0000000000
42415  9.427  -33.886  37.195 0.0000000000
42416  8.375  -34.184  37.219 0.0000000000
42417  7.317  -34.500  37.275 0.0000000000
42434  10.759  -34.028  36.157 0.0000000000
42435  9.717  -33.981  36.322 0.0000000000
42436  8.643  -34.278  36.386 0.0000000000
42437  7.594  -34.685  36.443 0.0000000000
42438  6.433  -35.143  36.453 0.0000000000
42441  3.332  -35.465  36.734 0.0000000000
43584  3.456  -33.623  53.308 0.0000000000
43585  2.977  -33.803  52.796 0.0000000000
43594  12.001  -33.724  52.988 0.0000000000
43596  2.716  -34.046  52.360 0.0000000000
43597  2.562  -34.157  52.026 0.0000000000
43608  14.805  -33.827  52.044 0.0000000000
43609  12.498  -33.296  52.180 0.0000000000
43610  2.506  -34.144  51.728 0.0000000000
43620  15.103  -33.325  51.822 0.0000000000
43621  14.422  -33.392  51.549 0.0000000000
43622  13.601  -33.104  51.362 0.0000000000
43623  12.943  -32.805  51.585 0.0000000000
43624  2.498  -33.276  51.179 0.0000000000
43625  2.490  -33.684  51.314 0.0000000000
43633  2.474  -33.250  50.919 0.0000000000
43700  7.757  -33.841  44.079 0.0000000000
43701  6.634  -33.763  44.122 0.0000000000
43710  8.966  -33.712  42.593 0.0000000000
43711  8.250  -33.611  43.139 0.0000000000
43712  7.031  -33.477  43.263 0.0000000000
43720  9.021  -33.539  41.974 0.0000000000
43731  9.394  -33.523  41.342 0.0000000000
43741  10.236  -33.637  39.854 0.0000000000
43742  9.860  -33.549  40.407 0.0000000000
43753  10.412  -33.678  39.327 0.0000000000
43754  9.707  -33.514  39.444 0.0000000000
43765  10.545  -33.734  38.595 0.0000000000
43766  9.815  -33.588  38.675 0.0000000000
43780  10.607  -33.809  38.068 0.0000000000
43781  10.053  -33.692  37.969 0.0000000000
43782  9.131  -33.813  37.976 0.0000000000
44826  3.018  -33.194  53.024 0.0000000000
44833  12.150  -32.543  52.813 0.0000000000
44835  2.686  -33.288  52.331 0.0000000000
44836  2.623  -33.714  52.085 0.0000000000
44843  12.525  -32.499  52.013 0.0000000000
44844  2.534  -33.029  51.822 0.0000000000
44845  2.554  -33.511  51.747 0.0000000000
44854  14.279  -32.565  50.984 0.0000000000
44855  13.443  -32.106  50.986 0.0000000000
44856  12.798  -32.111  51.546 0.0000000000
44857  2.503  -33.079  51.337 0.0000000000
44858  2.536  -33.364  51.470 0.0000000000
44866  14.206  -31.799  50.642 0.0000000000
44867  13.808  -31.557  50.679 0.0000000000
46051  12.546  -31.667  52.189 0.0000000000
46057  13.536  -31.159  50.805 0.0000000000
46058  13.001  -31.390  51.375 0.0000000000
46067  14.134  -31.101  50.506 0.0000000000
47195  13.298  -30.408  51.251 0.0000000000
47196  12.872  -30.879  51.895 0.0000000000
47209  13.923  -30.345  50.601 0.0000000000
48334  13.775  -29.520  50.831 0.0000000000
