#!ascii label  , from subject colin27 vox2ras=TkReg coords=white
1203
71097  63.482  -12.241  7.358 0.0000000000
71109  63.572  -11.825  6.923 0.0000000000
71110  63.298  -12.061  6.922 0.0000000000
72309  63.887  -11.888  8.316 0.0000000000
72316  63.813  -11.729  7.520 0.0000000000
72327  63.552  -11.526  6.804 0.0000000000
72328  63.117  -11.712  6.494 0.0000000000
72339  63.534  -10.992  6.360 0.0000000000
72340  63.278  -11.162  6.218 0.0000000000
72341  62.790  -11.275  6.022 0.0000000000
73696  63.855  -11.223  8.472 0.0000000000
73697  63.611  -11.029  8.900 0.0000000000
73700  64.011  -10.944  7.739 0.0000000000
73709  63.933  -11.040  7.040 0.0000000000
73723  63.790  -10.608  6.418 0.0000000000
73724  63.486  -10.640  5.976 0.0000000000
73725  63.072  -10.743  5.648 0.0000000000
73726  62.389  -10.809  5.484 0.0000000000
73736  63.723  -10.111  5.824 0.0000000000
73737  63.401  -10.138  5.416 0.0000000000
73738  62.818  -10.181  5.010 0.0000000000
75098  60.955  -9.451  10.437 0.0000000000
75103  61.559  -9.758  9.659 0.0000000000
75104  60.832  -9.301  9.765 0.0000000000
75107  63.765  -10.619  8.421 0.0000000000
75108  63.195  -10.476  8.909 0.0000000000
75109  62.399  -9.818  8.882 0.0000000000
75110  61.749  -9.362  8.857 0.0000000000
75113  63.960  -10.388  7.803 0.0000000000
75115  64.108  -10.150  6.945 0.0000000000
75126  64.017  -9.669  6.052 0.0000000000
75141  63.746  -9.403  5.297 0.0000000000
75142  63.290  -9.576  4.865 0.0000000000
75143  62.855  -9.570  4.544 0.0000000000
75159  63.534  -8.996  4.671 0.0000000000
75160  63.170  -9.065  4.271 0.0000000000
76390  42.987  -8.860  15.282 0.0000000000
76391  42.266  -8.935  15.098 0.0000000000
76392  41.234  -8.904  14.866 0.0000000000
76393  40.209  -8.834  14.896 0.0000000000
76394  39.277  -8.534  15.137 0.0000000000
76395  38.504  -8.150  15.514 0.0000000000
76413  61.743  -8.406  12.149 0.0000000000
76422  61.219  -8.857  11.662 0.0000000000
76423  60.631  -8.874  11.041 0.0000000000
76432  60.252  -8.825  10.270 0.0000000000
76433  59.826  -8.447  9.819 0.0000000000
76435  61.164  -9.254  9.191 0.0000000000
76436  60.434  -8.848  9.278 0.0000000000
76437  59.705  -8.291  9.142 0.0000000000
76439  63.715  -10.001  8.116 0.0000000000
76440  63.217  -9.309  8.087 0.0000000000
76441  62.314  -8.948  8.271 0.0000000000
76442  61.313  -8.732  8.484 0.0000000000
76443  60.408  -8.286  8.490 0.0000000000
76444  59.755  -7.908  8.471 0.0000000000
76446  63.914  -9.279  7.364 0.0000000000
76447  63.544  -8.415  7.406 0.0000000000
76449  64.144  -8.905  6.406 0.0000000000
76451  64.061  -8.671  5.541 0.0000000000
76453  63.803  -8.473  4.781 0.0000000000
76457  63.479  -8.382  4.128 0.0000000000
76458  63.076  -8.471  3.569 0.0000000000
77612  50.276  -7.522  18.102 0.0000000000
77613  49.505  -7.770  17.784 0.0000000000
77616  38.086  -7.015  18.554 0.0000000000
77624  49.160  -7.558  17.132 0.0000000000
77625  48.583  -7.831  17.107 0.0000000000
77626  47.385  -8.193  16.749 0.0000000000
77627  46.136  -8.569  16.458 0.0000000000
77629  37.779  -7.222  17.326 0.0000000000
77635  46.920  -7.842  15.950 0.0000000000
77636  46.134  -7.953  15.721 0.0000000000
77637  45.137  -8.457  15.816 0.0000000000
77638  43.973  -8.622  15.426 0.0000000000
77639  43.365  -8.727  15.311 0.0000000000
77640  37.977  -7.588  16.162 0.0000000000
77645  53.213  -7.237  15.024 0.0000000000
77646  52.613  -7.194  15.072 0.0000000000
77647  52.297  -7.215  14.889 0.0000000000
77648  45.613  -7.688  15.133 0.0000000000
77649  45.156  -7.845  15.164 0.0000000000
77650  44.122  -7.869  14.834 0.0000000000
77651  42.950  -8.270  14.885 0.0000000000
77652  41.695  -8.193  14.672 0.0000000000
77653  40.669  -8.143  14.643 0.0000000000
77654  39.781  -7.992  14.770 0.0000000000
77655  38.991  -7.482  15.055 0.0000000000
77656  38.429  -7.499  15.576 0.0000000000
77661  53.211  -7.251  14.568 0.0000000000
77662  52.781  -7.240  14.660 0.0000000000
77663  52.491  -7.230  14.745 0.0000000000
77664  43.667  -7.378  14.292 0.0000000000
77665  43.053  -7.439  14.298 0.0000000000
77666  42.031  -7.444  14.287 0.0000000000
77667  40.997  -7.449  14.343 0.0000000000
77668  40.139  -7.444  14.562 0.0000000000
77669  39.596  -7.455  14.739 0.0000000000
77676  63.401  -6.912  13.266 0.0000000000
77681  63.114  -7.494  12.943 0.0000000000
77682  61.995  -7.555  12.446 0.0000000000
77683  60.894  -7.745  11.852 0.0000000000
77684  60.237  -7.351  11.584 0.0000000000
77691  60.645  -8.367  11.425 0.0000000000
77692  59.902  -7.926  11.039 0.0000000000
77693  59.224  -7.554  10.695 0.0000000000
77702  59.750  -8.282  10.308 0.0000000000
77703  59.069  -7.850  10.027 0.0000000000
77704  57.974  -7.375  9.871 0.0000000000
77705  57.431  -7.304  9.839 0.0000000000
77707  59.070  -7.825  8.833 0.0000000000
77708  58.276  -7.563  9.161 0.0000000000
77709  57.372  -7.365  9.265 0.0000000000
77710  56.860  -7.252  8.891 0.0000000000
77712  62.920  -8.240  7.680 0.0000000000
77713  62.045  -8.080  7.790 0.0000000000
77714  61.118  -7.877  7.877 0.0000000000
77715  60.262  -7.614  7.941 0.0000000000
77716  59.377  -7.332  7.978 0.0000000000
77717  58.526  -7.321  8.357 0.0000000000
77718  57.753  -7.253  8.550 0.0000000000
77719  57.139  -7.211  8.607 0.0000000000
77721  63.897  -7.848  6.692 0.0000000000
77722  63.328  -7.436  7.104 0.0000000000
77723  62.623  -7.270  7.320 0.0000000000
77724  61.763  -7.175  7.398 0.0000000000
77725  60.855  -7.075  7.444 0.0000000000
77726  60.057  -6.979  7.508 0.0000000000
77728  64.098  -7.761  5.800 0.0000000000
78910  52.775  -6.751  18.298 0.0000000000
78911  51.930  -6.867  18.086 0.0000000000
78912  50.915  -7.146  17.998 0.0000000000
78913  50.188  -7.287  17.603 0.0000000000
78914  40.436  -5.849  19.250 0.0000000000
78915  39.762  -5.947  18.882 0.0000000000
78916  38.925  -6.387  18.806 0.0000000000
78921  53.328  -6.497  17.204 0.0000000000
78922  52.746  -6.602  17.432 0.0000000000
78923  51.606  -6.763  17.231 0.0000000000
78924  50.609  -6.958  17.057 0.0000000000
78925  49.665  -7.269  16.935 0.0000000000
78926  48.865  -7.487  16.597 0.0000000000
78927  48.128  -7.674  16.448 0.0000000000
78928  39.207  -5.840  18.222 0.0000000000
78929  38.511  -6.261  17.703 0.0000000000
78933  56.066  -6.330  15.692 0.0000000000
78934  55.476  -6.481  15.893 0.0000000000
78935  54.462  -6.654  16.217 0.0000000000
78936  53.411  -6.682  16.605 0.0000000000
78937  52.301  -6.808  16.433 0.0000000000
78938  51.210  -6.895  16.256 0.0000000000
78939  50.165  -7.060  16.142 0.0000000000
78940  49.224  -7.260  15.991 0.0000000000
78941  48.340  -7.416  15.846 0.0000000000
78942  47.428  -7.611  15.794 0.0000000000
78943  46.665  -7.655  15.464 0.0000000000
78944  38.234  -6.587  16.625 0.0000000000
78946  63.491  -6.471  15.290 0.0000000000
78948  56.825  -6.285  14.468 0.0000000000
78949  56.076  -6.560  14.891 0.0000000000
78950  54.851  -6.991  15.247 0.0000000000
78951  53.804  -7.046  15.575 0.0000000000
78952  52.888  -7.028  15.693 0.0000000000
78953  51.897  -7.098  15.314 0.0000000000
78954  50.640  -7.058  15.284 0.0000000000
78955  49.583  -7.107  15.204 0.0000000000
78956  48.614  -7.227  15.100 0.0000000000
78957  47.684  -7.351  14.994 0.0000000000
78958  46.794  -7.402  14.889 0.0000000000
78959  45.945  -7.482  14.877 0.0000000000
78960  45.145  -7.508  14.687 0.0000000000
78961  44.679  -7.620  14.712 0.0000000000
78962  39.005  -6.499  15.118 0.0000000000
78963  38.479  -6.818  15.698 0.0000000000
78966  63.654  -6.443  14.640 0.0000000000
78967  56.540  -6.364  13.790 0.0000000000
78968  55.840  -6.700  13.818 0.0000000000
78969  55.079  -7.037  14.148 0.0000000000
78970  53.849  -7.233  14.422 0.0000000000
78971  52.919  -7.279  14.116 0.0000000000
78972  52.119  -7.246  14.361 0.0000000000
78973  50.999  -7.197  14.359 0.0000000000
78974  49.905  -7.087  14.321 0.0000000000
78975  48.868  -7.151  14.255 0.0000000000
78976  47.878  -7.172  14.170 0.0000000000
78977  46.915  -7.132  14.069 0.0000000000
78978  45.998  -7.060  14.056 0.0000000000
78979  45.126  -7.086  14.081 0.0000000000
78980  44.209  -7.208  14.157 0.0000000000
78981  43.225  -6.948  13.906 0.0000000000
78982  42.252  -6.562  13.798 0.0000000000
78983  41.226  -6.630  14.020 0.0000000000
78984  40.307  -6.720  14.339 0.0000000000
78985  39.575  -6.925  14.697 0.0000000000
78990  63.631  -6.464  13.949 0.0000000000
78991  63.412  -6.382  13.467 0.0000000000
78992  56.491  -6.223  13.230 0.0000000000
78993  56.026  -6.390  13.068 0.0000000000
78994  55.214  -6.719  13.202 0.0000000000
78995  54.254  -6.992  13.285 0.0000000000
78996  53.207  -7.156  13.312 0.0000000000
78997  52.227  -7.247  13.325 0.0000000000
78998  51.218  -7.273  13.381 0.0000000000
78999  50.153  -7.197  13.385 0.0000000000
79000  49.091  -7.112  13.351 0.0000000000
79001  48.025  -7.052  13.276 0.0000000000
79002  47.051  -6.902  13.242 0.0000000000
79003  45.995  -6.524  13.076 0.0000000000
79004  45.110  -6.522  13.361 0.0000000000
79005  44.228  -6.503  13.449 0.0000000000
79006  43.341  -6.450  13.525 0.0000000000
79007  42.786  -6.444  13.627 0.0000000000
79009  63.096  -6.349  13.070 0.0000000000
79010  62.284  -6.436  12.703 0.0000000000
79011  61.209  -6.612  12.244 0.0000000000
79012  60.391  -6.785  11.826 0.0000000000
79013  55.822  -6.297  12.562 0.0000000000
79014  55.393  -6.457  12.584 0.0000000000
79015  54.566  -6.632  12.294 0.0000000000
79016  53.473  -6.907  12.340 0.0000000000
79017  52.418  -7.113  12.364 0.0000000000
79018  51.391  -7.228  12.391 0.0000000000
79019  50.350  -7.247  12.415 0.0000000000
79020  49.299  -7.120  12.414 0.0000000000
79021  48.229  -6.903  12.371 0.0000000000
79022  47.018  -6.469  12.279 0.0000000000
79023  46.497  -6.475  12.685 0.0000000000
79028  59.808  -6.952  11.517 0.0000000000
79029  59.033  -7.001  11.052 0.0000000000
79030  58.046  -6.666  10.961 0.0000000000
79031  57.527  -6.578  10.929 0.0000000000
79032  54.394  -6.559  11.686 0.0000000000
79033  53.750  -6.668  11.357 0.0000000000
79034  52.593  -6.889  11.399 0.0000000000
79035  51.552  -7.076  11.423 0.0000000000
79036  50.522  -7.167  11.441 0.0000000000
79037  49.491  -7.085  11.462 0.0000000000
79038  48.480  -6.846  11.466 0.0000000000
79039  47.497  -6.444  11.435 0.0000000000
79047  58.903  -7.445  10.614 0.0000000000
79048  58.378  -7.237  10.508 0.0000000000
79049  57.299  -7.009  10.385 0.0000000000
79050  56.203  -6.739  10.192 0.0000000000
79051  55.267  -6.566  10.156 0.0000000000
79052  54.403  -6.548  10.187 0.0000000000
79053  53.580  -6.588  10.301 0.0000000000
79054  52.675  -6.706  10.425 0.0000000000
79055  51.677  -6.865  10.477 0.0000000000
79056  50.677  -7.000  10.496 0.0000000000
79057  49.654  -6.964  10.508 0.0000000000
79058  48.682  -6.758  10.564 0.0000000000
79059  47.769  -6.389  10.579 0.0000000000
79061  57.134  -7.263  9.738 0.0000000000
79062  56.527  -7.095  9.352 0.0000000000
79063  55.465  -6.739  9.361 0.0000000000
79064  54.535  -6.578  9.377 0.0000000000
79065  53.622  -6.531  9.398 0.0000000000
79066  52.699  -6.554  9.468 0.0000000000
79067  51.764  -6.662  9.552 0.0000000000
79068  50.813  -6.791  9.593 0.0000000000
79069  49.845  -6.784  9.620 0.0000000000
79070  48.780  -6.537  9.568 0.0000000000
79071  48.044  -6.320  9.898 0.0000000000
79073  58.716  -6.856  7.747 0.0000000000
79074  58.000  -6.852  7.886 0.0000000000
79075  57.237  -6.907  8.015 0.0000000000
79076  56.519  -6.923  8.347 0.0000000000
79077  55.622  -6.720  8.501 0.0000000000
79078  54.697  -6.525  8.570 0.0000000000
79079  53.791  -6.388  8.598 0.0000000000
79080  52.748  -6.302  8.488 0.0000000000
79081  51.827  -6.421  8.670 0.0000000000
79082  50.921  -6.533  8.723 0.0000000000
79083  50.015  -6.554  8.804 0.0000000000
79084  49.212  -6.440  8.896 0.0000000000
80293  61.607  -4.805  19.957 0.0000000000
80300  42.692  -5.248  19.790 0.0000000000
80301  41.761  -5.456  19.511 0.0000000000
80302  40.974  -5.573  19.239 0.0000000000
80304  61.826  -5.086  18.872 0.0000000000
80306  56.459  -5.264  18.225 0.0000000000
80307  55.829  -5.460  18.559 0.0000000000
80308  54.780  -5.891  18.434 0.0000000000
80309  53.887  -6.290  18.407 0.0000000000
80310  53.324  -6.504  18.176 0.0000000000
80311  41.339  -5.184  18.886 0.0000000000
80312  40.566  -5.310  18.558 0.0000000000
80313  39.778  -5.490  18.187 0.0000000000
80315  62.530  -5.415  17.193 0.0000000000
80316  62.234  -5.203  17.937 0.0000000000
80317  58.332  -4.781  16.927 0.0000000000
80318  57.753  -5.036  17.150 0.0000000000
80319  56.641  -5.358  17.531 0.0000000000
80320  55.469  -5.752  17.535 0.0000000000
80321  54.450  -6.076  17.627 0.0000000000
80322  53.562  -6.386  17.617 0.0000000000
80323  53.097  -6.527  17.891 0.0000000000
80324  40.137  -5.093  17.816 0.0000000000
80325  39.360  -5.362  17.364 0.0000000000
80326  38.678  -5.872  16.830 0.0000000000
80329  62.865  -5.700  16.449 0.0000000000
80330  58.318  -5.055  16.419 0.0000000000
80331  57.466  -5.492  16.363 0.0000000000
80332  56.228  -5.981  16.333 0.0000000000
80333  55.023  -6.177  16.770 0.0000000000
80334  54.085  -6.376  17.003 0.0000000000
80335  53.596  -6.448  17.118 0.0000000000
80336  39.062  -5.360  16.324 0.0000000000
80337  38.614  -6.040  16.065 0.0000000000
80340  63.493  -5.732  15.041 0.0000000000
80341  63.262  -5.748  15.702 0.0000000000
80342  59.148  -4.820  14.939 0.0000000000
80343  58.521  -5.241  15.407 0.0000000000
80344  57.213  -6.019  15.177 0.0000000000
80345  56.414  -6.236  15.547 0.0000000000
80346  39.079  -5.670  15.420 0.0000000000
80347  38.752  -6.236  15.569 0.0000000000
80352  63.526  -5.621  14.633 0.0000000000
80353  58.958  -5.006  14.540 0.0000000000
80354  58.336  -5.489  14.173 0.0000000000
80355  57.350  -6.045  13.953 0.0000000000
80356  41.996  -5.995  13.603 0.0000000000
80357  41.452  -5.654  13.692 0.0000000000
80358  40.457  -5.882  14.120 0.0000000000
80359  39.628  -6.012  14.601 0.0000000000
80365  63.539  -5.612  14.238 0.0000000000
80366  63.331  -5.337  13.626 0.0000000000
80367  62.822  -4.522  13.442 0.0000000000
80368  57.935  -5.602  13.029 0.0000000000
80369  56.902  -6.024  13.091 0.0000000000
80370  56.431  -6.153  12.957 0.0000000000
80371  45.453  -5.925  12.466 0.0000000000
80372  44.986  -5.927  12.680 0.0000000000
80373  44.249  -5.910  12.869 0.0000000000
80374  43.285  -5.615  12.917 0.0000000000
80375  42.322  -5.781  13.373 0.0000000000
80376  41.817  -5.447  13.467 0.0000000000
80379  63.197  -5.798  13.256 0.0000000000
80380  62.578  -5.277  13.019 0.0000000000
80381  61.409  -5.501  12.558 0.0000000000
80382  60.190  -5.796  12.084 0.0000000000
80383  59.075  -5.564  11.959 0.0000000000
80384  58.130  -5.574  12.023 0.0000000000
80385  57.212  -5.832  12.234 0.0000000000
80386  56.276  -6.106  12.413 0.0000000000
80387  55.538  -6.290  12.172 0.0000000000
80388  55.106  -6.440  12.180 0.0000000000
80389  46.327  -5.890  11.761 0.0000000000
80390  45.910  -5.901  12.144 0.0000000000
80391  44.901  -5.253  11.999 0.0000000000
80392  44.160  -5.314  12.369 0.0000000000
80393  43.709  -5.413  12.618 0.0000000000
80398  59.962  -6.410  11.743 0.0000000000
80399  59.435  -6.269  11.627 0.0000000000
80400  58.543  -6.140  11.463 0.0000000000
80401  57.514  -6.150  11.343 0.0000000000
80402  56.573  -6.108  11.551 0.0000000000
80403  55.717  -6.233  11.600 0.0000000000
80404  54.886  -6.409  11.660 0.0000000000
80405  54.350  -6.540  11.420 0.0000000000
80406  46.647  -5.860  11.342 0.0000000000
80407  45.778  -5.192  11.313 0.0000000000
80408  45.346  -5.204  11.672 0.0000000000
80415  57.279  -6.529  10.908 0.0000000000
80416  56.799  -6.453  10.883 0.0000000000
80417  55.939  -6.386  10.885 0.0000000000
80418  55.086  -6.374  10.905 0.0000000000
80419  54.340  -6.495  10.973 0.0000000000
80420  46.995  -5.838  10.624 0.0000000000
80421  46.306  -5.219  10.645 0.0000000000
80423  47.999  -5.962  9.306 0.0000000000
80424  47.256  -5.530  9.671 0.0000000000
80425  46.697  -5.323  10.185 0.0000000000
80427  51.830  -6.120  7.955 0.0000000000
80428  51.028  -6.174  7.910 0.0000000000
80429  50.115  -6.167  7.999 0.0000000000
80430  49.287  -6.078  8.245 0.0000000000
80431  48.378  -5.678  8.545 0.0000000000
80432  47.739  -5.515  9.035 0.0000000000
80449  49.362  -5.572  7.594 0.0000000000
80450  48.877  -5.632  7.968 0.0000000000
81656  61.610  -4.391  20.349 0.0000000000
81668  61.861  -4.403  19.499 0.0000000000
81669  58.368  -3.912  19.928 0.0000000000
81670  57.737  -4.434  19.614 0.0000000000
81671  56.957  -5.020  19.574 0.0000000000
81672  56.389  -5.312  19.357 0.0000000000
81674  44.525  -4.394  19.814 0.0000000000
81675  43.580  -4.599  19.471 0.0000000000
81676  42.616  -4.825  19.135 0.0000000000
81677  41.941  -4.905  18.840 0.0000000000
81680  62.128  -4.511  18.572 0.0000000000
81681  59.102  -3.668  18.438 0.0000000000
81682  58.656  -3.922  18.794 0.0000000000
81683  57.607  -4.640  18.711 0.0000000000
81684  56.680  -5.167  18.698 0.0000000000
81685  56.160  -5.355  19.050 0.0000000000
81686  43.214  -4.344  18.800 0.0000000000
81687  42.502  -4.347  18.421 0.0000000000
81688  41.483  -4.654  18.270 0.0000000000
81689  40.740  -4.730  17.845 0.0000000000
81691  62.734  -5.051  16.873 0.0000000000
81692  62.448  -4.656  17.582 0.0000000000
81693  59.230  -3.784  17.930 0.0000000000
81694  58.445  -4.471  17.604 0.0000000000
81695  57.306  -4.976  17.974 0.0000000000
81696  56.757  -5.179  18.110 0.0000000000
81697  42.070  -4.110  17.813 0.0000000000
81698  41.325  -4.160  17.367 0.0000000000
81699  40.291  -4.557  17.112 0.0000000000
81700  39.645  -4.805  16.522 0.0000000000
81703  62.994  -5.004  16.238 0.0000000000
81704  60.447  -3.540  16.119 0.0000000000
81705  59.767  -3.893  16.705 0.0000000000
81706  58.869  -4.617  16.537 0.0000000000
81707  40.905  -3.993  16.608 0.0000000000
81708  40.247  -4.189  16.024 0.0000000000
81709  39.535  -4.837  15.690 0.0000000000
81711  63.481  -5.307  14.858 0.0000000000
81712  63.276  -4.888  15.314 0.0000000000
81713  60.288  -3.751  15.548 0.0000000000
81714  59.449  -4.489  15.511 0.0000000000
81715  58.832  -4.908  15.989 0.0000000000
81716  40.082  -4.387  15.033 0.0000000000
81717  39.689  -5.141  14.834 0.0000000000
81722  63.487  -5.074  14.608 0.0000000000
81723  63.293  -4.349  14.659 0.0000000000
81724  60.233  -3.903  14.632 0.0000000000
81725  59.560  -4.466  14.322 0.0000000000
81726  59.077  -4.912  13.899 0.0000000000
81727  41.141  -4.765  13.789 0.0000000000
81728  40.458  -4.915  14.201 0.0000000000
81729  40.004  -5.453  14.398 0.0000000000
81736  63.464  -4.857  14.171 0.0000000000
81737  63.118  -4.172  13.965 0.0000000000
81738  62.500  -3.809  13.615 0.0000000000
81739  61.713  -3.747  13.491 0.0000000000
81740  60.581  -3.935  13.598 0.0000000000
81741  59.626  -4.583  13.321 0.0000000000
81742  58.833  -5.076  13.224 0.0000000000
81743  42.966  -5.037  12.735 0.0000000000
81744  42.478  -4.786  12.877 0.0000000000
81745  41.714  -4.957  13.365 0.0000000000
81748  62.276  -4.296  13.245 0.0000000000
81749  61.541  -4.457  12.940 0.0000000000
81750  60.462  -4.731  12.684 0.0000000000
81751  59.451  -5.022  12.535 0.0000000000
81752  58.673  -5.286  12.529 0.0000000000
81753  44.585  -4.682  11.730 0.0000000000
81754  44.030  -4.406  11.918 0.0000000000
81755  43.194  -4.719  12.506 0.0000000000
81756  42.610  -4.263  12.662 0.0000000000
81761  45.397  -4.614  11.094 0.0000000000
81762  44.854  -4.338  11.339 0.0000000000
81763  44.164  -3.806  11.628 0.0000000000
81770  45.582  -4.300  10.657 0.0000000000
81771  45.089  -3.731  10.834 0.0000000000
81774  46.381  -4.586  9.905 0.0000000000
82997  61.478  -4.099  20.631 0.0000000000
82998  61.177  -3.761  20.779 0.0000000000
82999  60.530  -3.560  20.945 0.0000000000
83010  61.811  -4.071  19.959 0.0000000000
83011  61.538  -3.791  20.175 0.0000000000
83012  60.581  -3.367  20.400 0.0000000000
83013  60.030  -3.348  20.441 0.0000000000
83014  59.128  -3.613  20.410 0.0000000000
83023  62.039  -3.978  19.143 0.0000000000
83024  60.477  -3.264  19.851 0.0000000000
83025  59.762  -3.309  19.625 0.0000000000
83026  59.041  -3.560  19.383 0.0000000000
83027  47.964  -3.638  20.266 0.0000000000
83028  47.244  -3.670  19.969 0.0000000000
83029  46.351  -3.695  19.631 0.0000000000
83030  45.398  -3.918  19.525 0.0000000000
83031  44.548  -4.012  19.133 0.0000000000
83032  43.870  -4.077  18.795 0.0000000000
83035  62.249  -4.020  18.250 0.0000000000
83036  60.436  -3.217  18.954 0.0000000000
83037  59.508  -3.445  18.594 0.0000000000
83038  59.037  -3.592  18.921 0.0000000000
83039  46.016  -3.550  19.133 0.0000000000
83040  45.389  -3.551  18.811 0.0000000000
83041  44.504  -3.578  18.382 0.0000000000
83042  43.464  -3.816  18.218 0.0000000000
83043  42.733  -3.814  17.821 0.0000000000
83046  62.682  -4.565  16.835 0.0000000000
83047  62.432  -4.014  17.260 0.0000000000
83048  60.537  -3.236  17.860 0.0000000000
83049  59.984  -3.463  17.440 0.0000000000
83050  44.085  -3.365  17.794 0.0000000000
83051  43.355  -3.345  17.389 0.0000000000
83052  42.299  -3.571  17.163 0.0000000000
83053  41.563  -3.639  16.647 0.0000000000
83056  62.807  -4.215  16.220 0.0000000000
83057  62.451  -3.711  16.608 0.0000000000
83058  61.217  -3.107  16.265 0.0000000000
83059  60.758  -3.267  16.635 0.0000000000
83060  60.176  -3.511  16.930 0.0000000000
83061  42.939  -3.115  16.713 0.0000000000
83062  42.215  -3.153  16.160 0.0000000000
83063  41.176  -3.543  15.817 0.0000000000
83064  40.613  -3.865  15.218 0.0000000000
83066  63.000  -3.930  15.381 0.0000000000
83067  61.309  -3.083  15.855 0.0000000000
83068  60.866  -3.282  15.622 0.0000000000
83069  41.859  -3.052  15.161 0.0000000000
83070  41.179  -3.519  14.741 0.0000000000
83071  40.719  -4.135  14.488 0.0000000000
83073  62.844  -3.559  14.713 0.0000000000
83074  62.313  -3.114  14.599 0.0000000000
83075  61.588  -3.047  14.920 0.0000000000
83076  60.809  -3.418  14.800 0.0000000000
83077  41.860  -3.184  14.128 0.0000000000
83078  41.375  -4.036  13.778 0.0000000000
83079  40.914  -4.435  14.078 0.0000000000
83085  62.618  -3.495  14.127 0.0000000000
83086  62.029  -3.273  14.043 0.0000000000
83087  61.233  -3.391  14.107 0.0000000000
83088  60.707  -3.595  14.230 0.0000000000
83089  42.737  -3.287  12.789 0.0000000000
83090  42.326  -3.586  13.029 0.0000000000
83091  41.886  -4.306  13.162 0.0000000000
83095  43.673  -3.337  11.921 0.0000000000
83096  43.044  -3.604  12.419 0.0000000000
83097  42.709  -4.016  12.534 0.0000000000
83102  44.752  -3.124  10.956 0.0000000000
83103  44.198  -3.134  11.479 0.0000000000
83110  45.917  -3.407  9.960 0.0000000000
83111  45.288  -3.182  10.505 0.0000000000
84391  61.020  -3.497  20.479 0.0000000000
84392  60.791  -3.435  20.513 0.0000000000
84407  61.726  -3.708  19.534 0.0000000000
84408  61.312  -3.521  19.957 0.0000000000
84409  60.893  -3.378  20.125 0.0000000000
84410  52.927  -2.199  20.481 0.0000000000
84411  52.241  -2.373  20.293 0.0000000000
84412  51.300  -2.788  20.402 0.0000000000
84413  50.241  -3.190  20.484 0.0000000000
84414  49.069  -3.359  20.276 0.0000000000
84415  48.444  -3.491  20.233 0.0000000000
84423  61.960  -3.644  18.724 0.0000000000
84424  61.549  -3.451  19.042 0.0000000000
84425  60.931  -3.297  19.346 0.0000000000
84426  51.826  -2.172  19.679 0.0000000000
84427  51.345  -2.350  19.725 0.0000000000
84428  50.426  -2.539  19.504 0.0000000000
84429  49.392  -2.915  19.591 0.0000000000
84430  48.192  -3.260  19.625 0.0000000000
84431  47.061  -3.368  19.267 0.0000000000
84432  46.475  -3.450  19.141 0.0000000000
84435  62.149  -3.669  17.961 0.0000000000
84436  61.831  -3.411  18.128 0.0000000000
84437  61.223  -3.229  18.286 0.0000000000
84438  50.162  -2.369  19.016 0.0000000000
84439  49.689  -2.476  18.949 0.0000000000
84440  48.645  -2.683  18.783 0.0000000000
84441  47.598  -2.951  18.727 0.0000000000
84442  46.424  -3.183  18.580 0.0000000000
84443  45.419  -3.181  18.088 0.0000000000
84444  44.731  -3.187  17.767 0.0000000000
84447  62.132  -3.533  17.272 0.0000000000
84448  61.702  -3.268  17.269 0.0000000000
84449  61.186  -3.174  17.190 0.0000000000
84450  48.003  -2.579  18.216 0.0000000000
84451  47.176  -2.645  17.962 0.0000000000
84452  46.138  -2.715  17.619 0.0000000000
84453  45.243  -2.836  17.413 0.0000000000
84454  44.326  -2.919  17.192 0.0000000000
84455  43.603  -2.886  16.754 0.0000000000
84458  62.643  -3.654  15.993 0.0000000000
84459  62.181  -3.335  16.353 0.0000000000
84460  61.515  -3.107  16.356 0.0000000000
84461  61.179  -3.122  16.721 0.0000000000
84462  45.707  -2.512  17.061 0.0000000000
84463  45.055  -2.530  16.744 0.0000000000
84464  44.188  -2.531  16.328 0.0000000000
84465  43.194  -2.666  16.049 0.0000000000
84466  42.555  -2.755  15.435 0.0000000000
84469  62.562  -3.388  15.487 0.0000000000
84470  62.126  -3.044  15.612 0.0000000000
84471  61.765  -2.965  15.460 0.0000000000
84472  43.861  -2.359  15.584 0.0000000000
84473  43.127  -2.427  15.116 0.0000000000
84474  42.454  -2.713  14.611 0.0000000000
84477  62.414  -3.141  15.063 0.0000000000
84478  62.077  -2.903  15.082 0.0000000000
84479  61.829  -2.904  15.121 0.0000000000
84480  43.798  -2.172  14.762 0.0000000000
84481  43.052  -2.415  14.150 0.0000000000
84482  42.480  -2.883  13.673 0.0000000000
84486  43.779  -2.103  13.746 0.0000000000
84487  42.983  -2.847  13.067 0.0000000000
84488  42.540  -3.040  13.218 0.0000000000
84491  51.637  -1.950  11.919 0.0000000000
84492  51.384  -2.043  11.849 0.0000000000
84493  50.804  -2.224  11.724 0.0000000000
84494  43.948  -2.354  12.473 0.0000000000
84495  43.337  -2.963  12.406 0.0000000000
84498  51.588  -1.881  11.722 0.0000000000
84499  51.106  -1.977  11.301 0.0000000000
84500  50.228  -2.256  11.122 0.0000000000
84501  49.506  -2.148  10.779 0.0000000000
84502  45.143  -2.364  10.815 0.0000000000
84503  44.760  -2.151  11.569 0.0000000000
84510  50.539  -1.909  10.581 0.0000000000
84511  49.775  -2.080  10.265 0.0000000000
84512  48.836  -2.017  10.059 0.0000000000
84513  47.748  -2.094  9.635 0.0000000000
84514  46.652  -2.542  9.665 0.0000000000
84515  45.771  -2.299  10.391 0.0000000000
84517  50.103  -1.767  9.892 0.0000000000
85777  53.524  -1.847  20.453 0.0000000000
85778  52.776  -2.107  20.163 0.0000000000
85789  53.117  -1.598  19.254 0.0000000000
85790  52.337  -1.952  19.488 0.0000000000
85791  51.356  -2.072  19.220 0.0000000000
85792  50.871  -2.246  19.268 0.0000000000
85802  52.964  -1.492  18.674 0.0000000000
85803  52.333  -1.549  18.460 0.0000000000
85804  51.402  -1.739  18.533 0.0000000000
85805  50.331  -2.099  18.631 0.0000000000
85806  49.088  -2.229  18.266 0.0000000000
85807  48.458  -2.403  18.186 0.0000000000
85814  51.977  -1.400  17.863 0.0000000000
85815  51.492  -1.437  17.871 0.0000000000
85816  50.551  -1.456  17.549 0.0000000000
85817  49.330  -1.742  17.515 0.0000000000
85818  48.042  -2.145  17.527 0.0000000000
85819  46.759  -2.284  17.182 0.0000000000
85820  46.142  -2.411  17.070 0.0000000000
85823  50.311  -1.213  16.927 0.0000000000
85824  49.651  -1.269  16.566 0.0000000000
85825  48.335  -1.560  16.508 0.0000000000
85826  47.111  -1.826  16.441 0.0000000000
85827  45.912  -2.182  16.417 0.0000000000
85828  44.891  -2.295  16.007 0.0000000000
85829  44.363  -2.337  15.824 0.0000000000
85831  54.141  -0.995  14.246 0.0000000000
85832  53.592  -1.286  14.495 0.0000000000
85833  52.712  -1.477  14.737 0.0000000000
85834  51.722  -1.464  14.950 0.0000000000
85835  50.733  -1.345  15.152 0.0000000000
85836  49.751  -1.221  15.474 0.0000000000
85837  48.541  -1.318  15.475 0.0000000000
85838  47.376  -1.482  15.463 0.0000000000
85839  46.271  -1.711  15.447 0.0000000000
85840  45.269  -1.957  15.385 0.0000000000
85841  44.466  -2.160  15.358 0.0000000000
85843  54.099  -0.807  13.669 0.0000000000
85844  53.545  -1.314  13.649 0.0000000000
85845  52.777  -1.706  13.797 0.0000000000
85846  51.815  -1.834  13.991 0.0000000000
85847  50.772  -1.754  14.161 0.0000000000
85848  49.719  -1.560  14.311 0.0000000000
85849  48.641  -1.427  14.406 0.0000000000
85850  47.548  -1.377  14.429 0.0000000000
85851  46.487  -1.467  14.452 0.0000000000
85852  45.479  -1.639  14.485 0.0000000000
85853  44.564  -1.885  14.560 0.0000000000
85855  54.039  -0.677  13.333 0.0000000000
85856  53.640  -1.039  12.937 0.0000000000
85857  52.814  -1.632  12.906 0.0000000000
85858  51.937  -2.008  13.047 0.0000000000
85859  50.921  -2.118  13.164 0.0000000000
85860  49.806  -1.955  13.244 0.0000000000
85861  48.717  -1.656  13.331 0.0000000000
85862  47.662  -1.417  13.371 0.0000000000
85863  46.634  -1.353  13.420 0.0000000000
85864  45.651  -1.446  13.486 0.0000000000
85865  44.667  -1.679  13.548 0.0000000000
85868  53.424  -0.871  12.383 0.0000000000
85869  52.768  -1.251  12.065 0.0000000000
85870  51.928  -1.872  12.133 0.0000000000
85871  51.183  -2.169  12.326 0.0000000000
85872  50.035  -2.274  12.057 0.0000000000
85873  48.859  -1.879  12.246 0.0000000000
85874  47.806  -1.502  12.313 0.0000000000
85875  46.748  -1.311  12.342 0.0000000000
85876  45.795  -1.351  12.477 0.0000000000
85877  44.940  -1.618  12.553 0.0000000000
85882  52.407  -1.203  11.611 0.0000000000
85883  51.849  -1.434  11.420 0.0000000000
85884  51.117  -1.609  10.847 0.0000000000
85885  49.679  -2.261  11.282 0.0000000000
85886  48.994  -2.030  11.173 0.0000000000
85887  48.000  -1.645  11.307 0.0000000000
85888  46.960  -1.413  11.316 0.0000000000
85889  45.752  -1.559  11.244 0.0000000000
85890  45.235  -1.531  11.916 0.0000000000
85897  51.315  -1.192  10.769 0.0000000000
85898  50.657  -1.325  10.228 0.0000000000
85899  48.162  -1.818  10.486 0.0000000000
85900  47.272  -1.695  10.399 0.0000000000
85901  46.333  -1.775  10.541 0.0000000000
85902  45.879  -1.774  10.647 0.0000000000
87238  55.721  -0.442  20.573 0.0000000000
87239  54.722  -1.162  20.726 0.0000000000
87240  54.122  -1.474  20.440 0.0000000000
87249  55.328  -0.276  19.312 0.0000000000
87250  54.585  -0.823  19.613 0.0000000000
87251  53.949  -1.375  19.850 0.0000000000
87262  55.241  -0.230  18.239 0.0000000000
87263  54.434  -0.715  18.475 0.0000000000
87264  53.517  -1.279  18.678 0.0000000000
87265  52.840  -1.439  18.368 0.0000000000
87276  55.329  -0.267  17.231 0.0000000000
87277  54.447  -0.690  17.405 0.0000000000
87278  53.528  -1.086  17.591 0.0000000000
87279  52.505  -1.320  17.729 0.0000000000
87280  51.586  -1.301  17.424 0.0000000000
87281  51.105  -1.304  17.436 0.0000000000
87289  57.239  0.181  15.630 0.0000000000
87290  56.626  0.002  15.879 0.0000000000
87291  55.677  -0.299  16.247 0.0000000000
87292  54.570  -0.766  16.344 0.0000000000
87293  53.578  -1.045  16.550 0.0000000000
87294  52.595  -1.164  16.722 0.0000000000
87295  51.656  -1.170  16.801 0.0000000000
87296  50.808  -1.155  16.912 0.0000000000
87297  50.253  -1.160  16.679 0.0000000000
87300  57.301  0.248  15.323 0.0000000000
87301  56.666  0.164  15.109 0.0000000000
87302  55.718  -0.325  15.172 0.0000000000
87303  54.633  -0.863  15.172 0.0000000000
87304  53.638  -1.147  15.495 0.0000000000
87305  52.652  -1.237  15.728 0.0000000000
87306  51.685  -1.212  15.911 0.0000000000
87307  50.806  -1.124  16.097 0.0000000000
87308  50.246  -1.115  16.344 0.0000000000
87310  56.383  0.330  14.730 0.0000000000
87311  55.740  0.035  14.405 0.0000000000
87312  54.829  -0.577  14.346 0.0000000000
87314  55.381  0.208  13.861 0.0000000000
87315  54.610  -0.239  13.506 0.0000000000
87316  53.988  -0.592  13.152 0.0000000000
87319  54.324  -0.011  13.021 0.0000000000
87320  53.834  -0.355  12.765 0.0000000000
87321  53.140  -0.530  12.084 0.0000000000
87326  52.431  -0.750  11.537 0.0000000000
87327  51.645  -0.702  11.095 0.0000000000
87334  51.018  -0.666  10.508 0.0000000000
87335  50.491  -0.637  9.721 0.0000000000
88726  60.858  0.997  19.333 0.0000000000
88727  60.325  0.513  19.819 0.0000000000
88728  59.500  0.094  20.275 0.0000000000
88729  58.485  0.073  20.114 0.0000000000
88730  57.661  0.084  20.228 0.0000000000
88731  56.896  0.025  20.376 0.0000000000
88732  56.376  -0.131  20.464 0.0000000000
88742  60.774  1.156  18.356 0.0000000000
88743  60.271  0.706  18.760 0.0000000000
88744  59.507  0.445  19.119 0.0000000000
88745  58.601  0.324  19.325 0.0000000000
88746  57.694  0.328  19.458 0.0000000000
88747  56.865  0.254  19.642 0.0000000000
88748  56.177  -0.007  19.908 0.0000000000
88757  60.687  1.302  17.419 0.0000000000
88758  60.221  0.880  17.759 0.0000000000
88759  59.491  0.643  18.072 0.0000000000
88760  58.617  0.519  18.328 0.0000000000
88761  57.712  0.459  18.542 0.0000000000
88762  56.845  0.366  18.751 0.0000000000
88763  56.056  0.097  18.987 0.0000000000
88773  60.546  1.475  16.630 0.0000000000
88774  60.180  1.058  16.837 0.0000000000
88775  59.493  0.761  17.076 0.0000000000
88776  58.617  0.582  17.288 0.0000000000
88777  57.691  0.461  17.526 0.0000000000
88778  56.839  0.346  17.801 0.0000000000
88779  56.038  0.131  18.029 0.0000000000
88789  60.438  1.591  16.266 0.0000000000
88790  60.129  1.351  16.061 0.0000000000
88791  59.538  0.871  16.190 0.0000000000
88792  58.694  0.573  16.314 0.0000000000
88793  57.645  0.345  16.411 0.0000000000
88794  56.751  0.183  16.825 0.0000000000
88795  56.113  0.043  17.208 0.0000000000
88803  59.875  1.386  15.577 0.0000000000
88804  59.583  1.040  15.538 0.0000000000
88805  58.837  0.678  15.465 0.0000000000
88806  57.897  0.364  15.557 0.0000000000
88807  57.379  0.355  15.086 0.0000000000
88809  58.702  0.833  14.961 0.0000000000
88810  58.024  0.651  14.898 0.0000000000
88811  56.957  0.566  14.695 0.0000000000
88812  56.276  0.479  14.528 0.0000000000
88818  56.532  0.758  14.418 0.0000000000
88819  55.932  0.636  14.101 0.0000000000
88820  55.177  0.599  13.511 0.0000000000
88821  54.647  0.838  13.154 0.0000000000
88826  54.604  0.286  13.161 0.0000000000
88827  54.083  0.493  12.884 0.0000000000
88828  53.266  0.356  12.409 0.0000000000
88829  52.456  0.577  12.225 0.0000000000
88834  52.667  -0.045  11.899 0.0000000000
88835  51.788  0.162  11.638 0.0000000000
88836  50.916  0.386  11.329 0.0000000000
88843  51.149  -0.191  11.043 0.0000000000
88844  50.502  0.155  10.510 0.0000000000
90206  61.007  1.641  18.880 0.0000000000
90219  61.039  2.116  17.348 0.0000000000
90220  61.012  1.773  17.912 0.0000000000
90231  60.907  2.159  16.797 0.0000000000
90232  60.907  1.746  17.040 0.0000000000
90242  60.741  2.182  16.537 0.0000000000
90243  60.591  1.928  16.295 0.0000000000
90244  60.337  1.667  16.061 0.0000000000
90255  60.341  2.096  15.941 0.0000000000
90256  60.070  1.851  15.641 0.0000000000
90257  59.514  1.390  15.213 0.0000000000
90258  59.141  0.959  15.072 0.0000000000
90265  59.728  2.217  15.319 0.0000000000
90266  59.414  1.945  15.044 0.0000000000
90267  58.645  1.365  14.723 0.0000000000
90268  57.485  1.117  14.400 0.0000000000
90269  56.914  0.880  14.404 0.0000000000
90275  57.258  1.504  14.138 0.0000000000
90276  56.671  1.230  14.132 0.0000000000
90277  55.792  1.338  13.774 0.0000000000
90278  55.035  1.464  13.385 0.0000000000
90279  54.188  1.483  13.155 0.0000000000
90280  53.434  1.737  13.124 0.0000000000
90285  53.560  1.070  12.836 0.0000000000
90286  52.776  1.322  12.771 0.0000000000
90287  51.744  1.214  12.430 0.0000000000
90288  50.826  1.513  12.315 0.0000000000
90293  51.051  0.825  11.901 0.0000000000
90294  50.185  1.173  11.481 0.0000000000
90295  49.407  1.686  11.000 0.0000000000
91686  60.982  2.460  17.837 0.0000000000
91687  61.060  2.235  18.460 0.0000000000
91700  60.923  2.515  17.192 0.0000000000
91709  60.690  2.547  16.595 0.0000000000
91710  60.601  2.271  16.364 0.0000000000
91719  60.449  2.839  16.388 0.0000000000
91720  60.334  2.552  16.083 0.0000000000
91721  60.173  2.227  15.809 0.0000000000
91731  60.026  2.865  15.820 0.0000000000
91732  59.876  2.580  15.586 0.0000000000
91733  59.381  2.597  15.104 0.0000000000
91734  58.717  2.380  14.643 0.0000000000
91735  57.770  1.965  14.208 0.0000000000
91745  57.037  1.831  14.011 0.0000000000
91746  56.379  2.004  13.891 0.0000000000
91747  55.559  2.227  13.661 0.0000000000
91748  54.701  2.378  13.484 0.0000000000
91749  53.829  2.471  13.372 0.0000000000
91750  52.873  2.443  13.274 0.0000000000
91751  52.075  2.743  13.202 0.0000000000
91754  52.130  1.988  12.981 0.0000000000
91755  51.292  2.348  12.867 0.0000000000
91756  50.165  2.324  12.385 0.0000000000
91757  49.400  2.758  12.025 0.0000000000
91761  49.531  2.048  11.680 0.0000000000
91762  48.927  2.590  11.193 0.0000000000
92974  60.806  2.853  17.642 0.0000000000
92985  60.700  2.991  17.046 0.0000000000
92994  60.510  3.032  16.622 0.0000000000
92995  60.174  3.372  16.354 0.0000000000
92996  59.858  3.657  16.012 0.0000000000
93005  60.072  3.130  15.963 0.0000000000
93006  59.727  3.335  15.718 0.0000000000
93007  59.395  3.277  15.339 0.0000000000
93008  58.821  3.304  14.913 0.0000000000
93009  57.833  3.174  14.460 0.0000000000
93010  56.776  3.532  14.193 0.0000000000
93011  55.967  3.764  13.979 0.0000000000
93023  57.017  2.568  14.031 0.0000000000
93024  56.172  2.907  13.854 0.0000000000
93025  55.250  3.300  13.764 0.0000000000
93026  54.353  3.340  13.622 0.0000000000
93027  53.461  3.458  13.489 0.0000000000
93028  52.533  3.506  13.342 0.0000000000
93029  51.653  3.469  13.154 0.0000000000
93032  50.729  3.392  12.864 0.0000000000
93033  49.846  3.471  12.440 0.0000000000
93034  49.096  3.588  11.857 0.0000000000
93038  48.563  3.822  10.910 0.0000000000
94216  59.426  4.316  15.839 0.0000000000
94217  59.094  4.727  15.675 0.0000000000
94224  59.371  3.755  15.558 0.0000000000
94225  58.978  4.211  15.382 0.0000000000
94226  58.198  4.194  14.957 0.0000000000
94227  57.280  4.279  14.642 0.0000000000
94228  56.330  4.485  14.316 0.0000000000
94229  55.262  4.540  13.941 0.0000000000
94230  54.688  5.093  13.825 0.0000000000
94242  54.756  3.927  13.757 0.0000000000
94243  54.164  4.502  13.671 0.0000000000
94244  53.057  4.469  13.399 0.0000000000
94245  52.144  4.419  13.165 0.0000000000
94246  51.290  4.369  12.911 0.0000000000
94249  50.453  4.373  12.582 0.0000000000
94250  49.676  4.402  12.162 0.0000000000
94251  49.053  4.535  11.612 0.0000000000
94255  48.723  4.789  10.993 0.0000000000
95504  58.865  5.022  15.605 0.0000000000
95505  58.381  5.152  15.373 0.0000000000
95506  57.679  5.066  15.054 0.0000000000
95507  56.812  5.281  14.792 0.0000000000
95508  55.859  5.505  14.423 0.0000000000
95509  54.995  5.653  14.077 0.0000000000
95522  54.285  5.647  13.728 0.0000000000
95523  53.469  5.490  13.437 0.0000000000
95524  52.575  5.389  13.123 0.0000000000
95525  51.774  5.247  12.828 0.0000000000
95530  51.043  5.226  12.552 0.0000000000
95531  50.272  5.263  12.143 0.0000000000
95532  49.604  5.055  11.843 0.0000000000
95536  49.891  5.564  11.689 0.0000000000
95537  49.304  5.355  11.300 0.0000000000
96849  57.908  5.608  15.305 0.0000000000
96850  57.362  5.936  15.173 0.0000000000
96851  56.394  6.516  14.959 0.0000000000
96852  55.372  6.562  14.489 0.0000000000
96853  54.558  6.580  13.976 0.0000000000
96864  53.758  6.524  13.522 0.0000000000
96865  52.948  6.363  13.110 0.0000000000
96866  52.050  6.280  12.630 0.0000000000
96867  51.484  5.754  12.525 0.0000000000
96874  51.026  6.220  12.035 0.0000000000
96875  50.302  5.832  11.792 0.0000000000
72332  60.560  -11.496  6.724 0.0000000000
72333  53.476  -11.723  7.403 0.0000000000
72334  52.576  -11.556  7.063 0.0000000000
72335  51.653  -11.439  6.798 0.0000000000
72336  50.802  -11.313  6.689 0.0000000000
72337  50.035  -11.162  6.690 0.0000000000
72344  49.132  -11.005  6.608 0.0000000000
73701  60.034  -11.180  6.716 0.0000000000
73702  59.360  -11.008  7.093 0.0000000000
73703  58.440  -10.890  7.480 0.0000000000
73704  57.414  -10.963  7.751 0.0000000000
73705  56.326  -11.134  7.828 0.0000000000
73706  55.323  -11.345  7.761 0.0000000000
73712  59.629  -10.642  6.247 0.0000000000
73713  58.761  -10.443  6.679 0.0000000000
73714  57.836  -10.314  6.956 0.0000000000
73715  56.801  -10.347  7.126 0.0000000000
73716  55.714  -10.480  7.241 0.0000000000
73717  54.467  -10.861  7.378 0.0000000000
73718  53.294  -10.678  6.986 0.0000000000
73719  52.303  -10.578  6.720 0.0000000000
73720  51.333  -10.450  6.543 0.0000000000
73721  50.553  -10.595  6.541 0.0000000000
73728  60.267  -10.468  5.444 0.0000000000
73729  59.501  -10.288  5.615 0.0000000000
73730  50.758  -9.999  6.278 0.0000000000
73731  49.930  -10.135  6.277 0.0000000000
73739  61.987  -10.300  4.892 0.0000000000
73740  61.006  -10.077  4.712 0.0000000000
73741  60.215  -10.091  4.848 0.0000000000
73746  62.409  -9.807  4.557 0.0000000000
73747  61.818  -9.774  4.340 0.0000000000
73748  61.298  -9.699  4.207 0.0000000000
75116  59.019  -10.245  5.989 0.0000000000
75117  58.320  -10.020  6.096 0.0000000000
75118  57.367  -9.888  6.227 0.0000000000
75119  56.328  -9.861  6.350 0.0000000000
75120  55.227  -9.865  6.474 0.0000000000
75121  54.102  -9.880  6.441 0.0000000000
75122  53.039  -9.828  6.286 0.0000000000
75123  52.074  -9.766  6.163 0.0000000000
75124  51.330  -9.729  6.043 0.0000000000
75127  59.725  -10.136  5.133 0.0000000000
75128  58.997  -9.969  5.298 0.0000000000
75129  58.021  -9.743  5.302 0.0000000000
75130  57.008  -9.648  5.346 0.0000000000
75131  55.964  -9.556  5.413 0.0000000000
75132  54.892  -9.464  5.459 0.0000000000
75133  53.815  -9.400  5.438 0.0000000000
75134  52.765  -9.380  5.369 0.0000000000
75135  51.797  -9.387  5.356 0.0000000000
75136  50.770  -9.451  5.530 0.0000000000
75137  49.664  -9.364  5.369 0.0000000000
75144  60.410  -9.890  4.504 0.0000000000
75145  59.764  -9.842  4.529 0.0000000000
75146  58.776  -9.678  4.434 0.0000000000
75147  57.759  -9.562  4.390 0.0000000000
75148  56.719  -9.522  4.377 0.0000000000
75149  55.666  -9.445  4.393 0.0000000000
75150  54.601  -9.346  4.410 0.0000000000
75151  53.526  -9.270  4.403 0.0000000000
75152  52.390  -9.226  4.343 0.0000000000
75153  51.512  -9.179  4.512 0.0000000000
75154  50.520  -9.127  4.457 0.0000000000
75155  49.483  -9.174  4.269 0.0000000000
75161  62.498  -9.256  3.949 0.0000000000
75162  61.660  -9.405  3.829 0.0000000000
75163  60.720  -9.561  3.952 0.0000000000
75166  57.527  -9.409  3.420 0.0000000000
75167  56.463  -9.464  3.364 0.0000000000
75168  55.388  -9.441  3.368 0.0000000000
75169  54.321  -9.366  3.397 0.0000000000
75170  53.272  -9.309  3.415 0.0000000000
75171  52.304  -9.286  3.436 0.0000000000
75172  51.432  -9.197  3.565 0.0000000000
75173  50.313  -9.217  3.386 0.0000000000
75174  49.320  -9.341  3.237 0.0000000000
75190  62.104  -8.966  3.434 0.0000000000
75191  61.463  -8.994  3.260 0.0000000000
75195  57.296  -9.233  2.437 0.0000000000
75196  56.193  -9.384  2.358 0.0000000000
75197  55.085  -9.387  2.406 0.0000000000
75198  54.037  -9.365  2.460 0.0000000000
75199  53.035  -9.326  2.496 0.0000000000
75200  52.070  -9.288  2.516 0.0000000000
75201  51.079  -9.261  2.468 0.0000000000
75202  50.064  -9.363  2.372 0.0000000000
75203  49.100  -9.580  2.325 0.0000000000
75221  55.786  -9.199  1.522 0.0000000000
75222  54.724  -9.240  1.602 0.0000000000
75223  53.727  -9.236  1.653 0.0000000000
75224  52.757  -9.201  1.664 0.0000000000
75225  51.786  -9.164  1.617 0.0000000000
75226  50.780  -9.211  1.502 0.0000000000
75227  49.750  -9.394  1.467 0.0000000000
75228  48.767  -9.611  1.595 0.0000000000
75243  56.900  -8.546  0.950 0.0000000000
75244  56.249  -8.743  0.940 0.0000000000
75245  55.283  -8.928  0.934 0.0000000000
75246  54.328  -9.002  0.982 0.0000000000
75247  53.394  -9.007  0.996 0.0000000000
75248  52.459  -8.971  0.958 0.0000000000
75249  51.511  -8.953  0.834 0.0000000000
75250  50.436  -8.965  0.526 0.0000000000
75251  49.245  -9.232  0.813 0.0000000000
75266  50.235  -8.659  -0.062 0.0000000000
75267  49.609  -8.770  0.092 0.0000000000
75268  48.675  -8.829  0.432 0.0000000000
76454  51.927  -9.208  4.219 0.0000000000
76455  51.765  -9.177  4.011 0.0000000000
76459  62.566  -8.647  3.365 0.0000000000
76460  52.049  -9.207  3.963 0.0000000000
76461  51.885  -9.239  3.758 0.0000000000
76479  62.868  -8.176  2.977 0.0000000000
76480  62.242  -8.481  2.843 0.0000000000
76498  62.793  -7.963  2.409 0.0000000000
76516  56.665  -8.179  0.734 0.0000000000
76517  55.672  -8.293  0.579 0.0000000000
76518  54.782  -8.553  0.586 0.0000000000
76519  53.936  -8.598  0.590 0.0000000000
76520  53.057  -8.599  0.543 0.0000000000
76521  52.172  -8.628  0.410 0.0000000000
76522  51.372  -8.654  0.271 0.0000000000
76530  54.987  -8.110  0.395 0.0000000000
76531  54.361  -8.172  0.325 0.0000000000
76532  53.576  -8.170  0.257 0.0000000000
76533  52.719  -8.186  0.145 0.0000000000
76534  51.842  -8.238  -0.040 0.0000000000
76535  50.852  -8.355  -0.153 0.0000000000
76536  49.971  -8.273  -0.370 0.0000000000
76537  49.008  -8.267  -0.271 0.0000000000
76547  48.464  -7.952  -0.414 0.0000000000
76548  48.086  -7.833  -0.416 0.0000000000
77735  63.174  -7.966  3.114 0.0000000000
77785  56.218  -7.547  0.720 0.0000000000
77786  55.303  -7.565  0.495 0.0000000000
77787  54.662  -7.337  0.380 0.0000000000
77798  54.698  -7.785  0.296 0.0000000000
77799  54.057  -7.610  0.203 0.0000000000
77800  53.201  -7.658  0.092 0.0000000000
77801  52.357  -7.640  -0.085 0.0000000000
77802  51.437  -7.627  -0.218 0.0000000000
77803  50.488  -7.585  -0.361 0.0000000000
77804  49.518  -7.545  -0.561 0.0000000000
77805  48.874  -7.739  -0.594 0.0000000000
77813  48.927  -7.306  -0.697 0.0000000000
79133  57.100  -5.611  1.467 0.0000000000
79134  56.643  -5.917  1.417 0.0000000000
79135  55.850  -6.251  1.221 0.0000000000
79136  55.353  -6.497  1.058 0.0000000000
79152  56.579  -6.729  1.102 0.0000000000
79153  55.736  -6.914  0.854 0.0000000000
79154  54.948  -6.814  0.769 0.0000000000
79155  54.158  -6.891  0.526 0.0000000000
79156  53.328  -6.644  0.584 0.0000000000
79157  52.426  -6.438  0.583 0.0000000000
79158  51.447  -6.291  0.438 0.0000000000
79159  50.604  -6.248  0.192 0.0000000000
79170  53.546  -7.159  0.212 0.0000000000
79171  52.832  -7.058  0.129 0.0000000000
79172  51.950  -6.951  0.004 0.0000000000
79173  51.015  -6.877  -0.123 0.0000000000
79174  50.025  -6.705  -0.251 0.0000000000
79175  49.170  -6.716  -0.533 0.0000000000
80495  56.640  -5.215  1.493 0.0000000000
80496  55.843  -5.449  1.440 0.0000000000
80497  54.790  -5.915  1.303 0.0000000000
80498  53.605  -5.531  1.318 0.0000000000
80499  52.796  -5.298  1.275 0.0000000000
80500  52.417  -5.048  1.223 0.0000000000
80516  54.466  -6.512  0.946 0.0000000000
80517  53.903  -6.278  1.017 0.0000000000
80518  53.004  -5.982  1.062 0.0000000000
80519  51.993  -5.468  0.960 0.0000000000
80520  50.787  -5.536  0.519 0.0000000000
80521  49.836  -5.743  0.047 0.0000000000
80522  49.349  -5.351  -0.134 0.0000000000
80533  49.489  -6.240  -0.237 0.0000000000
80534  49.010  -5.782  -0.418 0.0000000000
81831  55.971  -4.622  1.356 0.0000000000
81832  55.017  -4.770  1.452 0.0000000000
81833  53.981  -4.856  1.494 0.0000000000
81834  53.078  -4.871  1.380 0.0000000000
81835  52.642  -4.926  1.317 0.0000000000
81857  55.197  -3.949  1.033 0.0000000000
81858  54.172  -4.022  1.121 0.0000000000
81859  53.167  -4.183  1.153 0.0000000000
81860  52.270  -4.567  1.055 0.0000000000
81861  51.008  -4.511  0.572 0.0000000000
81862  50.008  -4.975  0.253 0.0000000000
81863  49.545  -5.188  0.018 0.0000000000
81879  50.590  -4.061  0.012 0.0000000000
81880  50.094  -4.374  -0.082 0.0000000000
83192  54.327  -3.352  0.385 0.0000000000
83193  53.257  -3.458  0.492 0.0000000000
83194  52.278  -3.753  0.579 0.0000000000
83195  51.648  -4.039  0.626 0.0000000000
83220  54.529  -2.868  -0.537 0.0000000000
83221  53.348  -2.879  -0.552 0.0000000000
83222  52.270  -3.171  -0.316 0.0000000000
83223  51.176  -3.658  -0.166 0.0000000000
83243  55.076  -2.790  -0.861 0.0000000000
83244  52.865  -2.697  -1.228 0.0000000000
83245  52.345  -2.831  -1.155 0.0000000000
84622  54.072  -2.606  -1.073 0.0000000000
84623  53.833  -2.681  -0.888 0.0000000000
84639  54.534  -2.542  -1.458 0.0000000000
84640  53.385  -2.571  -1.464 0.0000000000
84658  54.572  -2.181  -2.425 0.0000000000
84674  54.731  -1.745  -3.127 0.0000000000
86077  54.990  -1.255  -3.622 0.0000000000
89007  56.423  1.162  -4.938 0.0000000000
75164  59.650  -9.443  3.670 0.0000000000
75165  58.594  -9.393  3.510 0.0000000000
75192  60.570  -9.021  3.040 0.0000000000
75193  59.548  -9.018  2.673 0.0000000000
75194  58.368  -9.127  2.588 0.0000000000
75218  59.128  -8.785  1.907 0.0000000000
75219  58.144  -8.856  1.770 0.0000000000
75220  57.050  -8.904  1.425 0.0000000000
76481  61.459  -8.542  2.506 0.0000000000
76482  60.606  -8.575  2.233 0.0000000000
76483  59.936  -8.582  1.956 0.0000000000
76501  60.612  -8.202  1.599 0.0000000000
76502  59.799  -8.274  1.486 0.0000000000
76503  58.918  -8.402  1.361 0.0000000000
76504  58.086  -8.505  1.221 0.0000000000
76513  59.644  -7.805  1.086 0.0000000000
76514  58.678  -7.946  0.959 0.0000000000
76515  57.586  -8.186  0.861 0.0000000000
77782  59.396  -7.128  0.920 0.0000000000
77783  58.286  -7.207  0.942 0.0000000000
77784  57.196  -7.376  0.917 0.0000000000
79150  59.027  -6.233  1.076 0.0000000000
79151  57.684  -6.100  1.321 0.0000000000
80494  57.313  -5.166  1.465 0.0000000000
80515  57.935  -4.991  1.366 0.0000000000
81829  57.493  -4.547  1.185 0.0000000000
81830  56.809  -4.555  1.279 0.0000000000
81855  57.094  -4.015  0.775 0.0000000000
81856  56.164  -3.960  0.904 0.0000000000
83188  58.004  -3.702  0.183 0.0000000000
83189  57.414  -3.577  0.065 0.0000000000
83190  56.370  -3.523  0.206 0.0000000000
83191  55.380  -3.420  0.307 0.0000000000
83217  57.294  -3.261  -0.753 0.0000000000
83218  56.479  -3.192  -0.584 0.0000000000
83219  55.585  -3.094  -0.415 0.0000000000
83241  56.550  -2.821  -1.521 0.0000000000
83242  55.623  -2.804  -1.108 0.0000000000
83262  57.161  -2.773  -1.871 0.0000000000
84637  56.051  -2.480  -2.104 0.0000000000
84638  55.474  -2.491  -1.863 0.0000000000
84656  56.666  -2.380  -2.443 0.0000000000
84657  55.529  -2.192  -2.540 0.0000000000
84672  56.779  -1.735  -3.237 0.0000000000
84673  55.754  -1.777  -3.140 0.0000000000
86076  55.924  -1.199  -3.664 0.0000000000
86089  56.081  -0.551  -4.079 0.0000000000
87511  56.315  0.141  -4.460 0.0000000000
88997  56.662  0.748  -4.822 0.0000000000
89006  56.887  1.283  -5.086 0.0000000000
73683  62.763  -10.590  11.543 0.0000000000
73689  63.111  -11.324  10.746 0.0000000000
73690  62.756  -10.922  10.938 0.0000000000
73693  63.295  -11.274  9.697 0.0000000000
73694  62.937  -11.026  10.188 0.0000000000
75073  63.238  -9.378  12.597 0.0000000000
75085  62.651  -9.917  12.062 0.0000000000
75086  61.779  -9.697  11.514 0.0000000000
75096  62.225  -10.452  11.192 0.0000000000
75097  61.611  -10.009  10.666 0.0000000000
75101  62.974  -10.879  9.657 0.0000000000
75102  62.394  -10.559  9.963 0.0000000000
76411  63.477  -8.635  12.907 0.0000000000
76412  62.625  -8.659  12.514 0.0000000000
76421  61.972  -9.154  12.079 0.0000000000
77660  63.878  -7.582  14.306 0.0000000000
77675  63.717  -7.513  13.545 0.0000000000
77680  63.640  -8.066  13.191 0.0000000000
78947  63.173  -6.749  15.951 0.0000000000
