#!ascii label  , from subject colin27 vox2ras=TkReg coords=white
876
18179  4.427  -53.831  15.218 0.0000000000
18180  4.037  -53.659  15.055 0.0000000000
19300  7.997  -53.767  15.774 0.0000000000
19301  7.382  -53.995  15.800 0.0000000000
19302  6.444  -53.931  15.449 0.0000000000
19303  5.539  -53.869  15.227 0.0000000000
19304  4.856  -53.793  15.056 0.0000000000
19305  3.748  -53.581  15.241 0.0000000000
19306  3.352  -53.147  15.198 0.0000000000
19321  7.813  -53.524  15.336 0.0000000000
19322  7.089  -53.530  14.977 0.0000000000
19323  6.078  -53.463  14.786 0.0000000000
19324  5.146  -53.501  14.564 0.0000000000
19325  4.373  -53.575  14.616 0.0000000000
19326  3.700  -53.337  14.538 0.0000000000
19327  3.194  -52.872  14.167 0.0000000000
19345  4.649  -53.365  14.108 0.0000000000
19346  4.055  -53.349  13.890 0.0000000000
19347  3.439  -53.052  13.723 0.0000000000
19348  3.093  -52.837  13.598 0.0000000000
20422  3.162  -52.430  18.732 0.0000000000
20439  3.077  -52.599  17.870 0.0000000000
20456  3.062  -52.682  16.835 0.0000000000
20470  8.982  -52.281  15.270 0.0000000000
20471  8.427  -53.213  15.784 0.0000000000
20472  3.068  -52.582  15.782 0.0000000000
20484  8.924  -52.079  14.085 0.0000000000
20485  8.002  -52.966  14.448 0.0000000000
20486  6.635  -53.029  14.227 0.0000000000
20487  5.579  -53.093  14.142 0.0000000000
20488  5.028  -53.268  14.058 0.0000000000
20489  2.909  -52.329  14.615 0.0000000000
20506  8.838  -51.833  13.478 0.0000000000
20507  8.140  -52.054  13.319 0.0000000000
20508  7.043  -52.464  13.526 0.0000000000
20509  5.897  -52.587  13.533 0.0000000000
20510  4.759  -52.984  13.484 0.0000000000
20511  3.729  -53.070  13.131 0.0000000000
20512  3.083  -52.872  13.114 0.0000000000
20513  2.791  -52.471  13.491 0.0000000000
20533  7.758  -51.713  12.789 0.0000000000
20534  7.178  -51.854  12.905 0.0000000000
20535  6.236  -52.055  12.901 0.0000000000
20536  5.208  -52.350  12.601 0.0000000000
20537  4.138  -52.756  12.402 0.0000000000
20538  3.232  -52.882  12.343 0.0000000000
20539  2.647  -52.541  12.513 0.0000000000
21618  3.700  -51.507  21.179 0.0000000000
21619  3.631  -51.002  20.751 0.0000000000
21636  3.431  -52.116  20.293 0.0000000000
21637  3.536  -51.269  20.317 0.0000000000
21649  3.319  -52.320  19.776 0.0000000000
21650  3.333  -51.763  19.433 0.0000000000
21659  3.199  -51.733  18.302 0.0000000000
21672  3.105  -51.835  17.221 0.0000000000
21688  3.019  -51.987  16.314 0.0000000000
21700  9.349  -51.448  15.970 0.0000000000
21701  2.949  -51.758  15.427 0.0000000000
21710  9.670  -50.780  14.474 0.0000000000
21711  9.489  -51.193  14.750 0.0000000000
21712  2.803  -51.574  14.564 0.0000000000
21726  9.715  -50.781  14.041 0.0000000000
21727  9.310  -51.382  13.563 0.0000000000
21728  8.787  -51.600  13.067 0.0000000000
21729  2.622  -51.730  13.773 0.0000000000
21747  9.840  -50.747  13.152 0.0000000000
21748  9.222  -51.103  12.512 0.0000000000
21749  8.248  -51.433  12.562 0.0000000000
21753  2.382  -51.845  12.795 0.0000000000
22846  4.047  -50.825  22.556 0.0000000000
22863  3.952  -50.712  21.789 0.0000000000
22864  3.738  -50.799  21.043 0.0000000000
22881  3.876  -50.380  21.057 0.0000000000
22882  3.648  -50.622  20.494 0.0000000000
22899  3.496  -50.835  19.784 0.0000000000
22915  3.362  -50.916  18.852 0.0000000000
22932  9.917  -50.146  17.193 0.0000000000
22934  3.318  -51.001  17.682 0.0000000000
22953  9.833  -50.136  16.211 0.0000000000
22954  9.589  -50.764  16.564 0.0000000000
22955  3.549  -50.524  15.587 0.0000000000
22956  3.225  -51.111  16.317 0.0000000000
22964  9.772  -50.267  15.445 0.0000000000
22965  9.610  -50.744  15.668 0.0000000000
22966  3.501  -50.417  14.757 0.0000000000
22967  3.069  -50.974  14.979 0.0000000000
22976  9.840  -50.340  14.678 0.0000000000
22977  9.671  -50.642  15.124 0.0000000000
22978  3.173  -50.529  14.110 0.0000000000
22979  2.776  -51.065  14.028 0.0000000000
22987  10.155  -50.187  13.727 0.0000000000
22988  2.829  -50.614  13.555 0.0000000000
22989  2.493  -50.997  13.162 0.0000000000
22999  10.642  -49.685  12.611 0.0000000000
23000  10.397  -50.102  12.770 0.0000000000
23001  9.914  -50.598  12.392 0.0000000000
24042  5.205  -49.529  25.058 0.0000000000
24043  4.608  -49.841  25.429 0.0000000000
24054  5.168  -49.615  24.284 0.0000000000
24055  4.727  -49.939  24.535 0.0000000000
24068  5.314  -49.501  23.853 0.0000000000
24069  4.810  -49.757  23.483 0.0000000000
24084  4.597  -49.759  22.465 0.0000000000
24085  4.265  -50.308  22.715 0.0000000000
24100  4.592  -49.624  21.908 0.0000000000
24101  4.218  -49.942  21.579 0.0000000000
24115  3.856  -49.984  20.454 0.0000000000
24116  3.609  -50.388  20.067 0.0000000000
24126  4.637  -49.355  19.231 0.0000000000
24127  4.071  -49.669  19.471 0.0000000000
24128  3.624  -50.282  19.504 0.0000000000
24136  5.745  -49.093  18.470 0.0000000000
24137  5.290  -49.225  18.678 0.0000000000
24138  4.455  -49.603  18.452 0.0000000000
24139  3.693  -50.164  18.333 0.0000000000
24150  6.474  -48.878  17.562 0.0000000000
24151  6.064  -49.140  17.913 0.0000000000
24152  5.141  -49.548  17.619 0.0000000000
24153  4.267  -49.879  17.337 0.0000000000
24154  3.646  -50.444  17.019 0.0000000000
24174  10.228  -49.463  16.829 0.0000000000
24175  6.576  -48.881  17.014 0.0000000000
24176  5.885  -49.422  16.793 0.0000000000
24177  5.017  -49.761  16.470 0.0000000000
24178  4.125  -50.159  16.150 0.0000000000
24179  3.591  -50.541  16.272 0.0000000000
24196  10.147  -49.557  15.597 0.0000000000
24197  6.421  -49.073  16.151 0.0000000000
24198  5.850  -49.394  15.582 0.0000000000
24199  4.878  -49.752  15.337 0.0000000000
24200  4.087  -50.091  15.013 0.0000000000
24214  10.648  -48.866  14.334 0.0000000000
24215  10.389  -49.382  14.406 0.0000000000
24216  5.488  -49.338  14.678 0.0000000000
24217  4.737  -49.546  14.199 0.0000000000
24218  3.809  -50.021  14.072 0.0000000000
24225  10.724  -48.938  13.799 0.0000000000
24226  10.540  -49.585  13.367 0.0000000000
24227  4.230  -49.445  13.102 0.0000000000
24228  3.269  -50.123  13.250 0.0000000000
24229  2.781  -50.499  13.140 0.0000000000
24235  10.840  -49.134  12.708 0.0000000000
24236  10.632  -49.654  12.855 0.0000000000
24237  4.188  -49.100  12.420 0.0000000000
24238  3.490  -49.444  12.206 0.0000000000
24239  2.756  -50.330  12.554 0.0000000000
25208  5.250  -48.307  26.177 0.0000000000
25209  4.682  -48.765  26.418 0.0000000000
25219  6.286  -48.530  24.836 0.0000000000
25220  5.579  -48.721  25.593 0.0000000000
25221  4.956  -49.328  25.785 0.0000000000
25228  6.414  -48.693  23.881 0.0000000000
25229  5.718  -49.214  24.420 0.0000000000
25238  6.267  -48.665  22.712 0.0000000000
25239  5.498  -49.278  23.191 0.0000000000
25240  4.928  -49.546  22.858 0.0000000000
25253  6.070  -48.526  21.640 0.0000000000
25254  5.445  -49.013  22.049 0.0000000000
25255  4.940  -49.439  22.294 0.0000000000
25267  5.887  -48.489  20.850 0.0000000000
25268  5.350  -48.832  21.114 0.0000000000
25269  4.699  -49.362  21.344 0.0000000000
25270  4.253  -49.681  20.941 0.0000000000
25284  6.074  -48.376  20.202 0.0000000000
25285  5.437  -48.712  20.312 0.0000000000
25286  4.843  -49.079  20.452 0.0000000000
25287  4.326  -49.482  20.423 0.0000000000
25300  6.308  -48.379  19.433 0.0000000000
25301  5.678  -48.688  19.593 0.0000000000
25302  5.075  -49.018  19.623 0.0000000000
25303  4.535  -49.294  19.851 0.0000000000
25311  6.593  -48.399  18.662 0.0000000000
25312  5.921  -48.836  18.782 0.0000000000
25313  5.454  -48.928  19.175 0.0000000000
25322  6.744  -48.513  17.768 0.0000000000
25323  6.346  -48.757  18.288 0.0000000000
25334  11.125  -47.889  16.714 0.0000000000
25335  10.635  -48.653  16.442 0.0000000000
25336  7.083  -48.210  16.906 0.0000000000
25350  10.976  -47.996  15.733 0.0000000000
25351  10.573  -48.773  15.217 0.0000000000
25352  6.868  -48.347  16.043 0.0000000000
25353  6.449  -48.762  15.465 0.0000000000
25370  10.870  -48.304  14.531 0.0000000000
25371  10.617  -48.832  14.618 0.0000000000
25372  6.612  -48.214  15.239 0.0000000000
25373  6.219  -48.530  14.496 0.0000000000
25374  5.523  -49.036  13.987 0.0000000000
25384  11.023  -48.302  13.481 0.0000000000
25385  5.710  -48.413  13.548 0.0000000000
25386  5.117  -48.943  13.331 0.0000000000
25392  11.151  -48.241  12.726 0.0000000000
25393  5.412  -48.316  12.988 0.0000000000
25394  4.804  -48.575  12.471 0.0000000000
25395  4.152  -48.829  12.023 0.0000000000
25403  4.416  -48.293  11.813 0.0000000000
26358  4.961  -47.970  26.428 0.0000000000
26377  6.302  -47.982  25.400 0.0000000000
26378  5.607  -47.704  26.005 0.0000000000
26389  7.494  -47.414  24.383 0.0000000000
26390  7.071  -47.769  24.616 0.0000000000
26397  7.622  -47.500  23.924 0.0000000000
26398  7.079  -48.097  23.365 0.0000000000
26407  7.718  -47.418  22.800 0.0000000000
26408  6.905  -48.066  22.163 0.0000000000
26420  7.472  -47.400  21.519 0.0000000000
26421  6.598  -48.012  20.953 0.0000000000
26435  7.315  -47.400  20.216 0.0000000000
26436  6.640  -48.008  20.024 0.0000000000
26449  7.516  -47.201  19.063 0.0000000000
26450  6.942  -47.891  19.298 0.0000000000
26461  7.597  -47.024  18.061 0.0000000000
26462  7.186  -47.833  18.380 0.0000000000
26470  7.517  -46.801  17.176 0.0000000000
26471  7.333  -47.658  17.427 0.0000000000
26482  11.990  -46.685  16.643 0.0000000000
26483  11.597  -47.168  16.365 0.0000000000
26484  7.346  -46.559  16.678 0.0000000000
26485  7.237  -47.258  16.383 0.0000000000
26495  11.360  -47.352  15.114 0.0000000000
26496  6.784  -47.552  15.481 0.0000000000
26510  11.331  -47.510  13.996 0.0000000000
26511  6.555  -47.773  14.861 0.0000000000
26512  6.375  -47.476  14.367 0.0000000000
26527  11.303  -47.692  13.161 0.0000000000
26528  5.976  -47.517  13.613 0.0000000000
26529  5.626  -47.021  13.280 0.0000000000
26541  11.409  -47.616  12.415 0.0000000000
26542  5.710  -47.961  13.157 0.0000000000
26543  5.398  -47.523  12.793 0.0000000000
26550  4.820  -47.665  12.014 0.0000000000
26551  4.327  -47.688  11.466 0.0000000000
27465  4.799  -47.232  26.369 0.0000000000
27466  4.040  -46.873  26.655 0.0000000000
27487  7.283  -46.532  25.097 0.0000000000
27488  6.579  -46.996  25.505 0.0000000000
27489  5.446  -46.656  25.968 0.0000000000
27490  4.471  -46.366  26.176 0.0000000000
27491  3.883  -46.217  26.381 0.0000000000
27511  8.408  -46.250  24.060 0.0000000000
27512  7.702  -46.951  24.522 0.0000000000
27513  7.232  -47.090  25.024 0.0000000000
27529  8.600  -46.417  23.310 0.0000000000
27530  8.171  -46.970  23.627 0.0000000000
27540  8.742  -46.322  22.560 0.0000000000
27541  8.328  -46.827  22.883 0.0000000000
27555  8.625  -46.203  21.652 0.0000000000
27556  8.192  -46.833  22.053 0.0000000000
27575  8.605  -45.966  20.927 0.0000000000
27576  8.062  -46.620  20.903 0.0000000000
27592  8.439  -46.008  20.185 0.0000000000
27593  7.954  -46.615  19.744 0.0000000000
27604  8.308  -46.021  19.423 0.0000000000
27605  8.012  -46.342  18.711 0.0000000000
27615  7.804  -46.191  17.699 0.0000000000
27626  12.343  -46.254  16.699 0.0000000000
27627  12.002  -46.580  16.240 0.0000000000
27628  7.448  -46.026  16.968 0.0000000000
27629  6.989  -46.122  16.315 0.0000000000
27630  6.052  -45.883  15.981 0.0000000000
27631  5.408  -45.790  15.737 0.0000000000
27639  12.279  -46.137  15.901 0.0000000000
27640  11.842  -46.654  15.553 0.0000000000
27641  6.685  -46.627  15.635 0.0000000000
27642  5.950  -46.286  15.282 0.0000000000
27643  5.234  -45.911  15.119 0.0000000000
27644  4.850  -45.691  14.751 0.0000000000
27652  12.147  -46.134  15.168 0.0000000000
27653  11.784  -46.617  14.483 0.0000000000
27654  6.441  -47.031  14.953 0.0000000000
27655  5.934  -46.631  14.395 0.0000000000
27656  5.296  -46.165  14.196 0.0000000000
27657  4.950  -45.791  13.991 0.0000000000
27671  11.651  -46.808  13.196 0.0000000000
27672  5.665  -46.706  13.703 0.0000000000
27673  5.259  -46.508  13.300 0.0000000000
27674  4.818  -46.017  13.133 0.0000000000
27689  11.688  -46.906  12.067 0.0000000000
27690  4.829  -46.780  12.364 0.0000000000
27691  4.584  -46.127  12.366 0.0000000000
27699  4.567  -47.177  11.785 0.0000000000
27700  4.268  -46.672  11.435 0.0000000000
28655  7.356  -46.173  25.139 0.0000000000
28656  6.982  -46.147  25.289 0.0000000000
28657  6.086  -46.001  25.528 0.0000000000
28658  5.021  -45.749  25.685 0.0000000000
28659  3.841  -45.443  25.919 0.0000000000
28660  3.392  -44.748  25.884 0.0000000000
28675  8.566  -45.480  24.235 0.0000000000
28676  7.723  -45.851  24.903 0.0000000000
28677  6.738  -45.397  25.182 0.0000000000
28678  5.713  -45.142  25.212 0.0000000000
28679  4.709  -44.915  25.172 0.0000000000
28680  4.072  -44.558  25.120 0.0000000000
28698  9.472  -44.992  23.009 0.0000000000
28699  9.085  -45.575  23.288 0.0000000000
28717  9.493  -45.081  22.459 0.0000000000
28718  9.147  -45.726  22.127 0.0000000000
28733  9.397  -45.111  21.464 0.0000000000
28734  8.955  -45.673  21.343 0.0000000000
28752  9.378  -44.910  20.855 0.0000000000
28753  8.996  -45.316  20.561 0.0000000000
28773  8.657  -45.418  19.600 0.0000000000
28788  8.377  -45.634  18.935 0.0000000000
28789  8.159  -45.503  18.196 0.0000000000
28801  13.911  -44.766  17.359 0.0000000000
28802  13.325  -45.295  17.128 0.0000000000
28803  12.746  -45.833  16.940 0.0000000000
28804  7.522  -45.339  17.359 0.0000000000
28805  6.697  -44.899  17.015 0.0000000000
28806  5.740  -44.798  17.004 0.0000000000
28807  5.106  -44.722  17.059 0.0000000000
28816  13.053  -45.069  15.949 0.0000000000
28817  12.692  -45.660  16.347 0.0000000000
28818  7.388  -45.636  17.028 0.0000000000
28819  7.116  -45.530  16.803 0.0000000000
28820  6.271  -45.391  16.580 0.0000000000
28821  5.101  -45.198  16.434 0.0000000000
28822  4.455  -44.991  16.341 0.0000000000
28829  12.941  -45.031  15.402 0.0000000000
28830  12.621  -45.488  15.362 0.0000000000
28831  4.998  -45.573  15.772 0.0000000000
28832  4.578  -45.263  15.659 0.0000000000
28837  12.267  -45.812  14.502 0.0000000000
28838  11.992  -46.126  13.815 0.0000000000
28839  4.585  -45.269  14.719 0.0000000000
28851  12.294  -45.470  13.692 0.0000000000
28852  11.964  -45.955  13.186 0.0000000000
28853  4.806  -45.402  13.856 0.0000000000
28872  12.178  -45.347  12.777 0.0000000000
28873  11.876  -46.128  12.423 0.0000000000
28874  4.766  -45.568  12.944 0.0000000000
28883  12.216  -45.563  11.668 0.0000000000
28884  11.922  -46.363  11.665 0.0000000000
28885  4.474  -45.677  11.990 0.0000000000
28892  4.137  -45.593  10.759 0.0000000000
29896  3.671  -44.423  25.351 0.0000000000
29897  3.408  -44.161  25.540 0.0000000000
29905  8.237  -44.924  24.516 0.0000000000
29906  7.398  -44.826  24.807 0.0000000000
29907  6.409  -44.617  24.778 0.0000000000
29908  5.386  -44.360  24.590 0.0000000000
29909  4.477  -44.179  24.560 0.0000000000
29910  3.856  -43.859  24.590 0.0000000000
29911  3.548  -43.807  25.009 0.0000000000
29919  9.383  -44.759  23.348 0.0000000000
29920  8.961  -44.734  23.988 0.0000000000
29921  5.526  -43.886  24.150 0.0000000000
29922  4.958  -43.781  24.038 0.0000000000
29923  4.196  -43.578  23.955 0.0000000000
29935  9.688  -44.492  22.814 0.0000000000
29951  9.903  -44.481  21.955 0.0000000000
29968  9.745  -44.459  20.970 0.0000000000
29969  9.380  -44.728  20.453 0.0000000000
29988  9.615  -44.261  20.204 0.0000000000
29989  9.147  -44.638  19.731 0.0000000000
30005  8.619  -44.823  18.844 0.0000000000
30006  8.074  -44.574  17.958 0.0000000000
30020  14.309  -44.040  17.343 0.0000000000
30021  13.847  -44.539  16.933 0.0000000000
30022  7.216  -44.354  17.413 0.0000000000
30023  6.216  -44.232  17.333 0.0000000000
30024  5.312  -44.242  17.325 0.0000000000
30025  4.566  -44.402  17.054 0.0000000000
30026  4.111  -44.078  16.930 0.0000000000
30035  13.994  -44.060  16.610 0.0000000000
30036  13.617  -44.448  16.223 0.0000000000
30037  4.433  -44.822  16.658 0.0000000000
30038  4.203  -44.365  16.369 0.0000000000
30042  13.242  -44.550  15.166 0.0000000000
30043  12.884  -45.028  15.104 0.0000000000
30044  4.684  -44.027  15.154 0.0000000000
30045  4.433  -44.564  15.415 0.0000000000
30048  18.378  -44.219  14.683 0.0000000000
30050  13.130  -44.314  14.090 0.0000000000
30051  12.725  -45.032  14.474 0.0000000000
30053  5.028  -44.383  14.399 0.0000000000
30054  4.656  -44.786  14.557 0.0000000000
30062  13.047  -44.190  13.556 0.0000000000
30063  12.696  -44.619  13.379 0.0000000000
30065  5.193  -44.653  13.469 0.0000000000
30066  4.856  -45.017  13.677 0.0000000000
30084  12.576  -44.674  12.300 0.0000000000
30087  4.836  -45.143  12.709 0.0000000000
30102  13.528  -44.278  11.182 0.0000000000
30103  12.844  -44.801  11.332 0.0000000000
30106  4.612  -45.045  11.715 0.0000000000
31077  3.228  -43.550  25.317 0.0000000000
31081  8.514  -44.450  24.295 0.0000000000
31082  8.008  -44.276  24.452 0.0000000000
31083  7.119  -44.107  24.432 0.0000000000
31084  6.157  -43.975  24.273 0.0000000000
31085  3.776  -43.390  24.006 0.0000000000
31086  3.434  -43.187  24.216 0.0000000000
31089  9.450  -43.992  23.433 0.0000000000
31090  8.731  -43.927  24.070 0.0000000000
31091  7.865  -43.611  24.120 0.0000000000
31092  6.866  -43.460  23.963 0.0000000000
31093  5.754  -43.442  23.718 0.0000000000
31094  4.716  -43.177  23.388 0.0000000000
31095  3.792  -42.941  23.400 0.0000000000
31096  3.418  -42.753  23.558 0.0000000000
31099  10.379  -43.025  22.265 0.0000000000
31100  10.130  -43.611  22.502 0.0000000000
31101  4.281  -42.737  23.009 0.0000000000
31102  3.949  -42.564  22.904 0.0000000000
31105  10.459  -43.076  21.768 0.0000000000
31106  10.239  -43.789  21.436 0.0000000000
31111  10.471  -43.095  20.897 0.0000000000
31112  10.063  -43.765  20.494 0.0000000000
31123  10.293  -43.156  20.118 0.0000000000
31124  9.634  -43.614  19.461 0.0000000000
31125  9.054  -44.212  19.114 0.0000000000
31137  14.931  -43.243  17.866 0.0000000000
31138  9.365  -43.178  18.748 0.0000000000
31139  8.770  -43.734  18.489 0.0000000000
31140  7.827  -43.651  17.751 0.0000000000
31152  14.574  -43.042  17.137 0.0000000000
31153  6.787  -43.517  17.513 0.0000000000
31154  5.739  -43.522  17.490 0.0000000000
31155  4.857  -43.608  17.419 0.0000000000
31156  4.210  -43.659  17.220 0.0000000000
31157  4.008  -43.644  16.745 0.0000000000
31168  14.210  -43.343  16.346 0.0000000000
31169  13.948  -43.894  16.185 0.0000000000
31170  4.069  -43.645  16.357 0.0000000000
31174  14.144  -43.183  15.731 0.0000000000
31175  13.887  -43.680  15.566 0.0000000000
31177  4.294  -43.625  15.847 0.0000000000
31180  18.541  -43.331  15.054 0.0000000000
31181  13.593  -43.721  14.538 0.0000000000
31189  18.876  -43.544  14.253 0.0000000000
31190  13.332  -43.702  13.489 0.0000000000
31191  13.003  -44.132  13.303 0.0000000000
31204  13.428  -43.458  12.542 0.0000000000
31205  12.960  -44.054  12.817 0.0000000000
31224  15.301  -43.227  11.102 0.0000000000
31225  14.718  -43.256  11.295 0.0000000000
31226  13.858  -43.453  11.684 0.0000000000
31227  13.107  -44.043  11.933 0.0000000000
31240  16.020  -43.359  10.885 0.0000000000
31241  15.120  -43.811  10.863 0.0000000000
31242  14.290  -43.986  10.965 0.0000000000
32379  3.052  -42.766  24.672 0.0000000000
32382  9.131  -43.509  23.637 0.0000000000
32383  8.642  -43.202  23.729 0.0000000000
32384  7.708  -42.939  23.654 0.0000000000
32385  6.645  -42.818  23.420 0.0000000000
32386  5.612  -42.770  23.099 0.0000000000
32387  4.842  -42.669  22.879 0.0000000000
32388  3.411  -42.599  23.250 0.0000000000
32389  3.093  -42.386  23.512 0.0000000000
32392  10.226  -42.871  22.588 0.0000000000
32393  9.584  -42.944  23.223 0.0000000000
32394  8.607  -42.430  23.360 0.0000000000
32395  7.547  -42.205  23.187 0.0000000000
32396  6.462  -42.157  22.844 0.0000000000
32397  5.423  -42.191  22.563 0.0000000000
32398  4.424  -42.276  22.544 0.0000000000
32399  3.563  -42.254  22.715 0.0000000000
32400  2.985  -41.762  22.676 0.0000000000
32404  10.458  -42.551  22.090 0.0000000000
32407  10.670  -42.340  21.302 0.0000000000
32412  10.704  -42.341  20.244 0.0000000000
32413  10.253  -42.801  19.597 0.0000000000
32422  15.986  -42.394  18.332 0.0000000000
32423  15.384  -42.648  18.060 0.0000000000
32424  10.514  -42.178  19.394 0.0000000000
32425  9.885  -42.596  18.883 0.0000000000
32426  9.074  -42.703  18.266 0.0000000000
32427  8.356  -43.040  17.943 0.0000000000
32436  15.570  -42.132  17.826 0.0000000000
32437  15.043  -42.362  17.417 0.0000000000
32438  8.465  -42.414  17.779 0.0000000000
32439  7.553  -42.642  17.562 0.0000000000
32440  6.288  -42.670  17.393 0.0000000000
32441  5.250  -42.807  17.382 0.0000000000
32442  4.453  -42.917  17.260 0.0000000000
32443  4.064  -43.142  16.969 0.0000000000
32458  14.648  -42.347  16.552 0.0000000000
32459  4.249  -42.686  16.844 0.0000000000
32460  4.176  -42.900  16.373 0.0000000000
32469  18.406  -42.224  15.507 0.0000000000
32470  14.326  -42.583  15.569 0.0000000000
32471  14.117  -43.133  15.446 0.0000000000
32475  19.147  -41.899  13.937 0.0000000000
32476  18.804  -42.476  14.514 0.0000000000
32477  14.271  -42.335  14.530 0.0000000000
32478  14.025  -43.074  14.937 0.0000000000
32484  19.663  -42.334  13.619 0.0000000000
32485  19.198  -42.677  14.005 0.0000000000
32486  14.210  -42.238  13.574 0.0000000000
32487  13.850  -42.977  14.022 0.0000000000
32495  14.298  -42.319  12.680 0.0000000000
32496  13.762  -42.878  13.096 0.0000000000
32514  17.249  -41.839  11.204 0.0000000000
32515  16.346  -42.041  11.364 0.0000000000
32516  15.450  -42.550  11.439 0.0000000000
32517  14.495  -42.689  11.903 0.0000000000
32518  13.912  -42.911  12.349 0.0000000000
32530  16.763  -42.654  11.055 0.0000000000
32531  16.126  -42.645  11.187 0.0000000000
33536  2.893  -41.962  24.278 0.0000000000
33540  2.783  -41.482  23.235 0.0000000000
33543  10.122  -42.256  22.569 0.0000000000
33544  9.428  -41.954  22.899 0.0000000000
33545  8.466  -41.653  22.860 0.0000000000
33546  7.377  -41.509  22.600 0.0000000000
33547  6.225  -41.434  22.228 0.0000000000
33548  5.112  -41.601  22.081 0.0000000000
33549  4.183  -41.607  21.998 0.0000000000
33550  3.381  -41.409  22.023 0.0000000000
33551  2.782  -40.976  22.279 0.0000000000
33555  10.532  -41.763  21.880 0.0000000000
33556  5.664  -41.001  21.785 0.0000000000
33557  4.894  -40.939  21.581 0.0000000000
33558  4.019  -40.844  21.474 0.0000000000
33559  3.297  -40.630  21.582 0.0000000000
33560  2.886  -40.335  21.798 0.0000000000
33565  11.289  -40.772  20.407 0.0000000000
33566  11.082  -41.190  20.816 0.0000000000
33572  11.297  -40.843  20.078 0.0000000000
33573  10.984  -41.413  19.622 0.0000000000
33585  16.621  -41.907  18.054 0.0000000000
33586  16.014  -41.824  17.842 0.0000000000
33587  10.443  -41.599  18.742 0.0000000000
33588  9.654  -41.924  18.216 0.0000000000
33589  8.998  -42.022  17.811 0.0000000000
33599  17.302  -41.647  17.504 0.0000000000
33600  16.433  -41.440  17.404 0.0000000000
33601  15.609  -41.632  17.269 0.0000000000
33602  15.066  -41.828  16.853 0.0000000000
33603  10.080  -41.245  18.040 0.0000000000
33604  9.363  -41.337  17.627 0.0000000000
33605  8.308  -41.623  17.357 0.0000000000
33606  6.923  -41.592  16.960 0.0000000000
33607  5.674  -41.972  17.018 0.0000000000
33608  4.812  -42.238  17.021 0.0000000000
33609  4.416  -42.451  16.955 0.0000000000
33624  17.856  -41.570  16.489 0.0000000000
33625  16.958  -41.024  16.686 0.0000000000
33626  16.092  -41.102  16.760 0.0000000000
33627  15.404  -41.320  16.384 0.0000000000
33628  14.930  -41.764  16.450 0.0000000000
33629  6.684  -40.841  16.524 0.0000000000
33630  5.946  -41.098  16.532 0.0000000000
33631  5.051  -41.433  16.529 0.0000000000
33632  4.403  -41.978  16.460 0.0000000000
33633  4.251  -41.817  15.802 0.0000000000
33647  17.951  -41.054  15.294 0.0000000000
33648  17.431  -40.894  15.977 0.0000000000
33649  15.276  -41.162  15.479 0.0000000000
33650  14.797  -41.742  15.929 0.0000000000
33654  19.029  -41.423  13.805 0.0000000000
33655  18.632  -41.405  14.339 0.0000000000
33656  15.256  -41.043  14.575 0.0000000000
33657  14.700  -41.684  15.029 0.0000000000
33663  19.421  -41.325  13.300 0.0000000000
33664  18.945  -41.168  13.740 0.0000000000
33665  15.324  -40.998  13.634 0.0000000000
33666  14.688  -41.590  14.067 0.0000000000
33675  16.411  -40.785  12.406 0.0000000000
33676  15.527  -41.152  12.714 0.0000000000
33677  14.762  -41.619  13.114 0.0000000000
33694  17.760  -41.035  11.506 0.0000000000
33695  16.797  -41.221  11.686 0.0000000000
33696  15.881  -41.554  11.918 0.0000000000
33697  15.006  -41.912  12.234 0.0000000000
34699  2.973  -41.115  23.923 0.0000000000
34715  3.318  -40.342  23.569 0.0000000000
34716  2.801  -40.579  22.972 0.0000000000
34726  10.015  -41.545  22.381 0.0000000000
34727  9.333  -41.132  22.449 0.0000000000
34728  8.293  -40.892  22.321 0.0000000000
34729  7.207  -40.795  22.046 0.0000000000
34730  6.357  -40.725  21.775 0.0000000000
34731  2.718  -40.255  22.288 0.0000000000
34737  10.260  -40.718  21.800 0.0000000000
34738  9.173  -40.207  22.017 0.0000000000
34739  7.994  -40.095  21.842 0.0000000000
34740  6.902  -40.119  21.526 0.0000000000
34741  5.763  -40.259  21.352 0.0000000000
34742  4.723  -40.158  21.093 0.0000000000
34743  3.865  -40.031  21.081 0.0000000000
34744  3.313  -39.889  21.472 0.0000000000
34745  2.942  -39.810  21.884 0.0000000000
34752  11.353  -40.274  20.272 0.0000000000
34753  10.998  -39.976  21.116 0.0000000000
34760  11.280  -40.451  19.204 0.0000000000
34761  10.908  -41.038  18.953 0.0000000000
34771  11.141  -40.168  18.514 0.0000000000
34772  10.734  -40.614  18.299 0.0000000000
34775  9.993  -40.599  17.532 0.0000000000
34776  9.018  -40.498  16.983 0.0000000000
34777  7.812  -40.837  16.761 0.0000000000
34778  7.155  -40.889  16.644 0.0000000000
34789  16.909  -40.687  15.966 0.0000000000
34790  16.362  -40.795  16.207 0.0000000000
34791  15.905  -40.948  16.323 0.0000000000
34792  8.875  -39.843  16.578 0.0000000000
34793  8.207  -40.035  16.469 0.0000000000
34794  7.195  -40.282  16.280 0.0000000000
34795  6.233  -40.337  16.116 0.0000000000
34796  5.256  -40.368  15.921 0.0000000000
34797  4.517  -40.958  15.919 0.0000000000
34798  4.291  -41.343  15.826 0.0000000000
34818  17.658  -40.606  14.878 0.0000000000
34819  17.236  -40.520  15.306 0.0000000000
34820  16.461  -40.566  15.540 0.0000000000
34821  15.840  -40.817  15.855 0.0000000000
34822  4.850  -39.724  15.584 0.0000000000
34823  4.450  -40.033  15.490 0.0000000000
34824  3.933  -40.524  15.185 0.0000000000
34825  3.403  -39.927  14.712 0.0000000000
34828  18.035  -40.637  14.397 0.0000000000
34829  17.346  -40.360  14.498 0.0000000000
34830  16.591  -40.372  14.761 0.0000000000
34831  15.843  -40.632  15.078 0.0000000000
34833  3.450  -40.132  14.490 0.0000000000
34835  19.086  -40.736  13.059 0.0000000000
34836  18.635  -40.668  13.537 0.0000000000
34837  17.666  -40.248  13.705 0.0000000000
34838  16.765  -40.242  13.901 0.0000000000
34839  15.926  -40.511  14.195 0.0000000000
34847  18.770  -40.504  12.697 0.0000000000
34848  18.000  -40.194  12.829 0.0000000000
34849  17.021  -40.235  13.000 0.0000000000
34850  16.113  -40.540  13.272 0.0000000000
34867  18.305  -40.492  12.047 0.0000000000
34868  17.360  -40.551  12.182 0.0000000000
35950  3.161  -39.870  22.895 0.0000000000
35951  2.783  -40.081  22.637 0.0000000000
35970  3.501  -39.215  22.408 0.0000000000
35971  2.944  -39.747  22.359 0.0000000000
35983  10.115  -39.266  21.540 0.0000000000
35984  8.705  -39.264  21.688 0.0000000000
35985  7.521  -39.304  21.418 0.0000000000
35986  6.409  -39.380  21.105 0.0000000000
35987  5.379  -39.413  20.853 0.0000000000
35988  4.468  -39.256  20.745 0.0000000000
35989  3.733  -39.104  21.036 0.0000000000
35990  3.377  -39.351  21.752 0.0000000000
35991  3.103  -39.472  22.071 0.0000000000
35996  11.407  -39.167  20.556 0.0000000000
35997  10.964  -39.189  21.132 0.0000000000
35998  4.349  -38.846  20.567 0.0000000000
35999  4.156  -38.948  20.681 0.0000000000
36006  11.622  -39.455  19.570 0.0000000000
36015  11.392  -39.549  18.438 0.0000000000
36016  11.014  -40.002  18.161 0.0000000000
36018  11.227  -39.136  17.830 0.0000000000
36019  10.619  -39.614  17.496 0.0000000000
36020  9.834  -40.066  17.137 0.0000000000
36024  10.213  -39.102  16.926 0.0000000000
36025  9.580  -39.469  16.725 0.0000000000
36026  8.623  -39.308  16.263 0.0000000000
36027  7.662  -39.404  15.999 0.0000000000
36028  6.520  -39.429  15.743 0.0000000000
36029  5.837  -39.878  15.795 0.0000000000
36050  6.014  -38.860  15.493 0.0000000000
36051  5.391  -39.268  15.544 0.0000000000
36052  4.483  -39.174  15.387 0.0000000000
36053  3.859  -39.339  15.144 0.0000000000
36054  3.387  -39.426  14.752 0.0000000000
36058  3.224  -39.572  14.393 0.0000000000
36062  3.345  -39.634  13.824 0.0000000000
37218  4.067  -38.553  22.348 0.0000000000
37236  10.110  -38.133  21.400 0.0000000000
37237  9.199  -38.351  21.537 0.0000000000
37238  8.062  -38.435  21.368 0.0000000000
37239  6.934  -38.510  21.077 0.0000000000
37240  5.860  -38.595  20.792 0.0000000000
37241  5.012  -38.699  20.606 0.0000000000
37242  3.925  -38.331  21.195 0.0000000000
37243  3.829  -38.596  21.791 0.0000000000
37254  11.504  -38.369  20.512 0.0000000000
37255  11.016  -38.305  21.069 0.0000000000
37256  4.557  -38.715  20.558 0.0000000000
37257  4.221  -38.492  20.699 0.0000000000
37263  11.770  -38.479  19.919 0.0000000000
37270  11.797  -38.624  18.950 0.0000000000
37273  11.526  -38.639  18.100 0.0000000000
37274  11.072  -38.644  17.487 0.0000000000
37277  10.530  -38.658  17.032 0.0000000000
37278  9.974  -38.606  16.670 0.0000000000
37279  9.184  -38.527  16.277 0.0000000000
37280  8.086  -38.465  15.847 0.0000000000
37281  7.232  -38.773  15.694 0.0000000000
37301  7.295  -38.101  15.595 0.0000000000
37302  6.538  -38.399  15.508 0.0000000000
37303  5.630  -38.271  15.421 0.0000000000
37304  4.737  -38.279  15.343 0.0000000000
37305  3.927  -38.347  15.211 0.0000000000
37306  3.390  -38.463  14.781 0.0000000000
37319  3.084  -38.658  14.174 0.0000000000
37322  3.297  -38.333  13.358 0.0000000000
38616  4.174  -37.623  22.310 0.0000000000
38632  11.359  -36.768  21.170 0.0000000000
38633  10.561  -37.259  21.399 0.0000000000
38634  9.536  -37.441  21.587 0.0000000000
38635  8.489  -37.531  21.489 0.0000000000
38636  7.375  -37.604  21.249 0.0000000000
38637  6.256  -37.712  20.987 0.0000000000
38638  5.104  -37.847  20.769 0.0000000000
38639  4.342  -37.758  21.128 0.0000000000
38640  4.101  -37.851  21.652 0.0000000000
38657  11.732  -37.482  20.457 0.0000000000
38658  11.223  -37.467  21.074 0.0000000000
38659  4.676  -38.359  20.593 0.0000000000
38660  4.544  -38.084  20.693 0.0000000000
38667  12.027  -37.663  19.330 0.0000000000
38675  11.820  -37.814  18.371 0.0000000000
38678  11.395  -37.980  17.707 0.0000000000
38679  10.779  -37.770  17.065 0.0000000000
38680  10.378  -37.239  16.778 0.0000000000
38683  10.315  -38.177  16.787 0.0000000000
38684  9.874  -37.678  16.525 0.0000000000
38685  8.776  -37.588  16.022 0.0000000000
38686  7.612  -37.465  15.685 0.0000000000
38687  6.711  -37.039  15.553 0.0000000000
38688  5.860  -36.803  15.528 0.0000000000
38689  5.325  -36.594  15.532 0.0000000000
38704  7.287  -37.761  15.581 0.0000000000
38705  6.933  -37.720  15.521 0.0000000000
38706  6.119  -37.572  15.469 0.0000000000
38707  5.090  -37.211  15.448 0.0000000000
38708  4.120  -37.353  15.350 0.0000000000
38709  3.473  -37.400  14.945 0.0000000000
38729  3.122  -37.512  14.352 0.0000000000
38736  3.083  -37.486  13.685 0.0000000000
38748  3.340  -37.213  13.056 0.0000000000
39980  10.313  -35.828  21.862 0.0000000000
39981  9.998  -35.911  21.962 0.0000000000
39982  9.237  -36.024  22.029 0.0000000000
39983  8.431  -36.083  21.988 0.0000000000
39995  11.466  -36.083  21.295 0.0000000000
39996  10.688  -36.065  21.652 0.0000000000
39997  9.835  -36.585  21.771 0.0000000000
39998  8.889  -36.725  21.769 0.0000000000
39999  7.766  -36.631  21.634 0.0000000000
40000  6.641  -36.850  21.362 0.0000000000
40001  5.598  -36.942  21.227 0.0000000000
40002  4.714  -36.963  21.353 0.0000000000
40003  4.143  -36.808  22.002 0.0000000000
40024  12.339  -35.715  20.321 0.0000000000
40025  12.040  -36.067  20.648 0.0000000000
40033  12.425  -35.841  20.005 0.0000000000
40034  12.274  -36.553  19.586 0.0000000000
40040  12.112  -36.876  18.618 0.0000000000
40043  11.499  -37.005  17.683 0.0000000000
40044  10.720  -36.765  16.991 0.0000000000
40045  10.062  -36.769  16.606 0.0000000000
40049  9.344  -36.785  16.272 0.0000000000
40050  8.374  -36.630  15.947 0.0000000000
40051  7.328  -36.458  15.727 0.0000000000
40052  6.391  -36.275  15.663 0.0000000000
40053  5.580  -36.159  15.629 0.0000000000
40054  4.841  -36.213  15.552 0.0000000000
40055  4.163  -35.966  15.510 0.0000000000
40064  4.317  -36.597  15.462 0.0000000000
40065  3.621  -36.209  15.206 0.0000000000
40066  3.180  -36.431  14.538 0.0000000000
40087  3.034  -36.530  13.888 0.0000000000
40097  3.192  -36.544  13.311 0.0000000000
41323  10.260  -35.514  22.001 0.0000000000
41324  9.578  -35.362  22.207 0.0000000000
41325  8.667  -35.398  22.235 0.0000000000
41326  7.597  -35.572  22.091 0.0000000000
41348  12.168  -34.696  21.049 0.0000000000
41349  11.542  -35.329  21.447 0.0000000000
41350  10.754  -35.248  21.901 0.0000000000
41351  6.881  -36.116  21.730 0.0000000000
41352  5.973  -36.155  21.652 0.0000000000
41353  5.022  -36.196  21.651 0.0000000000
41354  4.419  -36.296  21.863 0.0000000000
41380  12.427  -35.214  20.248 0.0000000000
41381  12.122  -35.351  20.897 0.0000000000
41392  12.443  -35.495  19.054 0.0000000000
41393  12.297  -36.212  18.828 0.0000000000
41396  12.256  -35.259  18.283 0.0000000000
41397  11.974  -35.846  18.095 0.0000000000
41401  11.162  -35.937  17.274 0.0000000000
41402  10.297  -35.892  16.622 0.0000000000
41403  9.727  -36.300  16.426 0.0000000000
41406  9.901  -35.326  16.289 0.0000000000
41407  9.194  -35.789  16.168 0.0000000000
41408  7.948  -35.732  15.841 0.0000000000
41409  6.912  -35.639  15.715 0.0000000000
41410  5.989  -35.549  15.669 0.0000000000
41411  5.165  -35.503  15.617 0.0000000000
41412  4.452  -35.442  15.561 0.0000000000
41413  3.866  -35.327  15.417 0.0000000000
41415  3.461  -35.135  15.101 0.0000000000
41416  3.218  -35.366  14.656 0.0000000000
41433  3.067  -35.505  14.022 0.0000000000
41447  3.209  -35.609  13.374 0.0000000000
42679  10.160  -34.619  22.256 0.0000000000
42680  9.097  -34.627  22.394 0.0000000000
42681  8.064  -34.657  22.407 0.0000000000
42708  12.074  -33.817  21.136 0.0000000000
42709  11.571  -34.271  21.587 0.0000000000
42710  10.999  -34.647  21.933 0.0000000000
42729  12.475  -34.064  20.410 0.0000000000
42738  12.613  -34.327  19.337 0.0000000000
42741  12.355  -34.534  18.084 0.0000000000
42742  12.098  -35.119  17.897 0.0000000000
42746  11.662  -34.804  17.138 0.0000000000
42747  10.963  -35.396  16.819 0.0000000000
42750  10.581  -34.892  16.342 0.0000000000
42751  9.528  -34.751  15.948 0.0000000000
42752  8.450  -34.943  15.804 0.0000000000
42753  7.408  -34.936  15.649 0.0000000000
42754  6.424  -34.874  15.599 0.0000000000
42755  5.522  -34.820  15.589 0.0000000000
42756  4.739  -34.799  15.566 0.0000000000
42757  4.160  -34.811  15.514 0.0000000000
42765  3.730  -34.372  15.198 0.0000000000
42766  3.348  -34.399  14.700 0.0000000000
42777  3.155  -34.494  14.128 0.0000000000
42794  3.230  -34.569  13.441 0.0000000000
43944  10.109  -33.906  22.288 0.0000000000
43963  11.930  -33.351  21.139 0.0000000000
43964  11.520  -33.416  21.430 0.0000000000
43965  10.696  -33.719  22.006 0.0000000000
43966  9.969  -33.491  22.207 0.0000000000
43976  12.189  -33.157  20.724 0.0000000000
43977  11.762  -33.022  21.126 0.0000000000
43985  12.570  -33.146  19.685 0.0000000000
43988  12.630  -33.410  18.477 0.0000000000
45230  11.441  -32.918  21.247 0.0000000000
45231  10.932  -32.870  21.507 0.0000000000
45249  12.187  -32.532  20.252 0.0000000000
45250  11.446  -32.424  20.810 0.0000000000
45251  10.417  -32.199  21.274 0.0000000000
31176  4.617  -43.214  15.413 0.0000000000
31183  5.046  -43.405  14.902 0.0000000000
32472  4.666  -42.378  15.142 0.0000000000
32473  4.381  -42.581  15.678 0.0000000000
33652  4.237  -41.548  15.161 0.0000000000
24251  3.206  -49.281  11.495 0.0000000000
24252  2.610  -49.977  11.387 0.0000000000
25404  3.778  -48.651  11.369 0.0000000000
25405  3.064  -49.098  11.020 0.0000000000
25416  3.300  -48.512  10.672 0.0000000000
26560  3.823  -47.720  10.784 0.0000000000
26561  3.291  -47.979  10.063 0.0000000000
27708  3.609  -46.794  10.052 0.0000000000
27709  3.239  -47.472  9.586 0.0000000000
27718  3.449  -46.391  9.355 0.0000000000
27719  3.162  -47.023  8.934 0.0000000000
28902  3.722  -45.696  9.468 0.0000000000
28903  3.411  -46.149  8.906 0.0000000000
28911  3.608  -45.542  8.510 0.0000000000
30120  4.571  -44.796  10.816 0.0000000000
30134  4.408  -44.725  9.696 0.0000000000
30144  3.989  -44.976  8.805 0.0000000000
33651  4.443  -41.706  14.921 0.0000000000
33659  4.760  -41.743  14.632 0.0000000000
33660  4.208  -41.262  14.612 0.0000000000
33670  4.348  -41.219  14.336 0.0000000000
34832  3.868  -40.710  14.604 0.0000000000
34843  3.947  -40.691  13.969 0.0000000000
34844  3.503  -40.337  14.211 0.0000000000
30052  5.425  -43.921  14.142 0.0000000000
30064  5.672  -44.222  13.227 0.0000000000
30085  5.738  -44.305  12.180 0.0000000000
30086  5.188  -44.723  12.459 0.0000000000
30105  5.112  -44.586  11.449 0.0000000000
31182  5.440  -43.130  14.513 0.0000000000
31193  5.914  -43.327  13.901 0.0000000000
31207  6.235  -43.745  12.938 0.0000000000
32479  5.476  -42.320  14.359 0.0000000000
32480  5.104  -42.579  14.801 0.0000000000
25417  2.704  -49.205  10.124 0.0000000000
26575  2.923  -48.157  9.298 0.0000000000
23002  2.272  -51.049  12.125 0.0000000000
