#!ascii label  , from subject colin27 vox2ras=TkReg coords=white
325
48824  4.175  -29.712  9.078 0.0000000000
49883  4.656  -28.166  13.654 0.0000000000
49894  4.710  -28.298  12.719 0.0000000000
49903  4.658  -28.517  11.666 0.0000000000
49912  4.700  -28.266  10.937 0.0000000000
49913  4.450  -28.901  10.742 0.0000000000
49923  4.227  -29.193  9.603 0.0000000000
49932  4.214  -28.955  8.435 0.0000000000
49941  4.131  -28.709  7.440 0.0000000000
49953  3.956  -28.548  6.597 0.0000000000
49963  3.985  -28.495  5.772 0.0000000000
49971  4.192  -28.154  5.026 0.0000000000
50057  5.110  -27.750  -4.621 0.0000000000
50066  4.881  -27.587  -5.261 0.0000000000
50079  4.794  -27.436  -5.714 0.0000000000
50095  5.698  -27.571  -6.931 0.0000000000
50106  15.580  -27.837  -7.398 0.0000000000
50107  14.789  -27.713  -7.100 0.0000000000
50110  6.495  -27.941  -7.388 0.0000000000
50111  5.953  -27.380  -7.730 0.0000000000
50118  17.589  -27.897  -8.238 0.0000000000
50119  16.488  -27.751  -8.116 0.0000000000
50120  15.879  -27.601  -8.195 0.0000000000
50125  6.750  -27.860  -8.150 0.0000000000
50126  6.133  -27.224  -8.112 0.0000000000
50138  6.818  -27.422  -8.505 0.0000000000
51109  4.462  -27.071  14.734 0.0000000000
51118  4.605  -27.230  13.934 0.0000000000
51124  4.696  -27.297  13.078 0.0000000000
51133  4.787  -27.442  12.132 0.0000000000
51142  4.853  -27.649  11.180 0.0000000000
51150  4.739  -27.921  10.231 0.0000000000
51151  4.470  -28.473  9.674 0.0000000000
51162  4.691  -27.893  9.099 0.0000000000
51163  4.393  -28.438  8.798 0.0000000000
51173  4.525  -27.897  8.324 0.0000000000
51174  4.276  -28.156  7.797 0.0000000000
51181  3.905  -27.981  6.849 0.0000000000
51192  3.741  -27.992  6.089 0.0000000000
51204  3.880  -27.701  5.294 0.0000000000
51213  4.234  -27.563  4.164 0.0000000000
51224  4.187  -27.088  2.923 0.0000000000
51236  4.875  -27.259  2.115 0.0000000000
51237  4.060  -26.831  2.069 0.0000000000
51249  5.078  -27.032  1.203 0.0000000000
51261  5.835  -27.210  0.462 0.0000000000
51262  5.137  -26.858  0.682 0.0000000000
51276  6.174  -27.324  -0.344 0.0000000000
51288  6.408  -27.820  -1.266 0.0000000000
51297  6.111  -27.811  -2.394 0.0000000000
51305  5.682  -27.743  -3.296 0.0000000000
51306  5.252  -27.477  -4.046 0.0000000000
51316  4.710  -27.120  -4.826 0.0000000000
51327  4.700  -27.291  -6.105 0.0000000000
51328  4.325  -26.960  -5.812 0.0000000000
51329  3.994  -26.426  -6.221 0.0000000000
51349  4.891  -27.232  -6.705 0.0000000000
51350  4.285  -26.911  -6.598 0.0000000000
51351  3.943  -26.517  -6.613 0.0000000000
51365  14.832  -27.491  -7.704 0.0000000000
51366  14.087  -27.383  -7.216 0.0000000000
51367  13.055  -27.005  -6.918 0.0000000000
51368  11.898  -26.848  -6.872 0.0000000000
51371  9.273  -27.356  -7.731 0.0000000000
51372  5.160  -27.030  -7.474 0.0000000000
51373  4.343  -26.661  -7.372 0.0000000000
51374  3.963  -26.600  -6.993 0.0000000000
51383  16.949  -27.518  -8.988 0.0000000000
51384  16.116  -27.457  -8.803 0.0000000000
51385  15.327  -27.348  -8.452 0.0000000000
51386  14.395  -27.058  -8.296 0.0000000000
51387  13.322  -26.656  -8.046 0.0000000000
51388  12.654  -26.591  -7.390 0.0000000000
51392  6.263  -27.054  -8.371 0.0000000000
51393  5.404  -26.702  -8.196 0.0000000000
51394  4.808  -26.670  -7.822 0.0000000000
51401  16.426  -27.160  -9.667 0.0000000000
51402  15.663  -27.145  -9.314 0.0000000000
51403  14.801  -26.815  -9.420 0.0000000000
51404  13.953  -26.665  -8.926 0.0000000000
51406  7.078  -27.201  -8.752 0.0000000000
51407  6.438  -26.740  -8.675 0.0000000000
51408  5.851  -26.505  -8.608 0.0000000000
51416  15.672  -26.775  -10.160 0.0000000000
51417  15.007  -26.596  -10.167 0.0000000000
52453  4.230  -26.378  14.631 0.0000000000
52454  4.068  -26.253  15.272 0.0000000000
52466  4.359  -26.431  14.113 0.0000000000
52467  4.031  -25.802  14.311 0.0000000000
52476  4.462  -26.468  13.394 0.0000000000
52477  4.136  -25.817  13.558 0.0000000000
52486  4.542  -26.244  12.557 0.0000000000
52487  4.297  -25.942  13.079 0.0000000000
52497  4.851  -26.644  11.575 0.0000000000
52506  5.065  -27.013  10.596 0.0000000000
52519  5.119  -27.239  9.502 0.0000000000
52531  4.507  -27.699  7.827 0.0000000000
52543  4.383  -27.401  7.092 0.0000000000
52559  3.843  -27.251  5.980 0.0000000000
52577  3.919  -26.807  4.771 0.0000000000
52586  3.931  -26.594  3.553 0.0000000000
52594  3.796  -26.348  2.495 0.0000000000
52603  4.401  -26.843  1.524 0.0000000000
52604  3.888  -26.277  1.447 0.0000000000
52615  4.580  -26.630  0.903 0.0000000000
52616  4.201  -26.126  0.474 0.0000000000
52626  5.750  -27.014  -0.087 0.0000000000
52627  5.153  -26.621  0.098 0.0000000000
52628  4.641  -26.019  -0.340 0.0000000000
52643  5.892  -26.928  -0.635 0.0000000000
52644  5.415  -26.372  -0.846 0.0000000000
52645  5.122  -25.849  -1.055 0.0000000000
52662  6.052  -26.923  -1.589 0.0000000000
52663  5.611  -26.269  -1.826 0.0000000000
52664  5.414  -25.769  -1.699 0.0000000000
52679  5.926  -26.983  -2.616 0.0000000000
52680  5.651  -26.422  -2.904 0.0000000000
52693  5.585  -27.051  -3.411 0.0000000000
52694  5.214  -26.612  -3.964 0.0000000000
52707  4.561  -26.369  -4.850 0.0000000000
52708  4.391  -26.028  -5.089 0.0000000000
52721  4.388  -26.679  -5.322 0.0000000000
52722  4.131  -26.158  -5.702 0.0000000000
52734  3.679  -26.031  -6.634 0.0000000000
52746  11.570  -26.248  -7.439 0.0000000000
52747  10.886  -26.510  -7.222 0.0000000000
52748  9.955  -26.943  -7.277 0.0000000000
52749  9.479  -27.193  -7.510 0.0000000000
52750  4.023  -26.288  -7.776 0.0000000000
52751  3.652  -26.137  -7.376 0.0000000000
52762  12.848  -26.175  -8.538 0.0000000000
52763  12.266  -26.130  -7.917 0.0000000000
52764  11.217  -25.698  -7.954 0.0000000000
52765  10.132  -26.058  -7.631 0.0000000000
52766  9.222  -26.685  -7.745 0.0000000000
52767  8.479  -26.722  -8.327 0.0000000000
52768  4.871  -26.236  -8.479 0.0000000000
52769  4.458  -26.305  -8.141 0.0000000000
52770  3.896  -26.016  -8.132 0.0000000000
52773  13.991  -26.402  -9.616 0.0000000000
52774  13.309  -26.180  -9.140 0.0000000000
52775  12.472  -25.709  -9.020 0.0000000000
52776  11.897  -25.659  -8.447 0.0000000000
52777  7.603  -26.627  -8.744 0.0000000000
52778  6.658  -26.229  -8.956 0.0000000000
52779  5.918  -26.084  -8.979 0.0000000000
52780  5.207  -26.074  -8.803 0.0000000000
52781  4.536  -25.929  -8.647 0.0000000000
52782  4.183  -25.939  -8.440 0.0000000000
52787  14.429  -26.278  -10.307 0.0000000000
52788  13.510  -25.866  -10.171 0.0000000000
52789  12.985  -25.790  -9.613 0.0000000000
52796  14.022  -25.874  -10.726 0.0000000000
53877  3.625  -24.999  15.593 0.0000000000
53878  3.548  -24.428  15.209 0.0000000000
53892  3.650  -25.041  14.577 0.0000000000
53893  3.526  -24.532  14.923 0.0000000000
53908  3.699  -25.035  13.644 0.0000000000
53925  4.048  -25.352  12.813 0.0000000000
54106  5.571  -25.952  -2.331 0.0000000000
54119  5.483  -25.951  -3.160 0.0000000000
54134  5.015  -25.891  -4.178 0.0000000000
54148  4.584  -25.969  -4.789 0.0000000000
54197  10.951  -25.234  -8.499 0.0000000000
54198  10.322  -25.368  -8.268 0.0000000000
54199  9.391  -25.717  -8.133 0.0000000000
54200  8.822  -26.112  -8.157 0.0000000000
54204  12.124  -25.302  -9.494 0.0000000000
54205  11.560  -25.228  -8.960 0.0000000000
54206  10.657  -24.876  -8.979 0.0000000000
54207  9.637  -24.978  -8.774 0.0000000000
54208  8.443  -25.513  -8.739 0.0000000000
54209  7.089  -25.242  -9.422 0.0000000000
54210  6.110  -25.478  -9.480 0.0000000000
54211  5.398  -25.459  -9.297 0.0000000000
54212  4.758  -25.443  -9.038 0.0000000000
54213  4.093  -25.414  -8.647 0.0000000000
54216  13.092  -25.481  -10.650 0.0000000000
54217  12.613  -25.381  -10.073 0.0000000000
54218  11.772  -24.964  -9.916 0.0000000000
54219  11.147  -24.841  -9.548 0.0000000000
54227  13.587  -25.484  -11.171 0.0000000000
54228  12.683  -25.082  -11.112 0.0000000000
54229  12.138  -24.944  -10.565 0.0000000000
54235  13.147  -25.081  -11.610 0.0000000000
55273  3.811  -24.351  16.095 0.0000000000
55281  3.609  -24.111  15.435 0.0000000000
55282  3.447  -24.029  14.905 0.0000000000
55289  3.498  -24.489  13.944 0.0000000000
55290  3.425  -24.144  14.355 0.0000000000
55532  10.726  -24.689  -9.602 0.0000000000
55533  10.117  -24.538  -9.595 0.0000000000
55534  9.025  -24.483  -9.486 0.0000000000
55535  8.016  -24.649  -9.563 0.0000000000
55540  11.691  -24.757  -10.500 0.0000000000
55541  10.959  -24.548  -10.300 0.0000000000
55551  12.419  -24.776  -11.447 0.0000000000
55552  11.853  -24.604  -11.203 0.0000000000
55561  12.697  -24.653  -12.023 0.0000000000
56605  4.183  -23.904  16.292 0.0000000000
56614  4.978  -23.126  16.407 0.0000000000
56615  4.488  -23.304  16.116 0.0000000000
56616  4.014  -23.502  15.711 0.0000000000
56622  3.606  -23.311  15.000 0.0000000000
56623  3.412  -23.589  14.517 0.0000000000
56625  3.460  -23.065  14.414 0.0000000000
57906  5.470  -22.498  16.551 0.0000000000
57907  4.809  -22.421  15.968 0.0000000000
57908  4.351  -22.934  15.768 0.0000000000
57911  4.584  -21.924  15.609 0.0000000000
57912  4.159  -22.444  15.345 0.0000000000
57915  3.662  -22.440  14.623 0.0000000000
59170  5.939  -21.735  16.871 0.0000000000
59173  5.430  -21.619  16.378 0.0000000000
59174  4.937  -21.407  15.890 0.0000000000
59177  4.438  -21.415  15.416 0.0000000000
59178  3.984  -21.544  14.883 0.0000000000
60517  6.085  -20.952  17.495 0.0000000000
60518  5.473  -20.081  17.891 0.0000000000
60522  5.717  -21.186  16.824 0.0000000000
60523  5.293  -20.577  16.701 0.0000000000
60528  4.672  -20.595  15.861 0.0000000000
60529  4.257  -20.631  15.276 0.0000000000
61851  4.843  -19.491  18.446 0.0000000000
61852  4.325  -18.933  18.027 0.0000000000
61861  4.833  -19.584  17.399 0.0000000000
61862  4.294  -18.990  17.012 0.0000000000
61867  4.603  -19.791  16.456 0.0000000000
61868  4.196  -19.227  16.148 0.0000000000
61873  4.388  -19.954  15.768 0.0000000000
63165  3.846  -18.405  18.459 0.0000000000
63175  3.893  -18.262  17.512 0.0000000000
63176  3.670  -17.830  18.060 0.0000000000
63180  3.902  -18.344  16.633 0.0000000000
63181  3.733  -17.904  16.559 0.0000000000
64402  3.544  -17.203  18.239 0.0000000000
64408  3.750  -17.961  17.075 0.0000000000
64409  3.608  -17.460  17.374 0.0000000000
64412  3.719  -17.815  16.835 0.0000000000
64413  3.697  -17.461  16.616 0.0000000000
65666  3.491  -16.418  18.521 0.0000000000
65669  3.517  -16.509  17.762 0.0000000000
65672  3.591  -16.647  17.006 0.0000000000
67008  3.495  -15.571  19.419 0.0000000000
67020  3.460  -15.620  18.788 0.0000000000
67024  3.502  -15.666  18.107 0.0000000000
67027  3.601  -15.736  17.394 0.0000000000
68406  3.484  -14.847  19.595 0.0000000000
68418  3.440  -14.879  19.043 0.0000000000
68433  3.477  -14.908  18.435 0.0000000000
68438  3.577  -14.921  17.801 0.0000000000
69710  3.513  -14.388  19.749 0.0000000000
69728  3.622  -13.701  19.476 0.0000000000
69729  3.458  -14.142  19.322 0.0000000000
69748  3.445  -14.330  18.741 0.0000000000
69757  3.770  -13.798  17.832 0.0000000000
69758  3.545  -14.183  18.188 0.0000000000
69763  3.727  -14.316  17.655 0.0000000000
71001  3.902  -13.192  19.374 0.0000000000
71002  3.575  -13.648  19.226 0.0000000000
71017  3.971  -13.020  18.547 0.0000000000
71018  3.551  -13.673  18.781 0.0000000000
71030  4.135  -13.173  17.848 0.0000000000
71031  3.729  -13.540  18.217 0.0000000000
52735  3.408  -25.756  -6.935 0.0000000000
52752  3.410  -25.929  -7.102 0.0000000000
54149  4.536  -25.576  -4.899 0.0000000000
54162  4.023  -25.407  -5.951 0.0000000000
54163  3.745  -25.157  -6.396 0.0000000000
54173  3.814  -25.776  -6.290 0.0000000000
54174  3.566  -25.465  -6.685 0.0000000000
54186  3.398  -25.688  -7.656 0.0000000000
54187  3.306  -25.546  -7.292 0.0000000000
54201  3.580  -25.668  -8.037 0.0000000000
54202  3.370  -25.332  -7.873 0.0000000000
54214  3.648  -25.229  -8.287 0.0000000000
54220  6.762  -24.599  -10.050 0.0000000000
54221  6.284  -24.742  -9.972 0.0000000000
54222  5.615  -24.768  -9.822 0.0000000000
54223  5.016  -24.803  -9.524 0.0000000000
54224  4.539  -24.918  -9.201 0.0000000000
55497  3.586  -24.985  -6.644 0.0000000000
55506  3.338  -25.000  -7.060 0.0000000000
55518  3.468  -24.621  -7.335 0.0000000000
55519  3.344  -24.906  -7.624 0.0000000000
55529  3.563  -24.875  -8.142 0.0000000000
55536  4.320  -24.583  -9.082 0.0000000000
55537  3.923  -24.795  -8.582 0.0000000000
55542  9.642  -24.001  -10.608 0.0000000000
55543  8.410  -24.057  -10.271 0.0000000000
55544  7.326  -24.254  -10.222 0.0000000000
55545  6.511  -24.209  -10.572 0.0000000000
55546  5.867  -24.211  -10.437 0.0000000000
55547  5.244  -23.999  -10.215 0.0000000000
55548  4.726  -24.298  -9.600 0.0000000000
55553  10.664  -24.021  -11.417 0.0000000000
55554  9.897  -23.767  -11.407 0.0000000000
55555  6.127  -23.876  -10.905 0.0000000000
55556  5.695  -23.676  -10.811 0.0000000000
55562  11.540  -23.997  -12.218 0.0000000000
55563  10.694  -23.669  -12.215 0.0000000000
55580  12.279  -23.866  -12.911 0.0000000000
55581  11.596  -23.607  -12.889 0.0000000000
56814  3.512  -24.539  -7.599 0.0000000000
56827  3.633  -24.496  -7.923 0.0000000000
56833  4.230  -24.116  -8.867 0.0000000000
56834  3.895  -24.493  -8.341 0.0000000000
56839  8.684  -23.664  -11.018 0.0000000000
56840  7.828  -23.670  -10.946 0.0000000000
56841  6.958  -23.782  -10.994 0.0000000000
56842  6.456  -23.826  -11.016 0.0000000000
56843  4.849  -23.629  -9.982 0.0000000000
56844  4.552  -23.915  -9.485 0.0000000000
56847  10.013  -23.588  -11.983 0.0000000000
56848  9.243  -23.482  -11.625 0.0000000000
56849  8.305  -23.196  -11.642 0.0000000000
56850  7.375  -23.160  -11.464 0.0000000000
56851  6.376  -23.288  -11.186 0.0000000000
56855  11.016  -23.432  -12.806 0.0000000000
56856  10.225  -23.299  -12.646 0.0000000000
56857  9.417  -23.102  -12.473 0.0000000000
56858  8.775  -23.047  -12.172 0.0000000000
56863  11.550  -23.107  -13.605 0.0000000000
56864  10.495  -22.930  -13.255 0.0000000000
58130  10.801  -22.425  -13.909 0.0000000000
