#!ascii label  , from subject colin27 vox2ras=TkReg coords=white
248
36000  54.634  -38.967  18.549 0.0000000000
36007  54.827  -38.991  17.805 0.0000000000
37244  54.616  -37.990  19.613 0.0000000000
37258  54.730  -38.305  18.899 0.0000000000
37259  54.436  -38.834  19.299 0.0000000000
37264  55.037  -38.250  18.197 0.0000000000
37271  55.920  -37.924  16.928 0.0000000000
37272  55.559  -38.212  17.283 0.0000000000
37275  55.986  -38.094  16.588 0.0000000000
37353  57.307  -37.544  9.607 0.0000000000
37354  56.854  -38.062  9.487 0.0000000000
37365  57.307  -37.580  9.174 0.0000000000
37366  57.043  -38.255  8.548 0.0000000000
37379  57.304  -37.652  8.445 0.0000000000
37380  57.005  -38.360  7.480 0.0000000000
38661  55.099  -37.402  18.883 0.0000000000
38668  56.032  -36.933  17.687 0.0000000000
38669  55.534  -37.537  17.954 0.0000000000
38676  56.199  -37.425  16.951 0.0000000000
38677  55.839  -37.556  17.436 0.0000000000
38681  57.023  -36.916  15.615 0.0000000000
38682  56.638  -37.366  16.159 0.0000000000
38690  57.569  -36.364  14.487 0.0000000000
38691  57.178  -36.761  15.020 0.0000000000
38710  57.691  -36.288  13.963 0.0000000000
38711  57.292  -36.561  14.215 0.0000000000
38730  57.924  -36.154  13.525 0.0000000000
38731  57.624  -36.394  13.451 0.0000000000
38737  58.007  -36.249  12.863 0.0000000000
38738  57.564  -36.561  12.596 0.0000000000
38749  58.014  -36.369  11.966 0.0000000000
38750  57.460  -36.858  11.562 0.0000000000
38765  57.902  -36.606  10.940 0.0000000000
38766  57.214  -37.393  10.428 0.0000000000
38782  57.642  -37.006  9.846 0.0000000000
38783  57.288  -37.513  9.849 0.0000000000
38793  57.596  -37.071  8.990 0.0000000000
38803  57.474  -37.225  8.460 0.0000000000
38804  57.203  -37.549  7.858 0.0000000000
38805  56.872  -37.508  7.354 0.0000000000
38818  56.791  -38.075  6.832 0.0000000000
38819  56.406  -37.784  6.482 0.0000000000
40026  56.106  -35.766  18.894 0.0000000000
40035  56.190  -36.032  18.344 0.0000000000
40036  55.679  -36.775  18.411 0.0000000000
40041  57.089  -35.994  16.669 0.0000000000
40042  56.728  -36.208  17.155 0.0000000000
40046  57.591  -36.025  15.606 0.0000000000
40047  57.258  -36.286  16.085 0.0000000000
40048  56.710  -36.841  16.550 0.0000000000
40056  57.643  -36.172  15.124 0.0000000000
40057  57.303  -36.576  15.441 0.0000000000
40067  57.943  -35.971  14.095 0.0000000000
40088  58.143  -35.913  13.214 0.0000000000
40098  58.499  -35.427  12.097 0.0000000000
40099  58.244  -36.044  12.339 0.0000000000
40112  58.520  -35.374  11.752 0.0000000000
40113  58.405  -35.808  11.481 0.0000000000
40129  58.176  -36.075  10.419 0.0000000000
40139  57.857  -36.212  9.396 0.0000000000
40140  57.745  -35.798  9.152 0.0000000000
40149  57.521  -36.812  8.624 0.0000000000
40150  57.275  -36.274  8.605 0.0000000000
40151  56.322  -36.204  8.307 0.0000000000
40152  55.749  -36.079  8.290 0.0000000000
40162  57.439  -37.130  8.233 0.0000000000
40163  57.264  -37.022  7.976 0.0000000000
40164  56.444  -37.049  7.434 0.0000000000
40165  55.372  -36.573  7.656 0.0000000000
40166  54.593  -36.454  7.405 0.0000000000
40175  56.117  -37.489  6.592 0.0000000000
40176  55.443  -37.319  6.362 0.0000000000
40177  54.543  -36.767  6.717 0.0000000000
41394  57.227  -35.020  17.675 0.0000000000
41395  56.772  -35.419  18.023 0.0000000000
41398  57.561  -35.118  16.321 0.0000000000
41399  57.262  -35.537  16.830 0.0000000000
41400  57.010  -35.508  17.422 0.0000000000
41404  57.708  -35.561  15.613 0.0000000000
41405  57.490  -35.612  16.215 0.0000000000
41414  57.994  -35.478  14.621 0.0000000000
41417  58.225  -35.367  13.690 0.0000000000
41434  58.578  -34.996  12.774 0.0000000000
41435  58.430  -35.268  13.071 0.0000000000
41448  58.573  -35.046  12.396 0.0000000000
41449  58.485  -35.403  12.658 0.0000000000
41461  58.499  -35.109  11.943 0.0000000000
41462  58.508  -35.267  11.525 0.0000000000
41478  58.439  -35.327  10.900 0.0000000000
41479  58.222  -35.102  10.415 0.0000000000
41487  58.153  -35.557  10.142 0.0000000000
41488  57.897  -35.288  9.686 0.0000000000
41489  57.314  -35.080  9.338 0.0000000000
41490  56.623  -35.021  9.216 0.0000000000
41498  57.527  -35.562  9.085 0.0000000000
41499  56.902  -35.566  8.850 0.0000000000
41500  55.903  -35.449  8.764 0.0000000000
41501  54.961  -35.426  8.597 0.0000000000
41502  54.252  -35.309  8.427 0.0000000000
41510  55.308  -35.950  8.302 0.0000000000
41511  54.537  -36.025  8.000 0.0000000000
41512  53.609  -35.531  7.865 0.0000000000
41513  52.974  -35.253  7.503 0.0000000000
41521  53.950  -36.242  7.170 0.0000000000
41522  53.185  -35.678  6.825 0.0000000000
41523  52.661  -35.167  6.996 0.0000000000
41533  53.749  -36.200  5.950 0.0000000000
41534  53.152  -35.478  5.927 0.0000000000
42743  57.478  -34.567  16.335 0.0000000000
42744  57.426  -34.717  17.049 0.0000000000
42748  57.689  -34.905  15.790 0.0000000000
42758  57.966  -34.941  15.071 0.0000000000
42767  58.155  -34.928  14.094 0.0000000000
42778  58.817  -34.774  12.915 0.0000000000
42779  58.444  -34.915  13.071 0.0000000000
42795  58.752  -34.946  12.630 0.0000000000
42796  58.476  -34.880  12.369 0.0000000000
42808  58.546  -34.970  12.156 0.0000000000
42809  58.395  -34.888  11.644 0.0000000000
42810  58.184  -34.649  11.268 0.0000000000
42826  58.324  -34.878  10.933 0.0000000000
42827  57.918  -34.647  10.578 0.0000000000
42828  57.171  -34.450  10.349 0.0000000000
42829  56.493  -34.263  10.162 0.0000000000
42837  57.514  -34.782  9.889 0.0000000000
42838  56.872  -34.674  9.737 0.0000000000
42839  55.894  -34.518  9.559 0.0000000000
42840  54.931  -34.379  9.412 0.0000000000
42841  54.266  -34.256  9.234 0.0000000000
42847  55.249  -34.906  9.045 0.0000000000
42848  54.548  -34.819  8.904 0.0000000000
42849  53.687  -34.643  8.658 0.0000000000
42850  52.968  -34.480  8.384 0.0000000000
42857  53.111  -34.959  8.053 0.0000000000
42858  52.499  -34.678  7.698 0.0000000000
42859  51.973  -34.336  7.336 0.0000000000
42866  52.753  -35.198  6.348 0.0000000000
42867  52.243  -34.666  6.588 0.0000000000
42868  51.734  -34.197  6.852 0.0000000000
42876  53.566  -35.307  5.164 0.0000000000
42877  52.798  -34.710  5.549 0.0000000000
42878  52.239  -34.298  5.839 0.0000000000
42894  53.452  -34.521  4.766 0.0000000000
43989  57.388  -34.296  16.220 0.0000000000
43998  57.600  -34.479  15.553 0.0000000000
43999  57.218  -34.075  15.886 0.0000000000
44009  57.861  -34.500  14.524 0.0000000000
44010  57.419  -34.059  14.898 0.0000000000
44011  56.682  -33.808  15.168 0.0000000000
44026  58.104  -34.503  13.551 0.0000000000
44027  57.653  -34.055  13.898 0.0000000000
44028  56.846  -33.704  14.132 0.0000000000
44029  55.917  -33.476  14.351 0.0000000000
44034  58.223  -34.522  12.697 0.0000000000
44035  57.866  -34.121  12.979 0.0000000000
44036  57.108  -33.743  13.142 0.0000000000
44037  55.913  -33.215  13.234 0.0000000000
44038  55.327  -33.207  13.810 0.0000000000
44047  58.147  -34.581  11.980 0.0000000000
44048  57.893  -34.278  12.199 0.0000000000
44049  57.446  -33.957  12.280 0.0000000000
44050  56.545  -33.476  12.264 0.0000000000
44061  58.146  -34.603  11.701 0.0000000000
44062  57.796  -34.307  11.502 0.0000000000
44063  57.010  -33.902  11.527 0.0000000000
44064  56.027  -33.477  11.345 0.0000000000
44065  55.298  -33.349  10.973 0.0000000000
44082  57.365  -34.250  10.943 0.0000000000
44083  56.655  -34.016  10.797 0.0000000000
44084  55.776  -33.811  10.437 0.0000000000
44085  54.819  -33.461  10.425 0.0000000000
44086  54.158  -33.389  10.119 0.0000000000
44100  55.179  -33.977  9.917 0.0000000000
44101  54.497  -33.845  9.768 0.0000000000
44102  53.683  -33.696  9.471 0.0000000000
44103  52.907  -33.515  9.220 0.0000000000
44104  52.258  -33.316  9.078 0.0000000000
44111  53.161  -34.033  8.832 0.0000000000
44112  52.517  -33.951  8.524 0.0000000000
44113  51.810  -33.540  8.483 0.0000000000
44120  52.058  -34.073  7.922 0.0000000000
44121  51.493  -33.862  7.577 0.0000000000
44129  51.874  -34.142  6.254 0.0000000000
44130  51.322  -33.722  6.540 0.0000000000
44139  52.444  -34.136  5.391 0.0000000000
44140  51.915  -33.714  5.542 0.0000000000
44141  51.204  -33.234  5.820 0.0000000000
44151  52.839  -33.765  4.743 0.0000000000
44152  52.109  -33.115  4.835 0.0000000000
45315  55.136  -32.887  12.724 0.0000000000
45320  55.453  -33.036  12.065 0.0000000000
45321  54.539  -32.551  12.285 0.0000000000
45324  55.323  -33.194  11.414 0.0000000000
45325  54.598  -32.893  11.197 0.0000000000
45334  54.281  -33.125  10.524 0.0000000000
45335  53.549  -32.897  10.360 0.0000000000
45351  53.190  -33.247  9.699 0.0000000000
45352  52.612  -32.970  9.748 0.0000000000
45367  51.159  -33.291  8.290 0.0000000000
45377  50.799  -33.358  7.435 0.0000000000
45378  50.172  -32.877  7.289 0.0000000000
45387  50.652  -33.075  6.459 0.0000000000
45388  49.971  -32.415  6.360 0.0000000000
45395  51.509  -33.006  5.242 0.0000000000
45396  50.745  -32.488  5.457 0.0000000000
45397  50.163  -32.165  5.717 0.0000000000
45403  51.600  -32.397  4.675 0.0000000000
45404  50.998  -32.148  4.873 0.0000000000
46530  49.851  -32.029  5.846 0.0000000000
46536  50.709  -31.991  4.997 0.0000000000
46537  50.122  -31.655  5.236 0.0000000000
46543  51.011  -31.603  4.503 0.0000000000
37330  55.579  -37.768  10.734 0.0000000000
37331  55.218  -37.881  10.613 0.0000000000
37341  56.784  -37.872  10.060 0.0000000000
37342  56.381  -38.238  9.858 0.0000000000
37343  55.721  -38.164  10.265 0.0000000000
38692  56.637  -37.366  15.506 0.0000000000
38712  56.528  -37.057  14.772 0.0000000000
38732  56.996  -36.627  13.461 0.0000000000
38733  56.247  -36.760  13.891 0.0000000000
38739  56.935  -36.859  12.265 0.0000000000
38740  56.401  -37.107  11.802 0.0000000000
38741  55.777  -37.110  11.688 0.0000000000
38751  56.838  -37.295  11.242 0.0000000000
38752  56.086  -37.578  10.951 0.0000000000
38753  55.216  -37.315  11.130 0.0000000000
38754  54.413  -37.174  11.016 0.0000000000
38767  56.626  -37.756  10.476 0.0000000000
38768  56.237  -37.959  10.373 0.0000000000
38769  54.746  -37.702  10.703 0.0000000000
40068  55.747  -36.718  14.032 0.0000000000
40089  56.453  -36.718  12.927 0.0000000000
40090  55.664  -36.549  13.265 0.0000000000
40091  54.584  -36.087  13.321 0.0000000000
40100  56.497  -36.910  12.342 0.0000000000
40101  56.008  -36.857  12.370 0.0000000000
40102  55.027  -36.555  12.118 0.0000000000
40114  54.707  -36.861  11.432 0.0000000000
36017  55.006  -39.118  17.162 0.0000000000
36021  55.687  -38.594  16.296 0.0000000000
36030  55.886  -38.570  16.007 0.0000000000
37276  55.484  -38.684  16.753 0.0000000000
37282  56.224  -38.126  15.955 0.0000000000
37283  55.877  -38.354  15.778 0.0000000000
37307  56.234  -37.779  15.518 0.0000000000
37308  55.820  -37.844  15.339 0.0000000000
38713  55.652  -37.145  14.671 0.0000000000
