#!ascii label  , from subject colin27 vox2ras=TkReg coords=white
764
9905  36.373  -61.914  20.311 0.0000000000
9906  36.092  -62.194  20.323 0.0000000000
9907  35.571  -62.413  20.342 0.0000000000
9908  34.997  -62.566  20.394 0.0000000000
9909  34.494  -62.696  20.304 0.0000000000
9917  36.553  -62.193  20.016 0.0000000000
9926  37.391  -62.357  19.109 0.0000000000
9927  37.027  -62.493  19.349 0.0000000000
9936  37.408  -62.400  18.866 0.0000000000
9937  36.983  -62.833  18.738 0.0000000000
9946  37.363  -62.347  18.511 0.0000000000
9947  36.981  -62.686  18.238 0.0000000000
10728  36.546  -61.160  20.664 0.0000000000
10729  36.172  -61.155  20.836 0.0000000000
10730  35.776  -61.095  20.914 0.0000000000
10731  35.526  -60.904  20.985 0.0000000000
10744  36.715  -61.553  20.322 0.0000000000
10745  36.260  -61.629  20.535 0.0000000000
10746  35.840  -61.696  20.628 0.0000000000
10747  35.314  -61.547  20.741 0.0000000000
10748  34.710  -61.875  20.633 0.0000000000
10756  37.520  -61.622  19.548 0.0000000000
10757  37.144  -61.752  19.850 0.0000000000
10758  34.053  -62.119  20.320 0.0000000000
10762  38.076  -61.308  18.848 0.0000000000
10763  37.582  -61.983  19.137 0.0000000000
10764  37.343  -62.005  19.469 0.0000000000
10770  38.163  -61.212  18.325 0.0000000000
10771  37.675  -61.849  18.608 0.0000000000
10778  38.251  -61.122  18.069 0.0000000000
10779  37.701  -61.731  18.098 0.0000000000
10780  36.987  -62.250  17.741 0.0000000000
11552  36.466  -60.231  21.307 0.0000000000
11553  36.139  -60.140  21.450 0.0000000000
11554  35.760  -59.973  21.531 0.0000000000
11555  35.537  -59.788  21.554 0.0000000000
11571  36.616  -60.609  20.983 0.0000000000
11572  36.143  -60.658  21.140 0.0000000000
11573  35.761  -60.556  21.215 0.0000000000
11574  35.269  -60.402  21.210 0.0000000000
11575  34.875  -60.106  21.202 0.0000000000
11592  37.493  -60.657  20.410 0.0000000000
11593  37.121  -60.844  20.553 0.0000000000
11594  34.952  -61.181  20.847 0.0000000000
11595  34.468  -60.731  20.758 0.0000000000
11607  38.110  -60.513  19.921 0.0000000000
11608  37.666  -60.938  20.012 0.0000000000
11609  37.165  -61.292  20.213 0.0000000000
11610  33.533  -61.225  20.053 0.0000000000
11620  38.951  -60.105  19.174 0.0000000000
11621  38.435  -60.582  19.355 0.0000000000
11622  37.855  -61.304  19.350 0.0000000000
11629  39.110  -60.160  18.785 0.0000000000
11630  38.636  -60.677  18.526 0.0000000000
11637  39.289  -60.168  18.227 0.0000000000
11638  38.776  -60.645  18.116 0.0000000000
11639  38.330  -60.926  17.808 0.0000000000
11640  37.674  -61.144  17.502 0.0000000000
11641  36.734  -61.652  17.395 0.0000000000
11650  39.321  -60.112  17.862 0.0000000000
11651  38.947  -60.321  17.625 0.0000000000
11652  38.406  -60.520  17.341 0.0000000000
11653  37.974  -60.530  17.158 0.0000000000
12396  36.045  -59.134  22.156 0.0000000000
12397  35.911  -58.927  22.194 0.0000000000
12406  36.559  -59.754  21.642 0.0000000000
12407  36.176  -59.522  21.863 0.0000000000
12408  35.754  -59.293  21.889 0.0000000000
12409  35.420  -59.433  21.642 0.0000000000
12418  37.358  -59.853  21.188 0.0000000000
12419  36.916  -59.952  21.378 0.0000000000
12420  35.083  -59.526  21.452 0.0000000000
12421  34.670  -59.652  21.154 0.0000000000
12436  38.084  -59.914  20.514 0.0000000000
12437  37.708  -60.193  20.615 0.0000000000
12438  37.132  -60.294  20.971 0.0000000000
12439  34.207  -59.608  20.734 0.0000000000
12456  38.310  -60.038  20.132 0.0000000000
12457  37.955  -60.429  20.175 0.0000000000
12458  33.757  -60.090  20.281 0.0000000000
12459  33.192  -60.295  19.710 0.0000000000
12471  39.328  -59.741  19.150 0.0000000000
12472  38.866  -59.860  19.542 0.0000000000
12482  40.494  -59.188  18.361 0.0000000000
12483  39.892  -59.587  18.541 0.0000000000
12488  40.516  -59.367  18.017 0.0000000000
12489  39.887  -59.754  17.919 0.0000000000
12490  37.051  -60.712  17.254 0.0000000000
12491  36.252  -60.947  17.232 0.0000000000
12492  35.516  -60.897  16.973 0.0000000000
12499  40.334  -59.389  17.588 0.0000000000
12500  39.684  -59.694  17.440 0.0000000000
12501  38.995  -59.920  17.089 0.0000000000
12502  38.133  -59.932  16.951 0.0000000000
12503  37.676  -60.465  17.116 0.0000000000
12504  34.951  -60.463  16.460 0.0000000000
12505  34.695  -60.211  15.720 0.0000000000
13270  36.505  -58.775  22.369 0.0000000000
13271  36.167  -58.705  22.356 0.0000000000
13272  35.813  -58.523  22.212 0.0000000000
13273  35.707  -58.081  22.242 0.0000000000
13283  37.180  -58.921  22.073 0.0000000000
13284  36.673  -59.176  22.109 0.0000000000
13285  36.318  -59.080  22.206 0.0000000000
13286  35.570  -58.956  21.894 0.0000000000
13287  35.414  -58.554  21.841 0.0000000000
13295  37.336  -59.384  21.619 0.0000000000
13296  36.949  -59.456  21.789 0.0000000000
13297  34.893  -58.870  21.409 0.0000000000
13298  34.444  -58.943  20.998 0.0000000000
13302  38.222  -59.470  20.734 0.0000000000
13303  37.761  -59.432  21.245 0.0000000000
13304  33.999  -58.860  20.550 0.0000000000
13305  33.617  -58.785  20.116 0.0000000000
13320  33.796  -59.321  20.338 0.0000000000
13321  33.335  -59.287  19.789 0.0000000000
13339  39.203  -59.452  19.517 0.0000000000
13340  32.789  -59.538  19.107 0.0000000000
13355  41.342  -58.100  18.137 0.0000000000
13356  40.947  -58.694  18.228 0.0000000000
13357  40.371  -58.852  18.737 0.0000000000
13370  41.520  -58.213  17.550 0.0000000000
13371  40.908  -58.944  17.549 0.0000000000
13372  36.486  -60.198  17.161 0.0000000000
13373  35.807  -60.221  17.062 0.0000000000
13374  35.341  -60.290  16.863 0.0000000000
13386  41.218  -58.538  17.014 0.0000000000
13387  40.468  -58.996  17.011 0.0000000000
13388  39.556  -59.156  16.870 0.0000000000
13389  38.690  -59.228  16.790 0.0000000000
13390  37.934  -59.194  16.798 0.0000000000
13391  37.178  -59.641  17.038 0.0000000000
13392  36.083  -59.427  17.003 0.0000000000
13393  35.287  -59.611  16.677 0.0000000000
13394  34.823  -59.531  16.035 0.0000000000
13399  34.683  -59.477  15.212 0.0000000000
13409  34.603  -59.603  14.306 0.0000000000
14196  36.459  -58.361  22.506 0.0000000000
14197  36.187  -58.031  22.561 0.0000000000
14198  35.933  -57.576  22.570 0.0000000000
14199  35.657  -57.629  22.291 0.0000000000
14211  37.282  -58.272  22.283 0.0000000000
14212  36.842  -58.453  22.437 0.0000000000
14213  35.415  -57.741  21.956 0.0000000000
14225  37.772  -58.520  21.756 0.0000000000
14226  35.099  -58.110  21.565 0.0000000000
14227  34.652  -58.289  21.139 0.0000000000
14235  38.102  -58.990  21.255 0.0000000000
14236  34.174  -58.292  20.668 0.0000000000
14237  33.673  -58.230  20.180 0.0000000000
14244  33.173  -58.289  19.613 0.0000000000
14245  32.617  -58.105  19.105 0.0000000000
14259  32.899  -58.733  19.217 0.0000000000
14260  32.313  -58.603  18.733 0.0000000000
14269  41.611  -57.399  18.059 0.0000000000
14271  40.679  -58.386  18.708 0.0000000000
14282  42.653  -57.343  16.652 0.0000000000
14283  42.190  -57.451  17.266 0.0000000000
14295  42.660  -57.353  16.054 0.0000000000
14296  41.893  -57.901  16.583 0.0000000000
14297  40.967  -58.280  16.511 0.0000000000
14298  40.060  -58.321  16.473 0.0000000000
14299  39.078  -58.416  16.571 0.0000000000
14300  38.194  -58.450  16.682 0.0000000000
14301  37.357  -58.534  16.790 0.0000000000
14302  36.466  -58.558  16.826 0.0000000000
14303  35.456  -58.482  16.480 0.0000000000
14304  35.038  -59.011  16.248 0.0000000000
14314  42.559  -57.202  15.641 0.0000000000
14315  42.058  -57.475  15.795 0.0000000000
14316  41.285  -57.742  15.990 0.0000000000
14317  40.621  -57.878  16.176 0.0000000000
14318  35.138  -57.961  15.939 0.0000000000
14319  34.873  -58.518  15.598 0.0000000000
14325  34.568  -58.654  14.542 0.0000000000
14335  34.387  -58.839  13.585 0.0000000000
15086  36.580  -57.744  22.619 0.0000000000
15087  36.268  -57.125  22.739 0.0000000000
15088  36.063  -56.669  22.855 0.0000000000
15089  35.841  -56.795  22.708 0.0000000000
15103  37.466  -57.633  22.285 0.0000000000
15104  37.027  -57.663  22.549 0.0000000000
15105  35.538  -56.905  22.334 0.0000000000
15117  35.227  -57.361  21.749 0.0000000000
15118  34.825  -57.616  21.263 0.0000000000
15128  34.321  -57.690  20.778 0.0000000000
15129  33.782  -57.651  20.285 0.0000000000
15139  33.239  -57.550  19.749 0.0000000000
15140  32.671  -57.495  19.237 0.0000000000
15153  32.114  -57.588  18.730 0.0000000000
15154  31.604  -57.434  18.307 0.0000000000
15167  41.657  -56.391  18.310 0.0000000000
15169  31.706  -58.115  18.298 0.0000000000
15170  31.144  -57.823  17.835 0.0000000000
15179  42.876  -56.826  17.026 0.0000000000
15180  42.248  -56.693  17.642 0.0000000000
15191  43.570  -56.251  15.693 0.0000000000
15192  43.265  -56.764  16.250 0.0000000000
15193  40.105  -57.650  16.154 0.0000000000
15194  39.374  -57.551  16.310 0.0000000000
15195  38.454  -57.620  16.509 0.0000000000
15196  37.585  -57.651  16.636 0.0000000000
15197  36.784  -57.710  16.663 0.0000000000
15198  36.048  -57.652  16.533 0.0000000000
15210  43.503  -56.008  15.270 0.0000000000
15211  43.075  -56.777  15.499 0.0000000000
15212  42.295  -56.904  15.343 0.0000000000
15213  41.443  -57.060  15.565 0.0000000000
15214  40.559  -57.225  15.865 0.0000000000
15215  39.851  -57.153  16.073 0.0000000000
15216  35.462  -57.464  16.053 0.0000000000
15217  35.019  -57.474  15.451 0.0000000000
15228  43.326  -55.904  14.985 0.0000000000
15229  43.228  -56.231  15.033 0.0000000000
15230  42.793  -56.569  15.066 0.0000000000
15231  34.604  -57.662  14.707 0.0000000000
15237  34.250  -57.893  13.813 0.0000000000
15238  34.051  -58.224  13.035 0.0000000000
15981  36.744  -56.644  22.730 0.0000000000
15982  36.341  -55.913  23.016 0.0000000000
15983  36.077  -55.798  23.144 0.0000000000
15984  35.731  -56.042  22.860 0.0000000000
16003  37.183  -56.988  22.563 0.0000000000
16004  35.520  -56.098  22.591 0.0000000000
16019  35.308  -56.496  21.952 0.0000000000
16020  35.025  -57.038  21.428 0.0000000000
16031  35.030  -56.548  21.324 0.0000000000
16032  34.498  -56.907  20.851 0.0000000000
16033  33.949  -57.179  20.407 0.0000000000
16044  33.859  -56.631  20.224 0.0000000000
16045  33.371  -56.903  19.894 0.0000000000
16046  32.763  -56.831  19.411 0.0000000000
16056  32.239  -56.820  18.953 0.0000000000
16057  31.766  -56.852  18.523 0.0000000000
16073  31.325  -56.995  18.107 0.0000000000
16086  42.825  -56.063  17.300 0.0000000000
16087  42.207  -55.816  17.925 0.0000000000
16088  30.820  -56.937  17.386 0.0000000000
16089  30.408  -56.748  16.583 0.0000000000
16100  43.813  -55.925  16.059 0.0000000000
16101  43.361  -56.103  16.671 0.0000000000
16102  39.370  -56.850  16.164 0.0000000000
16103  38.664  -56.781  16.311 0.0000000000
16104  37.827  -56.892  16.458 0.0000000000
16105  36.938  -56.795  16.416 0.0000000000
16106  36.419  -57.191  16.482 0.0000000000
16107  30.243  -56.654  15.765 0.0000000000
16116  44.007  -54.768  15.112 0.0000000000
16117  43.764  -55.395  15.475 0.0000000000
16118  42.364  -56.414  15.011 0.0000000000
16119  41.690  -56.290  15.210 0.0000000000
16120  40.778  -56.391  15.555 0.0000000000
16121  39.851  -56.453  15.911 0.0000000000
16122  39.116  -56.346  16.103 0.0000000000
16123  36.526  -56.256  16.089 0.0000000000
16124  36.006  -56.700  16.146 0.0000000000
16125  35.363  -56.670  15.535 0.0000000000
16126  30.134  -56.280  14.804 0.0000000000
16135  44.000  -54.560  15.047 0.0000000000
16136  43.634  -55.176  14.982 0.0000000000
16137  43.339  -55.596  14.868 0.0000000000
16138  42.825  -56.009  14.791 0.0000000000
16139  42.218  -55.963  14.905 0.0000000000
16140  34.796  -56.644  14.813 0.0000000000
16141  30.053  -55.711  14.399 0.0000000000
16146  34.252  -56.861  13.960 0.0000000000
16147  33.794  -57.180  12.979 0.0000000000
16987  37.191  -56.109  22.702 0.0000000000
17021  34.853  -56.256  20.903 0.0000000000
17029  34.292  -56.010  20.327 0.0000000000
17030  33.312  -56.054  19.690 0.0000000000
17031  32.932  -56.422  19.497 0.0000000000
17037  32.955  -55.619  19.379 0.0000000000
17038  32.439  -55.921  19.084 0.0000000000
17039  31.968  -56.400  18.701 0.0000000000
17049  42.156  -54.711  18.920 0.0000000000
17050  32.028  -55.391  18.547 0.0000000000
17051  31.538  -55.984  18.162 0.0000000000
17066  42.763  -55.281  17.540 0.0000000000
17067  42.328  -54.993  18.233 0.0000000000
17068  30.792  -55.754  16.852 0.0000000000
17069  30.460  -56.190  16.261 0.0000000000
17082  43.722  -55.263  16.344 0.0000000000
17083  43.273  -55.395  16.990 0.0000000000
17084  38.587  -56.091  16.102 0.0000000000
17085  37.948  -56.236  16.212 0.0000000000
17086  37.441  -56.420  16.288 0.0000000000
17087  30.774  -55.196  16.264 0.0000000000
17088  30.503  -55.624  15.751 0.0000000000
17101  44.849  -53.887  14.903 0.0000000000
17102  44.251  -54.475  15.278 0.0000000000
17103  43.984  -54.993  15.882 0.0000000000
17104  41.737  -55.467  14.944 0.0000000000
17105  41.030  -55.610  15.289 0.0000000000
17106  40.159  -55.609  15.620 0.0000000000
17107  39.138  -55.633  15.856 0.0000000000
17108  38.136  -55.549  15.892 0.0000000000
17109  37.130  -55.829  15.991 0.0000000000
17110  36.133  -55.789  15.708 0.0000000000
17111  35.692  -56.187  15.619 0.0000000000
17112  30.270  -55.232  14.791 0.0000000000
17120  44.887  -53.764  14.707 0.0000000000
17121  44.561  -54.044  14.784 0.0000000000
17122  44.003  -54.411  14.564 0.0000000000
17123  43.706  -54.746  14.550 0.0000000000
17124  43.153  -55.278  14.607 0.0000000000
17125  42.467  -55.407  14.710 0.0000000000
17126  35.963  -55.194  15.253 0.0000000000
17127  35.362  -55.641  15.040 0.0000000000
17128  29.977  -55.187  14.065 0.0000000000
17133  44.439  -54.008  14.347 0.0000000000
17134  44.200  -54.151  14.227 0.0000000000
17135  43.988  -54.381  13.954 0.0000000000
17136  34.448  -55.668  14.026 0.0000000000
17137  33.926  -56.199  13.271 0.0000000000
17142  33.960  -55.356  13.027 0.0000000000
17143  33.538  -56.018  12.193 0.0000000000
18071  33.821  -55.365  19.677 0.0000000000
18072  33.233  -55.512  19.487 0.0000000000
18079  43.165  -53.818  19.737 0.0000000000
18083  33.108  -54.966  19.182 0.0000000000
18084  32.410  -54.844  18.652 0.0000000000
18090  43.023  -53.940  18.802 0.0000000000
18091  42.561  -54.269  19.335 0.0000000000
18092  31.896  -54.828  18.133 0.0000000000
18093  31.423  -54.864  17.429 0.0000000000
18104  43.475  -53.980  17.510 0.0000000000
18105  42.999  -54.433  17.836 0.0000000000
18106  42.568  -54.439  18.614 0.0000000000
18107  31.076  -54.669  16.532 0.0000000000
18118  43.608  -54.450  16.891 0.0000000000
18119  43.150  -54.912  17.277 0.0000000000
18120  30.797  -54.746  15.829 0.0000000000
18121  30.550  -54.889  15.330 0.0000000000
18137  45.072  -53.684  14.846 0.0000000000
18138  44.785  -53.859  15.204 0.0000000000
18139  44.253  -54.307  15.894 0.0000000000
18140  41.634  -55.083  14.895 0.0000000000
18141  41.321  -55.007  15.056 0.0000000000
18142  40.546  -54.881  15.296 0.0000000000
18143  39.594  -54.801  15.455 0.0000000000
18144  38.573  -54.772  15.523 0.0000000000
18145  37.549  -54.853  15.523 0.0000000000
18146  36.580  -55.008  15.414 0.0000000000
18147  30.519  -54.501  14.875 0.0000000000
18162  45.250  -53.582  14.505 0.0000000000
18163  44.859  -53.729  14.224 0.0000000000
18164  43.431  -54.811  14.423 0.0000000000
18165  42.898  -54.725  14.376 0.0000000000
18166  41.892  -54.755  14.698 0.0000000000
18167  41.030  -54.336  14.876 0.0000000000
18168  40.095  -54.140  14.988 0.0000000000
18169  39.084  -54.006  15.034 0.0000000000
18170  38.026  -54.001  15.060 0.0000000000
18171  36.986  -54.151  15.001 0.0000000000
18172  35.903  -54.431  14.750 0.0000000000
18173  34.999  -54.766  14.308 0.0000000000
18174  30.279  -54.356  14.179 0.0000000000
18175  29.942  -54.558  13.615 0.0000000000
18182  44.766  -53.737  13.956 0.0000000000
18183  44.365  -53.965  13.956 0.0000000000
18184  43.733  -54.320  14.126 0.0000000000
18185  43.039  -54.062  13.997 0.0000000000
18186  35.244  -53.908  13.983 0.0000000000
18187  34.448  -54.416  13.375 0.0000000000
18188  30.064  -53.913  13.463 0.0000000000
18189  29.745  -54.098  12.916 0.0000000000
18195  44.507  -53.724  13.645 0.0000000000
18196  33.771  -54.592  12.104 0.0000000000
19185  44.312  -52.612  22.184 0.0000000000
19201  45.107  -52.434  21.119 0.0000000000
19202  44.651  -52.607  21.597 0.0000000000
19215  45.080  -52.515  20.449 0.0000000000
19216  44.394  -53.095  20.773 0.0000000000
19227  45.084  -52.575  19.651 0.0000000000
19228  44.575  -52.913  19.556 0.0000000000
19229  43.846  -53.425  20.168 0.0000000000
19234  32.831  -54.295  18.700 0.0000000000
19241  44.211  -53.106  18.368 0.0000000000
19242  43.717  -53.447  19.156 0.0000000000
19244  32.513  -53.719  18.019 0.0000000000
19245  31.839  -54.280  17.669 0.0000000000
19256  43.950  -53.463  17.315 0.0000000000
19257  43.502  -53.658  18.150 0.0000000000
19258  32.328  -53.148  17.189 0.0000000000
19259  31.705  -53.757  16.952 0.0000000000
19271  45.471  -52.929  15.874 0.0000000000
19272  44.804  -53.281  16.165 0.0000000000
19273  44.262  -53.727  16.442 0.0000000000
19274  31.178  -53.747  15.682 0.0000000000
19275  30.767  -54.320  15.295 0.0000000000
19288  45.605  -53.295  15.077 0.0000000000
19289  44.885  -53.550  15.615 0.0000000000
19290  44.452  -53.695  16.097 0.0000000000
19291  31.138  -53.263  15.012 0.0000000000
19292  30.799  -53.641  14.679 0.0000000000
19309  42.413  -54.121  14.272 0.0000000000
19310  41.638  -53.820  14.399 0.0000000000
19311  40.673  -53.565  14.538 0.0000000000
19312  39.691  -53.381  14.556 0.0000000000
19313  38.592  -53.094  14.420 0.0000000000
19314  37.477  -53.373  14.539 0.0000000000
19315  36.553  -53.496  14.389 0.0000000000
19316  35.880  -53.596  14.191 0.0000000000
19317  30.430  -53.290  13.646 0.0000000000
19330  44.185  -53.845  13.725 0.0000000000
19331  43.563  -53.681  13.624 0.0000000000
19332  42.476  -53.256  13.718 0.0000000000
19333  41.283  -53.017  14.049 0.0000000000
19334  40.305  -52.873  14.112 0.0000000000
19335  39.431  -52.732  14.089 0.0000000000
19336  38.902  -52.551  13.993 0.0000000000
19337  36.196  -53.149  13.980 0.0000000000
19338  35.643  -53.130  13.685 0.0000000000
19339  34.899  -53.339  13.272 0.0000000000
19340  29.957  -53.090  12.858 0.0000000000
19341  29.535  -53.032  12.197 0.0000000000
19355  34.339  -53.528  12.561 0.0000000000
19363  33.902  -53.498  11.585 0.0000000000
20358  44.296  -52.248  22.211 0.0000000000
20359  43.614  -52.289  22.685 0.0000000000
20360  43.205  -52.304  23.005 0.0000000000
20372  45.295  -52.036  21.103 0.0000000000
20373  44.891  -51.938  21.759 0.0000000000
20386  45.672  -51.513  19.615 0.0000000000
20387  45.586  -51.850  20.061 0.0000000000
20399  45.382  -52.241  19.292 0.0000000000
20400  45.084  -52.513  19.107 0.0000000000
20412  45.539  -52.095  18.223 0.0000000000
20413  45.370  -52.284  18.369 0.0000000000
20414  44.889  -52.621  18.434 0.0000000000
20424  45.900  -52.080  17.468 0.0000000000
20425  45.366  -52.420  17.505 0.0000000000
20426  44.667  -52.824  17.501 0.0000000000
20429  32.146  -52.952  16.647 0.0000000000
20441  46.061  -52.344  16.509 0.0000000000
20442  45.172  -52.768  16.689 0.0000000000
20443  44.547  -53.149  16.763 0.0000000000
20445  31.781  -52.940  16.030 0.0000000000
20459  46.232  -52.630  15.589 0.0000000000
20461  31.466  -52.564  14.964 0.0000000000
20462  31.099  -53.008  14.664 0.0000000000
20475  37.776  -52.742  14.119 0.0000000000
20476  37.015  -52.886  14.089 0.0000000000
20477  36.538  -53.019  14.009 0.0000000000
20478  31.303  -52.014  14.259 0.0000000000
20479  30.943  -52.446  13.966 0.0000000000
20492  41.662  -52.543  13.506 0.0000000000
20493  40.820  -52.384  13.601 0.0000000000
20494  39.934  -52.312  13.672 0.0000000000
20495  39.186  -52.240  13.714 0.0000000000
20496  38.417  -52.174  13.703 0.0000000000
20497  37.422  -52.271  13.726 0.0000000000
20498  36.402  -52.506  13.634 0.0000000000
20499  35.325  -52.361  12.954 0.0000000000
20500  34.721  -52.908  12.764 0.0000000000
20501  30.190  -51.981  12.856 0.0000000000
20502  29.397  -51.926  12.240 0.0000000000
20503  25.768  -51.714  12.749 0.0000000000
20522  40.363  -51.874  13.153 0.0000000000
20523  39.493  -51.841  13.303 0.0000000000
20524  38.945  -51.899  13.452 0.0000000000
20525  35.037  -51.922  12.339 0.0000000000
20526  34.502  -52.528  12.114 0.0000000000
20527  28.668  -51.870  11.611 0.0000000000
20528  27.256  -51.240  11.580 0.0000000000
20529  26.076  -51.456  11.756 0.0000000000
20547  34.048  -52.697  11.214 0.0000000000
20559  33.987  -52.404  10.422 0.0000000000
20568  34.142  -52.172  9.662 0.0000000000
21567  42.490  -51.916  23.176 0.0000000000
21584  44.432  -51.616  21.863 0.0000000000
21585  43.780  -51.737  22.196 0.0000000000
21586  42.974  -51.845  22.699 0.0000000000
21587  42.086  -51.523  22.817 0.0000000000
21601  45.431  -51.442  20.693 0.0000000000
21705  31.117  -51.227  13.733 0.0000000000
21706  30.575  -51.453  13.234 0.0000000000
21715  38.342  -51.751  13.384 0.0000000000
21716  37.927  -51.718  13.373 0.0000000000
21717  37.046  -51.721  13.271 0.0000000000
21718  36.201  -51.744  13.017 0.0000000000
21719  30.448  -50.733  13.121 0.0000000000
21720  29.885  -50.764  12.803 0.0000000000
21721  28.934  -50.667  12.508 0.0000000000
21722  27.341  -50.486  13.254 0.0000000000
21723  26.385  -51.157  13.114 0.0000000000
21736  38.679  -51.408  13.017 0.0000000000
21737  37.663  -51.183  12.898 0.0000000000
21738  36.728  -51.116  12.704 0.0000000000
21739  35.647  -51.253  12.226 0.0000000000
21740  34.850  -51.708  11.870 0.0000000000
21741  28.384  -50.975  12.146 0.0000000000
21742  27.372  -50.932  12.234 0.0000000000
21743  26.518  -51.228  12.298 0.0000000000
21764  38.641  -50.800  12.327 0.0000000000
21765  34.948  -51.139  11.228 0.0000000000
21766  34.390  -51.946  11.222 0.0000000000
21785  34.850  -50.960  10.607 0.0000000000
21786  34.452  -51.471  10.310 0.0000000000
21793  34.753  -50.971  9.068 0.0000000000
21794  34.425  -51.579  9.355 0.0000000000
22833  41.499  -51.230  22.710 0.0000000000
22972  28.093  -49.658  13.781 0.0000000000
22973  27.476  -50.087  14.056 0.0000000000
22981  29.870  -50.052  12.954 0.0000000000
22982  28.931  -49.827  13.148 0.0000000000
22983  27.994  -50.064  13.312 0.0000000000
22984  27.589  -50.211  13.556 0.0000000000
22992  38.168  -50.807  12.447 0.0000000000
22993  37.428  -50.607  12.283 0.0000000000
22994  36.510  -50.607  12.082 0.0000000000
22995  36.000  -50.646  11.835 0.0000000000
23010  37.097  -50.128  11.658 0.0000000000
23011  36.259  -50.247  11.479 0.0000000000
23012  35.642  -50.619  11.434 0.0000000000
23035  35.842  -50.177  11.042 0.0000000000
23036  35.295  -50.482  10.628 0.0000000000
23037  34.819  -50.853  10.214 0.0000000000
23055  34.644  -51.039  9.733 0.0000000000
24245  36.170  -49.984  11.037 0.0000000000
9948  36.292  -63.311  17.799 0.0000000000
9949  35.839  -63.444  17.143 0.0000000000
9958  35.483  -63.214  16.721 0.0000000000
9959  34.973  -63.189  16.170 0.0000000000
10781  36.288  -62.619  17.374 0.0000000000
10782  35.803  -62.781  16.987 0.0000000000
10791  35.364  -62.483  16.633 0.0000000000
10792  34.928  -62.164  16.152 0.0000000000
11642  35.844  -61.884  17.132 0.0000000000
11654  35.135  -61.533  16.597 0.0000000000
11655  34.729  -61.224  15.766 0.0000000000
18181  45.597  -53.438  13.931 0.0000000000
18193  45.337  -53.378  13.591 0.0000000000
18194  44.820  -53.579  13.590 0.0000000000
19287  46.591  -52.682  14.935 0.0000000000
19307  46.739  -52.686  14.454 0.0000000000
19308  46.174  -53.094  14.369 0.0000000000
19328  46.823  -52.692  14.063 0.0000000000
19329  46.331  -52.996  13.830 0.0000000000
19349  46.774  -52.615  13.544 0.0000000000
19350  46.105  -52.949  13.331 0.0000000000
19351  45.327  -53.091  13.110 0.0000000000
19352  44.393  -53.263  13.209 0.0000000000
19353  43.375  -53.033  13.189 0.0000000000
19354  42.819  -52.781  13.188 0.0000000000
19361  45.005  -52.821  12.766 0.0000000000
19362  44.541  -52.633  12.607 0.0000000000
20440  46.671  -51.787  16.706 0.0000000000
20457  47.895  -51.704  14.945 0.0000000000
20458  47.191  -51.938  15.676 0.0000000000
20473  47.982  -51.794  14.180 0.0000000000
20474  47.297  -52.295  14.566 0.0000000000
20490  47.939  -51.704  13.389 0.0000000000
20491  47.396  -52.275  13.734 0.0000000000
20514  47.879  -51.588  12.920 0.0000000000
20515  47.087  -52.066  12.808 0.0000000000
20516  45.938  -52.596  12.652 0.0000000000
20517  45.400  -52.723  12.688 0.0000000000
20518  43.826  -52.610  12.700 0.0000000000
20519  43.058  -52.493  12.802 0.0000000000
20520  42.320  -52.358  13.063 0.0000000000
20521  41.323  -51.899  12.926 0.0000000000
20540  46.841  -51.653  12.089 0.0000000000
20541  46.213  -51.944  12.078 0.0000000000
20542  45.179  -52.278  12.229 0.0000000000
20543  44.159  -52.145  12.153 0.0000000000
20544  43.297  -52.088  12.271 0.0000000000
20545  42.660  -52.050  12.519 0.0000000000
20546  42.053  -51.819  12.540 0.0000000000
21703  48.421  -51.249  14.634 0.0000000000
21714  48.524  -51.276  13.828 0.0000000000
21731  48.529  -51.047  12.921 0.0000000000
21732  47.832  -51.415  12.595 0.0000000000
21733  41.151  -51.594  12.574 0.0000000000
21734  40.739  -51.525  12.602 0.0000000000
21735  39.832  -51.397  12.739 0.0000000000
21754  48.148  -51.013  12.268 0.0000000000
21755  47.426  -51.289  12.055 0.0000000000
21756  46.523  -51.161  11.494 0.0000000000
21757  45.484  -51.534  11.487 0.0000000000
21758  44.490  -51.667  11.517 0.0000000000
21759  43.509  -51.662  11.607 0.0000000000
21760  42.493  -51.607  11.913 0.0000000000
21761  41.362  -51.416  12.183 0.0000000000
21762  40.366  -51.022  12.046 0.0000000000
21763  39.294  -50.866  12.209 0.0000000000
21778  46.231  -50.637  11.020 0.0000000000
21779  45.649  -50.845  10.954 0.0000000000
21780  44.751  -51.073  10.877 0.0000000000
21781  43.793  -51.176  10.919 0.0000000000
21782  42.786  -51.156  11.070 0.0000000000
21783  41.744  -51.030  11.332 0.0000000000
21784  40.958  -50.914  11.573 0.0000000000
23005  48.027  -50.705  11.747 0.0000000000
23006  47.345  -50.764  11.495 0.0000000000
23007  40.484  -50.716  11.476 0.0000000000
23008  39.797  -50.515  11.453 0.0000000000
23009  38.393  -50.188  11.584 0.0000000000
23026  46.836  -50.297  11.019 0.0000000000
23027  45.890  -50.142  10.698 0.0000000000
23028  44.941  -50.272  10.432 0.0000000000
23029  44.084  -50.614  10.332 0.0000000000
23030  43.122  -50.675  10.346 0.0000000000
23031  42.044  -50.617  10.502 0.0000000000
23032  40.773  -50.455  10.834 0.0000000000
23033  39.421  -49.894  10.561 0.0000000000
23034  38.597  -49.758  10.747 0.0000000000
23048  44.300  -50.057  10.014 0.0000000000
23049  43.546  -50.061  9.826 0.0000000000
23050  42.490  -50.078  9.775 0.0000000000
23051  41.376  -50.014  9.914 0.0000000000
23052  40.330  -49.815  9.984 0.0000000000
23053  39.689  -49.618  9.911 0.0000000000
23054  35.031  -50.461  9.755 0.0000000000
23061  35.131  -50.255  8.862 0.0000000000
23068  35.927  -49.886  7.074 0.0000000000
23069  35.477  -50.081  7.870 0.0000000000
24243  37.390  -49.764  11.102 0.0000000000
24244  36.627  -49.845  11.067 0.0000000000
24257  45.302  -49.366  10.058 0.0000000000
24258  44.683  -49.782  10.032 0.0000000000
24259  38.632  -49.525  10.252 0.0000000000
24260  37.914  -49.494  10.561 0.0000000000
24261  36.908  -49.433  10.482 0.0000000000
24262  35.977  -49.801  10.477 0.0000000000
24263  35.420  -50.096  10.135 0.0000000000
24275  44.232  -49.416  9.597 0.0000000000
24276  43.040  -49.306  9.130 0.0000000000
24277  41.819  -49.508  9.195 0.0000000000
24278  40.786  -49.476  9.308 0.0000000000
24279  39.895  -49.369  9.432 0.0000000000
24280  39.090  -49.352  9.700 0.0000000000
24281  38.132  -49.136  9.688 0.0000000000
24282  37.278  -49.103  9.848 0.0000000000
24283  36.348  -49.182  9.542 0.0000000000
24284  35.501  -49.794  9.613 0.0000000000
24297  42.097  -48.853  8.655 0.0000000000
24298  41.126  -48.955  8.705 0.0000000000
24299  40.171  -48.943  8.796 0.0000000000
24300  39.271  -48.934  8.949 0.0000000000
24301  38.581  -48.946  9.153 0.0000000000
24302  36.144  -48.992  8.529 0.0000000000
24303  35.590  -49.495  8.770 0.0000000000
24313  36.077  -49.189  7.632 0.0000000000
24314  35.744  -49.374  8.183 0.0000000000
24320  36.360  -49.291  6.710 0.0000000000
25426  38.004  -48.775  9.029 0.0000000000
25427  37.438  -48.843  9.253 0.0000000000
25428  36.954  -48.901  9.414 0.0000000000
25446  38.420  -48.528  8.429 0.0000000000
25447  37.482  -48.591  8.578 0.0000000000
25448  36.821  -48.769  8.918 0.0000000000
25467  37.567  -48.341  7.689 0.0000000000
25468  36.744  -48.624  8.088 0.0000000000
25482  36.780  -48.634  7.149 0.0000000000
20397  45.538  -51.583  18.316 0.0000000000
20398  45.625  -51.670  18.887 0.0000000000
20411  45.551  -51.824  18.094 0.0000000000
20423  46.048  -51.722  17.359 0.0000000000
21602  44.908  -51.220  21.227 0.0000000000
21620  45.665  -51.342  19.359 0.0000000000
21621  45.466  -51.147  19.958 0.0000000000
21622  45.249  -51.047  20.663 0.0000000000
21638  45.492  -51.369  18.025 0.0000000000
21639  45.472  -51.254  18.862 0.0000000000
21640  45.573  -51.111  19.347 0.0000000000
21651  45.942  -51.441  17.359 0.0000000000
21660  47.266  -51.149  16.390 0.0000000000
21661  46.775  -51.280  16.688 0.0000000000
21673  47.589  -51.088  16.202 0.0000000000
21674  47.427  -51.402  16.175 0.0000000000
21689  48.584  -50.797  15.090 0.0000000000
21690  48.126  -51.057  15.539 0.0000000000
21691  47.676  -51.464  15.859 0.0000000000
21702  48.650  -50.732  14.895 0.0000000000
21713  48.859  -50.784  14.251 0.0000000000
21730  48.927  -50.757  13.598 0.0000000000
22883  45.574  -51.109  17.650 0.0000000000
22884  45.324  -50.882  18.317 0.0000000000
22885  45.292  -50.882  19.078 0.0000000000
22900  46.081  -51.135  17.124 0.0000000000
22901  45.701  -50.891  17.381 0.0000000000
22902  45.354  -50.865  18.078 0.0000000000
22916  47.564  -50.907  16.289 0.0000000000
22917  46.968  -50.884  16.513 0.0000000000
22918  46.317  -50.810  16.847 0.0000000000
22919  45.769  -50.752  17.290 0.0000000000
22920  45.117  -50.616  17.670 0.0000000000
22935  47.867  -50.562  15.882 0.0000000000
22936  47.484  -50.508  16.101 0.0000000000
22937  46.902  -50.382  16.350 0.0000000000
22938  46.339  -50.432  16.672 0.0000000000
22939  45.560  -50.391  16.925 0.0000000000
22957  48.606  -50.287  15.054 0.0000000000
22958  48.247  -50.439  15.543 0.0000000000
22968  48.929  -50.303  14.503 0.0000000000
22980  49.151  -50.209  13.872 0.0000000000
22990  49.245  -50.294  13.084 0.0000000000
22991  48.977  -50.479  12.639 0.0000000000
23003  49.258  -50.073  12.451 0.0000000000
23004  48.754  -50.415  12.102 0.0000000000
23024  48.452  -50.218  11.535 0.0000000000
23025  47.832  -50.236  11.224 0.0000000000
24155  47.824  -50.098  15.866 0.0000000000
24156  47.594  -50.013  15.915 0.0000000000
24157  46.924  -49.935  16.100 0.0000000000
24158  46.097  -49.969  16.265 0.0000000000
24180  48.718  -49.663  14.805 0.0000000000
24181  48.212  -49.915  15.451 0.0000000000
24202  49.153  -49.529  14.237 0.0000000000
24220  49.510  -49.534  13.409 0.0000000000
24231  49.649  -49.537  12.651 0.0000000000
24241  49.442  -49.477  11.786 0.0000000000
24242  48.858  -49.962  11.613 0.0000000000
24253  49.272  -49.103  11.215 0.0000000000
24254  48.625  -49.561  11.130 0.0000000000
24255  47.519  -49.534  10.774 0.0000000000
24256  46.462  -49.456  10.520 0.0000000000
24274  44.800  -48.922  9.580 0.0000000000
24296  42.763  -48.694  8.652 0.0000000000
25407  49.816  -48.565  11.145 0.0000000000
25408  49.099  -48.709  10.784 0.0000000000
25409  48.179  -48.794  10.535 0.0000000000
25410  47.128  -48.740  10.304 0.0000000000
25411  46.170  -48.742  10.027 0.0000000000
25422  46.696  -48.027  9.642 0.0000000000
25423  45.361  -48.267  9.369 0.0000000000
25424  44.352  -48.671  9.219 0.0000000000
25425  43.785  -48.969  9.145 0.0000000000
25439  44.999  -47.803  8.855 0.0000000000
25440  44.474  -48.051  8.849 0.0000000000
25441  43.503  -48.422  8.692 0.0000000000
25442  42.423  -48.148  8.140 0.0000000000
25443  41.417  -48.396  8.145 0.0000000000
25444  40.461  -48.445  8.176 0.0000000000
25445  39.460  -48.427  8.223 0.0000000000
25462  42.138  -47.698  7.678 0.0000000000
25463  41.622  -47.840  7.685 0.0000000000
25464  40.771  -47.920  7.640 0.0000000000
25465  39.819  -47.991  7.534 0.0000000000
25466  38.623  -48.026  7.273 0.0000000000
25480  38.207  -47.904  6.546 0.0000000000
25481  37.567  -48.184  6.553 0.0000000000
25493  37.840  -48.216  4.831 0.0000000000
25494  37.322  -48.586  5.458 0.0000000000
25495  36.865  -48.764  6.326 0.0000000000
26569  46.130  -47.639  9.109 0.0000000000
26582  45.482  -47.438  8.613 0.0000000000
26583  44.724  -47.563  8.460 0.0000000000
26584  43.972  -47.695  8.321 0.0000000000
26585  43.204  -47.753  8.131 0.0000000000
26598  45.032  -47.229  8.119 0.0000000000
26599  44.413  -47.218  7.914 0.0000000000
26600  43.559  -47.260  7.745 0.0000000000
26601  42.631  -47.366  7.565 0.0000000000
26602  41.887  -47.399  7.318 0.0000000000
26603  41.123  -47.411  7.165 0.0000000000
26604  40.235  -47.501  6.996 0.0000000000
26605  39.405  -47.665  6.854 0.0000000000
26621  38.715  -47.616  6.237 0.0000000000
26622  38.031  -47.897  6.128 0.0000000000
26638  38.110  -47.830  5.448 0.0000000000
26639  37.712  -48.093  5.886 0.0000000000
